11 31 -4.0 -4.0 -4.0 1.7 1.9 2.1
32 54 -1.4 -0.8 -0.5 -2.3 -2.1 -1.9
109 147 4.1 4.7 5.2 -6.3 -6.1 -5.9
268 328 10.4 10.8 11.0 -10.3 -10.1 -9.9
316 380 13.1 13.8 14.2 -14.3 -14.1 -13.9
346 416 31.6 30.3 28.1 -18.3 -18.1 -17.9
396 471 44.8 43.0 39.0 -22.3 -22.1 -21.9
401 479 45.9 44.2 40.5 -26.3 -26.1 -25.9
408 487 41.9 40.2 36.5 -24.1 -23.5 -23.0
419 498 37.9 36.2 32.5 -22.9 -22.2 -21.4
420 499 33.9 32.2 28.5 -21.7 -20.8 -20.0
422 501 29.9 28.2 24.5 -16.1 -14.4 -13.5
540 635 25.9 24.2 20.5 -14.7 -12.9 -11.7
543 639 29.2 27.0 23.3 -18.7 -16.9 -15.7
621 723 25.2 23.0 19.3 -17.8 -15.9 -14.5
696 820 25.9 23.8 20.3 -21.8 -19.9 -18.5
720 847 30.5 28.9 25.6 -25.8 -23.9 -22.5
722 849 26.5 24.9 21.6 -22.5 -20.5 -18.8
779 911 39.8 38.5 33.0 -26.5 -24.5 -22.8
801 933 35.8 34.5 29.0 -24.2 -22.2 -20.3
816 956 31.8 30.5 25.0 -23.7 -21.7 -19.6
817 957 27.8 26.5 21.0 -22.9 -21.0 -18.7
821 961 23.8 22.5 17.0 -20.7 -18.1 -15.4
837 981 19.8 18.5 13.0 -18.7 -16.1 -13.2
844 988 29.4 28.6 22.0 -22.7 -20.1 -17.2
849 994 25.4 24.6 18.0 -16.7 -14.4 -11.8
879 1028 35.9 36.1 28.0 -20.7 -18.4 -15.8
887 1036 42.0 42.1 33.4 -24.7 -22.4 -19.8
889 1038 38.0 38.1 29.4 -20.2 -17.9 -15.2
915 1068 34.0 34.1 25.4 -18.3 -15.9 -12.9
923 1081 30.0 30.1 21.4 -17.6 -15.1 -11.9
934 1092 26.0 26.1 17.4 -6.4 -3.5 -1.7
1028 1198 22.0 22.1 13.4 -3.4 -0.6 1.4
1112 1297 18.0 18.1 9.4 -1.0 1.7 4.0
1115 1300 20.0 20.2 11.8 -5.0 -2.3 -6.2172489379e-15
1124 1309 22.2 22.1 13.9 -9.0 -6.3 -4.0
1130 1315 18.2 18.1 9.9 -8.2 -5.4 -3.0
1254 1466 31.1 30.9 21.7 -12.2 -9.4 -7.0
1315 1533 27.1 26.9 17.7 1.0 3.1 3.3
1321 1539 23.1 22.9 13.7 3.7 5.4 5.7
1349 1571 19.1 18.9 9.7 6.5 8.1 8.5
1424 1651 15.1 14.9 5.7 8.2 9.8 10.4
1426 1653 11.1 10.9 1.7 9.8 11.4 12.2
1607 1864 7.1 6.9 -2.3 12.1 13.9 15.0
1789 2073 8.9 9.0 -0.8 8.1 9.9 11.0
1827 2122 12.2 12.2 2.1 4.1 5.9 7.0
1867 2171 8.2 8.2 -1.9 5.9 7.7 8.8
1893 2202 4.2 4.2 -5.9 8.3 10.2 11.1
