1369 1576 1.5 1.9 2.3 -4.0 -4.0 -4.0
1444 1654 -2.5 -2.1 -1.7 -3.0 -2.6 -2.4
1519 1739 5.3 5.7 4.7 -7.0 -6.6 -6.4
1546 1770 7.0 8.3 7.7 -11.0 -10.6 -10.4
1601 1827 3.0 4.3 3.7 -10.1 -9.4 -9.0
1674 1906 4.1 6.0 5.7 -14.1 -13.4 -13.0
1701 1935 0.1 2.0 1.7 1.4 -3.4 -4.9
1761 2005 2.7 4.9 3.2 -2.6 -7.4 -8.9
1787 2036 -1.3 0.9 -0.8 0.4 -4.1 -5.4
1870 2142 -5.3 -3.1 -4.8 3.9 -1.3 -2.6
1943 2234 -2.7 -1.0 -2.6 -0.1 -5.3 -6.6
1986 2284 -6.7 -5.0 -6.6 1.2 -3.9 -5.3
2005 2305 -4.8 -3.0 -5.4 -2.8 -7.9 -9.3
2021 2325 -8.8 -7.0 -9.4 5.2 -1.0 -0.5
2080 2390 -12.8 -11.0 -13.4 6.6 0.5 0.4
2126 2441 -16.8 -15.0 -17.4 15.4 9.4 9.6
2134 2451 -20.8 -19.0 -21.4 18.1 12.6 13.1
2185 2513 -24.8 -23.0 -25.4 19.0 13.7 13.6
