0 14 4.7 4.7 4.1 -4.0 -4.0 -4.0
2 16 0.7 0.7 0.1 0.6 0.9 1.0
12 32 1.4 1.8 1.3 -3.4 -3.1 -3.0
14 34 -2.6 -2.2 -2.7 4.8 3.8 3.5
30 52 -6.6 -6.2 -6.7 8.9 8.1 7.8
33 55 -10.6 -10.2 -10.7 12.7 11.6 11.6
57 84 -14.6 -14.2 -14.7 17.1 16.2 15.7
64 93 -18.6 -18.2 -18.7 18.7 18.0 17.7
72 102 -22.6 -22.2 -22.7 24.1 23.5 23.3
76 106 -26.6 -26.2 -26.7 26.4 26.0 26.1
86 119 -30.6 -30.2 -30.7 27.7 27.7 28.0
89 122 -34.6 -34.2 -34.7 31.2 31.4 31.5
95 130 -24.9 -26.1 -27.0 27.2 27.4 27.5
97 132 -16.3 -19.4 -20.5 23.2 23.4 23.5
99 136 -15.4 -18.3 -19.2 19.2 19.4 19.5
100 137 -19.4 -22.3 -23.2 21.9 22.3 22.3
104 142 -14.2 -17.5 -18.5 17.9 18.3 18.3
107 145 -11.0 -14.2 -15.3 13.9 14.3 14.3
113 152 -8.0 -11.0 -12.1 9.9 10.3 10.3
114 153 -12.0 -15.0 -16.1 16.7 17.8 17.9
131 176 -9.6 -12.1 -13.0 12.7 13.8 13.9
138 183 -13.6 -16.1 -17.0 20.2 20.3 20.2
141 186 -11.9 -14.2 -15.0 16.2 16.3 16.2
144 190 -6.1 -8.7 -9.5 12.2 12.3 12.2
147 193 -10.1 -12.7 -13.5 17.7 17.6 17.3
148 194 -8.4 -10.8 -11.5 13.7 13.6 13.3
155 202 -5.8 -8.1 -8.7 9.7 9.6 9.3
156 203 -2.5 -4.7 -5.2 5.7 5.6 5.3
160 207 -0.7 -2.7 -2.9 1.7 1.6 1.3
174 221 0.9 -0.9 -0.9 -2.3 -2.4 -2.7
177 226 1.7 0.2 0.5 -6.3 -6.4 -6.7
179 229 -2.3 -3.8 -3.5 3.9 2.4 1.2
182 232 0.4 -0.9 -0.4 -0.1 -1.6 -2.8
186 236 -3.6 -4.9 -4.4 15.6 10.8 7.3
192 243 -1.2 -2.3 -1.6 11.6 6.8 3.3
193 244 0.7 -0.1 1.1 7.6 2.8 -0.7
198 250 7.9 7.2 7.8 3.6 -1.2 -4.7
199 251 9.4 8.9 9.6 -0.4 -5.2 -8.7
204 256 11.0 10.8 11.6 -4.4 -9.2 -12.7
206 258 12.5 12.5 13.5 -8.4 -13.2 -16.7
208 260 14.1 14.3 15.4 -12.4 -17.2 -20.7
225 282 15.0 15.4 16.8 -16.4 -21.2 -24.7
232 291 16.4 17.0 18.7 -20.4 -25.2 -28.7
235 294 17.4 18.2 20.2 -24.4 -29.2 -32.7
281 342 20.2 20.7 22.8 -28.4 -33.2 -36.7
285 346 21.3 21.9 24.2 -32.4 -37.2 -40.7
289 351 23.3 24.1 26.5 -36.4 -41.2 -44.7
292 354 27.1 27.7 30.1 -40.4 -45.2 -48.7
296 358 29.1 29.8 32.3 -44.4 -49.2 -52.7
301 363 31.2 31.9 34.4 -48.4 -53.2 -56.7
320 384 32.2 33.2 36.0 -52.4 -57.2 -60.7
321 385 34.5 36.2 39.6 -56.4 -61.2 -64.7
328 392 35.6 37.5 41.1 -60.4 -65.2 -68.7
332 398 36.3 38.3 42.1 -64.4 -69.2 -72.7
342 410 37.0 39.2 43.2 -68.4 -73.2 -76.7
345 414 37.9 40.3 44.6 -72.4 -77.2 -80.7
347 417 33.9 36.3 40.6 -58.5 -65.3 -70.7
349 420 29.9 32.3 36.6 -51.5 -59.9 -65.8
376 448 25.9 28.3 32.6 -40.4 -50.2 -57.4
383 457 27.7 30.3 34.7 -44.4 -54.2 -61.4
385 459 29.3 32.1 36.7 -48.4 -58.2 -65.4
387 461 30.1 33.0 37.9 -52.4 -62.2 -69.4
390 465 31.5 34.4 39.5 -56.4 -66.2 -73.4
394 469 33.1 36.0 41.3 -60.4 -70.2 -77.4
409 488 29.1 32.0 37.3 -42.7 -55.4 -65.8
432 511 31.2 34.3 39.8 -46.7 -59.4 -69.8
433 512 27.2 30.3 35.8 -29.0 -44.2 -55.9
436 515 28.7 32.2 38.0 -33.0 -48.2 -59.9
438 517 30.2 34.0 40.1 -37.0 -52.2 -63.9
439 518 32.2 36.4 42.7 -41.0 -56.2 -67.9
456 538 33.0 37.2 43.7 -45.0 -60.2 -71.9
460 542 34.5 38.8 45.5 -49.0 -64.2 -75.9
463 545 36.0 40.7 47.7 -53.0 -68.2 -79.9
484 573 32.0 36.7 43.7 -40.6 -58.0 -71.2
485 574 28.0 32.7 39.7 -28.7 -47.6 -62.4
489 579 30.7 35.5 42.7 -32.7 -51.6 -66.4
493 584 32.7 38.0 45.4 -36.7 -55.6 -70.4
496 587 34.1 39.3 46.8 -40.7 -59.6 -74.4
498 589 36.1 41.4 49.2 -44.7 -63.6 -78.4
504 595 37.7 43.1 51.1 -48.7 -67.6 -82.4
506 597 39.5 45.0 53.1 -52.7 -71.6 -86.4
509 600 35.5 41.0 49.1 -40.3 -59.8 -75.9
510 602 37.1 42.8 51.0 -44.3 -63.8 -79.9
514 608 38.4 44.3 52.7 -48.3 -67.8 -83.9
523 618 39.6 45.7 54.3 -52.3 -71.8 -87.9
528 623 41.2 47.5 56.3 -56.3 -75.8 -91.9
536 631 42.1 48.7 57.8 -60.3 -79.8 -95.9
545 642 43.1 49.9 59.3 -64.3 -83.8 -99.9
559 658 39.1 45.9 55.3 -52.8 -73.7 -90.1
579 678 35.1 41.9 51.3 -34.1 -57.2 -76.5
583 682 31.1 37.9 47.3 -27.8 -51.3 -71.2
594 693 32.7 39.6 49.2 -31.8 -55.3 -75.2
595 695 34.7 41.8 51.6 -35.8 -59.3 -79.2
598 699 35.8 43.1 53.1 -39.8 -63.3 -83.2
629 732 36.9 44.4 54.7 -43.8 -67.3 -87.2
635 744 39.4 47.0 57.5 -47.8 -71.3 -91.2
641 751 40.2 48.1 58.9 -51.8 -75.3 -95.2
644 757 41.8 49.6 60.4 -55.8 -79.3 -99.2
649 766 42.7 50.6 61.5 -59.8 -83.3 -103.2
655 773 43.4 51.4 62.4 -63.8 -87.3 -107.2
661 781 44.3 52.4 63.5 -67.8 -91.3 -111.2
672 793 45.5 53.7 65.1 -71.8 -95.3 -115.2
678 799 46.6 54.9 66.6 -75.8 -99.3 -119.2
684 805 50.0 58.9 70.8 -79.8 -103.3 -123.2
687 808 52.4 61.7 73.7 -83.8 -107.3 -127.2
789 921 53.4 62.7 75.0 -87.8 -111.3 -131.2
799 931 54.3 63.6 76.0 -91.8 -115.3 -135.2
806 941 55.2 64.6 77.1 -95.8 -119.3 -139.2
816 956 55.7 65.1 77.8 -99.8 -123.3 -143.2
824 964 56.9 66.4 79.3 -103.8 -127.3 -147.2
852 997 52.9 62.4 75.3 -86.2 -112.5 -135.5
866 1014 48.9 58.4 71.3 -81.4 -108.3 -131.5
869 1018 49.7 59.3 72.5 -85.4 -112.3 -135.5
885 1034 50.4 60.1 73.5 -89.4 -116.3 -139.5
886 1035 51.1 60.8 74.3 -93.4 -120.3 -143.5
892 1041 52.1 62.1 75.8 -97.4 -124.3 -147.5
900 1050 52.9 63.0 76.9 -101.4 -128.3 -151.5
905 1055 53.5 63.7 77.8 -105.4 -132.3 -155.5
911 1063 54.2 64.5 78.7 -109.4 -136.3 -159.5
912 1064 55.0 65.4 79.7 -113.4 -140.3 -163.5
988 1151 55.5 66.1 80.5 -117.4 -144.3 -167.5
989 1154 59.2 70.3 84.7 -121.4 -148.3 -171.5
994 1160 55.2 66.3 80.7 -113.4 -142.8 -166.5
1003 1172 51.2 62.3 76.7 -94.5 -122.0 -146.4
1012 1181 51.9 63.2 77.8 -98.5 -126.0 -150.4
1057 1232 52.8 64.1 78.9 -102.5 -130.0 -154.4
1066 1243 53.5 64.9 80.0 -106.5 -134.0 -158.4
1071 1249 57.5 69.0 84.2 -110.5 -138.0 -162.4
1085 1266 58.2 69.8 85.2 -114.5 -142.0 -166.4
1101 1284 59.0 70.6 86.2 -118.5 -146.0 -170.4
1103 1288 60.8 72.5 88.1 -122.5 -150.0 -174.4
1144 1329 61.4 73.2 88.9 -126.5 -154.0 -178.4
1147 1332 57.4 69.2 84.9 -116.4 -142.3 -168.1
1148 1333 58.2 70.0 85.9 -120.4 -146.3 -172.1
1155 1341 58.7 70.6 86.6 -124.4 -150.3 -176.1
1158 1349 62.6 74.7 91.0 -128.4 -154.3 -180.1
1162 1353 64.3 76.4 92.9 -132.4 -158.3 -184.1
1164 1355 65.5 77.7 94.5 -136.4 -162.3 -188.1
1165 1356 66.8 78.9 95.8 -140.4 -166.3 -192.1
1174 1365 67.5 79.6 96.6 -144.4 -170.3 -196.1
1175 1366 67.9 80.1 97.2 -148.4 -174.3 -200.1
1192 1385 63.9 76.1 93.2 -142.3 -169.1 -195.4
1197 1390 64.4 76.7 93.9 -146.3 -173.1 -199.4
1203 1396 60.4 72.7 89.9 -111.1 -145.4 -176.2
1204 1398 65.0 77.3 94.5 -115.1 -149.4 -180.2
1205 1399 61.0 73.3 90.5 -100.1 -133.6 -166.9
1207 1401 62.8 75.0 92.4 -104.1 -137.6 -170.9
1220 1423 63.3 75.6 93.1 -108.1 -141.6 -174.9
1234 1440 65.8 78.3 96.1 -112.1 -145.6 -178.9
1248 1458 61.8 74.3 92.1 -99.3 -133.2 -167.6
1250 1460 62.7 75.2 93.1 -103.3 -137.2 -171.6
1256 1468 64.5 77.1 95.1 -107.3 -141.2 -175.6
1257 1469 68.2 81.2 99.4 -111.3 -145.2 -179.6
1262 1478 69.4 82.5 100.8 -115.3 -149.2 -183.6
1265 1481 65.4 78.5 96.8 -106.0 -141.0 -176.9
1276 1492 66.7 79.9 98.3 -110.0 -145.0 -180.9
1281 1498 62.7 75.9 94.3 -93.9 -129.5 -166.2
1284 1501 58.7 71.9 90.3 -80.5 -116.4 -154.4
1288 1505 54.7 67.9 86.3 -76.1 -112.0 -150.3
1291 1508 55.3 68.7 87.1 -80.1 -116.0 -154.3
1329 1547 51.3 64.7 83.1 -70.2 -105.8 -144.7
1334 1554 53.2 66.5 85.0 -74.2 -109.8 -148.7
1339 1559 49.2 62.5 81.0 -70.1 -105.8 -144.8
1358 1580 50.3 63.8 82.5 -74.1 -109.8 -148.8
1375 1598 51.2 64.8 83.6 -78.1 -113.8 -152.8
1389 1614 51.8 65.6 84.5 -82.1 -117.8 -156.8
1401 1628 52.5 66.3 85.4 -86.1 -121.8 -160.8
1405 1632 48.5 62.3 81.4 -80.4 -116.0 -155.0
1407 1634 49.2 63.2 82.4 -84.4 -120.0 -159.0
1411 1638 45.2 59.2 78.4 -81.4 -115.7 -154.3
1431 1659 49.5 63.9 83.0 -85.4 -119.7 -158.3
1433 1661 52.2 66.7 86.0 -89.4 -123.7 -162.3
1455 1684 53.6 68.0 87.4 -93.4 -127.7 -166.3
1456 1685 54.1 68.6 88.1 -97.4 -131.7 -170.3
1461 1697 50.1 64.6 84.1 -80.5 -111.6 -150.2
1462 1698 51.6 65.9 85.5 -84.5 -115.6 -154.2
1463 1699 47.6 61.9 81.5 -56.1 -89.3 -130.8
1467 1704 50.3 64.6 84.4 -60.1 -93.3 -134.8
1479 1713 51.9 66.2 86.1 -64.1 -97.3 -138.8
1484 1718 47.9 62.2 82.1 -57.2 -90.7 -133.0
1496 1733 43.9 58.2 78.1 -46.3 -80.2 -123.3
1509 1746 44.6 59.0 79.2 -50.3 -84.2 -127.3
1512 1750 45.3 59.8 80.2 -54.3 -88.2 -131.3
1597 1851 46.0 60.7 80.8 -58.3 -92.2 -135.3
1599 1853 47.0 61.5 81.7 -62.3 -96.2 -139.3
1623 1880 43.0 57.5 77.7 -55.7 -88.8 -132.2
1631 1889 39.0 53.5 73.7 -38.5 -75.7 -120.4
1669 1930 41.1 55.6 76.1 -42.5 -79.7 -124.4
1672 1933 43.3 57.8 78.5 -46.5 -83.7 -128.4
1675 1936 45.1 59.8 80.2 -50.5 -87.7 -132.4
1679 1940 41.1 55.8 76.2 -45.3 -83.4 -128.1
1782 2066 42.3 57.0 77.5 -49.3 -87.4 -132.1
1831 2128 43.9 58.7 79.1 -53.3 -91.4 -136.1
1891 2200 45.2 59.9 80.6 -57.3 -95.4 -140.1
1903 2216 46.7 61.6 82.3 -61.3 -99.4 -144.1
