1791 2044 2.3 2.8 1.4 -4.0 -4.0 -4.0
1794 2048 4.0 4.9 2.4 -8.0 -8.0 -8.0
1844 2104 13.0 13.8 10.3 -12.0 -12.0 -12.0
1928 2213 13.7 14.7 11.6 -16.0 -16.0 -16.0
1940 2231 15.7 17.1 13.3 -20.0 -20.0 -20.0
1961 2258 24.0 23.9 19.0 -24.0 -24.0 -24.0
1975 2272 27.0 27.5 23.0 -28.0 -28.0 -28.0
1996 2295 28.0 28.7 24.3 -32.0 -32.0 -32.0
1999 2299 24.0 24.7 20.3 -22.6 -23.3 -24.9
2018 2322 25.6 26.2 22.1 -26.6 -27.3 -28.9
2090 2400 21.6 22.2 18.1 -24.4 -25.1 -26.6
2117 2430 24.5 25.8 22.2 -28.4 -29.1 -30.6
2172 2498 20.5 21.8 18.2 -11.2 -16.0 -20.3
2204 2534 23.2 24.9 20.0 -15.2 -20.0 -24.3
2298 2633 24.3 26.4 21.7 -19.2 -24.0 -28.3
2327 2669 26.2 28.7 22.8 -23.2 -28.0 -32.3
2339 2687 22.2 24.7 18.8 -6.2 -14.2 -20.3
2361 2719 18.2 20.7 14.8 -4.2 -12.2 -18.3
2380 2739 20.8 23.6 16.9 -8.2 -16.2 -22.3
2415 2775 22.6 25.7 19.5 -12.2 -20.2 -26.3
2432 2798 18.6 21.7 15.5 -6.4 -14.8 -20.6
2535 2926 14.6 17.7 11.5 4.5 -4.9 -11.3
2562 2961 10.6 13.7 7.5 11.8 1.0 -5.9
2580 2982 12.5 15.7 9.5 7.8 -3.0 -9.9
2624 3029 13.6 16.9 10.6 3.8 -7.0 -13.9
2636 3041 16.5 19.9 13.0 -0.2 -11.0 -17.9
2637 3042 17.4 20.9 13.7 -4.2 -15.0 -21.9
2641 3046 13.4 16.9 9.7 6.2 -3.0 -9.6
2646 3051 9.4 12.9 5.7 14.6 5.1 -1.8
2649 3055 11.5 15.4 8.5 10.6 1.1 -5.8
2655 3064 13.5 17.4 9.8 6.6 -2.9 -9.8
