709 834 3.6 3.4 3.6 -4.0 -4.0 -4.0
723 851 -0.4 -0.6 -0.4 -3.0 -2.8 -2.5
727 857 -4.4 -4.6 -4.4 -1.2 -1.0 -0.6
731 861 -2.1 -2.6 -2.3 -5.2 -5.0 -4.6
741 872 6.6 5.4 5.0 -9.2 -9.0 -8.6
753 885 8.3 7.1 6.9 -13.2 -13.0 -12.6
760 892 4.3 3.1 2.9 -11.2 -10.7 -10.0
770 902 0.3 -0.9 -1.1 -9.0 -8.5 -7.6
805 940 -3.7 -4.9 -5.1 -3.6 -3.4 -2.7
815 955 -7.7 -8.9 -9.1 0.4 -4.4408920985e-16 0.6
829 972 14.2 10.1 6.8 -3.6 -4.0 -3.4
835 978 10.2 6.1 2.8 3.5 4.5 4.4
843 987 6.2 2.1 -1.2 5.1 6.3 6.4
889 1038 10.7 6.6 3.4 1.1 2.3 2.4
912 1064 6.7 2.6 -0.6 1.9 3.2 3.4
916 1069 2.7 -1.4 -4.6 8.7 10.7 10.9
942 1100 6.7 1.5 -1.8 4.7 6.7 6.9
1028 1198 9.7 4.4 1.3 0.7 2.7 2.9
1031 1201 14.5 9.1 5.6 -3.3 -1.3 -1.1
1037 1207 10.5 5.1 1.6 3.0 5.0 4.8
1306 1524 11.9 6.9 3.6 -1.0 1.0 0.8
1307 1525 7.9 2.9 -0.4 1.8 3.7 3.6
1313 1531 9.3 4.4 1.3 -2.2 -0.3 -0.4
1350 1572 5.3 0.4 -2.7 -0.8 1.0 1.0
1374 1597 1.3 -3.6 -6.7 1.0 2.8 2.8
1395 1622 7.4 2.8 -0.7 -3.0 -1.2 -1.2
1396 1623 3.4 -1.2 -4.7 -1.1 0.7 0.8
1448 1677 -0.6 -5.2 -8.7 0.1 1.9 2.3
1457 1686 -4.6 -9.2 -12.7 1.3 3.1 3.7
1478 1712 -8.6 -13.2 -16.7 3.0 4.8 5.5
