0 0 0.0 0.0 0.0 0.0 0.0 0.0
528 Liquid 0.9 1.1 1.3 -4.0 -4.0 -4.0
529 EG 1.6 1.9 2.2 -8.0 -8.0 -8.0
532 Empire 2.6 2.9 3.4 -12.0 -12.0 -12.0
533 rox.KIS 3.7 3.9 4.4 -16.0 -16.0 -16.0
534 EG 6.5 6.7 7.1 -20.0 -20.0 -20.0
536 Liquid 7.2 7.5 8.1 -24.0 -24.0 -24.0
537 Liquid 7.8 8.2 9.0 -28.0 -28.0 -28.0
538 Alliance 8.6 9.0 10.0 -32.0 -32.0 -32.0
539 Quantic 12.0 12.3 13.4 -36.0 -36.0 -36.0
540 EG 14.6 14.8 16.0 -40.0 -40.0 -40.0
541 VP 15.6 16.1 17.4 -44.0 -44.0 -44.0
542 Alliance 17.1 17.7 19.2 -48.0 -48.0 -48.0
543 VP 19.7 20.0 21.8 -52.0 -52.0 -52.0
544 EG 15.7 16.0 17.8 -41.8 -42.3 -42.9
550 Kaipi 11.7 12.0 13.8 -31.6 -31.8 -33.2
551 Kaipi 7.7 8.0 9.8 -21.5 -20.9 -22.5
568 Liquid 10.4 10.6 12.5 -25.5 -24.9 -26.5
586 EG 6.4 6.6 8.5 -20.9 -20.1 -21.8
589 Alliance 8.4 8.7 10.9 -24.9 -24.1 -25.8
592 Fnatic.eu 10.2 10.7 13.0 -28.9 -28.1 -29.8
593 Quantic 12.7 13.2 15.6 -32.9 -32.1 -33.8
594 mouz 15.9 16.5 19.1 -36.9 -36.1 -37.8
595 Alliance 17.5 18.2 21.0 -40.9 -40.1 -41.8
596 mouz 20.3 21.2 23.9 -44.9 -44.1 -45.8
643 iG 22.6 23.3 26.2 -48.9 -48.1 -49.8
644 rox.KIS 18.6 19.3 22.2 -38.1 -38.0 -41.0
645 VP 14.6 15.3 18.2 -29.6 -29.7 -33.5
646 Fnatic.eu 17.0 17.4 20.4 -33.6 -33.7 -37.5
648 VP 18.7 19.5 22.8 -37.6 -37.7 -41.5
649 Fnatic.eu 22.1 22.9 26.4 -41.6 -41.7 -45.5
652 DK 18.1 18.9 22.4 -35.7 -36.1 -40.1
653 VG 14.1 14.9 18.4 -20.7 -23.0 -29.3
654 DK 16.1 17.5 21.6 -24.7 -27.0 -33.3
660 RS 12.1 13.5 17.6 -12.2 -15.7 -23.7
661 iG 8.1 9.5 13.6 -6.7 -10.7 -19.0
662 DK 9.8 11.4 15.8 -10.7 -14.7 -23.0
663 RS 5.8 7.4 11.8 -6.2 -9.8 -18.6
681 Quantic 1.8 3.4 7.8 0.5 -3.9 -13.2
682 mouz -2.2 -0.6 3.8 6.8 2.0 -7.9
683 rox.KIS -6.2 -4.6 -0.2 13.2 7.7 -2.7
684 VP -2.4 -1.0 3.6 9.2 3.7 -6.7
685 mouz 0.2 2.0 6.9 5.2 -0.3 -10.7
686 VP 2.0 3.9 9.0 1.2 -4.3 -14.7
696 Fnatic.eu 3.6 5.5 10.8 -2.8 -8.3 -18.7
697 Kaipi 5.2 7.1 12.6 -6.8 -12.3 -22.7
713 MiTH 6.9 9.0 14.8 -10.8 -16.3 -26.7
714 Dreamz 9.8 11.7 17.7 -14.8 -20.3 -30.7
785 LGD.cn 11.8 14.0 20.2 -18.8 -24.3 -34.7
788 Dignitas 14.2 16.4 22.8 -22.8 -28.3 -38.7
789 LGD.int 10.2 12.4 18.8 -18.4 -23.7 -34.3
790 AllStarsA 6.2 8.4 14.8 -13.7 -18.4 -29.3
791 Orange 7.9 10.3 16.8 -17.7 -22.4 -33.3
792 Fnatic.eu 10.5 12.8 19.5 -21.7 -26.4 -37.3
795 Liquid 11.4 13.8 20.7 -25.7 -30.4 -41.3
796 Zenith 13.3 15.8 23.0 -29.7 -34.4 -45.3
797 Liquid 9.3 11.8 19.0 -15.9 -23.0 -35.7
798 iG 11.2 13.8 21.2 -19.9 -27.0 -39.7
801 Orange 13.9 16.8 24.4 -23.9 -31.0 -43.7
802 iG 16.0 19.1 27.0 -27.9 -35.0 -47.7
811 RStars 17.2 20.6 28.8 -31.9 -39.0 -51.7
818 FD 18.4 21.8 30.3 -35.9 -43.0 -55.7
822 MiTH 19.4 23.1 31.8 -39.9 -47.0 -59.7
823 GL.eu 20.8 24.7 33.7 -43.9 -51.0 -63.7
828 EVOPLAY 22.7 26.6 35.8 -47.9 -55.0 -67.7
829 TLP 18.7 22.6 31.8 -34.0 -43.1 -58.3
831 Awake 20.6 24.5 33.8 -38.0 -47.1 -62.3
832 CDCD 16.6 20.5 29.8 -14.8 -28.7 -46.5
833 Menace 12.6 16.5 25.8 -1.9 -17.6 -37.5
834 Aspera 16.2 19.9 29.4 -5.9 -21.6 -41.5
835 Poseidon 19.1 22.4 31.8 -9.9 -25.6 -45.5
836 Poseidon 20.9 24.5 34.2 -13.9 -29.6 -49.5
837 Next.kz 16.9 20.5 30.2 -8.1 -23.3 -43.5
838 Kaipi 18.5 22.3 32.5 -12.1 -27.3 -47.5
841 VP 19.5 23.4 33.9 -16.1 -31.3 -51.5
842 Menace 15.5 19.4 29.9 -6.7 -22.3 -42.8
843 Empire 17.4 21.1 31.7 -10.7 -26.3 -46.8
844 Kaipi 18.7 22.4 33.3 -14.7 -30.3 -50.8
845 DUZA 14.7 18.4 29.3 -5.6 -21.8 -43.2
846 Next.kz 17.8 21.7 32.7 -9.6 -25.8 -47.2
847 4FC 13.8 17.7 28.7 -5.0 -20.7 -41.9
848 DUZA 9.8 13.7 24.7 1.9 -14.2 -36.1
849 Poseidon 13.1 17.1 28.4 -2.1 -18.2 -40.1
851 VP 14.1 18.3 29.9 -6.1 -22.2 -44.1
855 Imp 16.3 20.6 32.4 -10.1 -26.2 -48.1
856 Empire 17.8 22.1 34.1 -14.1 -30.2 -52.1
858 FSid3 19.7 24.1 36.5 -18.1 -34.2 -56.1
860 Bambang 15.7 20.1 32.5 -10.5 -26.0 -48.7
861 Aspera 18.0 22.1 34.6 -14.5 -30.0 -52.7
862 rox.KIS 19.5 23.4 36.1 -18.5 -34.0 -56.7
863 Next.kz 15.5 19.4 32.1 -13.9 -29.0 -52.0
864 Poseidon 16.6 20.7 33.6 -17.9 -33.0 -56.0
865 Mski 17.6 21.8 35.0 -21.9 -37.0 -60.0
866 Poseidon 18.5 22.7 36.1 -25.9 -41.0 -64.0
867 Dreamz 19.6 24.0 37.7 -29.9 -45.0 -68.0
868 GxGaming 15.6 20.0 33.7 -24.9 -39.2 -62.6
871 Next.kz 16.7 21.2 35.1 -28.9 -43.2 -66.6
872 Aspera 12.7 17.2 31.1 -20.2 -35.2 -59.3
873 PR 8.7 13.2 27.1 0.5 -17.6 -44.7
874 VP 12.0 16.4 30.6 -3.5 -21.6 -48.7
879 Empire 14.8 19.5 33.9 -7.5 -25.6 -52.7
880 Empire 10.8 15.5 29.9 1.4 -16.9 -44.8
881 Quantic 6.8 11.5 25.9 10.0 -9.3 -38.1
882 rox.KIS 6.8 11.5 25.9 10.0 -9.3 -38.1
883 Kaipi 8.0 12.9 27.5 6.0 -13.3 -42.1
886 Fnatic.eu 9.4 14.4 29.3 2.0 -17.3 -46.1
890 GL.eu 11.7 17.1 32.2 -2.0 -21.3 -50.1
899 Menace 13.0 18.3 33.6 -6.0 -25.3 -54.1
900 VP 9.0 14.3 29.6 1.0 -18.7 -48.1
901 Fnatic.eu 10.4 15.6 31.1 -3.0 -22.7 -52.1
902 Kaipi 12.6 17.8 33.5 -7.0 -26.7 -56.1
910 Empire 8.6 13.8 29.5 -2.9 -22.6 -52.0
911 4FC 4.6 9.8 25.5 10.4 -9.0 -40.6
912 Kaipi 0.6 5.8 21.5 14.9 -4.1 -35.9
915 Fnatic.eu 1.4 6.8 22.7 10.9 -8.1 -39.9
916 Property -2.6 2.8 18.7 23.6 2.5 -30.6
917 Menace -6.6 -1.2 14.7 34.5 13.4 -21.1
918 DUZA -10.6 -5.2 10.7 39.7 17.9 -16.8
921 Alliance -9.6 -4.2 12.0 35.7 13.9 -20.8
922 PR -13.6 -8.2 8.0 43.3 20.8 -14.2
923 DUZA -11.8 -6.4 10.1 39.3 16.8 -18.2
924 ONE.dota -8.5 -2.9 14.1 35.3 12.8 -22.2
925 Empire -7.2 -1.6 15.6 31.3 8.8 -26.2
929 Dreamz -11.2 -5.6 11.6 36.0 12.9 -22.2
930 MiTH -8.5 -3.3 14.0 32.0 8.9 -26.2
931 Alliance -7.6 -2.4 15.0 28.0 4.9 -30.2
932 Fnatic.eu -5.6 7.1054273576e-15 17.6 24.0 0.9 -34.2
933 Empire -3.3 2.3 20.1 20.0 -3.1 -38.2
937 OguraYui -7.3 -1.7 16.1 31.1 9.5 -27.4
938 Mski -5.5 -0.2 17.8 27.1 5.5 -31.4
939 Poseidon -2.7 3.2 21.5 23.1 1.5 -35.4
940 Next.kz -6.7 -0.8 17.5 28.5 6.6 -30.5
941 Alliance -5.8 0.2 18.6 24.5 2.6 -34.5
942 Quantic -9.8 -3.8 14.6 29.0 7.8 -29.6
944 Imp -13.8 -7.8 10.6 40.2 18.6 -19.7
948 Empire -11.6 -5.5 13.1 36.2 14.6 -23.7
949 VP -10.3 -4.2 14.6 32.2 10.6 -27.7
950 Kaipi -9.3 -3.0 16.1 28.2 6.6 -31.7
951 Mski -8.3 -1.9 17.4 24.2 2.6 -35.7
955 DUZA -4.3 1.5 20.7 20.2 -1.4 -39.7
956 Alliance -3.8 2.0 21.4 16.2 -5.4 -43.7
957 Na'Vi -3.0 2.7 22.3 12.2 -9.4 -47.7
958 PR -7.0 -1.3 18.3 36.9 14.6 -26.9
963 Na'Vi -5.6 0.1 19.9 32.9 10.6 -30.9
964 Alliance -4.4 1.4 21.4 28.9 6.6 -34.9
972 Aspera -8.4 -2.6 17.4 50.8 25.6 -19.0
973 DUZA -12.4 -6.6 13.4 55.7 30.8 -13.9
974 Fnatic.eu -9.6 -4.2 15.9 51.7 26.8 -17.9
977 Na'Vi -8.1 -2.5 17.9 47.7 22.8 -21.9
978 rox.KIS -12.1 -6.5 13.9 54.8 31.3 -14.1
979 PR -9.5 -4.2 16.3 50.8 27.3 -18.1
981 PR -7.5 -2.2 18.5 46.8 23.3 -22.1
982 Fnatic.eu -6.7 -1.4 19.5 42.8 19.3 -26.1
984 nAra -10.7 -5.4 15.5 48.2 24.6 -21.4
985 Inv.kwnku -8.9 -3.3 17.9 44.2 20.6 -25.4
986 Na'Vi -7.9 -2.1 19.3 40.2 16.6 -29.4
987 Fnatic.eu -6.3 -0.3 21.3 36.2 12.6 -33.4
988 4FC -10.3 -4.3 17.3 45.8 22.7 -24.4
994 Next.kz -14.3 -8.3 13.3 51.8 28.4 -19.0
995 Inv.kwnku -12.6 -6.2 15.9 47.8 24.4 -23.0
996 rox.KIS -9.9 -3.8 18.4 43.8 20.4 -27.0
997 PR -13.9 -7.8 14.4 61.4 35.2 -15.3
998 Mski -10.8 -5.0 17.4 57.4 31.2 -19.3
1001 FD -9.1 -3.0 19.9 53.4 27.2 -23.3
1002 Empire -7.6 -1.2 22.1 49.4 23.2 -27.3
1003 Kaipi -4.4 2.8 26.3 45.4 19.2 -31.3
1007 rox.KIS -1.3 5.7 29.4 41.4 15.2 -35.3
1008 Menace -5.3 1.7 25.4 53.5 27.5 -24.4
1009 Kaipi -4.4 2.6 26.5 49.5 23.5 -28.4
1010 Aspera -8.4 -1.4 22.5 56.9 30.5 -21.8
1013 Empire -8.4 -1.4 22.5 56.9 30.5 -21.8
1014 Na'Vi -12.4 -5.4 18.5 61.7 34.7 -17.8
1017 Na'Vi -11.6 -4.5 19.5 57.7 30.7 -21.8
1018 Alliance -10.8 -3.6 20.7 53.7 26.7 -25.8
1019 Empire -8.9 -1.2 23.4 49.7 22.7 -29.8
1020 Na'Vi -7.2 0.5 25.3 45.7 18.7 -33.8
1021 Na'Vi -6.0 1.7 26.7 41.7 14.7 -37.8
1027 Next.kz -10.0 -2.3 22.7 47.8 22.3 -30.5
1028 4FC -14.0 -6.3 18.7 58.3 33.8 -20.5
1029 rox.KIS -11.4 -3.2 22.0 54.3 29.8 -24.5
1030 Na'Vi -10.6 -2.3 23.0 50.3 25.8 -28.5
1031 Empire -7.8 0.4 25.8 46.3 21.8 -32.5
1032 Na'Vi -6.9 1.5 27.1 42.3 17.8 -36.5
1035 Alliance -6.2 2.2 27.9 38.3 13.8 -40.5
1036 4FC -10.2 -1.8 23.9 44.4 19.8 -35.1
1037 VP -14.2 -5.8 19.9 56.4 29.0 -27.2
1038 Aspera -18.2 -9.8 15.9 60.9 33.5 -22.6
1039 Ahead.kz -22.2 -13.8 11.9 82.2 55.3 -4.7
1041 Alliance -21.2 -12.5 13.4 78.2 51.3 -8.7
1042 Empire -19.7 -10.8 15.3 74.2 47.3 -12.7
1044 Quantic -17.7 -8.2 18.0 70.2 43.3 -16.7
1047 EG -21.7 -12.2 14.0 79.1 51.3 -10.2
1048 MiTH -20.1 -10.5 16.0 75.1 47.3 -14.2
1049 Dreamz -18.2 -8.3 18.5 71.1 43.3 -18.2
1050 Alliance -17.4 -7.4 19.6 67.1 39.3 -22.2
1053 Kaipi -21.4 -11.4 15.6 72.7 44.7 -16.9
1058 UR -25.4 -15.4 11.6 77.6 49.3 -12.6
1061 RS.int -23.9 -13.6 13.7 73.6 45.3 -16.6
1062 MiTH -22.2 -11.9 15.6 69.6 41.3 -20.6
1063 Alliance -21.5 -11.1 16.5 65.6 37.3 -24.6
1064 Alliance -20.7 -10.2 17.5 61.6 33.3 -28.6
1068 rox.KIS -18.8 -8.2 19.8 57.6 29.3 -32.6
1069 Poseidon -22.8 -12.2 15.8 64.4 36.8 -25.1
1070 Quantic -26.8 -16.2 11.8 74.7 46.1 -16.7
1071 Quantic -25.0 -14.6 13.6 70.7 42.1 -20.7
1073 Titan -23.5 -13.1 15.2 66.7 38.1 -24.7
1078 VP -21.2 -10.8 17.7 62.7 34.1 -28.7
1080 SYF -18.7 -8.8 19.8 58.7 30.1 -32.7
1086 MVP -22.7 -12.8 15.8 64.0 35.7 -27.2
1087 UR -20.8 -10.8 17.9 60.0 31.7 -31.2
1088 FXopen -19.9 -9.5 19.4 56.0 27.7 -35.2
1116 NJ&Kids -23.9 -13.5 15.4 61.1 34.0 -29.0
1133 MUFC -27.9 -17.5 11.4 71.4 43.4 -20.5
1138 CSW -25.2 -14.5 14.7 67.4 39.4 -24.5
1139 VT -23.2 -12.1 17.4 63.4 35.4 -28.5
1140 SYM -27.2 -16.1 13.4 69.5 42.0 -22.0
1141 EOT -25.9 -13.9 16.0 65.5 38.0 -26.0
1142 SYF -22.4 -10.7 19.1 61.5 34.0 -30.0
1148 HR -20.7 -8.5 21.7 57.5 30.0 -34.0
1164 Titan -24.7 -12.5 17.7 64.4 38.1 -26.1
1166 CSW -21.2 -9.6 20.6 60.4 34.1 -30.1
1167 EOT -19.3 -7.7 22.8 56.4 30.1 -34.1
1174 Fnatic -18.0 -6.4 24.2 52.4 26.1 -38.1
1183 Speed -16.6 -5.1 25.7 48.4 22.1 -42.1
1194 Dignitas -15.1 -3.6 27.4 44.4 18.1 -46.1
1197 CSW -13.7 -1.9 29.2 40.4 14.1 -50.1
1198 Aspera -10.7 1.0 32.3 36.4 10.1 -54.1
1199 Menace -9.0 2.9 34.5 32.4 6.1 -58.1
1201 Aspera -13.0 -1.1 30.5 37.2 10.8 -53.8
1202 SSD -11.7 0.4 32.3 33.2 6.8 -57.8
1207 mouz -15.7 -3.6 28.3 39.5 13.1 -51.9
1208 Imp -19.7 -7.6 24.3 48.0 22.6 -42.9
1209 MiTH -23.7 -11.6 20.3 55.0 28.9 -37.1
1218 CSW -27.7 -15.6 16.3 61.4 34.7 -31.9
1219 NoX -31.7 -19.6 12.3 66.2 39.4 -27.5
1229 StayFree -35.7 -23.6 8.3 72.9 45.0 -22.7
1231 TTD -39.7 -27.6 4.3 80.2 53.7 -14.8
1232 Alliance -38.8 -26.7 5.4 76.2 49.7 -18.8
1242 mouz -37.2 -24.7 7.7 72.2 45.7 -22.8
1265 Fnatic.eu -41.2 -28.7 3.7 80.3 53.2 -16.2
1271 SYF -38.9 -26.1 6.8 76.3 49.2 -20.2
1276 CSW -37.4 -24.4 8.7 72.3 45.2 -24.2
1283 Speed -36.2 -23.2 9.9 68.3 41.2 -28.2
1284 Alliance -35.4 -22.4 10.9 64.3 37.2 -32.2
1288 Alliance -33.6 -20.5 12.8 60.3 33.2 -36.2
1291 PR -30.2 -17.9 15.5 56.3 29.2 -40.2
1292 SSD -34.2 -21.9 11.5 64.7 38.6 -31.2
1295 Fnatic.eu -38.2 -25.9 7.5 69.6 43.3 -26.8
1296 mouz -36.5 -24.1 9.5 65.6 39.3 -30.8
1297 EG -34.1 -21.8 12.1 61.6 35.3 -34.8
1299 EG -33.0 -20.6 13.4 57.6 31.3 -38.8
1300 4FC -31.0 -18.5 15.8 53.6 27.3 -42.8
1303 Sigma.int -30.1 -17.3 17.3 49.6 23.3 -46.8
1304 Empire -26.7 -14.4 20.0 45.6 19.3 -50.8
1305 Empire -26.1 -13.6 20.9 41.6 15.3 -54.8
1309 4FC -23.9 -11.7 23.0 37.6 11.3 -58.8
1310 Sigma.int -23.2 -10.9 24.0 33.6 7.3 -62.8
1318 QPandas -27.2 -14.9 20.0 47.2 20.8 -49.9
1320 Orange -23.5 -12.1 22.6 43.2 16.8 -53.9
1321 Fnatic.eu -22.8 -11.4 23.2 39.2 12.8 -57.9
1325 Kawai -26.8 -15.4 19.2 51.3 22.7 -48.6
1326 Dignitas -30.8 -19.4 15.2 64.3 34.7 -38.5
1327 Speed -30.2 -18.7 16.1 60.3 30.7 -42.5
1328 Dignitas -28.5 -17.0 17.9 56.3 26.7 -46.5
1330 Na'Vi -26.5 -15.2 19.9 52.3 22.7 -50.5
1332 Fnatic.eu -30.5 -19.2 15.9 62.4 34.4 -40.2
1333 Alliance -29.7 -18.4 16.9 58.4 30.4 -44.2
1343 Fnatic.eu -33.7 -22.4 12.9 66.4 39.5 -35.7
1349 Alliance -37.7 -26.4 8.9 70.3 43.6 -31.3
1350 Fnatic.eu -41.7 -30.4 4.9 75.9 49.5 -25.3
1356 Alliance -40.4 -29.2 6.2 71.9 45.5 -29.3
1357 Na'Vi -39.3 -28.2 7.3 67.9 41.5 -33.3
1358 VP -43.3 -32.2 3.3 73.8 47.1 -28.0
1361 Dignitas -42.6 -31.4 4.3 69.8 43.1 -32.0
1362 Speed -42.2 -30.9 5.0 65.8 39.1 -36.0
1363 Speed -40.1 -28.9 7.4 61.8 35.1 -40.0
1367 Liquid -38.5 -27.0 9.6 57.8 31.1 -44.0
1368 Fnatic.eu -37.3 -25.8 10.9 53.8 27.1 -48.0
1369 Na'Vi -36.6 -25.0 11.8 49.8 23.1 -52.0
1378 Imp -33.8 -21.5 15.5 45.8 19.1 -56.0
1382 Titan -33.0 -20.5 16.8 41.8 15.1 -60.0
1384 Empire -32.3 -19.7 17.8 37.8 11.1 -64.0
1386 StayFree -36.3 -23.7 13.8 48.2 21.2 -55.0
1399 EG -40.3 -27.7 9.8 63.2 37.0 -41.7
1401 Alliance -38.5 -26.0 11.7 59.2 33.0 -45.7
1402 Liquid -36.4 -23.8 14.0 55.2 29.0 -49.7
1409 Liquid -40.4 -27.8 10.0 60.2 34.0 -44.9
1415 VP -44.4 -31.8 6.0 72.1 46.7 -33.7
1416 Liquid -42.6 -30.0 7.9 68.1 42.7 -37.7
1420 FD -39.1 -27.1 11.1 64.1 38.7 -41.7
1434 MiTH -36.0 -24.3 13.9 60.1 34.7 -45.7
1447 FD -40.0 -28.3 9.9 68.3 42.4 -38.5
1448 MiTH -44.0 -32.3 5.9 74.5 49.2 -32.1
1449 Titan -42.1 -30.6 7.7 70.5 45.2 -36.1
1453 Liquid -39.7 -27.9 10.5 66.5 41.2 -40.1
1458 Fnatic.eu -43.7 -31.9 6.5 79.3 53.6 -28.8
1459 Na'Vi -42.0 -30.4 8.2 75.3 49.6 -32.8
1460 Alliance -41.1 -29.5 9.2 71.3 45.6 -36.8
1462 rox.KIS -39.6 -28.0 10.9 67.3 41.6 -40.8
1463 Na'Vi -37.5 -26.1 12.9 63.3 37.6 -44.8
1466 4FC -41.5 -30.1 8.9 76.2 50.4 -33.0
1467 Sigma.int -45.5 -34.1 4.9 81.2 56.0 -27.5
1468 Alliance -43.7 -32.2 6.9 77.2 52.0 -31.5
1469 Alliance -43.7 -32.2 6.9 77.2 52.0 -31.5
1478 Alliance -42.5 -30.9 8.3 73.2 48.0 -35.5
1479 Liquid -41.8 -30.1 9.3 69.2 44.0 -39.5
1480 Na'Vi -40.1 -28.6 10.9 65.2 40.0 -43.5
1481 DK -44.1 -32.6 6.9 74.5 48.2 -36.8
1482 Fnatic.eu -43.4 -31.7 8.1 70.5 44.2 -40.8
1483 Sigma.int -47.4 -35.7 4.1 81.5 56.6 -29.2
1484 DK -45.5 -33.5 6.6 77.5 52.6 -33.2
1485 EG -49.5 -37.5 2.6 84.8 59.3 -26.8
1486 Sigma.int -53.5 -41.5 -1.4 89.0 64.3 -21.7
1489 Na'Vi -51.8 -39.8 0.5 85.0 60.3 -25.7
1490 EG -51.0 -38.8 1.6 81.0 56.3 -29.7
1491 Fnatic.eu -47.8 -35.4 5.3 77.0 52.3 -33.7
1492 Alliance -46.5 -34.0 6.8 73.0 48.3 -37.7
1493 Sigma.int -50.5 -38.0 2.8 77.9 53.9 -32.1
1494 Na'Vi -49.9 -37.3 3.6 73.9 49.9 -36.1
1495 DK -48.8 -36.0 5.1 69.9 45.9 -40.1
1496 Sigma.int -46.9 -33.7 7.8 65.9 41.9 -44.1
1497 Speed -50.9 -37.7 3.8 79.5 53.8 -33.2
1498 Fnatic.eu -54.9 -41.7 -0.2 95.6 69.3 -18.5
1499 DK -54.1 -40.7 0.8 91.6 65.3 -22.5
1500 Speed -53.4 -39.8 2.0 87.6 61.3 -26.5
1501 Liquid -57.4 -43.8 -2.0 101.0 74.4 -14.7
1502 DK -54.1 -39.8 2.2 97.0 70.4 -18.7
1503 Speed -51.6 -37.7 4.6 93.0 66.4 -22.7
1504 Sigma.int -48.6 -34.5 7.9 89.0 62.4 -26.7
1505 Na'Vi -52.6 -38.5 3.9 93.4 66.8 -22.6
1506 Liquid -51.3 -37.1 5.4 89.4 62.8 -26.6
1507 DK -49.6 -35.4 7.1 85.4 58.8 -30.6
1508 Alliance -49.0 -34.6 7.9 81.4 54.8 -34.6
1509 Speed -45.6 -31.0 11.6 77.4 50.8 -38.6
1510 Na'Vi -44.1 -29.4 13.4 73.4 46.8 -42.6
1511 Sigma.int -43.6 -28.7 14.1 69.4 42.8 -46.6
1512 Alliance -42.7 -27.7 15.3 65.4 38.8 -50.6
1513 DK -42.4 -27.2 15.9 61.4 34.8 -54.6
1514 Fnatic.eu -46.4 -31.2 11.9 67.3 40.6 -48.7
1515 Speed -50.4 -35.2 7.9 78.3 51.4 -38.9
1519 Orange -47.1 -32.6 10.5 74.3 47.4 -42.9
1520 Titan -44.5 -30.1 13.1 70.3 43.4 -46.9
1521 Next.kz -42.7 -28.0 15.6 66.3 39.4 -50.9
1522 Next.kz -46.7 -32.0 11.6 72.7 45.6 -45.3
1523 SSD -50.7 -36.0 7.6 86.1 58.9 -34.0
1524 Aspera -49.3 -34.2 9.6 82.1 54.9 -38.0
1525 mouz -46.5 -31.5 12.4 78.1 50.9 -42.0
1526 TongFu3 -44.1 -29.0 15.2 74.1 46.9 -46.0
1527 VP -43.0 -27.6 16.8 70.1 42.9 -50.0
1530 Empire -41.5 -25.9 18.7 66.1 38.9 -54.0
1531 Aspera -40.1 -24.4 20.4 62.1 34.9 -58.0
1532 Poseidon -44.1 -28.4 16.4 67.3 40.2 -53.3
1533 OsG -48.1 -32.4 12.4 80.5 52.7 -43.0
1534 Poseidon -46.2 -30.5 14.5 76.5 48.7 -47.0
1539 Next.kz -43.5 -28.2 16.9 72.5 44.7 -51.0
1540 Next.kz -40.9 -25.5 19.9 68.5 40.7 -55.0
1541 PR -44.9 -29.5 15.9 75.2 46.8 -49.5
1542 rox.KIS -42.6 -27.0 18.8 71.2 42.8 -53.5
1557 LGD.int -46.6 -31.0 14.8 79.9 52.3 -45.0
1563 FL -43.6 -28.0 18.2 75.9 48.3 -49.0
1568 Next.kz -42.4 -26.5 19.9 71.9 44.3 -53.0
1569 Next.kz -46.4 -30.5 15.9 78.0 51.1 -46.7
1570 SSD -50.4 -34.5 11.9 82.0 55.6 -42.0
1571 PR -47.6 -31.8 14.7 78.0 51.6 -46.0
1572 Fnatic.eu -46.2 -30.5 16.1 74.0 47.6 -50.0
1573 iG -44.4 -28.6 18.4 70.0 43.6 -54.0
1574 DK -43.3 -27.4 19.7 66.0 39.6 -58.0
1575 iG -47.3 -31.4 15.7 70.4 44.0 -53.6
1582 PR -45.9 -30.1 17.1 66.4 40.0 -57.6
1583 Sigma.int -44.5 -28.4 19.1 62.4 36.0 -61.6
1584 SSD -42.1 -25.6 22.0 58.4 32.0 -65.6
1587 Idol -40.6 -23.8 24.3 54.4 28.0 -69.6
1589 FD -39.6 -22.7 25.6 50.4 24.0 -73.6
1590 Orange -38.8 -21.7 26.9 46.4 20.0 -77.6
1593 FD -38.1 -20.7 28.2 42.4 16.0 -81.6
1594 FD -42.1 -24.7 24.2 51.2 26.0 -72.4
1595 Idol -46.1 -28.7 20.2 57.3 33.9 -64.3
1596 Kawai -50.1 -32.7 16.2 61.6 38.4 -59.6
1597 Empire -48.3 -30.9 18.0 57.6 34.4 -63.6
1598 Alliance -47.4 -29.9 19.1 53.6 30.4 -67.6
1599 OsG -51.4 -33.9 15.1 62.4 38.2 -60.5
1600 TR -55.4 -37.9 11.1 73.3 46.6 -53.4
1602 VP -53.7 -36.0 13.1 69.3 42.6 -57.4
1607 Idol -52.7 -34.6 14.8 65.3 38.6 -61.4
1608 VP -56.7 -38.6 10.8 75.2 47.5 -53.9
1609 Empire -52.4 -35.1 14.2 71.2 43.5 -57.9
1610 VP -49.1 -31.4 18.1 67.2 39.5 -61.9
1611 Sigma.int -48.1 -30.1 19.6 63.2 35.5 -65.9
1617 Siltherin -46.1 -27.8 22.2 59.2 31.5 -69.9
1618 FD -44.5 -26.1 24.3 55.2 27.5 -73.9
1619 XctN -42.2 -23.5 27.1 51.2 23.5 -77.9
1620 VP -40.7 -22.1 28.7 47.2 19.5 -81.9
1622 Aspera -44.7 -26.1 24.7 53.3 25.9 -75.9
1623 SSD -42.8 -24.2 26.7 49.3 21.9 -79.9
1624 PR -41.2 -22.4 28.7 45.3 17.9 -83.9
1625 Idol -45.2 -26.4 24.7 54.4 26.7 -76.2
1626 FD -44.3 -25.2 26.1 50.4 22.7 -80.2
1628 Alliance -43.6 -24.5 27.0 46.4 18.7 -84.2
1629 Fnatic.eu -43.1 -23.9 27.8 42.4 14.7 -88.2
1630 Na'Vi -40.5 -21.6 30.3 38.4 10.7 -92.2
1631 VG -40.0 -20.9 31.3 34.4 6.7 -96.2
1632 Fnatic.eu -44.0 -24.9 27.3 40.1 12.5 -90.4
1633 Startale -40.5 -22.2 29.8 36.1 8.5 -94.4
1634 Alliance -39.8 -21.3 30.8 32.1 4.5 -98.4
1635 VG -43.8 -25.3 26.8 37.2 11.7 -90.7
1636 Sigma.int -43.1 -24.5 27.9 33.2 7.7 -94.7
1637 Na'Vi -41.2 -22.7 29.8 29.2 3.7 -98.7
1641 RRQ -45.2 -26.7 25.8 38.4 13.7 -89.1
1642 MiTH -43.5 -24.6 28.0 34.4 9.7 -93.1
1645 RRQ -41.1 -22.3 30.4 30.4 5.7 -97.1
1646 RRQ -45.1 -26.3 26.4 34.7 10.6 -91.9
1647 MiTH -49.1 -30.3 22.4 40.4 15.8 -87.4
1648 Poseidon -53.1 -34.3 18.4 48.8 24.2 -79.3
1649 VP -49.4 -30.3 22.3 44.8 20.2 -83.3
1650 VP -47.5 -28.1 24.5 40.8 16.2 -87.3
1651 rox.KIS -45.8 -26.4 26.4 36.8 12.2 -91.3
1652 PR -44.7 -25.1 27.9 32.8 8.2 -95.3
1653 mouz -43.1 -23.5 29.7 28.8 4.2 -99.3
1655 RRQ -40.6 -21.6 31.6 24.8 0.2 -103.3
1656 HR -44.6 -25.6 27.6 33.8 10.8 -93.5
1657 RRQ -43.9 -24.7 28.7 29.8 6.8 -97.5
1659 Alliance -47.9 -28.7 24.7 34.1 11.5 -92.9
1660 Poseidon -51.9 -32.7 20.7 50.5 26.1 -81.3
1661 Alliance -49.2 -29.9 23.7 46.5 22.1 -85.3
1662 Fnatic.eu -48.4 -28.9 24.9 42.5 18.1 -89.3
1666 Lowyat -52.4 -32.9 20.9 49.2 23.8 -84.2
1668 Duskbin -51.6 -31.6 22.5 45.2 19.8 -88.2
1669 Neon -55.6 -35.6 18.5 53.9 27.9 -81.2
1670 MiTH -51.5 -31.8 21.8 49.9 23.9 -85.2
1671 Neon -48.1 -28.5 25.3 45.9 19.9 -89.2
1672 MiTH -46.2 -26.6 27.4 41.9 15.9 -93.2
1674 Empire -45.0 -25.3 28.8 37.9 11.9 -97.2
1675 Empire -41.4 -21.5 32.7 33.9 7.9 -101.2
1676 TR -45.4 -25.5 28.7 48.1 19.5 -91.4
1677 Na'Vi -44.2 -24.3 30.2 44.1 15.5 -95.4
1678 Na'Vi -43.3 -23.2 31.4 40.1 11.5 -99.4
1680 Mski -40.0 -20.3 34.3 36.1 7.5 -103.4
1681 Mski -39.1 -19.2 35.6 32.1 3.5 -107.4
1682 Lowyat -37.9 -17.9 37.2 28.1 -0.5 -111.4
1683 rox.KIS -36.6 -16.3 39.1 24.1 -4.5 -115.4
1684 Alliance -35.2 -15.0 40.5 20.1 -8.5 -119.4
1685 Alliance -34.7 -14.4 41.2 16.1 -12.5 -123.4
1686 Sigma.int -33.5 -13.2 42.6 12.1 -16.5 -127.4
1690 Mski -31.5 -11.7 44.1 8.1 -20.5 -131.4
1697 mouz -35.5 -15.7 40.1 25.0 -0.4 -111.3
1698 Alliance -34.0 -14.4 41.5 21.0 -4.4 -115.3
1699 OsG -38.0 -18.4 37.5 49.4 21.9 -91.9
1702 DK -34.5 -15.0 40.9 45.4 17.9 -95.9
1705 Next.kz -32.8 -13.1 43.1 41.4 13.9 -99.9
1706 Sigma.int -31.9 -12.3 44.0 37.4 9.9 -103.9
1707 mouz -30.7 -11.2 45.2 33.4 5.9 -107.9
1711 Next.kz -29.9 -10.2 46.4 29.4 1.9 -111.9
1711 Next.kz -29.2 -9.3 47.4 25.4 -2.1 -115.9
1712 VP -27.5 -7.6 49.2 21.4 -6.1 -119.9
1712 VP -25.6 -6.0 50.9 17.4 -10.1 -123.9
1713 Alliance -24.0 -4.4 52.6 13.4 -14.1 -127.9
1713 Sigma.int -22.2 -3.0 54.3 9.4 -18.1 -131.9
1714 rox.KIS -21.5 -2.1 55.3 5.4 -22.1 -135.9
1714 rox.KIS -20.6 -1.2 56.5 1.4 -26.1 -139.9
1715 Poseidon -24.6 -5.2 52.5 7.1 -20.7 -134.6
1715 Poseidon -28.6 -9.2 48.5 11.6 -16.1 -130.6
1716 rox.KIS -26.2 -6.5 51.3 7.6 -20.1 -134.6
1716 rox.KIS -23.6 -3.9 54.2 3.6 -24.1 -138.6
1717 VP -19.9 -0.4 57.7 -0.4 -28.1 -142.6
1717 VP -15.6 3.2 61.1 -4.4 -32.1 -146.6
1720 Mski -14.7 4.2 62.2 -8.4 -36.1 -150.6
1721 Lowyat -13.6 5.2 63.7 -12.4 -40.1 -154.6
1722 Mski -12.8 6.0 64.7 -16.4 -44.1 -158.6
1723 Mski -11.1 7.6 66.3 -20.4 -48.1 -162.6
1726 Lowyat -10.1 8.6 67.5 -24.4 -52.1 -166.6
1730 rox.KIS -9.1 10.0 69.0 -28.4 -56.1 -170.6
1731 Empire -13.1 6.0 65.0 -16.2 -43.2 -159.3
1732 rox.KIS -17.1 2.0 61.0 -10.3 -35.9 -152.0
1733 PR -21.1 -2.0 57.0 0.6 -25.4 -142.3
1734 PR -17.6 1.6 60.7 -3.4 -29.4 -146.3
1735 Mski -16.8 2.4 61.7 -7.4 -33.4 -150.3
1736 Lowyat -20.8 -1.6 57.7 1.8 -24.4 -142.4
1737 MiTH -24.8 -5.6 53.7 6.7 -18.3 -136.6
1738 Lowyat -22.7 -3.8 55.6 2.7 -22.3 -140.6
1741 VP -18.9 -3.5527136788e-15 59.3 -1.3 -26.3 -144.6
1742 Na'Vi -17.4 2.0 61.5 -5.3 -30.3 -148.6
1743 Na'Vi -15.7 4.1 63.9 -9.3 -34.3 -152.6
1744 Sigma.int -14.7 5.4 65.4 -13.3 -38.3 -156.6
1745 Na'Vi -14.0 6.3 66.5 -17.3 -42.3 -160.6
1746 Alliance -13.3 7.1 67.6 -21.3 -46.3 -164.6
1750 Alliance -12.6 7.9 68.6 -25.3 -50.3 -168.6
1751 Na'Vi -11.7 8.9 69.8 -29.3 -54.3 -172.6
1753 Na'Vi -10.4 10.3 71.4 -33.3 -58.3 -176.6
1754 TR -14.4 6.3 67.4 -20.4 -46.9 -166.9
1755 SSD -13.3 7.7 69.1 -24.4 -50.9 -170.9
1760 Duskbin -17.3 3.7 65.1 -14.9 -40.3 -161.0
1761 Mski -16.3 5.0 66.5 -18.9 -44.3 -165.0
1762 TR -20.3 1.0 62.5 -9.5 -36.0 -157.8
1763 rox.KIS -19.4 2.0 63.7 -13.5 -40.0 -161.8
1764 Na'Vi -18.3 3.1 65.0 -17.5 -44.0 -165.8
1767 rox.KIS -15.6 6.2 68.5 -21.5 -48.0 -169.8
1768 QPandas -19.6 2.2 64.5 -11.1 -38.2 -161.3
1776 Fnatic.eu -18.5 3.4 65.9 -15.1 -42.2 -165.3
1777 PR -17.0 5.0 67.7 -19.1 -46.2 -169.3
1778 FSid3 -21.0 1.0 63.7 -13.1 -39.6 -162.8
1779 Fnatic.eu -19.2 2.5 65.3 -17.1 -43.6 -166.8
1785 Fnatic.eu -18.1 3.7 66.6 -21.1 -47.6 -170.8
1786 Fnatic.eu -16.7 5.1 68.1 -25.1 -51.6 -174.8
1787 Sigma.int -14.2 7.6 70.7 -29.1 -55.6 -178.8
1788 Sigma.int -13.6 8.3 71.6 -33.1 -59.6 -182.8
1789 Na'Vi -10.7 11.0 74.4 -37.1 -63.6 -186.8
1790 Na'Vi -9.7 11.9 75.4 -41.1 -67.6 -190.8
1791 Revenge -13.7 7.9 71.4 -31.7 -56.1 -179.2
1792 Empire -17.7 3.9 67.4 -23.8 -48.4 -172.3
1793 Fnatic.eu -16.4 5.2 68.9 -27.8 -52.4 -176.3
1797 TR -20.4 1.2 64.9 -18.4 -42.6 -166.8
1798 OsG -18.1 3.9 67.7 -22.4 -46.6 -170.8
1799 VP -22.1 -0.1 63.7 -13.7 -39.9 -165.0
1800 Empire -20.5 1.5 65.5 -17.7 -43.9 -169.0
1801 Na'Vi -18.8 2.9 67.1 -21.7 -47.9 -173.0
1802 PR -22.8 -1.1 63.1 -8.6 -32.0 -158.2
1803 Sigma.int -21.6 0.3 64.6 -12.6 -36.0 -162.2
1817 Mski -20.4 1.5 66.0 -16.6 -40.0 -166.2
1818 FD -18.2 3.6 68.1 -20.6 -44.0 -170.2
1819 rox.KIS -15.8 5.9 70.6 -24.6 -48.0 -174.2
1820 Empire -14.9 6.8 71.7 -28.6 -52.0 -178.2
1821 QPandas -18.9 2.8 67.7 -17.8 -41.0 -168.6
1822 Fnatic.eu -18.4 3.4 68.4 -21.8 -45.0 -172.6
1823 SSD -16.7 5.0 70.1 -25.8 -49.0 -176.6
1824 Empire -13.5 8.2 73.6 -29.8 -53.0 -180.6
1829 Sigma.int -12.2 9.9 75.6 -33.8 -57.0 -184.6
1830 mouz -10.0 12.1 77.8 -37.8 -61.0 -188.6
1831 rox.KIS -14.0 8.1 73.8 -28.8 -53.5 -181.6
1832 TR -10.6 11.3 77.2 -32.8 -57.5 -185.6
1833 Fnatic.eu -9.1 12.7 78.6 -36.8 -61.5 -189.6
1839 Sigma.int -13.1 8.7 74.6 -28.0 -53.0 -181.7
1840 PR -17.1 4.7 70.6 -15.8 -41.7 -171.2
1841 SSD -15.3 6.7 72.8 -19.8 -45.7 -175.2
1850 rox.KIS -14.0 8.3 73.6 -23.8 -49.7 -179.2
1851 Alliance -13.3 9.2 74.2 -27.8 -53.7 -183.2
1852 SSD -11.6 10.8 75.9 -31.8 -57.7 -187.2
1853 Alliance -10.6 11.6 76.8 -35.8 -61.7 -191.2
1854 SSD -14.6 7.6 72.8 -28.9 -53.5 -183.4
1860 Fnatic.eu -14.0 8.4 73.7 -32.9 -57.5 -187.4
1861 Sigma.int -13.0 9.6 75.2 -36.9 -61.5 -191.4
1862 Next.kz -17.0 5.6 71.2 -26.0 -50.9 -181.6
1863 Fnatic.eu -15.8 6.9 72.2 -30.0 -54.9 -185.6
1868 Na'Vi -15.1 7.7 72.7 -34.0 -58.9 -189.6
1869 FSid3 -19.1 3.7 68.7 -26.2 -51.4 -183.3
1870 FSid3 -23.1 -0.3 64.7 -16.5 -39.9 -172.0
1871 Relax -21.4 1.5 66.9 -20.5 -43.9 -176.0
1885 Mski -20.2 2.6 68.1 -24.5 -47.9 -180.0
1893 Mski -19.0 4.0 68.8 -28.5 -51.9 -184.0
1894 Spirit -23.0 -2.22044604925e-15 64.8 -16.0 -40.4 -167.7
1896 XctN -27.0 -4.0 60.8 -10.6 -34.5 -162.2
1897 Idol -31.0 -8.0 56.8 -4.7 -28.5 -156.5
1902 Idol -35.0 -12.0 52.8 5.77315972805e-14 -23.9 -152.4
1909 Mski -31.9 -8.4 55.5 -4.0 -27.9 -156.4
1913 rox.KIS -30.5 -6.8 56.8 -8.0 -31.9 -160.4
1914 rox.KIS -28.7 -5.0 58.8 -12.0 -35.9 -164.4
1921 VP -26.2 -2.6 61.1 -16.0 -39.9 -168.4
1922 VP -30.2 -6.6 57.1 -11.1 -35.1 -164.0
1923 VP -28.7 -4.9 58.9 -15.1 -39.1 -168.0
1925 PR -27.0 -3.3 60.3 -19.1 -43.1 -172.0
1926 PR -24.4 -1.2 62.5 -23.1 -47.1 -176.0
1932 Empire -24.4 -1.2 62.5 -23.1 -47.1 -176.0
1953 Fnatic.eu -23.4 -2.88657986403e-15 63.5 -27.1 -51.1 -180.0
1954 Empire -22.5 1.0 64.7 -31.1 -55.1 -184.0
1955 Life -19.7 4.5 66.4 -35.1 -59.1 -188.0
1956 rox.KIS -18.1 5.9 67.9 -39.1 -63.1 -192.0
1960 Empire -16.4 7.7 70.1 -43.1 -67.1 -196.0
1961 Fnatic.eu -15.6 8.6 70.7 -47.1 -71.1 -200.0
1962 Fnatic.eu -13.3 11.0 73.1 -51.1 -75.1 -204.0
1963 Life -17.3 7.0 69.1 -41.7 -65.5 -197.1
1968 Denial -15.0 9.6 72.0 -45.7 -69.5 -201.1
1969 hehe -12.1 13.0 75.7 -49.7 -73.5 -205.1
1982 Speed -11.1 14.2 76.6 -53.7 -77.5 -209.1
1983 SADBOYS -15.1 10.2 72.6 -46.6 -68.9 -200.5
1984 Empire -14.2 11.2 73.4 -50.6 -72.9 -204.5
1986 eHug -18.2 7.2 69.4 -44.5 -66.8 -198.6
1987 Empire -22.2 3.2 65.4 -38.2 -61.3 -190.6
1988 Liquid -26.2 -0.8 61.4 -30.7 -54.7 -184.0
1992 Speed -25.3 0.3 62.8 -34.7 -58.7 -188.0
1994 Fnatic.eu -29.3 -3.7 58.8 -30.2 -54.7 -184.1
2009 Fnatic.eu -27.8 -2.0 60.1 -34.2 -58.7 -188.1
2010 Na'Vi -26.3 -0.4 61.7 -38.2 -62.7 -192.1
2011 PR -30.3 -4.4 57.7 -32.6 -58.0 -187.6
2014 Speed -29.1 -3.1 58.6 -36.6 -62.0 -191.6
2015 Speed -28.3 -2.2 59.8 -40.6 -66.0 -195.6
2016 Revenge -26.4 -0.2 61.9 -44.6 -70.0 -199.6
2018 Fnatic.eu -30.4 -4.2 57.9 -35.7 -60.5 -190.8
2019 Na'Vi -29.0 -2.8 59.5 -39.7 -64.5 -194.8
2020 PR -27.2 -0.9 61.5 -43.7 -68.5 -198.8
2022 Liquid -26.3 0.1 62.1 -47.7 -72.5 -202.8
2023 SADBOYS -25.6 1.0 63.2 -51.7 -76.5 -206.8
2024 SADBOYS -24.2 2.5 63.9 -55.7 -80.5 -210.8
2025 D4D -21.1 5.7 66.2 -59.7 -84.5 -214.8
2026 Execration -19.1 8.0 68.8 -63.7 -88.5 -218.8
2028 Next.kz -23.1 4.0 64.8 -55.3 -80.9 -211.8
2029 Empire -22.0 5.3 65.5 -59.3 -84.9 -215.8
2030 Empire -18.5 8.7 69.0 -63.3 -88.9 -219.8
2031 Sigma.int -22.5 4.7 65.0 -56.9 -82.4 -213.2
2032 Liquid -21.6 5.7 66.1 -60.9 -86.4 -217.2
2033 eHug -25.6 1.7 62.1 -54.4 -79.7 -210.6
2034 Denial -29.6 -2.3 58.1 -44.1 -69.8 -200.2
2035 SADBOYS -28.6 -1.2 58.7 -48.1 -73.8 -204.2
2044 Arrow -26.3 1.6 60.1 -52.1 -77.8 -208.2
2049 GL -24.2 3.9 61.7 -56.1 -81.8 -212.2
2051 Nullis -22.2 6.0 64.0 -60.1 -85.8 -216.2
2057 Aura -20.0 8.4 66.6 -64.1 -89.8 -220.2
2059 Empire -19.1 9.4 67.7 -68.1 -93.8 -224.2
2060 Fnatic.eu -23.1 5.4 63.7 -63.5 -89.6 -220.2
2061 rox.KIS -27.1 1.4 59.7 -47.9 -74.9 -207.1
2062 PR -31.1 -2.6 55.7 -41.4 -68.7 -201.2
2064 Cloud9 -30.1 -1.4 57.2 -45.4 -72.7 -205.2
2067 Na'Vi -29.3 -0.5 58.2 -49.4 -76.7 -209.2
2068 Fnatic.eu -28.3 0.6 59.1 -53.4 -80.7 -213.2
2069 VP -32.3 -3.4 55.1 -47.1 -74.9 -207.2
2070 rox.KIS -36.3 -7.4 51.1 -40.0 -68.4 -197.5
2071 Cloud9 -33.2 -4.0 53.2 -44.0 -72.4 -201.5
2078 Empire -30.7 -1.4 55.2 -48.0 -76.4 -205.5
2079 Empire -29.1 0.5 57.3 -52.0 -80.4 -209.5
2080 rox.KIS -33.1 -3.5 53.3 -35.7 -64.5 -196.2
2086 PssT -37.1 -7.5 49.3 -28.4 -58.7 -187.6
2087 Liquid -35.8 -6.1 50.2 -32.4 -62.7 -191.6
2088 SADBOYS -32.7 -2.4 52.6 -36.4 -66.7 -195.6
2089 SADBOYS -31.8 -1.3 54.1 -40.4 -70.7 -199.6
2094 Insane -35.8 -5.3 50.1 -32.6 -63.7 -193.4
2096 neXt! -39.8 -9.3 46.1 -26.8 -58.3 -189.0
2101 ZR -36.7 -5.7 48.2 -30.8 -62.3 -193.0
2102 MYM -35.1 -4.0 50.1 -34.8 -66.3 -197.0
2103 JnRun -39.1 -8.0 46.1 -30.1 -61.5 -192.1
2112 DUZA -36.6 -5.4 48.7 -34.1 -65.5 -196.1
2119 Empire -35.9 -4.5 49.2 -38.1 -69.5 -200.1
2123 rox.KIS -35.0 -3.4 49.9 -42.1 -73.5 -204.1
2124 neXt! -39.0 -7.4 45.9 -35.7 -66.6 -196.9
2126 ZR -36.8 -5.1 48.0 -39.7 -70.6 -200.9
2129 vhoul -34.3 -2.4 49.8 -43.7 -74.6 -204.9
2132 Fnatic.eu -32.6 -0.7 51.4 -47.7 -78.6 -208.9
2133 Next.kz -36.6 -4.7 47.4 -31.4 -63.8 -188.8
2135 rox.KIS -34.6 -2.5 49.9 -35.4 -67.8 -192.8
2136 Swage -32.9 -0.6 51.7 -39.4 -71.8 -196.8
2137 Revenge -31.2 1.2 52.9 -43.4 -75.8 -200.8
2138 Liquid -30.2 2.3 53.6 -47.4 -79.8 -204.8
2139 eHug -28.5 4.1 55.1 -51.4 -83.8 -208.8
2140 PssT -32.5 0.1 51.1 -44.0 -75.8 -201.5
2141 WWD -31.0 1.6 52.9 -48.0 -79.8 -205.5
2149 Sigma.int -29.4 3.3 54.8 -52.0 -83.8 -209.5
2150 VP -33.4 -0.7 50.8 -47.2 -79.3 -204.4
2151 Insane -37.4 -4.7 46.8 -42.4 -74.2 -199.1
2152 Relax -41.4 -8.7 42.8 -32.2 -64.5 -189.4
2154 ZR -45.4 -12.7 38.8 -26.5 -59.0 -184.5
2155 MYM -43.7 -11.1 40.7 -30.5 -63.0 -188.5
2156 Cloud9 -42.7 -9.9 41.4 -34.5 -67.0 -192.5
2158 Denial -46.7 -13.9 37.4 -24.7 -57.7 -180.5
2159 SADBOYS -46.0 -13.0 38.5 -28.7 -61.7 -184.5
2164 Puck -50.0 -17.0 34.5 -22.4 -54.7 -177.7
2165 TR -54.0 -21.0 30.5 -8.3 -42.1 -158.2
2166 DUZA -58.0 -25.0 26.5 -0.9 -35.1 -151.7
2168 Dignotoss -55.1 -21.4 30.3 -4.9 -39.1 -155.7
2169 WWD -52.8 -18.7 31.6 -8.9 -43.1 -159.7
2170 ZR -56.8 -22.7 27.6 0.2 -33.4 -150.8
2176 neXt! -60.8 -26.7 23.6 6.6 -27.6 -145.3
2178 VP -59.5 -25.3 24.8 2.6 -31.6 -149.3
2179 PR -57.1 -22.7 26.6 -1.4 -35.6 -153.3
2180 Puck -61.1 -26.7 22.6 5.5 -29.5 -144.9
2181 MiT -65.1 -30.7 18.6 18.1 -17.2 -133.7
2190 VP -63.9 -29.6 19.8 14.1 -21.2 -137.7
2192 PR -67.9 -33.6 15.8 21.0 -15.0 -132.5
2202 neXt! -65.5 -31.1 18.1 17.0 -19.0 -136.5
2225 Empire -69.5 -35.1 14.1 22.7 -11.6 -128.8
2237 Execration -67.9 -33.5 15.8 18.7 -15.6 -132.8
2238 FD -66.4 -31.8 17.3 14.7 -19.6 -136.8
2240 Spirit -70.4 -35.8 13.3 22.5 -11.8 -127.7
2250 Execration -74.4 -39.8 9.3 27.4 -6.8 -123.2
2251 Zephyr -73.1 -38.4 11.0 23.4 -10.8 -127.2
2252 FD -70.8 -36.0 12.9 19.4 -14.8 -131.2
2262 Mski -68.8 -33.8 14.6 15.4 -18.8 -135.2
2270 RRQ -72.8 -37.8 10.6 22.8 -11.5 -128.2
2271 Titan -71.0 -35.9 12.4 18.8 -15.5 -132.2
2281 Titan -68.4 -33.8 14.4 14.8 -19.5 -136.2
2286 Cloud9 -65.7 -31.2 17.9 10.8 -23.5 -140.2
2289 DT.NGC -69.7 -35.2 13.9 21.3 -12.0 -134.3
2291 Na'Vi -67.3 -32.8 17.0 17.3 -16.0 -138.3
2292 Na'Vi -65.8 -31.4 18.5 13.3 -20.0 -142.3
2293 Alliance -64.7 -30.1 19.4 9.3 -24.0 -146.3
2295 Arrow -63.7 -28.9 20.7 5.3 -28.0 -150.3
2300 rox.KIS -60.4 -25.4 24.5 1.3 -32.0 -154.3
2302 Alliance -59.5 -24.4 25.3 -2.7 -36.0 -158.3
2303 Alliance -58.4 -23.4 26.3 -6.7 -40.0 -162.3
2304 BirdGang -62.4 -27.4 22.3 -0.3 -33.4 -158.5
2305 5inQ -60.5 -25.4 23.5 -4.3 -37.4 -162.5
2306 MVP.P -59.6 -24.1 24.9 -8.3 -41.4 -166.5
2309 DT.NGC -63.6 -28.1 20.9 8.5 -26.9 -143.9
2310 LGD.cn -61.9 -26.2 22.7 4.5 -30.9 -147.9
