1942 2233 2.7 3.0 2.7 -4.0 -4.0 -4.0
1964 2261 21.9 16.8 12.9 -8.0 -8.0 -8.0
1982 2280 17.9 12.8 8.9 -7.4 -7.3 -7.1
2010 2310 13.9 8.8 4.9 -5.7 -5.4 -5.3
2053 2361 9.9 4.8 0.9 -4.8 -4.4 -4.5
2066 2376 5.9 0.8 -3.1 -4.1 -3.6 -3.6
2077 2387 1.9 -3.2 -7.1 -0.1 0.3 0.4
2094 2404 -2.1 -7.2 -11.1 1.3 2.0 2.4
2112 2425 -6.1 -11.2 -15.1 2.5 3.4 3.2
2119 2433 -10.1 -15.2 -19.1 3.4 4.4 4.5
2247 2580 -14.1 -19.2 -23.1 11.9 11.9 13.0
2268 2602 -18.1 -23.2 -27.1 13.4 13.6 14.1
2426 2790 -22.1 -27.2 -31.1 14.7 14.9 15.7
2448 2819 -26.1 -31.2 -35.1 15.5 15.9 16.2
2510 2896 -1.4 -7.2 -17.0 11.5 11.9 12.2
2541 2933 -5.4 -11.2 -21.0 12.4 13.1 12.9
2576 2977 -1.1 -6.3 -16.2 8.4 9.1 8.9
2620 3024 -5.1 -10.3 -20.2 10.0 10.5 10.3
2661 3070 -9.1 -14.3 -24.2 19.0 17.2 16.2
2664 3073 -13.1 -18.3 -28.2 22.1 20.6 18.5
2668 3077 -17.1 -22.3 -32.2 27.8 26.7 25.0
2669 3078 -13.1 -18.0 -28.0 23.8 22.7 21.0
2673 3082 -2.4 -7.1 -18.0 19.8 18.7 17.0
2678 3087 2.3 -3.0 -11.4 15.8 14.7 13.0
2684 3093 6.1 0.8 -8.3 11.8 10.7 9.0
2687 3097 2.1 -3.2 -12.3 13.9 13.1 10.7
