1825 2084 -4.0 -4.0 -4.0 4.6 4.8 4.5
1841 2101 -8.0 -8.0 -8.0 7.7 8.4 6.6
1877 2151 -12.0 -12.0 -12.0 12.5 13.5 11.9
1887 2164 -16.0 -16.0 -16.0 18.8 20.5 18.7
1900 2179 -20.0 -20.0 -20.0 21.2 23.1 20.5
2012 2313 -24.0 -24.0 -24.0 21.9 23.8 21.3
2040 2345 -28.0 -28.0 -28.0 23.2 25.3 22.3
2115 2428 -32.0 -32.0 -32.0 24.6 26.8 23.3
2123 2437 -36.0 -36.0 -36.0 25.4 27.7 24.4
2166 2492 -40.0 -40.0 -40.0 33.0 35.5 29.7
2178 2504 -34.8 -34.5 -35.0 29.0 31.5 25.7
2191 2519 -38.8 -38.5 -39.0 29.9 32.6 27.0
2308 2648 -42.8 -42.5 -43.0 30.7 33.5 27.5
