1803 2058 0.9 1.3 0.4 -4.0 -4.0 -4.0
1808 2064 1.9 2.5 1.9 -8.0 -8.0 -8.0
1814 2071 5.0 5.9 4.0 -12.0 -12.0 -12.0
1818 2075 1.0 1.9 0.0 -4.8 -6.0 -2.9
1881 2156 2.0 3.1 0.7 -8.8 -10.0 -6.9
1914 2193 -2.0 -0.9 -3.3 -6.9 -8.3 -5.2
1953 2247 1.2 2.8 -1.3 -10.9 -12.3 -9.2
1966 2263 3.4 5.4 1.6 -14.9 -16.3 -13.2
1988 2286 6.1 8.0 5.1 -18.9 -20.3 -17.2
1990 2288 2.1 4.0 1.1 -9.4 -10.6 -9.4
2016 2317 3.6 5.7 2.0 -13.4 -14.6 -13.4
2019 2323 7.9 10.7 7.2 -17.4 -18.6 -17.4
2036 2341 9.6 12.9 8.5 -21.4 -22.6 -21.4
2051 2359 13.1 15.8 11.4 -25.4 -26.6 -25.4
2061 2369 9.1 11.8 7.4 -17.9 -18.4 -16.1
2097 2407 5.1 7.8 3.4 -16.0 -16.5 -14.1
2098 2408 8.8 11.1 6.6 -20.0 -20.5 -18.1
2099 2409 4.8 7.1 2.6 -9.5 -11.0 -5.4
2106 2417 13.7 16.1 11.7 -13.5 -15.0 -9.4
2118 2431 14.7 17.4 12.2 -17.5 -19.0 -13.4
2127 2442 15.4 18.3 12.6 -21.5 -23.0 -17.4
2128 2443 11.4 14.3 8.6 -11.8 -14.4 -1.1
2136 2454 7.4 10.3 4.6 0.9 -1.6 10.8
2143 2461 9.0 12.0 6.5 -3.1 -5.6 6.8
2145 2463 18.6 22.7 17.2 -7.1 -9.6 2.8
2168 2494 19.6 23.9 17.9 -11.1 -13.6 -1.2
2171 2497 21.1 25.6 19.8 -15.1 -17.6 -5.2
2199 2528 28.2 32.3 27.7 -19.1 -21.6 -9.2
2207 2537 28.9 33.2 28.2 -23.1 -25.6 -13.2
2216 2546 29.6 34.1 28.7 -27.1 -29.6 -17.2
2222 2553 25.6 30.1 24.7 -14.7 -19.5 -3.0
2238 2570 26.2 30.9 25.6 -18.7 -23.5 -7.0
2248 2581 34.9 38.5 32.6 -22.7 -27.5 -11.0
2252 2586 35.9 39.7 33.4 -26.7 -31.5 -15.0
2261 2595 38.2 42.2 35.0 -30.7 -35.5 -19.0
2262 2596 39.9 44.0 36.9 -34.7 -39.5 -23.0
2264 2598 41.4 45.5 38.5 -38.7 -43.5 -27.0
2275 2610 37.4 41.5 34.5 -36.6 -41.4 -24.2
2289 2624 38.6 43.0 35.4 -40.6 -45.4 -28.2
2290 2625 34.6 39.0 31.4 -35.2 -40.3 -22.1
2293 2628 36.3 40.8 33.5 -39.2 -44.3 -26.1
2301 2639 37.6 42.3 34.3 -43.2 -48.3 -30.1
2311 2652 33.6 38.3 30.3 -40.2 -45.2 -27.7
2312 2653 43.1 47.0 38.6 -44.2 -49.2 -31.7
2321 2663 46.5 50.6 41.0 -48.2 -53.2 -35.7
2322 2664 47.5 51.8 42.3 -52.2 -57.2 -39.7
2333 2675 43.5 47.8 38.3 -47.4 -52.8 -35.4
2334 2677 39.5 43.8 34.3 -38.3 -44.3 -24.6
2336 2679 46.4 49.0 39.0 -42.3 -48.3 -28.6
2349 2703 49.4 52.2 42.4 -46.3 -52.3 -32.6
2350 2705 52.1 55.0 45.3 -50.3 -56.3 -36.6
2372 2730 48.1 51.0 41.3 -48.5 -54.5 -34.7
2419 2781 49.3 52.5 43.2 -52.5 -58.5 -38.7
2438 2807 51.0 54.0 44.8 -56.5 -62.5 -42.7
2445 2816 55.6 58.8 48.2 -60.5 -66.5 -46.7
2449 2820 51.6 54.8 44.2 -55.1 -62.0 -42.6
2475 2853 47.6 50.8 40.2 -48.2 -56.2 -34.7
2495 2875 50.3 53.5 42.8 -52.2 -60.2 -38.7
2497 2879 46.3 49.5 38.8 -48.6 -56.5 -34.6
2506 2891 42.3 45.5 34.8 -46.3 -54.3 -32.4
2546 2939 38.3 41.5 30.8 -39.6 -48.3 -25.2
2570 2971 45.2 48.5 37.6 -43.6 -52.3 -29.2
2584 2986 47.9 51.0 39.9 -47.6 -56.3 -33.2
2656 3065 48.7 52.0 41.3 -51.6 -60.3 -37.2
2672 3081 57.0 59.5 48.3 -55.6 -64.3 -41.2
