522 611 2.0 2.4 2.7 -4.0 -4.0 -4.0
539 628 -2.0 -1.6 -1.3 -3.1 -3.0 -2.8
547 636 -6.0 -5.6 -5.3 -2.4 -2.1 -1.7
549 639 -10.0 -9.6 -9.3 0.9 0.7 1.1
559 651 8.0 5.8 2.7 -3.1 -3.3 -2.9
603 697 4.0 1.8 -1.3 -1.5 -1.7 -1.1
1729 1968 6.3 4.4 1.6 -5.5 -5.7 -5.1
1731 1970 2.3 0.4 -2.4 -3.4 -3.6 -3.2
1774 2022 -1.7 -3.6 -6.4 -2.5 -2.6 -2.6
1775 2023 -5.7 -7.6 -10.4 -1.8 -1.7 -1.5
1785 2034 4.6 2.3 0.0 -5.8 -5.7 -5.5
1797 2052 0.6 -1.7 -4.0 2.0 1.4 3.4
1827 2086 -3.4 -5.7 -8.0 9.3 7.2 12.0
1865 2137 -7.4 -9.7 -12.0 11.0 9.0 13.2
1882 2158 2.4 -0.4 0.0 7.0 5.0 9.2
1997 2296 -1.6 -4.4 -4.0 8.7 6.6 11.0
