5 19 -4.0 -4.0 -4.0 1.5 1.9 1.9
6 22 -0.5 -0.6 -0.4 -2.5 -2.1 -2.1
13 33 3.7 3.1 4.0 -6.5 -6.1 -6.1
16 37 -0.3 -0.9 0.0 -1.8 -2.1 -1.8
34 57 1.4 1.3 2.4 -5.8 -6.1 -5.8
42 69 4.1 4.1 5.2 -9.8 -10.1 -9.8
47 74 10.8 10.2 11.3 -13.8 -14.1 -13.8
62 91 6.8 6.2 7.3 -10.5 -11.2 -11.0
72 102 12.2 11.7 12.9 -14.5 -15.2 -15.0
76 106 14.5 14.2 15.7 -18.5 -19.2 -19.0
82 113 10.5 10.2 11.7 -16.9 -17.5 -16.7
115 154 6.5 6.2 7.7 -14.4 -15.1 -14.3
123 164 7.7 7.7 9.4 -18.4 -19.1 -18.3
133 178 10.3 11.0 12.8 -22.4 -23.1 -22.3
141 186 6.3 7.0 8.8 -20.7 -21.2 -20.3
144 189 13.0 13.3 14.6 -24.7 -25.2 -24.3
150 195 18.6 19.6 22.3 -28.7 -29.2 -28.3
153 199 23.7 24.7 27.4 -32.7 -33.2 -32.3
166 212 29.8 30.9 33.4 -36.7 -37.2 -36.3
168 214 33.4 34.8 37.3 -40.7 -41.2 -40.3
170 216 29.4 30.8 33.3 -33.3 -34.4 -33.6
173 219 31.1 32.6 35.3 -37.3 -38.4 -37.6
176 222 35.1 36.6 39.4 -41.3 -42.4 -41.6
183 232 31.1 32.6 35.4 -38.6 -39.5 -38.5
193 243 27.1 28.6 31.4 -36.2 -36.9 -35.7
195 246 23.1 24.6 27.4 -35.2 -35.9 -34.4
196 247 25.8 28.0 31.0 -39.2 -39.9 -38.4
203 254 21.8 24.0 27.0 -31.4 -32.6 -31.9
216 269 17.8 20.0 23.0 -25.3 -27.0 -26.5
222 276 13.8 16.0 19.0 -24.3 -25.8 -25.2
224 279 15.2 17.7 21.0 -28.3 -29.8 -29.2
229 284 11.2 13.7 17.0 -26.2 -27.4 -26.6
231 286 12.7 15.3 18.7 -30.2 -31.4 -30.6
232 289 14.6 17.6 21.1 -34.2 -35.4 -34.6
257 315 10.6 13.6 17.1 -32.5 -33.6 -32.7
261 319 6.6 9.6 13.1 -31.4 -32.4 -31.3
306 366 15.3 18.5 21.2 -35.4 -36.4 -35.3
312 374 20.8 23.9 26.1 -39.4 -40.4 -39.3
326 388 21.8 25.1 27.9 -43.4 -44.4 -43.3
362 429 17.8 21.1 23.9 -40.8 -41.9 -40.7
367 434 13.8 17.1 19.9 -37.3 -38.4 -37.3
376 444 9.8 13.1 15.9 -26.4 -28.2 -28.0
429 503 10.6 14.1 17.2 -30.4 -32.2 -32.0
430 504 6.6 10.1 13.2 -28.7 -30.4 -29.9
440 514 28.5 28.7 29.2 -32.7 -34.4 -33.9
443 517 24.5 24.7 25.2 -31.2 -32.6 -31.8
456 531 20.5 20.7 21.2 -30.3 -31.6 -30.6
459 534 16.5 16.7 17.2 -27.5 -28.8 -27.9
474 550 12.5 12.7 13.2 -17.3 -18.3 -18.2
485 565 17.5 17.2 17.3 -21.3 -22.3 -22.2
487 568 13.5 13.2 13.3 -18.6 -19.7 -19.5
502 587 9.5 9.2 9.3 -17.2 -18.4 -18.1
524 613 5.5 5.2 5.3 -14.4 -15.6 -15.3
533 622 1.5 1.2 1.3 -12.1 -13.5 -13.2
535 624 -2.5 -2.8 -2.7 -10.6 -11.8 -11.3
538 627 -6.5 -6.8 -6.7 -8.8 -10.1 -9.4
543 632 -10.5 -10.8 -10.7 -7.3 -8.4 -7.5
546 635 -9.1 -9.3 -8.9 -11.3 -12.4 -11.5
559 651 -13.1 -13.3 -12.9 6.7 3.0 0.5
564 657 -17.1 -17.3 -16.9 8.3 4.9 2.6
595 688 -21.1 -21.3 -20.9 10.3 7.0 5.0
632 729 -25.1 -25.3 -24.9 11.3 8.5 6.8
637 735 -21.7 -22.2 -21.9 7.3 4.5 2.8
642 745 -0.2 -7.7 -10.2 3.3 0.5 -1.2
649 756 5.2 -2.9 -5.7 -0.7 -3.5 -5.2
659 771 1.2 -6.9 -9.7 0.5 -2.2 -3.8
670 785 -2.8 -10.9 -13.7 2.5 0.1 -1.3
673 788 -0.4 -8.5 -11.1 -1.5 -3.9 -5.3
676 791 -4.4 -12.5 -15.1 0.2 -2.0 -3.3
780 905 -3.6 -11.6 -14.0 -3.8 -6.0 -7.3
781 906 -2.7 -10.6 -12.8 -7.8 -10.0 -11.3
839 975 -1.9 -9.6 -11.5 -11.8 -14.0 -15.3
861 999 -5.9 -13.6 -15.5 -9.9 -11.6 -12.6
867 1005 6.2 -3.7 -7.1 -13.9 -15.6 -16.6
885 1025 7.0 -2.8 -5.9 -17.9 -19.6 -20.6
973 1127 3.0 -6.8 -9.9 -15.6 -17.1 -17.8
996 1150 -1.0 -10.8 -13.9 -13.6 -13.9 -14.1
1034 1194 0.5 -9.3 -12.2 -17.6 -17.9 -18.1
1051 1211 -3.5 -13.3 -16.2 -11.9 -12.6 -13.0
1079 1245 -7.5 -17.3 -20.2 -10.9 -11.3 -11.4
1089 1259 -11.5 -21.3 -24.2 -8.9 -8.6 -8.4
1153 1326 1.5 -9.3 -14.1 -12.9 -12.6 -12.4
1155 1328 3.2 -7.6 -12.3 -16.9 -16.6 -16.4
1182 1361 3.9 -6.8 -11.3 -20.9 -20.6 -20.4
1184 1363 -0.1 -10.8 -15.3 -18.8 -18.6 -18.0
1199 1380 -4.1 -14.8 -19.3 -17.7 -17.4 -16.6
1209 1390 -8.1 -18.8 -23.3 -17.2 -16.8 -15.9
