152 198 -4.0 -4.0 -4.0 1.3 1.6 1.9
167 213 4.9 4.9 4.5 -2.7 -2.4 -2.1
171 217 8.3 7.8 7.3 -6.7 -6.4 -6.1
283 342 4.3 3.8 3.3 -3.9 -3.9 -3.5
286 345 0.3 -0.2 -0.7 -2.1 -2.1 -1.6
293 353 -3.7 -4.2 -4.7 -0.4 -0.2 0.5
295 355 5.2 5.5 4.4 -4.4 -4.2 -3.5
299 359 9.4 10.1 9.1 -8.4 -8.2 -7.5
301 361 5.4 6.1 5.1 -3.7 -3.8 -3.2
339 402 11.5 13.4 12.2 -7.7 -7.8 -7.2
366 433 12.7 14.8 13.9 -11.7 -11.8 -11.2
379 447 13.9 16.1 15.5 -15.7 -15.8 -15.2
423 497 19.4 21.3 20.5 -19.7 -19.8 -19.2
489 571 26.8 28.4 27.3 -23.7 -23.8 -23.2
521 610 22.8 24.4 23.3 -19.9 -20.5 -19.9
531 620 27.4 30.0 29.4 -23.9 -24.5 -23.9
536 625 23.4 26.0 25.4 -18.2 -19.4 -19.2
541 630 19.4 22.0 21.4 -16.2 -17.3 -16.9
560 652 25.3 27.6 26.8 -20.2 -21.3 -20.9
562 654 27.3 30.2 30.0 -24.2 -25.3 -24.9
569 662 29.0 32.1 32.2 -28.2 -29.3 -28.9
574 667 30.8 34.0 34.4 -32.2 -33.3 -32.9
580 673 26.8 30.0 30.4 -29.2 -30.0 -29.4
632 729 27.8 31.5 32.2 -33.2 -34.0 -33.4
643 746 28.5 32.4 33.2 -37.2 -38.0 -37.4
654 762 24.5 28.4 29.2 -35.1 -36.0 -35.2
660 772 30.0 34.3 34.6 -39.1 -40.0 -39.2
665 778 31.4 36.1 36.6 -43.1 -44.0 -43.2
679 794 35.6 40.6 40.9 -47.1 -48.0 -47.2
684 799 31.6 36.6 36.9 -46.0 -46.8 -45.7
688 803 27.6 32.6 32.9 -34.1 -37.2 -37.5
873 1012 28.9 34.1 34.7 -38.1 -41.2 -41.5
911 1052 30.5 36.0 36.8 -42.1 -45.2 -45.5
945 1094 32.8 38.6 39.8 -46.1 -49.2 -49.5
960 1112 33.3 39.3 40.6 -50.1 -53.2 -53.5
989 1143 33.8 40.0 41.5 -54.1 -57.2 -57.5
1010 1169 34.2 40.6 42.3 -58.1 -61.2 -61.5
1019 1178 34.6 41.1 43.0 -62.1 -65.2 -65.5
1031 1191 35.0 41.8 43.8 -66.1 -69.2 -69.5
1061 1221 31.0 37.8 39.8 -54.8 -60.3 -62.5
1063 1223 31.9 39.0 41.3 -58.8 -64.3 -66.5
1070 1235 27.9 35.0 37.3 -40.9 -50.3 -55.8
1094 1264 28.6 35.8 38.3 -44.9 -54.3 -59.8
1129 1302 30.8 38.3 41.0 -48.9 -58.3 -63.8
1149 1322 31.2 38.8 41.7 -52.9 -62.3 -67.8
1151 1324 27.2 34.8 37.7 -38.7 -47.8 -55.6
1173 1352 27.8 35.4 38.5 -42.7 -51.8 -59.6
1213 1394 23.8 31.4 34.5 -39.1 -47.7 -55.7
1226 1412 24.2 32.1 35.4 -43.1 -51.7 -59.7
1233 1424 24.5 32.5 36.0 -47.1 -55.7 -63.7
1239 1431 24.9 33.0 36.6 -51.1 -59.7 -67.7
1246 1440 20.9 29.0 32.6 -48.6 -57.0 -64.7
1266 1465 22.4 30.5 34.2 -52.6 -61.0 -68.7
1278 1481 31.7 38.7 40.9 -56.6 -65.0 -72.7
1281 1484 33.6 40.9 43.4 -60.6 -69.0 -76.7
1292 1495 34.7 42.2 44.9 -64.6 -73.0 -80.7
1296 1499 35.5 43.2 45.9 -68.6 -77.0 -84.7
1299 1502 38.8 47.2 50.1 -72.6 -81.0 -88.7
1304 1507 40.5 48.9 51.8 -76.6 -85.0 -92.7
1310 1513 40.8 49.4 52.4 -80.6 -89.0 -96.7
1312 1515 36.8 45.4 48.4 -69.6 -78.2 -86.9
1313 1516 41.0 50.5 53.5 -73.6 -82.2 -90.9
1315 1518 37.0 46.5 49.5 -63.9 -73.8 -83.3
1347 1550 37.7 47.3 50.5 -67.9 -77.8 -87.3
1357 1562 33.7 43.3 46.5 -60.9 -68.1 -78.2
1367 1574 34.8 44.5 47.8 -64.9 -72.1 -82.2
1368 1575 30.8 40.5 43.8 -60.5 -67.7 -77.8
1372 1579 31.9 42.0 45.5 -64.5 -71.7 -81.8
1383 1591 27.9 38.0 41.5 -60.4 -67.4 -77.5
1452 1664 28.6 38.8 42.5 -64.4 -71.4 -81.5
1482 1702 32.1 42.2 45.9 -68.4 -75.4 -85.5
1483 1703 37.4 47.1 50.6 -72.4 -79.4 -89.5
1536 1758 39.0 48.9 52.7 -76.4 -83.4 -93.5
1579 1804 39.4 49.5 53.4 -80.4 -87.4 -97.5
1587 1813 41.7 52.0 56.1 -84.4 -91.4 -101.5
1599 1825 43.3 53.8 58.2 -88.4 -95.4 -105.5
1609 1836 44.7 55.4 60.0 -92.4 -99.4 -109.5
1615 1842 46.0 57.0 61.8 -96.4 -103.4 -113.5
1618 1845 47.9 59.2 63.0 -100.4 -107.4 -117.5
1619 1846 48.8 60.3 63.6 -104.4 -111.4 -121.5
1620 1847 49.6 61.4 64.9 -108.4 -115.4 -125.5
1653 1883 45.6 57.4 60.9 -100.0 -107.9 -115.8
1704 1938 48.1 60.1 63.8 -104.0 -111.9 -119.8
1982 2280 48.7 60.8 64.7 -108.0 -115.9 -123.8
1998 2298 50.6 62.7 66.9 -112.0 -119.9 -127.8
2020 2324 52.5 64.4 68.7 -116.0 -123.9 -131.8
2047 2352 54.1 66.1 69.9 -120.0 -127.9 -135.8
2066 2376 54.8 66.9 70.8 -124.0 -131.9 -139.8
2068 2378 56.3 68.5 72.5 -128.0 -135.9 -143.8
2078 2388 58.2 70.2 74.3 -132.0 -139.9 -147.8
2103 2413 54.2 66.2 70.3 -122.9 -130.8 -139.4
2111 2424 50.2 62.2 66.3 -104.5 -115.3 -117.4
2121 2435 46.2 58.2 62.3 -95.4 -107.0 -107.8
2142 2460 48.0 60.2 64.6 -99.4 -111.0 -111.8
2153 2475 50.7 63.0 67.6 -103.4 -115.0 -115.8
2306 2645 52.4 64.6 70.6 -107.4 -119.0 -119.8
2386 2745 54.7 67.8 74.2 -111.4 -123.0 -123.8
2389 2748 57.6 70.9 76.3 -115.4 -127.0 -127.8
2394 2753 58.3 71.7 76.8 -119.4 -131.0 -131.8
2401 2760 60.0 73.6 77.8 -123.4 -135.0 -135.8
2407 2766 62.4 76.0 79.8 -127.4 -139.0 -139.8
2411 2770 64.9 78.7 81.0 -131.4 -143.0 -143.8
2422 2784 60.9 74.7 77.0 -115.3 -126.4 -128.6
2427 2791 61.8 75.8 77.6 -119.3 -130.4 -132.6
2457 2831 57.8 71.8 73.6 -107.1 -119.7 -117.6
2496 2876 59.4 73.7 74.7 -111.1 -123.7 -121.6
2509 2895 60.1 74.5 75.1 -115.1 -127.7 -125.6
2510 2896 56.1 70.5 71.1 -90.4 -103.7 -107.5
2566 2966 56.9 71.5 71.7 -94.4 -107.7 -111.5
