1884 2160 1.4 1.8 2.0 -4.0 -4.0 -4.0
1898 2177 2.8 3.6 4.4 -8.0 -8.0 -8.0
1917 2196 6.5 8.4 9.7 -12.0 -12.0 -12.0
2003 2303 2.5 4.4 5.7 -10.9 -11.0 -11.0
2091 2401 3.8 6.0 7.4 -14.9 -15.0 -15.0
2102 2412 -0.2 2.0 3.4 -13.6 -13.7 -13.5
2136 2454 12.5 14.8 15.3 -17.6 -17.7 -17.5
2144 2462 8.5 10.8 11.3 -16.0 -15.8 -16.3
2156 2478 13.5 16.7 17.4 -20.0 -19.8 -20.3
2196 2524 9.5 12.7 13.4 -6.7 -8.9 -10.9
2211 2541 23.5 25.3 28.2 -10.7 -12.9 -14.9
2254 2588 25.4 27.3 30.4 -14.7 -16.9 -18.9
2273 2608 21.4 23.3 26.4 -7.7 -10.1 -13.1
2314 2655 25.4 28.3 32.0 -11.7 -14.1 -17.1
2332 2674 27.2 30.7 34.8 -15.7 -18.1 -21.1
2342 2693 31.9 36.3 40.8 -19.7 -22.1 -25.1
2343 2695 33.8 38.5 42.2 -23.7 -26.1 -29.1
2349 2703 29.8 34.5 38.2 -20.7 -22.9 -25.7
2360 2718 33.2 37.9 42.8 -24.7 -26.9 -29.7
2363 2721 29.2 33.9 38.8 -23.3 -25.5 -28.2
2364 2722 38.3 43.1 47.6 -27.3 -29.5 -32.2
2370 2728 40.9 45.8 50.6 -31.3 -33.5 -36.2
2444 2815 42.1 47.3 51.4 -35.3 -37.5 -40.2
2450 2823 46.8 52.0 55.6 -39.3 -41.5 -44.2
2454 2827 48.0 53.4 56.5 -43.3 -45.5 -48.2
2463 2838 49.6 55.3 58.8 -47.3 -49.5 -52.2
2464 2839 60.2 67.0 70.3 -51.3 -53.5 -56.2
2477 2856 56.2 63.0 66.3 -48.2 -50.5 -52.5
2481 2860 58.8 65.9 68.3 -52.2 -54.5 -56.5
2482 2861 59.8 67.2 69.1 -56.2 -58.5 -60.5
2490 2869 61.1 68.6 70.0 -60.2 -62.5 -64.5
2492 2871 62.2 69.9 70.8 -64.2 -66.5 -68.5
2505 2890 63.8 71.8 72.4 -68.2 -70.5 -72.5
2515 2903 64.8 72.8 73.9 -72.2 -74.5 -76.5
2526 2916 71.8 81.4 82.6 -76.2 -78.5 -80.5
2536 2928 67.8 77.4 78.6 -73.6 -76.0 -77.7
2568 2969 63.8 73.4 74.6 -70.0 -72.7 -73.6
2584 2986 59.8 69.4 70.6 -67.3 -70.2 -71.3
