705 830 7.7 7.6 7.4 -4.0 -4.0 -4.0
712 838 3.7 3.6 3.4 -2.4 -2.2 -1.7
718 845 12.8 12.1 11.0 -6.4 -6.2 -5.7
721 848 19.7 18.6 16.8 -10.4 -10.2 -9.7
751 882 15.7 14.6 12.8 -6.3 -6.4 -5.9
754 886 11.7 10.6 8.8 -4.9 -4.9 -4.1
786 918 16.9 15.1 13.1 -8.9 -8.9 -8.1
791 923 18.7 16.9 15.2 -12.9 -12.9 -12.1
804 939 14.7 12.9 11.2 -10.1 -9.5 -8.4
815 955 18.7 16.3 14.5 -14.1 -13.5 -12.4
830 973 23.6 21.5 19.6 -18.1 -17.5 -16.4
834 977 19.6 17.5 15.6 -16.6 -15.8 -14.4
844 988 15.6 13.5 11.6 -7.0 -5.7 -5.4
857 1002 11.6 9.5 7.6 -5.5 -3.9 -3.2
911 1063 7.6 5.5 3.6 -4.8 -3.1 -2.3
1723 1991 3.6 1.5 -0.4 -2.8 -1.0 -0.1
1820 2112 6.1 4.1 2.2 -6.8 -5.0 -4.1
1862 2166 13.5 11.1 8.7 -10.8 -9.0 -8.1
