0 14 -4.0 -4.0 -4.0 4.7 4.7 4.1
13 33 -8.0 -8.0 -8.0 8.9 8.4 8.5
14 34 0.2 -1.1 -1.5 4.9 4.4 4.5
29 51 -3.8 -5.1 -5.5 16.0 14.0 12.1
38 63 1.8 -0.2 -0.6 12.0 10.0 8.1
51 78 -2.2 -4.2 -4.6 16.7 14.6 12.7
61 90 -6.2 -8.2 -8.6 21.2 18.8 17.4
70 100 -10.2 -12.2 -12.6 23.3 21.0 19.8
105 143 -14.2 -16.2 -16.6 24.4 22.4 21.4
108 146 -18.2 -20.2 -20.6 26.8 24.9 24.2
112 151 -8.7 -11.9 -12.6 22.8 20.9 20.2
191 242 -0.3 -3.8 -4.9 18.8 16.9 16.2
197 249 -4.3 -7.8 -8.9 21.8 19.7 19.1
202 254 3.5 -0.5 -2.4 17.8 15.7 15.1
205 257 -0.5 -4.5 -6.4 21.1 19.2 18.7
215 269 5.6 1.1 -1.0 17.1 15.2 14.7
217 271 1.6 -2.9 -5.0 18.2 16.6 16.3
220 275 20.9 14.0 9.2 14.2 12.6 12.3
224 281 29.0 21.0 15.4 10.2 8.6 8.3
232 291 25.0 17.0 11.4 11.6 10.2 10.2
233 292 21.0 13.0 7.4 20.0 17.6 17.0
235 294 17.0 9.0 3.4 21.0 18.8 18.5
242 301 18.1 10.4 5.0 17.0 14.8 14.5
243 302 20.0 12.6 7.5 13.0 10.8 10.5
248 307 16.0 8.6 3.5 21.3 17.4 16.2
260 320 20.5 13.2 7.9 17.3 13.4 12.2
271 331 29.2 21.4 15.5 13.3 9.4 8.2
275 335 25.2 17.4 11.5 18.1 13.7 12.6
304 366 21.2 13.4 7.5 26.8 22.6 20.7
318 382 17.2 9.4 3.5 35.2 29.7 27.1
351 422 13.2 5.4 -0.5 39.8 34.3 31.5
363 434 16.7 8.9 2.9 35.8 30.3 27.5
364 436 20.1 12.2 6.2 31.8 26.3 23.5
379 452 21.7 14.0 8.2 27.8 22.3 19.5
381 455 24.5 17.0 11.2 23.8 18.3 15.5
383 457 20.5 13.0 7.2 25.6 20.3 17.6
384 458 25.1 17.9 11.7 21.6 16.3 13.6
386 460 21.1 13.9 7.7 28.0 22.1 19.1
399 477 17.1 9.9 3.7 30.7 25.1 22.2
427 506 17.9 10.8 4.9 26.7 21.1 18.2
428 507 13.9 6.8 0.9 27.6 22.1 19.5
434 513 27.2 18.2 11.1 23.6 18.1 15.5
437 516 23.2 14.2 7.1 27.1 21.9 19.6
443 522 19.2 10.2 3.1 28.3 23.3 21.2
453 534 22.0 13.0 5.8 24.3 19.3 17.2
458 540 24.6 15.5 8.4 20.3 15.3 13.2
461 543 20.6 11.5 4.4 22.9 17.6 15.8
462 544 30.8 21.2 13.5 18.9 13.6 11.8
466 548 26.8 17.2 9.5 22.0 16.7 15.1
478 564 33.7 23.8 15.6 18.0 12.7 11.1
480 567 29.7 19.8 11.6 21.0 15.9 14.5
495 586 34.3 24.6 16.3 17.0 11.9 10.5
503 594 30.3 20.6 12.3 20.2 15.2 14.0
510 602 26.3 16.6 8.3 21.8 17.0 15.9
519 614 29.8 20.0 11.9 17.8 13.0 11.9
532 627 31.6 21.7 13.8 13.8 9.0 7.9
533 628 32.5 22.7 15.0 9.8 5.0 3.9
538 633 28.5 18.7 11.0 13.4 8.6 7.7
541 636 29.2 19.6 12.1 9.4 4.6 3.7
551 649 25.2 15.6 8.1 12.8 8.0 7.3
571 670 26.2 16.7 9.5 8.8 4.0 3.3
576 675 32.6 22.9 15.4 4.8 7.1054273576e-15 -0.7
578 677 28.6 18.9 11.4 6.8 2.0 1.3
585 684 24.6 14.9 7.4 10.6 5.6 5.1
590 689 20.6 10.9 3.4 14.9 9.7 9.3
591 690 22.5 13.3 6.0 10.9 5.7 5.3
594 693 18.5 9.3 2.0 12.5 7.4 7.2
603 704 26.5 16.3 8.3 8.5 3.4 3.2
606 708 22.5 12.3 4.3 18.4 12.3 11.2
607 709 18.5 8.3 0.3 21.4 15.4 14.5
859 1004 20.1 10.0 2.2 17.4 11.4 10.5
860 1005 16.1 6.0 -1.8 29.5 21.3 18.9
897 1047 25.0 14.0 4.7 25.5 17.3 14.9
964 1127 27.3 16.5 7.5 21.5 13.3 10.9
974 1137 23.3 12.5 3.5 32.3 26.4 22.2
1013 1182 19.3 8.5 -0.5 36.2 29.4 25.1
1019 1189 20.4 9.9 1.3 32.2 25.4 21.1
1022 1192 16.4 5.9 -2.7 33.0 26.3 22.4
1036 1206 17.9 7.0 -1.5 29.0 22.3 18.4
1056 1231 13.9 3.0 -5.5 36.3 31.0 26.3
1075 1255 9.9 -1.0 -9.5 38.3 33.1 28.6
1079 1260 5.9 -5.0 -13.5 42.5 37.6 33.0
1085 1266 1.9 -9.0 -17.5 43.2 38.4 34.0
1112 1297 4.3 -6.7 -14.9 39.2 34.4 30.0
1114 1299 5.4 -5.5 -13.6 35.2 30.4 26.0
1128 1313 11.0 0.4 -8.2 31.2 26.4 22.0
1134 1319 7.0 -3.6 -12.2 33.3 28.0 23.6
1163 1354 3.0 -7.6 -16.2 46.2 40.2 34.5
1167 1358 -1.0 -11.6 -20.2 52.1 45.8 39.8
1175 1366 -5.0 -15.6 -24.2 52.5 46.3 40.4
1178 1369 -9.0 -19.6 -28.2 53.2 47.1 41.3
1181 1373 -13.0 -23.6 -32.2 54.5 48.4 42.8
1198 1391 -17.0 -27.6 -36.2 55.7 49.7 44.4
1199 1392 -14.1 -24.2 -32.8 51.7 45.7 40.4
1205 1399 0.9 -8.4 -19.5 47.7 41.7 36.4
1208 1402 -3.1 -12.4 -23.5 49.8 43.9 38.7
1211 1406 5.4 -5.1 -17.4 45.8 39.9 34.7
1219 1422 9.4 -0.8 -13.1 41.8 35.9 30.7
1224 1428 16.9 7.6 -4.9 37.8 31.9 26.7
1238 1444 12.9 3.6 -8.9 42.2 35.9 30.6
1239 1445 8.9 -0.4 -12.9 44.0 38.3 33.3
1249 1459 4.9 -4.4 -16.9 45.7 39.8 35.0
1255 1467 0.9 -8.4 -20.9 50.7 45.4 40.5
1264 1480 -3.1 -12.4 -24.9 52.4 46.9 42.1
1269 1485 4.2 -5.7 -18.5 48.4 42.9 38.1
1274 1490 5.0 -4.7 -17.4 44.4 38.9 34.1
1282 1499 1.0 -8.7 -21.4 45.2 39.9 35.1
1286 1503 -3.0 -12.7 -25.4 47.7 42.0 37.5
1289 1506 -7.0 -16.7 -29.4 49.0 43.4 39.0
1325 1543 -11.0 -20.7 -33.4 51.6 45.8 41.5
1378 1601 -15.0 -24.7 -37.4 54.9 48.7 44.4
1922 2244 -13.4 -22.7 -36.5 50.9 44.7 40.4
