1739 1978 2.9 3.4 1.5 -4.0 -4.0 -4.0
1743 1982 -1.1 -0.6 -2.5 -3.0 -2.8 -3.1
1747 1986 5.0 5.5 3.4 -7.0 -6.8 -7.1
1754 1995 1.0 1.5 -0.6 -5.5 -4.8 -4.6
1757 2001 -3.0 -2.5 -4.6 -4.6 -3.5 -3.1
1768 2014 -7.0 -6.5 -8.6 -3.4 -2.2 -2.2
1783 2032 -11.0 -10.5 -12.6 -2.5 -1.2 -1.1
1784 2033 -4.5 -3.8 -6.0 -6.5 -5.2 -5.1
1830 2089 -8.5 -7.8 -10.0 -5.6 -4.1 -3.6
1867 2139 -6.8 -6.0 -8.5 -9.6 -8.1 -7.6
1882 2158 -10.8 -10.0 -12.5 0.2 1.2 4.4
1950 2244 -14.8 -14.0 -16.5 1.8 3.2 5.3
2035 2340 -18.8 -18.0 -20.5 2.6 4.2 5.8
2050 2358 -22.8 -22.0 -24.5 3.5 5.2 7.0
2092 2402 -26.8 -26.0 -28.5 4.4 6.3 7.5
2127 2442 -30.8 -30.0 -32.5 5.1 7.2 7.9
2196 2524 -17.5 -19.1 -23.1 1.1 3.2 3.9
2232 2564 -15.0 -16.9 -21.1 -2.9 -0.8 -0.1
2233 2565 -19.0 -20.9 -25.1 -1.5 0.6 1.3
2444 2815 -23.0 -24.9 -29.1 -0.3 2.1 2.1
2537 2929 -27.0 -28.9 -33.1 1.1 3.5 3.7
2598 3002 -31.0 -32.9 -37.1 1.9 4.4 4.8
2602 3006 -29.5 -31.4 -34.7 -2.1 0.4 0.8
2610 3014 -18.5 -22.2 -18.6 -6.1 -3.6 -3.2
2611 3015 -22.5 -26.2 -22.6 -4.8 -2.2 -1.9
2614 3018 -19.8 -23.6 -20.1 -8.8 -6.2 -5.9
