2 16 4.6 4.9 5.0 -4.0 -4.0 -4.0
5 19 6.1 6.8 6.9 -8.0 -8.0 -8.0
8 26 16.5 15.3 14.7 -12.0 -12.0 -12.0
19 41 17.6 16.6 16.4 -16.0 -16.0 -16.0
36 59 13.6 12.6 12.4 -4.6 -7.1 -7.7
52 79 9.6 8.6 8.4 -1.6 -4.1 -4.8
67 96 11.8 10.9 10.9 -5.6 -8.1 -8.8
73 103 7.8 6.9 6.9 -1.8 -4.6 -5.4
75 105 3.8 2.9 2.9 0.9 -1.9 -2.5
79 110 5.2 4.5 4.5 -3.1 -5.9 -6.5
87 120 1.2 0.5 0.5 0.3 -2.2 -2.7
92 125 3.7 3.1 3.3 -3.7 -6.2 -6.7
110 148 6.4 6.0 6.4 -7.7 -10.2 -10.7
111 150 2.4 2.0 2.4 -4.0 -6.1 -6.6
113 152 -1.6 -2.0 -1.6 -1.0 -2.9 -3.4
120 161 4.0 3.5 3.8 -5.0 -6.9 -7.4
135 180 16.3 13.1 12.1 -9.0 -10.9 -11.4
137 182 18.7 15.8 15.0 -13.0 -14.9 -15.4
142 187 14.7 11.8 11.0 -6.0 -8.4 -9.5
146 191 10.7 7.8 7.0 -0.9 -2.9 -4.1
156 202 6.7 3.8 3.0 1.7 -0.2 -1.3
158 204 2.7 -0.2 -1.0 5.9 4.2 3.1
165 211 -1.3 -4.2 -5.0 8.5 7.2 6.3
169 215 -5.3 -8.2 -9.0 10.8 9.7 8.8
173 219 -9.3 -12.2 -13.0 12.5 11.5 10.8
174 220 -13.3 -16.2 -17.0 14.2 13.3 12.8
179 227 -17.3 -20.2 -21.0 23.3 21.5 19.9
181 230 -21.3 -24.2 -25.0 25.5 24.0 22.6
184 233 -25.3 -28.2 -29.0 27.1 25.7 24.5
217 270 -29.3 -32.2 -33.0 28.6 27.4 26.4
230 285 -33.3 -36.2 -37.0 31.6 30.6 29.8
238 295 -37.3 -40.2 -41.0 36.5 36.1 35.3
240 297 -41.3 -44.2 -45.0 38.0 37.9 37.3
276 334 -45.3 -48.2 -49.0 39.4 39.7 39.4
317 379 -49.3 -52.2 -53.0 40.3 40.8 40.7
361 428 -53.3 -56.2 -57.0 41.9 42.8 43.1
363 430 -57.3 -60.2 -61.0 43.1 44.1 44.5
369 437 -61.3 -64.2 -65.0 44.1 45.1 45.8
411 484 -44.6 -49.0 -53.1 40.1 41.1 41.8
457 532 -43.6 -48.0 -51.9 36.1 37.1 37.8
597 690 -47.6 -52.0 -55.9 38.0 39.5 40.4
602 696 -51.6 -56.0 -59.9 39.6 41.1 42.2
608 703 -55.6 -60.0 -63.9 40.5 42.1 43.5
626 722 -59.6 -64.0 -67.9 42.4 44.1 45.8
695 812 -58.6 -62.8 -66.3 38.4 40.1 41.8
696 813 -57.7 -61.9 -65.1 34.4 36.1 37.8
697 814 -61.7 -65.9 -69.1 35.9 37.9 39.9
723 843 -59.8 -64.2 -67.3 31.9 33.9 35.9
733 856 -58.3 -62.7 -65.6 27.9 29.9 31.9
736 859 -62.3 -66.7 -69.6 37.7 40.6 41.7
748 872 -66.3 -70.7 -73.6 46.4 48.6 49.0
755 879 -63.5 -67.6 -70.3 42.4 44.6 45.0
756 880 -54.6 -58.9 -62.4 38.4 40.6 41.0
768 893 -58.6 -62.9 -66.4 48.6 50.7 49.9
785 910 -54.5 -58.8 -62.3 44.6 46.7 45.9
796 921 -58.5 -62.8 -66.3 45.6 47.7 47.2
800 925 -57.2 -61.5 -64.8 41.6 43.7 43.2
801 926 -55.8 -59.9 -63.1 37.6 39.7 39.2
808 933 -53.5 -57.6 -60.6 33.6 35.7 35.2
816 948 -51.3 -55.3 -58.1 29.6 31.7 31.2
830 963 -55.3 -59.3 -62.1 31.0 33.1 32.8
853 991 -44.4 -49.9 -54.2 27.0 29.1 28.8
861 999 -42.5 -47.5 -51.5 23.0 25.1 24.8
864 1002 -41.0 -45.7 -49.3 19.0 21.1 20.8
874 1013 -37.1 -41.7 -45.3 15.0 17.1 16.8
879 1019 -35.2 -39.3 -42.6 11.0 13.1 12.8
891 1031 -32.4 -36.6 -39.8 7.0 9.1 8.8
902 1042 -30.9 -34.9 -37.9 3.0 5.1 4.8
912 1053 -34.9 -38.9 -41.9 8.6 10.5 10.1
971 1125 -33.3 -37.3 -40.3 4.6 6.5 6.1
981 1135 -32.3 -36.2 -39.0 0.6 2.5 2.1
982 1136 -30.9 -34.6 -37.2 -3.4 -1.5 -1.9
995 1149 -34.9 -38.6 -41.2 -2.5 -0.5 -0.6
999 1155 -33.8 -37.1 -39.5 -6.5 -4.5 -4.6
1001 1157 -37.8 -41.1 -43.5 -5.7 -3.6 -3.6
1012 1171 -37.0 -40.1 -42.3 -9.7 -7.6 -7.6
1014 1173 -35.3 -38.4 -40.4 -13.7 -11.6 -11.6
1021 1180 -30.1 -33.9 -36.3 -17.7 -15.6 -15.6
1033 1193 -34.1 -37.9 -40.3 -13.2 -10.5 -10.5
1060 1220 -32.8 -36.3 -38.4 -17.2 -14.5 -14.5
1064 1227 -31.0 -34.1 -36.0 -21.2 -18.5 -18.5
1075 1240 -35.0 -38.1 -40.0 -19.5 -16.7 -16.5
1080 1246 -39.0 -42.1 -44.0 -16.9 -13.9 -13.5
1086 1255 -37.0 -40.0 -41.7 -20.9 -17.9 -17.5
1091 1261 -41.0 -44.0 -45.7 -12.9 -12.0 -12.0
1131 1304 -37.6 -41.1 -43.0 -16.9 -16.0 -16.0
1132 1305 -37.0 -40.3 -42.1 -20.9 -20.0 -20.0
1142 1315 -36.2 -39.4 -41.1 -24.9 -24.0 -24.0
1146 1319 -34.1 -37.8 -39.5 -28.9 -28.0 -28.0
1203 1384 -33.4 -37.0 -38.5 -32.9 -32.0 -32.0
1212 1393 -37.4 -41.0 -42.5 -29.6 -29.3 -29.3
1223 1406 -41.4 -45.0 -46.5 -21.1 -22.0 -23.2
1237 1429 -40.2 -43.8 -45.1 -25.1 -26.0 -27.2
1245 1439 -26.7 -29.2 -30.6 -29.1 -30.0 -31.2
1257 1451 -30.7 -33.2 -34.6 -27.7 -28.6 -29.8
1263 1461 -34.7 -37.2 -38.6 -18.1 -19.8 -21.7
1320 1523 -38.7 -41.2 -42.6 -4.7 -6.5 -10.4
1327 1530 -37.2 -39.5 -40.7 -8.7 -10.5 -14.4
1362 1569 -41.2 -43.5 -44.7 -2.6 -3.7 -8.1
1389 1597 -39.4 -41.7 -42.9 -6.6 -7.7 -12.1
1400 1608 -43.4 -45.7 -46.9 3.3 1.2 -4.6
1401 1609 -39.1 -42.2 -43.5 -0.7 -2.8 -8.6
1462 1674 -37.9 -40.9 -42.1 -4.7 -6.8 -12.6
1463 1675 -34.3 -37.1 -38.2 -8.7 -10.8 -16.6
1479 1698 -38.3 -41.1 -42.2 -7.2 -9.5 -15.2
1522 1731 -26.1 -28.2 -30.9 -11.2 -13.5 -19.2
1572 1786 -30.1 -32.2 -34.9 -9.8 -12.1 -17.7
1573 1787 -34.1 -36.2 -38.9 -7.3 -9.6 -15.1
1578 1792 -26.2 -28.5 -32.0 -11.3 -13.6 -19.1
1581 1795 -24.6 -26.7 -30.2 -15.3 -17.6 -23.1
1583 1797 -28.6 -30.7 -34.2 -5.9 -7.8 -13.6
1586 1800 -27.0 -29.1 -32.4 -9.9 -11.8 -17.6
1605 1820 -26.1 -28.2 -31.3 -13.9 -15.8 -21.6
1609 1824 -22.9 -25.0 -27.8 -17.9 -19.8 -25.6
1640 1858 -20.6 -22.3 -26.4 -21.9 -23.8 -29.6
1647 1866 -24.6 -26.3 -30.4 -20.0 -21.5 -28.0
1709 1932 -20.6 -22.4 -26.6 -24.0 -25.5 -32.0
1725 1948 -19.6 -21.3 -25.2 -28.0 -29.5 -36.0
1727 1951 -18.4 -19.8 -24.4 -32.0 -33.5 -40.0
1729 1954 -17.5 -18.8 -23.2 -36.0 -37.5 -44.0
1732 1960 -15.8 -17.0 -21.0 -40.0 -41.5 -48.0
1734 1962 -19.8 -21.0 -25.0 -37.7 -39.1 -45.6
1738 1966 -23.8 -25.0 -29.0 -34.9 -35.8 -41.9
1744 1972 -27.8 -29.0 -33.0 -24.9 -27.3 -26.4
1749 1977 -22.9 -24.1 -28.5 -28.9 -31.3 -30.4
1751 1979 -20.6 -21.3 -25.4 -32.9 -35.3 -34.4
1752 1980 -17.2 -17.1 -20.9 -36.9 -39.3 -38.4
1756 1984 -16.3 -16.1 -20.1 -40.9 -43.3 -42.4
1759 1987 -10.0 -10.6 -12.1 -44.9 -47.3 -46.4
1763 1993 -14.0 -14.6 -16.1 -41.8 -43.9 -42.7
1770 2003 -7.8 -9.2 -7.6 -45.8 -47.9 -46.7
1771 2004 -4.9 -6.3 -4.2 -49.8 -51.9 -50.7
1773 2006 -0.8 -2.3 1.8 -53.8 -55.9 -54.7
1778 2013 1.5 -7.9936057773e-15 4.1 -57.8 -59.9 -58.7
1791 2029 2.6 1.3 4.8 -61.8 -63.9 -62.7
1792 2030 6.1 4.7 8.3 -65.8 -67.9 -66.7
1799 2038 2.1 0.7 4.3 -61.7 -63.7 -63.4
1803 2046 5.6 4.2 7.9 -65.7 -67.7 -67.4
1804 2047 7.3 6.2 9.2 -69.7 -71.7 -71.4
1810 2054 8.3 7.5 10.8 -73.7 -75.7 -75.4
1815 2059 9.2 8.5 11.9 -77.7 -79.7 -79.4
1816 2060 5.2 4.5 7.9 -73.1 -75.5 -75.4
1831 2078 7.7 7.1 9.9 -77.1 -79.5 -79.4
1832 2079 9.3 9.0 12.0 -81.1 -83.5 -83.4
1843 2092 13.6 13.4 16.3 -85.1 -87.5 -87.4
1863 2119 14.3 14.3 16.8 -89.1 -91.5 -91.4
1928 2197 15.1 15.3 18.1 -93.1 -95.5 -95.4
1945 2225 20.8 22.7 25.8 -97.1 -99.5 -99.4
1946 2226 30.7 32.6 32.2 -101.1 -103.5 -103.4
