1548 1773 -4.0 -4.0 -4.0 2.1 1.8 2.0
1550 1775 -8.0 -8.0 -8.0 7.7 6.7 6.5
1778 2026 -6.0 -5.7 -5.4 3.7 2.7 2.5
1835 2095 -10.0 -9.7 -9.4 5.1 4.4 3.1
1907 2186 -14.0 -13.7 -13.4 10.8 9.4 10.9
1944 2237 -12.4 -12.1 -11.7 6.8 5.4 6.9
1952 2246 -8.5 -8.2 -8.8 2.8 1.4 2.9
1956 2250 -3.6 -3.2 -4.3 -1.2 -2.6 -1.1
1968 2265 -7.6 -7.2 -8.3 2.1 0.9 2.2
2172 2498 9.6 5.9 2.0 -1.9 -3.1 -1.8
2341 2691 12.2 8.5 4.6 -5.9 -7.1 -5.8
2345 2697 13.7 10.1 5.8 -9.9 -11.1 -9.8
2362 2720 16.5 13.4 9.4 -13.9 -15.1 -13.8
2378 2737 12.5 9.4 5.4 -11.1 -12.0 -11.8
2420 2782 8.5 5.4 1.4 -10.1 -10.8 -11.2
2633 3038 4.5 1.4 -2.6 -4.6 -4.6 -5.1
2645 3050 0.5 -2.6 -6.6 1.4 1.9 -0.5
