0 0 0.0 0.0 0.0 0.0 0.0 0.0
14 Alliance -4.0 -4.0 -4.0 4.7 4.7 4.1
15 Fnatic -0.5 -0.5 -1.5 0.7 0.7 0.1
16 Empire -4.5 -4.5 -5.5 5.3 5.6 5.1
17 Turtle -1.9 -2.0 -2.7 1.3 1.6 1.1
19 Empire -0.4 -0.1 -0.8 -2.7 -2.4 -2.9
22 Dignitas 3.1 3.3 2.8 -6.7 -6.4 -6.9
26 Empire -0.9 -0.7 -1.2 3.7 2.1 0.9
28 Quantic -4.9 -4.7 -5.2 10.3 9.2 7.5
29 GU.pe -8.9 -8.7 -9.2 22.4 19.1 17.0
31 Liquid -7.2 -6.8 -7.1 18.4 15.1 13.0
33 Dignitas -11.2 -10.8 -11.1 22.6 18.8 17.4
34 EG -15.2 -14.8 -15.1 30.8 25.7 23.9
36 Next.kz -15.2 -14.8 -15.1 30.8 25.7 23.9
37 mouz -19.2 -18.8 -19.1 35.5 29.7 28.2
39 VP -23.2 -22.8 -23.1 41.4 35.8 33.7
40 Fnatic.eu -21.8 -20.8 -21.1 37.4 31.8 29.7
42 Liquid -25.8 -24.8 -25.1 43.1 37.4 34.6
43 mouz -24.2 -22.9 -23.2 39.1 33.4 30.6
44 Quantic -22.8 -21.0 -21.1 35.1 29.4 26.6
45 Quantic -20.8 -18.6 -18.8 31.1 25.4 22.6
46 GU.pe -17.3 -14.8 -14.8 27.1 21.4 18.6
47 VP -21.3 -18.8 -18.8 31.8 25.9 22.4
48 VP -19.9 -17.2 -16.7 27.8 21.9 18.4
51 Liquid -23.9 -21.2 -20.7 38.9 31.5 26.0
52 Fnatic.eu -27.9 -25.2 -24.7 43.0 35.8 30.3
53 VP -31.9 -29.2 -28.7 53.6 44.5 38.4
54 4FC -29.3 -26.0 -25.2 49.6 40.5 34.4
55 mouz -25.5 -22.5 -21.4 45.6 36.5 30.4
57 Dignitas -23.8 -20.3 -19.0 41.6 32.5 26.4
58 Na'Vi -22.5 -18.7 -17.3 37.6 28.5 22.4
59 VP -26.5 -22.7 -21.3 49.0 37.4 30.7
63 EG -30.5 -26.7 -25.3 54.6 42.3 35.6
64 iM`Bashers -26.6 -22.9 -21.5 50.6 38.3 31.6
65 VnR.Alpha -22.9 -19.4 -18.1 46.6 34.3 27.6
67 Ptd.Bravo -26.9 -23.4 -22.1 51.3 39.5 32.2
69 Dignitas -24.2 -20.6 -19.3 47.3 35.5 28.2
70 Quantic -21.1 -17.8 -16.1 43.3 31.5 24.2
71 Liquid -19.7 -16.2 -14.2 39.3 27.5 20.2
72 Neo.int -23.7 -20.2 -18.2 44.2 32.9 25.1
74 Dignitas -27.7 -24.2 -22.2 50.9 39.0 31.2
75 Fnatic.eu -26.4 -22.7 -20.4 46.9 35.0 27.2
76 eN.Legs -24.0 -19.5 -17.0 42.9 31.0 23.2
77 VnR.Alpha -21.4 -17.6 -14.3 38.9 27.0 19.2
78 Fnatic.eu -25.4 -21.6 -18.3 43.6 31.6 23.8
79 Na'Vi -22.4 -18.6 -15.4 39.6 27.6 19.8
80 Liquid -26.4 -22.6 -19.4 47.1 35.5 25.9
81 Neo.int -23.9 -20.6 -17.1 43.1 31.5 21.9
82 Orange -27.9 -24.6 -21.1 50.8 39.1 29.1
83 s4 -31.9 -28.6 -25.1 54.6 44.3 34.5
84 Liquid -35.9 -32.6 -29.1 59.0 48.9 38.6
85 Fnatic.eu -32.6 -29.3 -25.7 55.0 44.9 34.6
88 Liquid -36.6 -33.3 -29.7 60.7 50.5 39.8
89 Liquid -35.1 -31.6 -27.9 56.7 46.5 35.8
90 VP -39.1 -35.6 -31.9 61.2 50.7 40.5
91 Liquid -35.8 -32.7 -29.1 57.2 46.7 36.5
92 Ptd.Bravo -35.8 -32.7 -29.1 57.2 46.7 36.5
93 Na'Vi -34.2 -30.9 -27.1 53.2 42.7 32.5
94 Fnatic.eu -30.5 -27.1 -23.2 49.2 38.7 28.5
95 Na'Vi -28.8 -25.2 -21.1 45.2 34.7 24.5
96 Empire -26.6 -22.9 -18.6 41.2 30.7 20.5
99 VP -23.9 -20.0 -15.4 37.2 26.7 16.5
100 Liquid -21.8 -17.8 -13.0 33.2 22.7 12.5
101 3D -19.4 -14.8 -9.9 29.2 18.7 8.5
102 Dignitas -23.4 -18.8 -13.9 34.6 24.2 14.1
103 Fnatic.eu -19.6 -15.3 -10.5 30.6 20.2 10.1
104 PtD.Alpha -17.9 -13.4 -8.5 26.6 16.2 6.1
105 Liquid -15.2 -10.7 -5.6 22.6 12.2 2.1
106 Dignitas -12.9 -8.2 -2.8 18.6 8.2 -1.9
107 iM`Bashers -10.7 -5.3 0.1 14.6 4.2 -5.9
108 ASF.R5 -9.3 -3.6 1.8 10.6 0.2 -9.9
110 Empire -7.9 -2.0 3.4 6.6 -3.8 -13.9
111 Fnatic.eu -5.9 0.5 6.0 2.6 -7.8 -17.9
113 Fnatic.eu -4.3 2.2 8.3 -1.4 -11.8 -21.9
114 Fnatic.eu -8.3 -1.8 4.3 4.6 -6.2 -16.1
117 VP -7.0 -0.3 6.0 0.6 -10.2 -20.1
119 Fnatic.eu -5.7 1.4 7.9 -3.4 -14.2 -24.1
120 Na'Vi -2.3 5.1 11.7 -7.4 -18.2 -28.1
121 eN.Legs -0.8 6.9 14.0 -11.4 -22.2 -32.1
122 mouz 2.7 10.6 17.5 -15.4 -26.2 -36.1
123 eLPride 3.9 12.1 19.2 -19.4 -30.2 -40.1
125 Empire 6.4 14.7 22.0 -23.4 -34.2 -44.1
126 rox.KIS 2.4 10.7 18.0 -16.2 -27.1 -38.1
128 ASF.R5 -1.6 6.7 14.0 -6.3 -18.5 -30.7
130 Alliance -5.6 2.7 10.0 3.4 -10.4 -23.0
131 Na'Vi -1.9 6.4 14.1 -0.6 -14.4 -27.0
132 Alliance -5.9 2.4 10.1 8.0 -7.7 -20.5
135 Fnatic.eu -4.6 3.9 11.8 4.0 -11.7 -24.5
137 Na'Vi -1.9 6.8 14.6 7.1054273576e-15 -15.7 -28.5
138 TCM -5.9 2.8 10.6 12.6 -4.4 -18.9
140 CastersEN -9.9 -1.2 6.6 17.4 1.2 -13.1
141 mouz -7.5 1.4 9.3 13.4 -2.8 -17.1
142 Alliance -11.5 -2.6 5.3 18.6 2.0 -12.4
144 mouz -15.5 -6.6 1.3 24.0 7.0 -7.5
145 Alliance -12.3 -3.3 4.5 20.0 3.0 -11.5
146 Liquid -9.9 -0.8 7.3 16.0 -1.0 -15.5
147 4FC -13.9 -4.8 3.3 21.5 4.5 -9.8
148 Empire -11.2 -1.9 6.4 17.5 0.5 -13.8
150 Fnatic.eu -11.2 -1.9 6.4 17.5 0.5 -13.8
151 EG -15.2 -5.9 2.4 27.0 8.8 -5.8
152 Alliance -12.2 -2.7 5.6 23.0 4.8 -9.8
153 Liquid -16.2 -6.7 1.6 29.8 12.3 -2.2
154 VP -13.7 -4.3 4.0 25.8 8.3 -6.2
155 iG -11.7 -2.0 6.5 21.8 4.3 -10.2
157 Fnatic.eu -9.4 0.3 8.8 17.8 0.3 -14.2
158 WH?Dota2 -9.4 0.3 8.8 17.8 0.3 -14.2
159 VP -13.4 -3.7 4.8 25.8 7.4 -8.2
161 Empire -17.4 -7.7 0.8 31.4 12.9 -2.8
162 rox.KIS -15.5 -5.8 2.8 27.4 8.9 -6.8
163 Lounge -12.9 -3.1 5.7 23.4 4.9 -10.8
164 Dignitas -11.7 -1.6 7.4 19.4 0.9 -14.8
165 eN.Legs -9.9 0.3 9.7 15.4 -3.1 -18.8
166 Fnatic.eu -7.9 2.4 12.0 11.4 -7.1 -22.8
172 Liquid -6.3 4.0 13.7 7.4 -11.1 -26.8
173 VP -4.3 6.3 16.2 3.4 -15.1 -30.8
176 Alliance -1.9 9.2 19.3 -0.6 -19.1 -34.8
178 Dignitas 0.7 12.5 22.7 -4.6 -23.1 -38.8
179 Liquid -3.3 8.5 18.7 5.2 -14.3 -30.7
180 Empire -7.3 4.5 14.7 17.5 -4.7 -22.4
182 Empire -4.9 7.2 17.6 13.5 -8.7 -26.4
183 Fnatic.eu -8.9 3.2 13.6 21.0 -2.2 -20.1
184 WH?Dota2 -5.7 6.7 17.1 17.0 -6.2 -24.1
185 LGD.int -4.4 8.2 18.8 13.0 -10.2 -28.1
186 Alliance -2.7 10.1 20.8 9.0 -14.2 -32.1
187 VP -6.7 6.1 16.8 16.0 -7.7 -26.2
188 LGD.cn -10.7 2.1 12.8 21.0 -2.4 -20.9
189 Dignitas -14.7 -1.9 8.8 27.7 3.9 -15.1
190 Alliance -18.7 -5.9 4.8 33.5 9.4 -9.6
191 Liquid -22.7 -9.9 0.8 38.6 14.9 -4.2
192 VP -26.7 -13.9 -3.2 43.4 19.2 -0.1
193 VP -30.7 -17.9 -7.2 48.9 24.5 5.0
194 Alliance -29.0 -16.0 -5.2 44.9 20.5 1.0
195 Dignitas -33.0 -20.0 -9.2 50.5 26.8 8.7
196 Orange -37.0 -24.0 -13.2 59.7 35.4 16.8
198 iG -35.7 -22.4 -11.3 55.7 31.4 12.8
199 Dignitas -39.7 -26.4 -15.3 60.8 36.5 17.9
200 VP -35.9 -22.8 -11.7 56.8 32.5 13.9
201 Orange -32.9 -19.5 -8.2 52.8 28.5 9.9
202 Alliance -30.3 -16.8 -5.4 48.8 24.5 5.9
203 Alliance -27.0 -13.4 -1.9 44.8 20.5 1.9
204 Fnatic.eu -31.0 -17.4 -5.9 49.0 24.9 6.3
205 Fnatic.eu -35.0 -21.4 -9.9 54.8 30.7 12.0
206 LGD.cn -33.2 -19.6 -8.0 50.8 26.7 8.0
207 Alliance -31.4 -17.6 -5.7 46.8 22.7 4.0
209 Liquid -29.8 -15.7 -3.5 42.8 18.7 2.13162820728e-14
210 LGD.cn -26.9 -13.1 -0.9 38.8 14.7 -4.0
211 Liquid -24.3 -10.1 2.3 34.8 10.7 -8.0
212 Dignitas -28.3 -14.1 -1.7 40.9 16.9 -2.0
213 DK -32.3 -18.1 -5.7 49.8 25.8 6.5
214 Dignitas -28.7 -14.2 -1.8 45.8 21.8 2.5
215 Liquid -26.4 -11.7 0.7 41.8 17.8 -1.5
216 Liquid -30.4 -15.7 -3.3 49.2 24.6 5.2
217 DK -27.0 -12.8 -0.5 45.2 20.6 1.2
218 Fnatic.eu -24.8 -10.7 1.7 41.2 16.6 -2.8
219 Dignitas -23.1 -8.9 3.7 37.2 12.6 -6.8
220 Fnatic.eu -21.4 -7.1 5.7 33.2 8.6 -10.8
221 Alliance -19.8 -5.3 7.7 29.2 4.6 -14.8
222 Dignitas -19.8 -5.3 7.7 29.2 4.6 -14.8
224 mouz -23.8 -9.3 3.7 38.5 13.7 -6.6
227 Kaipi -27.8 -13.3 -0.3 47.6 21.9 0.5
229 Liquid -31.8 -17.3 -4.3 57.8 30.7 8.4
230 VP -29.6 -14.8 -1.6 53.8 26.7 4.4
231 Na'Vi -28.1 -13.2 0.2 49.8 22.7 0.4
232 Alliance -25.4 -10.3 3.3 45.8 18.7 -3.6
233 mouz -23.8 -8.6 5.2 41.8 14.7 -7.6
234 rox.KIS -22.3 -6.9 7.0 37.8 10.7 -11.6
237 Na'Vi -20.6 -5.1 8.9 33.8 6.7 -15.6
238 rox.KIS -18.0 -2.4 11.8 29.8 2.7 -19.6
239 Na'Vi -16.6 -0.8 13.6 25.8 -1.3 -23.6
242 EG -20.6 -4.8 9.6 34.2 6.8 -15.9
243 Alliance -18.2 -2.2 12.4 30.2 2.8 -19.9
244 Alliance -16.3 3.10862446895e-15 15.1 26.2 -1.2 -23.9
247 Dignitas -13.6 3.4 18.7 22.2 -5.2 -27.9
248 Liquid -12.0 5.1 20.5 18.2 -9.2 -31.9
249 Fnatic.eu -9.0 7.9 23.4 14.2 -13.2 -35.9
250 Alliance -13.0 3.9 19.4 21.4 -5.9 -29.2
251 Alliance -11.5 5.6 21.2 17.4 -9.9 -33.2
252 VP -15.5 1.6 17.2 24.2 -4.0 -27.7
254 EG -19.5 -2.4 13.2 32.0 3.3 -21.2
255 Na'Vi -17.8 -0.5 15.4 28.0 -0.7 -25.2
256 Alliance -16.2 1.4 17.4 24.0 -4.7 -29.2
257 Liquid -12.9 4.9 21.0 20.0 -8.7 -33.2
258 Alliance -11.4 6.6 22.9 16.0 -12.7 -37.2
259 Liquid -8.3 9.9 26.4 12.0 -16.7 -41.2
260 Alliance -6.7 11.7 28.3 8.0 -20.7 -45.2
261 Liquid -4.4 14.3 31.0 4.0 -24.7 -49.2
263 Prodota.ru -8.4 10.3 27.0 8.0 -20.6 -45.2
264 Lounge -12.4 6.3 23.0 13.6 -15.2 -39.9
265 Lounge -12.4 6.3 23.0 13.6 -15.2 -39.9
267 mouz -9.0 10.1 26.9 9.6 -19.2 -43.9
269 EG -13.0 6.1 22.9 15.7 -13.6 -38.5
270 Liquid -11.5 7.8 24.8 11.7 -17.6 -42.5
273 mouz -10.1 9.2 26.4 7.7 -21.6 -46.5
274 Liquid -8.7 10.9 28.3 3.7 -25.6 -50.5
277 Na'Vi -7.0 12.9 30.7 -0.3 -29.6 -54.5
279 Dignitas -5.6 14.6 32.7 -4.3 -33.6 -58.5
281 EG -9.6 10.6 28.7 3.8 -26.6 -52.3
284 Liquid -7.5 13.0 31.3 -0.2 -30.6 -56.3
285 rox.KIS -4.5 16.2 34.7 -4.2 -34.6 -60.3
286 Dignitas -3.0 17.8 36.4 -8.2 -38.6 -64.3
289 Dignitas -1.1 20.1 38.8 -12.2 -42.6 -68.3
290 Na'Vi 1.1 22.4 41.3 -16.2 -46.6 -72.3
291 Alliance 2.5 24.0 43.2 -20.2 -50.6 -76.3
292 rox.KIS -1.5 20.0 39.2 -11.8 -43.2 -69.5
295 Quantic -5.5 16.0 35.2 -6.9 -37.7 -64.0
296 Quantic -2.6 19.1 38.4 -10.9 -41.7 -68.0
297 rox.KIS -1.1 20.9 40.4 -14.9 -45.7 -72.0
298 Zenith 0.8 22.9 42.6 -18.9 -49.7 -76.0
299 rox.KIS 2.8 25.0 44.8 -22.9 -53.7 -80.0
300 mouz 4.0 26.4 46.5 -26.9 -57.7 -84.0
302 EG 5.9 28.6 49.0 -30.9 -61.7 -88.0
303 QPandas 1.9 24.6 45.0 -24.7 -56.0 -82.8
305 mouz 3.9 26.8 47.4 -28.7 -60.0 -86.8
307 rox.KIS -0.1 22.8 43.4 -20.4 -53.4 -81.1
308 Quantic -4.1 18.8 39.4 -14.6 -48.4 -76.4
311 Quantic -8.1 14.8 35.4 -10.5 -43.7 -71.7
312 mouz -12.1 10.8 31.4 -4.9 -38.2 -66.1
313 mouz -16.1 6.8 27.4 1.6 -31.9 -60.2
314 VP -14.7 8.4 29.2 -2.4 -35.9 -64.2
315 Liquid -13.0 10.2 31.1 -6.4 -39.9 -68.2
317 FD -17.0 6.2 27.1 6.4 -29.9 -59.7
318 mouz -14.1 9.4 30.4 2.4 -33.9 -63.7
320 EG -18.1 5.4 26.4 6.9 -29.3 -59.3
322 RS -16.6 7.2 28.5 2.9 -33.3 -63.3
323 TongFu -20.6 3.2 24.5 8.4 -27.8 -57.8
325 RS -18.1 6.1 27.5 4.4 -31.8 -61.8
326 PR -22.1 2.1 23.5 14.5 -22.4 -53.2
327 rox.KIS -26.1 -1.9 19.5 24.5 -13.7 -45.3
328 4FC -30.1 -5.9 15.5 30.8 -7.6 -39.5
329 RAT -27.0 -2.1 19.4 26.8 -11.6 -43.5
331 EG -31.0 -6.1 15.4 35.5 -3.4 -35.9
332 RStars -28.4 -3.0 19.0 31.5 -7.4 -39.9
333 VG -27.0 -1.3 21.0 27.5 -11.4 -43.9
334 VP -25.6 0.5 23.1 23.5 -15.4 -47.9
335 VP -29.6 -3.5 19.1 28.3 -11.1 -43.5
336 MiTH -26.7 -0.2 22.8 24.3 -15.1 -47.5
339 RStars -24.4 2.9 26.0 20.3 -19.1 -51.5
342 Alliance -21.6 5.4 28.6 16.3 -23.1 -55.5
343 Orange -25.6 1.4 24.6 20.0 -19.0 -51.1
344 LGD.cn -29.6 -2.6 20.6 30.6 -9.2 -42.4
345 LGD.cn -27.8 -0.8 22.5 26.6 -13.2 -46.4
347 Orange -31.8 -4.8 18.5 34.9 -6.8 -40.6
348 Na'Vi -30.4 -3.1 20.3 30.9 -10.8 -44.6
349 Quantic -27.4 0.2 24.0 26.9 -14.8 -48.6
351 Alliance -25.4 2.4 26.3 22.9 -18.8 -52.6
353 iG -23.7 4.3 28.4 18.9 -22.8 -56.6
354 Alliance -19.9 7.9 32.0 14.9 -26.8 -60.6
355 DK -23.9 3.9 28.0 23.8 -17.1 -51.5
357 LGD.cn -22.2 5.7 29.9 19.8 -21.1 -55.5
358 Alliance -20.2 7.8 32.1 15.8 -25.1 -59.5
359 DK -24.2 3.8 28.1 20.0 -20.5 -54.8
360 mouz -22.4 5.7 30.3 16.0 -24.5 -58.8
361 Orange -26.4 1.7 26.3 20.7 -20.1 -54.5
363 Alliance -24.3 3.8 28.4 16.7 -24.1 -58.5
365 rox.KIS -28.3 -0.2 24.4 25.0 -16.8 -52.2
366 Dignitas -32.3 -4.2 20.4 33.7 -7.9 -44.1
368 mouz -30.9 -2.6 22.3 29.7 -11.9 -48.1
369 iCCup -34.9 -6.6 18.3 40.6 -1.5 -38.5
370 iCCup -32.6 -3.9 21.3 36.6 -5.5 -42.5
372 Quantic -36.6 -7.9 17.3 45.1 2.4 -35.7
374 Dignitas -40.6 -11.9 13.3 50.6 7.8 -30.8
375 VG -38.9 -9.9 15.4 46.6 3.8 -34.8
378 VP -37.4 -8.3 17.2 42.6 -0.2 -38.8
380 4FC -34.7 -5.3 20.4 38.6 -4.2 -42.8
381 RS -31.7 -2.2 23.6 34.6 -8.2 -46.8
382 Fnatic.eu -35.7 -6.2 19.6 43.0 -1.1 -40.4
383 RS -39.7 -10.2 15.6 52.3 8.1 -31.7
385 Alliance -37.4 -7.2 19.2 48.3 4.1 -35.7
386 TM -34.4 -3.6 23.0 44.3 0.1 -39.7
390 Na'Vi -33.0 -2.0 24.8 40.3 -3.9 -43.7
391 mouz -29.2 1.4 28.2 36.3 -7.9 -47.7
393 Kaipi -33.2 -2.6 24.2 45.5 2.0 -39.2
394 MX -31.0 -0.2 26.9 41.5 -2.0 -43.2
395 LGD.cn -27.7 3.0 30.2 37.5 -6.0 -47.2
397 rox.KIS -25.2 5.1 32.4 33.5 -10.0 -51.2
399 VP -29.2 1.1 28.4 41.9 -2.0 -43.5
400 VP -33.2 -2.9 24.4 46.2 2.8 -38.8
402 DK -37.2 -6.9 20.4 52.3 10.1 -31.7
403 RStars -41.2 -10.9 16.4 63.7 20.7 -22.7
404 MiTH -39.5 -9.0 18.5 59.7 16.7 -26.7
405 mouz -43.5 -13.0 14.5 64.3 21.6 -21.8
407 PR -41.7 -10.7 17.3 60.3 17.6 -25.8
408 TM -40.0 -8.8 19.5 56.3 13.6 -29.8
411 Quantic -44.0 -12.8 15.5 61.7 18.6 -25.1
412 mouz -42.1 -10.7 17.8 57.7 14.6 -29.1
418 VP -40.3 -8.9 19.9 53.7 10.6 -33.1
420 Na'Vi -44.3 -12.9 15.9 60.7 16.0 -28.2
421 Na'Vi -42.8 -11.3 17.7 56.7 12.0 -32.2
422 Liquid -46.8 -15.3 13.7 61.3 16.6 -27.8
423 Quantic -44.2 -12.7 16.5 57.3 12.6 -31.8
424 Kaipi -48.2 -16.7 12.5 68.1 23.4 -22.0
425 mouz -46.3 -14.6 14.8 64.1 19.4 -26.0
426 Artyk -44.4 -12.2 17.6 60.1 15.4 -30.0
427 rox.KIS -43.1 -10.8 19.2 56.1 11.4 -34.0
428 Kaipi -41.5 -8.8 21.6 52.1 7.4 -38.0
429 Liquid -38.9 -6.3 24.2 48.1 3.4 -42.0
432 Kaipi -37.3 -4.9 25.8 44.1 -0.6 -46.0
433 DK -36.1 -3.5 27.5 40.1 -4.6 -50.0
434 EG -32.6 4.88498130835e-15 30.9 36.1 -8.6 -54.0
436 EG -29.2 3.3 34.2 32.1 -12.6 -58.0
438 Na'Vi -27.2 5.2 36.2 28.1 -16.6 -62.0
440 Orange -25.2 7.7 38.9 24.1 -20.6 -66.0
442 Kaipi -23.1 9.6 40.9 20.1 -24.6 -70.0
444 Artyk -27.1 5.6 36.9 31.0 -14.4 -60.7
448 VP -31.1 1.6 32.9 42.1 -4.7 -52.3
449 VP -29.6 3.5 35.1 38.1 -8.7 -56.3
452 EG -28.0 5.3 37.1 34.1 -12.7 -60.3
453 Fnatic.eu -32.0 1.3 33.1 47.2 -1.5 -51.3
454 Kaipi -36.0 -2.7 29.1 53.8 4.1 -46.2
455 EG -33.2 0.3 32.1 49.8 0.1 -50.2
456 Fnatic.eu -37.2 -3.7 28.1 55.8 6.2 -44.5
457 Alliance -35.4 -1.7 30.2 51.8 2.2 -48.5
458 EG -39.4 -5.7 26.2 56.4 7.1 -44.0
459 Alliance -37.8 -3.9 28.2 52.4 3.1 -48.0
460 Kaipi -41.8 -7.9 24.2 58.8 8.9 -42.5
463 VP -39.1 -5.4 26.9 54.8 4.9 -46.5
464 Fnatic.eu -37.6 -3.9 28.5 50.8 0.9 -50.5
465 Alliance -36.2 -2.5 30.1 46.8 -3.1 -54.5
466 iCCup -34.3 -0.5 32.4 42.8 -7.1 -58.5
467 Na'Vi -32.5 1.6 34.7 38.8 -11.1 -62.5
468 Quantic -31.0 3.1 36.4 34.8 -15.1 -66.5
469 Alliance -29.4 4.7 38.2 30.8 -19.1 -70.5
470 mouz -26.7 7.4 41.1 26.8 -23.1 -74.5
476 Na'Vi -25.2 9.0 42.9 22.8 -27.1 -78.5
477 mouz -22.5 12.0 46.0 18.8 -31.1 -82.5
478 rox.KIS -19.0 15.0 49.1 14.8 -35.1 -86.5
481 TM -17.7 16.7 51.1 10.8 -39.1 -90.5
482 Smeagol -15.9 19.0 53.5 6.8 -43.1 -94.5
483 paiN -19.9 15.0 49.5 15.4 -34.6 -87.4
487 Kaipi -17.7 17.6 52.4 11.4 -38.6 -91.4
489 LGD.int -16.1 19.2 54.3 7.4 -42.6 -95.4
490 paiN.int -13.4 22.3 57.7 3.4 -46.6 -99.4
491 TM -12.1 24.0 59.6 -0.6 -50.6 -103.4
492 iCCup -10.8 25.6 61.4 -4.6 -54.6 -107.4
495 Artyk -9.6 27.2 63.4 -8.6 -58.6 -111.4
496 TongFu -7.6 29.6 66.0 -12.6 -62.6 -115.4
497 DK -11.6 25.6 62.0 -7.1 -57.4 -110.4
500 Liquid -15.6 21.6 58.0 -0.9 -50.4 -103.7
501 eLPride -19.6 17.6 54.0 4.7 -44.0 -97.2
504 VP -17.9 19.4 56.1 0.7 -48.0 -101.2
509 Keita -14.9 21.8 58.4 -3.3 -52.0 -105.2
510 Fnatic.eu -18.9 17.8 54.4 1.6 -47.3 -101.0
511 Alliance -16.8 20.1 56.9 -2.4 -51.3 -105.0
515 Alliance -15.3 22.0 59.1 -6.4 -55.3 -109.0
516 Quantic -11.8 25.8 63.2 -10.4 -59.3 -113.0
517 Alliance -10.3 27.6 65.3 -14.4 -63.3 -117.0
518 Alliance -8.3 30.0 67.9 -18.4 -67.3 -121.0
519 FSid3 -6.3 32.4 70.6 -22.4 -71.3 -125.0
521 LGD.int -10.3 28.4 66.6 -12.5 -63.0 -117.6
523 Na'Vi -8.6 30.2 68.6 -16.5 -67.0 -121.6
524 Na'Vi -7.3 31.6 70.2 -20.5 -71.0 -125.6
525 LGD.cn -5.4 33.6 72.5 -24.5 -75.0 -129.6
530 Orange -2.2 37.6 76.8 -28.5 -79.0 -133.6
534 EG 0.6 40.4 79.5 -32.5 -83.0 -137.6
539 Quantic 4.0 43.7 82.9 -36.5 -87.0 -141.6
540 EG 6.6 46.2 85.5 -40.5 -91.0 -145.6
542 Alliance 8.1 47.8 87.3 -44.5 -95.0 -149.6
543 VP 10.7 50.1 89.9 -48.5 -99.0 -153.6
544 EG 6.7 46.1 85.9 -38.3 -89.3 -144.5
545 Alliance 8.2 48.0 88.1 -42.3 -93.3 -148.5
546 Orange 10.7 50.1 90.2 -46.3 -97.3 -152.5
547 iG 12.6 51.9 92.1 -50.3 -101.3 -156.5
548 Liquid 15.7 55.0 95.4 -54.3 -105.3 -160.5
549 Fnatic.eu 11.7 51.0 91.4 -41.8 -94.3 -151.2
550 Kaipi 7.7 47.0 87.4 -31.6 -83.8 -141.5
551 Kaipi 3.7 43.0 83.4 -21.5 -72.9 -130.8
556 Fnatic.eu -0.3 39.0 79.4 -16.6 -68.6 -126.8
557 Liquid -4.3 35.0 75.4 -6.1 -59.6 -118.7
558 rox.KIS -2.6 36.8 77.4 -10.1 -63.6 -122.7
559 mouz 0.8 40.5 81.3 -14.1 -67.6 -126.7
561 Orange -3.2 36.5 77.3 -9.5 -62.3 -121.4
562 TongFu -1.5 38.3 79.2 -13.5 -66.3 -125.4
563 iG 1.8 42.1 83.2 -17.5 -70.3 -129.4
564 EG -2.2 38.1 79.2 -10.6 -63.7 -123.3
565 Dignitas -6.2 34.1 75.2 -5.6 -59.2 -119.2
567 mouz -3.2 37.3 78.6 -9.6 -63.2 -123.2
568 Liquid -0.5 39.9 81.3 -13.6 -67.2 -127.2
570 VP -4.5 35.9 77.3 -9.6 -63.1 -123.0
571 DK -8.5 31.9 73.3 -2.2 -56.0 -116.2
573 VP -12.5 27.9 69.3 10.2 -45.8 -107.5
574 Fnatic.eu -16.5 23.9 65.3 22.1 -35.4 -98.7
575 TongFu -20.5 19.9 61.3 27.6 -30.1 -93.7
576 iCCup -24.5 15.9 57.3 40.0 -20.2 -85.2
577 rox.KIS -22.5 18.0 59.8 36.0 -24.2 -89.2
579 Alliance -19.8 20.8 62.8 32.0 -28.2 -93.2
581 LGD.cn -17.4 23.6 65.9 28.0 -32.2 -97.2
583 iCCup -21.4 19.6 61.9 32.4 -27.8 -93.1
584 Alliance -19.4 22.1 64.6 28.4 -31.8 -97.1
585 VP -17.9 23.9 66.5 24.4 -35.8 -101.1
586 EG -21.9 19.9 62.5 29.0 -31.0 -96.4
588 Zenith -25.9 15.9 58.5 36.4 -23.4 -89.5
589 Alliance -23.9 18.0 60.9 32.4 -27.4 -93.5
590 Na'Vi -22.0 19.8 62.8 28.4 -31.4 -97.5
591 LGD.cn -19.3 22.7 65.8 24.4 -35.4 -101.5
592 Fnatic.eu -17.5 24.7 67.9 20.4 -39.4 -105.5
593 Quantic -15.0 27.2 70.5 16.4 -43.4 -109.5
594 mouz -11.8 30.5 74.0 12.4 -47.4 -113.5
595 Alliance -10.2 32.2 75.9 8.4 -51.4 -117.5
596 mouz -7.4 35.2 78.8 4.4 -55.4 -121.5
597 Alliance -5.6 37.1 80.8 0.4 -59.4 -125.5
598 LGD.cn -4.1 38.8 82.7 -3.6 -63.4 -129.5
599 Na'Vi -0.6 41.8 85.6 -7.6 -67.4 -133.5
602 Alliance 1.0 43.6 87.5 -11.6 -71.4 -137.5
605 LGD.int 2.8 45.3 89.4 -15.6 -75.4 -141.5
607 Kaipi -1.2 41.3 85.4 -6.7 -66.8 -133.9
608 Alliance 0.1 42.8 87.1 -10.7 -70.8 -137.9
610 LGD.cn 3.9 46.1 90.4 -14.7 -74.8 -141.9
611 Denial 5.9 48.5 93.1 -18.7 -78.8 -145.9
612 Na'Vi 9.1 51.4 95.9 -22.7 -82.8 -149.9
613 Fnatic.eu 11.9 54.2 98.7 -26.7 -86.8 -153.9
614 EG 15.4 57.6 102.3 -30.7 -90.8 -157.9
615 Orange 16.7 59.0 103.9 -34.7 -94.8 -161.9
616 TongFu 18.5 61.2 106.5 -38.7 -98.8 -165.9
617 VP 19.9 62.8 108.3 -42.7 -102.8 -169.9
619 iG 15.9 58.8 104.3 -37.4 -97.7 -164.9
620 DK 11.9 54.8 100.3 -32.8 -92.1 -158.8
622 Fnatic.eu 14.2 56.9 102.4 -36.8 -96.1 -162.8
623 Alliance 15.8 58.7 104.4 -40.8 -100.1 -166.8
624 Liquid 17.3 60.4 106.3 -44.8 -104.1 -170.8
625 TongFu 13.3 56.4 102.3 -39.1 -99.0 -166.1
626 iCCup 9.3 52.4 98.3 -28.3 -89.5 -157.9
627 EG 11.1 54.1 100.2 -32.3 -93.5 -161.9
629 LGD.cn 7.1 50.1 96.2 -25.4 -86.2 -155.1
630 iG 9.1 52.2 98.5 -29.4 -90.2 -159.1
632 mouz 10.6 53.9 100.4 -33.4 -94.2 -163.1
633 Liquid 14.2 57.5 104.2 -37.4 -98.2 -167.1
634 Na'Vi 17.1 60.3 107.0 -41.4 -102.2 -171.1
635 Dignitas 18.5 61.8 108.8 -45.4 -106.2 -175.1
638 Na'Vi 21.2 64.4 111.5 -49.4 -110.2 -179.1
639 4FC 24.5 67.2 114.3 -53.4 -114.2 -183.1
641 mouz 26.6 69.8 117.1 -57.4 -118.2 -187.1
643 iG 28.9 71.9 119.4 -61.4 -122.2 -191.1
644 rox.KIS 24.9 67.9 115.4 -50.6 -112.1 -182.3
645 VP 20.9 63.9 111.4 -42.1 -103.8 -174.8
646 Fnatic.eu 23.3 66.0 113.6 -46.1 -107.8 -178.8
648 VP 25.0 68.1 116.0 -50.1 -111.8 -182.8
649 Fnatic.eu 28.4 71.5 119.6 -54.1 -115.8 -186.8
650 Fnatic.eu 24.4 67.5 115.6 -49.7 -111.2 -182.1
652 DK 20.4 63.5 111.6 -43.8 -105.6 -176.7
654 DK 22.4 66.1 114.8 -47.8 -109.6 -180.7
657 mouz 24.0 68.0 116.9 -51.8 -113.6 -184.7
658 mouz 20.0 64.0 112.9 -40.3 -103.5 -174.9
659 Na'Vi 21.6 65.6 114.6 -44.3 -107.5 -178.9
661 iG 17.6 61.6 110.6 -38.8 -102.5 -174.2
662 DK 19.3 63.5 112.8 -42.8 -106.5 -178.2
663 RS 15.3 59.5 108.8 -38.3 -101.6 -173.8
665 Orange 17.7 62.1 111.8 -42.3 -105.6 -177.8
666 LGD.cn 20.0 64.8 114.7 -46.3 -109.6 -181.8
667 DK 21.8 66.7 116.9 -50.3 -113.6 -185.8
669 iNfernity 24.1 69.3 120.1 -54.3 -117.6 -189.8
672 Orange 25.7 71.0 122.0 -58.3 -121.6 -193.8
673 LGD.cn 28.7 74.3 125.5 -62.3 -125.6 -197.8
675 EG 24.7 70.3 121.5 -55.9 -119.4 -191.9
676 LGD.cn 26.5 72.2 123.7 -59.9 -123.4 -195.9
677 mouz 28.5 74.2 125.7 -63.9 -127.4 -199.9
679 Fnatic.eu 24.5 70.2 121.7 -54.2 -118.8 -192.1
680 Liquid 20.5 66.2 117.7 -47.6 -112.1 -186.4
681 Quantic 16.5 62.2 113.7 -40.9 -106.2 -181.0
682 mouz 12.5 58.2 109.7 -34.6 -100.3 -175.7
683 rox.KIS 8.5 54.2 105.7 -28.2 -94.6 -170.5
684 VP 12.3 57.8 109.5 -32.2 -98.6 -174.5
685 mouz 14.9 60.8 112.8 -36.2 -102.6 -178.5
686 VP 16.7 62.7 114.9 -40.2 -106.6 -182.5
687 VP 12.7 58.7 110.9 -34.6 -101.4 -177.4
688 VP 14.7 60.8 113.3 -38.6 -105.4 -181.4
689 Kaipi 10.7 56.8 109.3 -34.3 -101.3 -177.2
690 EG 12.6 59.2 111.9 -38.3 -105.3 -181.2
691 Liquid 14.8 61.6 114.5 -42.3 -109.3 -185.2
692 Na'Vi 16.4 63.2 116.3 -46.3 -113.3 -189.2
693 Alliance 18.0 64.9 118.2 -50.3 -117.3 -193.2
695 Alliance 20.0 67.1 120.6 -54.3 -121.3 -197.2
696 Fnatic.eu 21.6 68.7 122.4 -58.3 -125.3 -201.2
697 Kaipi 23.2 70.3 124.2 -62.3 -129.3 -205.2
700 Orange 24.6 71.7 125.9 -66.3 -133.3 -209.2
701 VG 20.6 67.7 121.9 -60.2 -127.1 -203.4
704 EG 16.6 63.7 117.9 -52.2 -120.1 -197.1
706 RS 12.6 59.7 113.9 -46.7 -114.8 -191.9
707 Orange 14.5 61.6 116.0 -50.7 -118.8 -195.9
708 iCCup 10.5 57.6 112.0 -40.8 -109.9 -187.9
709 Kaipi 13.5 60.7 115.3 -44.8 -113.9 -191.9
710 VP 16.7 63.8 118.5 -48.8 -117.9 -195.9
711 mouz 19.4 67.0 121.9 -52.8 -121.9 -199.9
713 MiTH 21.1 68.9 124.1 -56.8 -125.9 -203.9
714 Dreamz 24.0 71.6 127.0 -60.8 -129.9 -207.9
715 mouz 25.5 73.3 128.9 -64.8 -133.9 -211.9
716 mouz 27.6 75.7 131.6 -68.8 -137.9 -215.9
717 mouz 30.5 78.7 134.7 -72.8 -141.9 -219.9
719 Mski 32.6 80.5 136.6 -76.8 -145.9 -223.9
720 MiTH 34.4 82.3 138.6 -80.8 -149.9 -227.9
721 Mski 30.4 78.3 134.6 -71.4 -139.8 -218.7
722 iCCup 32.3 80.3 136.9 -75.4 -143.8 -222.7
724 Kaipi 35.8 84.0 140.7 -79.4 -147.8 -226.7
725 Romania 37.5 86.0 143.0 -83.4 -151.8 -230.7
726 RS 33.5 82.0 139.0 -76.5 -144.8 -224.4
731 iG 35.1 83.9 141.1 -80.5 -148.8 -228.4
734 TongFu 38.1 87.2 144.5 -84.5 -152.8 -232.4
735 Dignitas 41.5 90.3 147.5 -88.5 -156.8 -236.4
737 Na'Vi 43.7 92.7 150.1 -92.5 -160.8 -240.4
741 TongFu 45.2 94.5 152.6 -96.5 -164.8 -244.4
743 Fnatic.eu 48.8 97.6 155.7 -100.5 -168.8 -248.4
744 Alliance 51.3 100.2 158.5 -104.5 -172.8 -252.4
750 Orange 53.9 103.3 161.7 -108.5 -176.8 -256.4
756 Dignitas 49.9 99.3 157.7 -103.1 -172.0 -251.9
757 Alliance 51.5 100.8 159.2 -107.1 -176.0 -255.9
758 iG 53.0 102.6 161.0 -111.1 -180.0 -259.9
759 Orange 54.6 104.4 163.0 -115.1 -184.0 -263.9
762 Na'Vi 56.7 106.4 165.2 -119.1 -188.0 -267.9
770 LGD.cn 58.3 108.1 167.0 -123.1 -192.0 -271.9
772 DK 54.3 104.1 163.0 -117.6 -186.1 -266.5
774 TongFu 50.3 100.1 159.0 -111.0 -179.9 -260.8
775 Liquid 53.2 103.0 162.0 -115.0 -183.9 -264.8
776 Orange 54.5 104.4 163.6 -119.0 -187.9 -268.8
778 DK 55.9 106.2 165.6 -123.0 -191.9 -272.8
782 iG 58.4 108.9 168.5 -127.0 -195.9 -276.8
785 LGD.cn 60.4 111.2 171.0 -131.0 -199.9 -280.8
787 TongFu 63.6 115.1 175.1 -135.0 -203.9 -284.8
788 Dignitas 66.0 117.5 177.7 -139.0 -207.9 -288.8
789 LGD.int 62.0 113.5 173.7 -134.6 -203.3 -284.4
790 AllStarsA 58.0 109.5 169.7 -129.9 -198.0 -279.4
791 Orange 59.7 111.4 171.7 -133.9 -202.0 -283.4
792 Fnatic.eu 62.3 113.9 174.4 -137.9 -206.0 -287.4
794 DK 58.3 109.9 170.4 -133.7 -201.5 -283.1
796 Zenith 60.2 111.9 172.7 -137.7 -205.5 -287.1
798 iG 62.1 113.9 174.9 -141.7 -209.5 -291.1
801 Orange 64.8 116.9 178.1 -145.7 -213.5 -295.1
802 iG 66.9 119.2 180.7 -149.7 -217.5 -299.1
803 Orange 62.9 115.2 176.7 -137.8 -207.9 -290.9
804 TongFu 66.3 119.1 180.7 -141.8 -211.9 -294.9
805 Alliance 69.7 123.1 184.9 -145.8 -215.9 -298.9
806 Orange 65.7 119.1 180.9 -138.7 -209.7 -293.2
807 Na'Vi 67.3 120.8 182.8 -142.7 -213.7 -297.2
808 Alliance 69.7 123.6 185.7 -146.7 -217.7 -301.2
811 RStars 70.9 125.1 187.5 -150.7 -221.7 -305.2
814 Kaipi 72.4 126.9 189.6 -154.7 -225.7 -309.2
815 TTD 73.7 128.3 191.3 -158.7 -229.7 -313.2
817 Lounge 75.7 130.3 193.6 -162.7 -233.7 -317.2
823 GL.eu 77.1 131.9 195.5 -166.7 -237.7 -321.2
825 WARDGS 78.8 133.6 197.5 -170.7 -241.7 -325.2
826 EVOPLAY 80.5 135.1 199.4 -174.7 -245.7 -329.2
827 TS 76.5 131.1 195.4 -169.6 -238.8 -322.7
828 EVOPLAY 78.4 133.0 197.5 -173.6 -242.8 -326.7
830 DUZA 74.4 129.0 193.5 -165.9 -235.2 -319.3
831 Awake 76.3 130.9 195.5 -169.9 -239.2 -323.3
833 Menace 72.3 126.9 191.5 -157.0 -228.1 -314.3
834 Aspera 75.9 130.3 195.1 -161.0 -232.1 -318.3
835 Poseidon 78.8 132.8 197.5 -165.0 -236.1 -322.3
836 Poseidon 80.6 134.9 199.9 -169.0 -240.1 -326.3
837 Next.kz 76.6 130.9 195.9 -163.2 -233.8 -320.3
838 Kaipi 78.2 132.7 198.2 -167.2 -237.8 -324.3
840 TS 81.4 135.9 201.5 -171.2 -241.8 -328.3
842 Menace 77.4 131.9 197.5 -161.8 -232.8 -319.6
843 Empire 79.3 133.6 199.3 -165.8 -236.8 -323.6
844 Kaipi 80.6 134.9 200.9 -169.8 -240.8 -327.6
845 DUZA 76.6 130.9 196.9 -160.7 -232.3 -320.0
846 Next.kz 79.7 134.2 200.3 -164.7 -236.3 -324.0
847 4FC 75.7 130.2 196.3 -160.1 -231.2 -318.7
848 DUZA 71.7 126.2 192.3 -153.2 -224.7 -312.9
849 Poseidon 75.0 129.6 196.0 -157.2 -228.7 -316.9
854 Life 71.0 125.6 192.0 -152.6 -223.0 -311.4
855 Imp 73.2 127.9 194.5 -156.6 -227.0 -315.4
856 Empire 74.7 129.4 196.2 -160.6 -231.0 -319.4
857 Next.kz 76.5 131.2 198.1 -164.6 -235.0 -323.4
858 FSid3 78.4 133.2 200.5 -168.6 -239.0 -327.4
859 FSid3 74.4 129.2 196.5 -158.8 -228.3 -317.6
860 Bambang 70.4 125.2 192.5 -151.2 -220.1 -310.2
861 Aspera 72.7 127.2 194.6 -155.2 -224.1 -314.2
862 rox.KIS 74.2 128.5 196.1 -159.2 -228.1 -318.2
863 Next.kz 70.2 124.5 192.1 -154.6 -223.1 -313.5
868 GxGaming 66.2 120.5 188.1 -149.6 -217.3 -308.1
869 SFEC 62.2 116.5 184.1 -144.2 -212.4 -303.6
872 Aspera 58.2 112.5 180.1 -135.5 -204.4 -296.3
874 VP 61.5 115.7 183.6 -139.5 -208.4 -300.3
875 Imp 57.5 111.7 179.6 -134.7 -203.6 -295.7
876 MSIEvoGT 59.5 114.0 182.3 -138.7 -207.6 -299.7
879 Empire 62.3 117.1 185.6 -142.7 -211.6 -303.7
880 Empire 58.3 113.1 181.6 -133.8 -202.9 -295.8
881 Quantic 54.3 109.1 177.6 -125.2 -195.3 -289.1
882 rox.KIS 54.3 109.1 177.6 -125.2 -195.3 -289.1
883 Kaipi 55.5 110.5 179.2 -129.2 -199.3 -293.1
885 Aspera 57.2 112.2 181.1 -133.2 -203.3 -297.1
886 Fnatic.eu 58.6 113.7 182.9 -137.2 -207.3 -301.1
887 MSIEvoGT 54.6 109.7 178.9 -130.8 -201.7 -295.9
888 Mski 56.5 111.7 181.2 -134.8 -205.7 -299.9
890 GL.eu 58.8 114.4 184.1 -138.8 -209.7 -303.9
891 Menace 60.7 116.2 186.1 -142.8 -213.7 -307.9
892 Kaipi 62.7 118.5 188.7 -146.8 -217.7 -311.9
893 Menace 58.7 114.5 184.7 -136.6 -207.6 -303.0
894 Life 61.2 117.5 188.1 -140.6 -211.6 -307.0
895 Next.kz 64.7 121.2 191.7 -144.6 -215.6 -311.0
896 Life 60.7 117.2 187.7 -136.4 -206.6 -302.1
897 Kaipi 62.3 119.1 189.9 -140.4 -210.6 -306.1
898 Mski 63.9 120.8 191.8 -144.4 -214.6 -310.1
900 VP 59.9 116.8 187.8 -137.4 -208.0 -304.1
902 Kaipi 62.1 119.0 190.2 -141.4 -212.0 -308.1
904 SAfrica 58.1 115.0 186.2 -135.9 -206.5 -302.9
907 NoLove 61.7 118.8 190.2 -139.9 -210.5 -306.9
909 VG 63.2 120.7 192.5 -143.9 -214.5 -310.9
910 Empire 59.2 116.7 188.5 -139.8 -210.4 -306.8
912 Kaipi 55.2 112.7 184.5 -135.3 -205.5 -302.1
913 Joiker 51.2 108.7 180.5 -127.7 -198.5 -296.0
914 StayFree 53.5 111.1 183.3 -131.7 -202.5 -300.0
916 Property 49.5 107.1 179.3 -119.0 -191.9 -290.7
917 Menace 45.5 103.1 175.3 -108.1 -181.0 -281.2
918 DUZA 41.5 99.1 171.3 -102.9 -176.5 -276.9
919 LGD.cn 42.8 100.6 173.0 -106.9 -180.5 -280.9
922 PR 38.8 96.6 169.0 -99.3 -173.6 -274.3
923 DUZA 40.6 98.4 171.1 -103.3 -177.6 -278.3
924 ONE.dota 43.9 101.9 175.1 -107.3 -181.6 -282.3
926 Empire 45.3 103.5 176.8 -111.3 -185.6 -286.3
927 iG 46.8 104.9 178.3 -115.3 -189.6 -290.3
928 LGD.cn 42.8 100.9 174.3 -110.7 -184.9 -285.5
929 Dreamz 38.8 96.9 170.3 -106.0 -180.8 -281.5
930 MiTH 41.5 99.2 172.7 -110.0 -184.8 -285.5
932 Fnatic.eu 43.5 101.6 175.3 -114.0 -188.8 -289.5
933 Empire 45.8 103.9 177.8 -118.0 -192.8 -293.5
938 Mski 47.6 105.4 179.5 -122.0 -196.8 -297.5
939 Poseidon 50.4 108.8 183.2 -126.0 -200.8 -301.5
940 Next.kz 46.4 104.8 179.2 -120.6 -195.7 -296.6
942 Quantic 42.4 100.8 175.2 -116.1 -190.5 -291.7
944 Imp 38.4 96.8 171.2 -104.9 -179.7 -281.8
948 Empire 40.6 99.1 173.7 -108.9 -183.7 -285.8
953 Kaipi 42.3 101.2 176.2 -112.9 -187.7 -289.8
955 DUZA 46.3 104.6 179.5 -116.9 -191.7 -293.8
961 Life 48.5 107.5 182.8 -120.9 -195.7 -297.8
962 iG 51.7 110.9 186.4 -124.9 -199.7 -301.8
963 Na'Vi 53.1 112.3 188.0 -128.9 -203.7 -305.8
966 TongFu 56.6 115.1 190.7 -132.9 -207.7 -309.8
967 mouz 58.0 116.6 192.4 -136.9 -211.7 -313.8
970 Joiker 60.8 119.5 195.5 -140.9 -215.7 -317.8
971 iG 62.8 122.0 198.3 -144.9 -219.7 -321.8
973 DUZA 58.8 118.0 194.3 -140.0 -214.5 -316.7
974 Fnatic.eu 61.6 120.4 196.8 -144.0 -218.5 -320.7
976 StayFree 63.0 122.1 198.8 -148.0 -222.5 -324.7
977 Na'Vi 64.5 123.8 200.8 -152.0 -226.5 -328.7
978 rox.KIS 60.5 119.8 196.8 -144.9 -218.0 -320.9
979 PR 63.1 122.1 199.2 -148.9 -222.0 -324.9
981 PR 65.1 124.1 201.4 -152.9 -226.0 -328.9
983 Fnatic.eu 66.9 125.8 203.2 -156.9 -230.0 -332.9
984 nAra 62.9 121.8 199.2 -151.5 -224.7 -328.2
985 Inv.kwnku 64.7 123.9 201.6 -155.5 -228.7 -332.2
987 Fnatic.eu 66.3 125.7 203.6 -159.5 -232.7 -336.2
988 4FC 62.3 121.7 199.6 -149.9 -222.6 -327.2
991 Empire 58.3 117.7 195.6 -139.0 -213.2 -319.3
992 PBS 54.3 113.7 191.6 -128.7 -204.9 -311.5
993 SFEC 50.3 109.7 187.6 -120.0 -196.7 -304.2
994 Next.kz 46.3 105.7 183.6 -114.0 -191.0 -298.8
995 Inv.kwnku 48.0 107.8 186.2 -118.0 -195.0 -302.8
996 rox.KIS 50.7 110.2 188.7 -122.0 -199.0 -306.8
998 Mski 53.8 113.0 191.7 -126.0 -203.0 -310.8
999 Empire 55.7 115.4 194.4 -130.0 -207.0 -314.8
1000 Inv.kwnku 57.4 117.3 196.5 -134.0 -211.0 -318.8
1001 FD 59.1 119.3 199.0 -138.0 -215.0 -322.8
1002 Empire 60.6 121.1 201.2 -142.0 -219.0 -326.8
1003 Kaipi 63.8 125.1 205.4 -146.0 -223.0 -330.8
1004 EG 65.4 126.8 207.3 -150.0 -227.0 -334.8
1005 Dignitas 61.4 122.8 203.3 -137.9 -217.1 -326.4
1007 rox.KIS 64.5 125.7 206.4 -141.9 -221.1 -330.4
1010 Aspera 60.5 121.7 202.4 -134.5 -214.1 -323.8
1011 Imp 56.5 117.7 198.4 -130.5 -209.2 -319.2
1012 DK 57.8 119.2 200.2 -134.5 -213.2 -323.2
1013 Empire 57.8 119.2 200.2 -134.5 -213.2 -323.2
1014 Na'Vi 53.8 115.2 196.2 -129.7 -209.0 -319.2
1015 StayFree 55.5 117.6 198.9 -133.7 -213.0 -323.2
1019 Empire 57.4 120.0 201.6 -137.7 -217.0 -327.2
1020 Na'Vi 59.1 121.7 203.5 -141.7 -221.0 -331.2
1023 VG 61.1 123.9 205.7 -145.7 -225.0 -335.2
1024 LGD.cn 63.4 125.9 207.7 -149.7 -229.0 -339.2
1026 PBS 66.8 129.9 211.6 -153.7 -233.0 -343.2
1027 Next.kz 62.8 125.9 207.6 -147.6 -225.4 -335.9
1028 4FC 58.8 121.9 203.6 -137.1 -213.9 -325.9
1029 rox.KIS 61.4 125.0 206.9 -141.1 -217.9 -329.9
1031 Empire 64.2 127.7 209.7 -145.1 -221.9 -333.9
1033 LGD.cn 67.8 131.2 213.2 -149.1 -225.9 -337.9
1036 4FC 63.8 127.2 209.2 -143.0 -219.9 -332.5
1037 VP 59.8 123.2 205.2 -131.0 -210.7 -324.6
1038 Aspera 55.8 119.2 201.2 -126.5 -206.2 -320.0
1040 PBS 57.2 121.2 203.5 -130.5 -210.2 -324.0
1042 Empire 58.7 122.9 205.4 -134.5 -214.2 -328.0
1044 Quantic 60.7 125.5 208.1 -138.5 -218.2 -332.0
1047 EG 56.7 121.5 204.1 -129.6 -210.2 -325.5
1048 MiTH 58.3 123.2 206.1 -133.6 -214.2 -329.5
1049 Dreamz 60.2 125.4 208.6 -137.6 -218.2 -333.5
1052 DK 61.8 127.3 210.7 -141.6 -222.2 -337.5
1053 Kaipi 57.8 123.3 206.7 -136.0 -216.8 -332.2
1054 TR 61.5 126.7 210.1 -140.0 -220.8 -336.2
1058 UR 57.5 122.7 206.1 -135.1 -216.2 -331.9
1059 TongFu 59.3 124.2 207.7 -139.1 -220.2 -335.9
1060 LGD.int 61.5 126.5 210.2 -143.1 -224.2 -339.9
1061 RS.int 63.0 128.3 212.3 -147.1 -228.2 -343.9
1062 MiTH 64.7 130.0 214.2 -151.1 -232.2 -347.9
1067 Hearts 66.2 131.6 216.0 -155.1 -236.2 -351.9
1068 rox.KIS 68.1 133.6 218.3 -159.1 -240.2 -355.9
1069 Poseidon 64.1 129.6 214.3 -152.3 -232.7 -348.4
1070 Quantic 60.1 125.6 210.3 -142.0 -223.4 -340.0
1071 Quantic 61.9 127.2 212.1 -146.0 -227.4 -344.0
1073 Titan 63.4 128.7 213.7 -150.0 -231.4 -348.0
1078 VP 65.7 131.0 216.2 -154.0 -235.4 -352.0
1080 SYF 68.2 133.0 218.3 -158.0 -239.4 -356.0
1084 Arcanys 64.2 129.0 214.3 -153.6 -233.6 -350.4
1086 MVP 60.2 125.0 210.3 -148.3 -228.0 -344.9
1087 UR 62.1 127.0 212.4 -152.3 -232.0 -348.9
1092 ONE.dota 58.1 123.0 208.4 -141.1 -220.4 -338.7
1093 Lowyat 54.1 119.0 204.4 -135.3 -214.6 -333.2
1094 DK 56.4 121.6 207.4 -139.3 -218.6 -337.2
1098 Lowyat 52.4 117.6 203.4 -128.7 -208.4 -328.5
1099 rox.KIS 54.6 119.9 205.9 -132.7 -212.4 -332.5
1100 Aspera 58.6 122.8 208.7 -136.7 -216.4 -336.5
1103 FD 58.6 122.8 208.7 -136.7 -216.4 -336.5
1107 Rain 54.6 118.8 204.7 -131.5 -211.6 -331.9
1108 eN.Legs 56.1 120.8 207.1 -135.5 -215.6 -335.9
1110 bvd.dotA 58.2 123.2 209.9 -139.5 -219.6 -339.9
1113 Imp 60.1 125.9 213.0 -143.5 -223.6 -343.9
1116 NJ&Kids 56.1 121.9 209.0 -138.4 -217.3 -337.7
1119 FD 52.1 117.9 205.0 -131.6 -210.9 -331.8
1120 Ahead.kz 53.4 119.4 206.8 -135.6 -214.9 -335.8
1124 bvd.dotA 55.4 121.2 208.6 -139.6 -218.9 -339.8
1125 Empire 57.0 122.8 210.2 -143.6 -222.9 -343.8
1127 EG 59.3 125.3 213.0 -147.6 -226.9 -347.8
1128 TakeFive 62.5 129.7 217.7 -151.6 -230.9 -351.8
1130 TongFu 64.1 131.5 219.7 -155.6 -234.9 -355.8
1133 MUFC 60.1 127.5 215.7 -145.3 -225.5 -347.3
1134 PR 56.1 123.5 211.7 -141.0 -221.5 -343.3
1136 Empire 57.5 125.1 213.5 -145.0 -225.5 -347.3
1138 CSW 60.2 128.1 216.8 -149.0 -229.5 -351.3
1139 VT 62.2 130.5 219.5 -153.0 -233.5 -355.3
1140 SYM 58.2 126.5 215.5 -146.9 -226.9 -348.8
1141 EOT 59.5 128.7 218.1 -150.9 -230.9 -352.8
1142 SYF 63.0 131.9 221.2 -154.9 -234.9 -356.8
1145 Fnatic.eu 65.7 134.2 223.6 -158.9 -238.9 -360.8
1147 LGD.cn 66.9 135.6 225.3 -162.9 -242.9 -364.8
1148 HR 68.6 137.8 227.9 -166.9 -246.9 -368.8
1150 Speed 70.6 141.0 231.6 -170.9 -250.9 -372.8
1154 Alliance 70.6 141.0 231.6 -170.9 -250.9 -372.8
1156 iG 71.7 142.6 233.5 -174.9 -254.9 -376.8
1160 Na'Vi 67.7 138.6 229.5 -166.9 -249.4 -371.8
1161 FD 69.5 140.6 231.5 -170.9 -253.4 -375.8
1164 Titan 65.5 136.6 227.5 -164.0 -245.3 -367.9
1165 Titan 61.5 132.6 223.5 -153.5 -233.9 -357.8
1166 CSW 65.0 135.5 226.4 -157.5 -237.9 -361.8
1167 EOT 66.9 137.4 228.6 -161.5 -241.9 -365.8
1168 LGD.cn 68.7 139.2 230.6 -165.5 -245.9 -369.8
1170 VG 70.8 141.3 232.9 -169.5 -249.9 -373.8
1173 Empire 72.5 143.0 234.8 -173.5 -253.9 -377.8
1176 LGD.cn 68.5 139.0 230.8 -161.8 -244.3 -369.6
1177 TongFu 70.0 140.4 232.4 -165.8 -248.3 -373.6
1179 RStars 66.0 136.4 228.4 -156.7 -239.7 -365.9
1180 Empire 62.0 132.4 224.4 -151.5 -235.2 -361.8
1182 Fnatic.eu 65.9 135.4 227.3 -155.5 -239.2 -365.8
1183 Speed 67.3 136.7 228.8 -159.5 -243.2 -369.8
1186 iG 69.5 139.5 231.6 -163.5 -247.2 -373.8
1187 StayFree 65.5 135.5 227.6 -158.6 -242.0 -368.3
1193 Speed 61.5 131.5 223.6 -154.1 -236.9 -363.2
1194 Dignitas 63.0 133.0 225.3 -158.1 -240.9 -367.2
1197 CSW 64.4 134.7 227.1 -162.1 -244.9 -371.2
1198 Aspera 67.4 137.6 230.2 -166.1 -248.9 -375.2
1199 Menace 69.1 139.5 232.4 -170.1 -252.9 -379.2
1200 Liquid 70.7 140.9 233.9 -174.1 -256.9 -383.2
1201 Aspera 66.7 136.9 229.9 -169.3 -252.2 -378.9
1202 SSD 68.0 138.4 231.7 -173.3 -256.2 -382.9
1207 mouz 64.0 134.4 227.7 -167.0 -249.9 -377.0
1208 Imp 60.0 130.4 223.7 -158.5 -240.4 -368.0
1209 MiTH 56.0 126.4 219.7 -151.5 -234.1 -362.2
1211 mouz 52.0 122.4 215.7 -145.8 -228.8 -357.1
1212 Fnatic.eu 53.9 124.6 218.2 -149.8 -232.8 -361.1
1213 Poseidon 49.9 120.6 214.2 -142.5 -224.7 -353.3
1214 VG 45.9 116.6 210.2 -136.3 -217.4 -346.5
1216 LGD.cn 47.3 118.4 212.4 -140.3 -221.4 -350.5
1217 Speed 43.3 114.4 208.4 -130.3 -212.1 -342.2
1218 CSW 39.3 110.4 204.4 -123.9 -206.3 -337.0
1219 NoX 35.3 106.4 200.4 -119.1 -201.6 -332.6
1220 Empire 36.6 108.0 202.3 -123.1 -205.6 -336.6
1221 iG 32.6 104.0 198.3 -111.8 -196.7 -329.6
1222 LGD.cn 34.5 105.6 200.0 -115.8 -200.7 -333.6
1227 Empire 36.3 107.8 202.4 -119.8 -204.7 -337.6
1229 StayFree 32.3 103.8 198.4 -113.1 -199.1 -332.8
1230 Property 28.3 99.8 194.4 -100.4 -188.7 -324.2
1231 TTD 24.3 95.8 190.4 -93.1 -180.0 -316.3
1234 VG 26.2 98.0 193.0 -97.1 -184.0 -320.3
1236 Speed 26.2 98.0 193.0 -97.1 -184.0 -320.3
1237 FSid3 22.2 94.0 189.0 -86.7 -174.5 -311.9
1239 RStars 23.6 96.0 191.5 -90.7 -178.5 -315.9
1240 Na'Vi 25.3 97.8 193.5 -94.7 -182.5 -319.9
1242 mouz 26.9 99.8 195.8 -98.7 -186.5 -323.9
1244 Sigma.int 28.6 102.4 199.1 -102.7 -190.5 -327.9
1246 Liquid 31.2 105.2 202.1 -106.7 -194.5 -331.9
1249 Alliance 27.2 101.2 198.1 -102.7 -190.4 -327.7
1251 UR 28.7 103.1 200.2 -106.7 -194.4 -331.7
1254 Startale 28.7 103.1 200.2 -106.7 -194.4 -331.7
1255 Empire 30.7 105.2 202.5 -110.7 -198.4 -335.7
1257 mouz 26.7 101.2 198.5 -98.9 -188.6 -327.3
1259 Sigma.int 28.7 103.9 201.5 -102.9 -192.6 -331.3
1260 Sigma.int 24.7 99.9 197.5 -98.7 -188.1 -326.9
1261 mouz 20.7 95.9 193.5 -90.7 -182.2 -321.4
1265 Fnatic.eu 16.7 91.9 189.5 -82.6 -174.7 -314.8
1267 Na'Vi 18.1 93.5 191.3 -86.6 -178.7 -318.8
1270 MiTH 20.8 95.8 193.9 -90.6 -182.7 -322.8
1271 SYF 23.1 98.4 197.0 -94.6 -186.7 -326.8
1272 iG 25.1 100.9 199.8 -98.6 -190.7 -330.8
1274 LGD.cn 26.6 102.4 201.4 -102.6 -194.7 -334.8
1275 FXopen 28.3 104.4 203.5 -106.6 -198.7 -338.8
1276 CSW 29.8 106.1 205.4 -110.6 -202.7 -342.8
1277 Mski 25.8 102.1 201.4 -106.0 -198.9 -339.2
1280 MiTH 25.8 102.1 201.4 -106.0 -198.9 -339.2
1281 Speed 28.6 105.1 204.6 -110.0 -202.9 -343.2
1286 LGD.int 30.7 107.7 207.3 -114.0 -206.9 -347.2
1288 Alliance 32.5 109.6 209.2 -118.0 -210.9 -351.2
1289 Titan 28.5 105.6 205.2 -112.9 -205.9 -346.3
1290 Lowyat 24.5 101.6 201.2 -106.8 -200.3 -340.9
1291 PR 27.9 104.2 203.9 -110.8 -204.3 -344.9
1292 SSD 23.9 100.2 199.9 -102.4 -194.9 -335.9
1295 Fnatic.eu 19.9 96.2 195.9 -97.5 -190.2 -331.5
1296 mouz 21.6 98.0 197.9 -101.5 -194.2 -335.5
1297 EG 24.0 100.3 200.5 -105.5 -198.2 -339.5
1298 Titan 26.7 103.3 203.9 -109.5 -202.2 -343.5
1300 4FC 28.7 105.4 206.3 -113.5 -206.2 -347.5
1301 Hearts 30.0 107.0 208.1 -117.5 -210.2 -351.5
1302 DK 32.2 109.5 210.8 -121.5 -214.2 -355.5
1304 Empire 35.6 112.4 213.5 -125.5 -218.2 -359.5
1309 4FC 37.8 114.3 215.6 -129.5 -222.2 -363.5
1311 Sleisel 33.8 110.3 211.6 -125.5 -217.9 -359.3
1312 Arteezy 35.8 112.3 213.8 -129.5 -221.9 -363.3
1313 EG 31.8 108.3 209.8 -123.9 -216.0 -357.9
1319 Empire 33.9 109.9 211.4 -127.9 -220.0 -361.9
1320 Orange 37.6 112.7 214.0 -131.9 -224.0 -365.9
1325 Kawai 33.6 108.7 210.0 -119.8 -214.1 -356.6
1328 Dignitas 35.3 110.4 211.8 -123.8 -218.1 -360.6
1330 Na'Vi 37.3 112.2 213.8 -127.8 -222.1 -364.6
1332 Fnatic.eu 33.3 108.2 209.8 -117.7 -210.4 -354.3
1334 iG 34.8 110.0 212.0 -121.7 -214.4 -358.3
1337 Startale 37.3 112.4 214.7 -125.7 -218.4 -362.3
1338 Liquid 38.7 113.9 216.4 -129.7 -222.4 -366.3
1343 Fnatic.eu 34.7 109.9 212.4 -121.7 -213.3 -357.8
1345 Sigma.int 35.9 111.4 214.2 -125.7 -217.3 -361.8
1349 Alliance 31.9 107.4 210.2 -121.8 -213.2 -357.4
1350 Fnatic.eu 27.9 103.4 206.2 -116.2 -207.3 -351.4
1353 Alliance 29.6 105.1 208.1 -120.2 -211.3 -355.4
1358 VP 25.6 101.1 204.1 -114.3 -205.7 -350.1
1363 Speed 27.7 103.1 206.5 -118.3 -209.7 -354.1
1364 Na'Vi 29.5 105.0 208.5 -122.3 -213.7 -358.1
1367 Liquid 31.1 106.9 210.7 -126.3 -217.7 -362.1
1370 LGD.int 27.1 102.9 206.7 -117.1 -207.3 -352.6
1374 VP 30.6 106.7 210.4 -121.1 -211.3 -356.6
1375 Startale 26.6 102.7 206.4 -110.6 -204.7 -351.1
1377 LGD.cn 28.1 104.3 208.2 -114.6 -208.7 -355.1
1378 Imp 30.9 107.8 211.9 -118.6 -212.7 -359.1
1383 LGD.cn 32.4 109.6 213.9 -122.6 -216.7 -363.1
1385 Na'Vi 28.4 105.6 209.9 -116.5 -211.5 -358.4
1386 StayFree 24.4 101.6 205.9 -106.1 -201.4 -349.4
1387 LGD.cn 27.5 104.8 209.2 -110.1 -205.4 -353.4
1392 EG 30.4 108.2 212.6 -114.1 -209.4 -357.4
1393 Fnatic.eu 33.7 110.9 215.3 -118.1 -213.4 -361.4
1394 LGD.cn 37.3 115.0 219.2 -122.1 -217.4 -365.4
1395 iG 40.7 117.8 222.1 -126.1 -221.4 -369.4
1398 Alliance 36.7 113.8 218.1 -121.5 -216.8 -364.8
1400 VP 38.6 116.0 220.7 -125.5 -220.8 -368.8
1401 Alliance 40.4 117.7 222.6 -129.5 -224.8 -372.8
1402 Liquid 42.5 119.9 224.9 -133.5 -228.8 -376.8
1406 EG 38.5 115.9 220.9 -125.0 -221.5 -370.7
1408 Liquid 40.2 117.8 223.0 -129.0 -225.5 -374.7
1409 Liquid 36.2 113.8 219.0 -124.0 -220.5 -369.9
1416 Liquid 38.0 115.6 220.9 -128.0 -224.5 -373.9
1420 FD 41.5 118.5 224.1 -132.0 -228.5 -377.9
1421 Na'Vi 43.0 120.1 226.0 -136.0 -232.5 -381.9
1422 EG 39.0 116.1 222.0 -132.0 -228.2 -377.6
1426 Speed 40.4 117.6 223.7 -136.0 -232.2 -381.6
1428 EG 36.4 113.6 219.7 -128.5 -223.8 -373.4
1433 iG 32.4 109.6 215.7 -121.5 -217.8 -368.1
1434 MiTH 35.5 112.4 218.5 -125.5 -221.8 -372.1
1435 mouz 39.0 115.5 221.5 -129.5 -225.8 -376.1
1437 Liquid 41.0 117.7 223.9 -133.5 -229.8 -380.1
1440 Alliance 43.5 120.4 226.9 -137.5 -233.8 -384.1
1441 PR 39.5 116.4 222.9 -129.6 -225.8 -376.3
1444 Fnatic.eu 35.5 112.4 218.9 -125.2 -221.8 -372.4
1445 Speed 37.3 114.8 221.6 -129.2 -225.8 -376.4
1446 mouz 33.3 110.8 217.6 -121.9 -219.5 -370.6
1447 FD 29.3 106.8 213.6 -113.7 -211.8 -363.4
1448 MiTH 25.3 102.8 209.6 -107.5 -205.0 -357.0
1449 Titan 27.2 104.5 211.4 -111.5 -209.0 -361.0
1453 Liquid 29.6 107.2 214.2 -115.5 -213.0 -365.0
1456 Liquid 31.1 109.0 216.2 -119.5 -217.0 -369.0
1459 Na'Vi 32.8 110.5 217.9 -123.5 -221.0 -373.0
1461 rox.KIS 28.8 106.5 213.9 -113.9 -212.2 -364.9
1462 rox.KIS 30.3 108.0 215.6 -117.9 -216.2 -368.9
1463 Na'Vi 32.4 109.9 217.6 -121.9 -220.2 -372.9
1465 DK 33.9 111.4 219.2 -125.9 -224.2 -376.9
1467 Sigma.int 29.9 107.4 215.2 -120.9 -218.6 -371.4
1468 Alliance 31.7 109.3 217.2 -124.9 -222.6 -375.4
1469 Alliance 31.7 109.3 217.2 -124.9 -222.6 -375.4
1471 Mts 27.7 105.3 213.2 -116.1 -216.0 -370.0
1472 rox.KIS 23.7 101.3 209.2 -107.7 -210.0 -364.8
1475 TongFu3 25.5 103.0 211.1 -111.7 -214.0 -368.8
1480 Na'Vi 27.2 104.5 212.7 -115.7 -218.0 -372.8
1481 DK 23.2 100.5 208.7 -106.4 -209.8 -366.1
1484 DK 25.1 102.7 211.2 -110.4 -213.8 -370.1
1485 EG 21.1 98.7 207.2 -103.1 -207.1 -363.7
1486 Sigma.int 17.1 94.7 203.2 -98.9 -202.1 -358.6
1487 VG 19.2 97.1 205.9 -102.9 -206.1 -362.6
1488 Imp 21.0 99.1 208.4 -106.9 -210.1 -366.6
1489 Na'Vi 22.7 100.8 210.3 -110.9 -214.1 -370.6
1491 Fnatic.eu 25.9 104.2 214.0 -114.9 -218.1 -374.6
1493 Sigma.int 21.9 100.2 210.0 -110.0 -212.5 -369.0
1496 Sigma.int 23.8 102.5 212.7 -114.0 -216.5 -373.0
1502 DK 27.1 106.5 216.9 -118.0 -220.5 -377.0
1503 Speed 29.6 108.6 219.3 -122.0 -224.5 -381.0
1504 Sigma.int 32.6 111.8 222.6 -126.0 -228.5 -385.0
1505 Na'Vi 28.6 107.8 218.6 -121.6 -224.1 -380.9
1507 DK 30.3 109.5 220.3 -125.6 -228.1 -384.9
1509 Speed 33.7 113.1 224.0 -129.6 -232.1 -388.9
1510 Na'Vi 35.2 114.7 225.8 -133.6 -236.1 -392.9
1514 Fnatic.eu 31.2 110.7 221.8 -127.7 -230.3 -387.0
1515 Speed 27.2 106.7 217.8 -116.7 -219.5 -377.2
1516 DK 23.2 102.7 213.8 -112.5 -214.4 -372.1
1517 Speed 26.3 105.8 217.0 -116.5 -218.4 -376.1
1518 Speed 22.3 101.8 213.0 -106.8 -210.0 -368.5
1519 Orange 25.6 104.4 215.6 -110.8 -214.0 -372.5
1520 Titan 28.2 106.9 218.2 -114.8 -218.0 -376.5
1521 Next.kz 30.0 109.0 220.7 -118.8 -222.0 -380.5
1522 Next.kz 26.0 105.0 216.7 -112.4 -215.8 -374.9
1524 Aspera 27.4 106.8 218.7 -116.4 -219.8 -378.9
1525 mouz 30.2 109.5 221.5 -120.4 -223.8 -382.9
1526 TongFu3 32.6 112.0 224.3 -124.4 -227.8 -386.9
1530 Empire 34.1 113.7 226.2 -128.4 -231.8 -390.9
1531 Aspera 35.5 115.2 227.9 -132.4 -235.8 -394.9
1532 Poseidon 31.5 111.2 223.9 -127.2 -230.5 -390.2
1534 Poseidon 33.4 113.1 226.0 -131.2 -234.5 -394.2
1535 Venum 35.4 115.6 228.8 -135.2 -238.5 -398.2
1536 Hearts 39.1 118.7 231.9 -139.2 -242.5 -402.2
1537 FL 35.1 114.7 227.9 -129.4 -231.3 -392.6
1538 NoX 31.1 110.7 223.9 -121.9 -222.9 -384.8
1539 Next.kz 33.8 113.0 226.3 -125.9 -226.9 -388.8
1540 Next.kz 36.4 115.7 229.3 -129.9 -230.9 -392.8
1541 PR 32.4 111.7 225.3 -123.2 -224.8 -387.3
1542 rox.KIS 34.7 114.2 228.2 -127.2 -228.8 -391.3
1543 Fnatic.eu 37.3 116.6 230.7 -131.2 -232.8 -395.3
1544 SSD 39.0 118.5 232.8 -135.2 -236.8 -399.3
1545 LGD.cn 40.5 120.3 235.0 -139.2 -240.8 -403.3
1547 Fnatic.eu 36.5 116.3 231.0 -129.3 -230.6 -393.7
1548 Na'Vi 38.1 117.9 232.8 -133.3 -234.6 -397.7
1553 Fnatic.eu 34.1 113.9 228.8 -124.0 -225.8 -390.1
1554 Alliance 36.0 115.7 230.7 -128.0 -229.8 -394.1
1555 Mski 39.7 119.6 234.6 -132.0 -233.8 -398.1
1556 LGD.cn 43.2 123.2 238.3 -136.0 -237.8 -402.1
1557 LGD.int 39.2 119.2 234.3 -127.3 -228.3 -393.6
1558 FD 35.2 115.2 230.3 -121.7 -223.3 -388.9
1559 Na'Vi 35.2 115.2 230.3 -121.7 -223.3 -388.9
1560 EOT 37.2 117.2 232.5 -125.7 -227.3 -392.9
1561 Na'Vi 39.9 119.7 235.1 -129.7 -231.3 -396.9
1562 VG 35.9 115.7 231.1 -122.7 -221.6 -387.8
1563 FL 38.9 118.7 234.5 -126.7 -225.6 -391.8
1564 Mski 42.4 121.6 237.4 -130.7 -229.6 -395.8
1565 NSG 38.4 117.6 233.4 -126.0 -223.7 -389.9
1568 Next.kz 39.6 119.1 235.1 -130.0 -227.7 -393.9
1569 Next.kz 35.6 115.1 231.1 -123.9 -220.9 -387.6
1570 SSD 31.6 111.1 227.1 -119.9 -216.4 -382.9
1571 PR 34.4 113.8 229.9 -123.9 -220.4 -386.9
1573 iG 36.2 115.7 232.2 -127.9 -224.4 -390.9
1575 iG 32.2 111.7 228.2 -123.5 -220.0 -386.5
1576 5inQ 33.7 113.6 230.5 -127.5 -224.0 -390.5
1577 MVP.P 37.0 116.5 233.3 -131.5 -228.0 -394.5
1578 VG 33.0 112.5 229.3 -122.3 -219.1 -386.2
1583 Sigma.int 34.4 114.2 231.3 -126.3 -223.1 -390.2
1584 SSD 36.8 117.0 234.2 -130.3 -227.1 -394.2
1586 Fnatic.eu 32.8 113.0 230.2 -120.7 -217.7 -384.9
1587 Idol 34.3 114.8 232.5 -124.7 -221.7 -388.9
1588 LGD.cn 30.3 110.8 228.5 -120.4 -215.9 -382.6
1591 VG 26.3 106.8 224.5 -116.3 -211.6 -378.3
1592 VG 30.0 110.5 228.4 -120.3 -215.6 -382.3
1594 FD 26.0 106.5 224.4 -111.5 -205.6 -373.1
1595 Idol 22.0 102.5 220.4 -105.4 -197.7 -365.0
1596 Kawai 18.0 98.5 216.4 -101.1 -193.2 -360.3
1597 Empire 19.8 100.3 218.2 -105.1 -197.2 -364.3
1599 OsG 15.8 96.3 214.2 -96.3 -189.4 -357.2
1600 TR 11.8 92.3 210.2 -85.4 -181.0 -350.1
1601 SSD 15.1 95.2 213.1 -89.4 -185.0 -354.1
1602 VP 16.8 97.1 215.1 -93.4 -189.0 -358.1
1603 Fnatic.eu 18.3 98.6 216.6 -97.4 -193.0 -362.1
1604 Sigma.int 14.3 94.6 212.6 -87.0 -182.2 -352.0
1605 VG 16.7 97.5 215.8 -91.0 -186.2 -356.0
1606 CSW 12.7 93.5 211.8 -86.5 -182.5 -352.1
1608 VP 8.7 89.5 207.8 -76.6 -173.6 -344.6
1609 Empire 13.0 93.0 211.2 -80.6 -177.6 -348.6
1610 VP 16.3 96.7 215.1 -84.6 -181.6 -352.6
1612 Fnatic.eu 18.2 98.6 217.3 -88.6 -185.6 -356.6
1613 Fnatic.eu 19.6 100.0 218.9 -92.6 -189.6 -360.6
1615 Speed 22.5 102.8 222.0 -96.6 -193.6 -364.6
1617 Siltherin 24.5 105.1 224.6 -100.6 -197.6 -368.6
1618 FD 26.1 106.8 226.7 -104.6 -201.6 -372.6
1619 XctN 28.4 109.4 229.5 -108.6 -205.6 -376.6
1620 VP 29.9 110.8 231.1 -112.6 -209.6 -380.6
1622 Aspera 25.9 106.8 227.1 -106.5 -203.2 -374.6
1623 SSD 27.8 108.7 229.1 -110.5 -207.2 -378.6
1624 PR 29.4 110.5 231.1 -114.5 -211.2 -382.6
1625 Idol 25.4 106.5 227.1 -105.4 -202.4 -374.9
1627 MVP 27.4 108.2 228.9 -109.4 -206.4 -378.9
1630 Na'Vi 30.0 110.5 231.4 -113.4 -210.4 -382.9
1632 Fnatic.eu 26.0 106.5 227.4 -107.7 -204.6 -377.1
1633 Startale 29.5 109.2 229.9 -111.7 -208.6 -381.1
1635 VG 25.5 105.2 225.9 -106.6 -201.4 -373.4
1637 Na'Vi 27.4 107.0 227.8 -110.6 -205.4 -377.4
1638 VG 30.4 111.3 232.5 -114.6 -209.4 -381.4
1639 Fnatic.eu 26.4 107.3 228.5 -108.8 -203.6 -376.2
1640 FD 29.5 110.9 232.1 -112.8 -207.6 -380.2
1641 RRQ 25.5 106.9 228.1 -103.6 -197.6 -370.6
1642 MiTH 27.2 109.0 230.3 -107.6 -201.6 -374.6
1643 VG 29.6 112.1 233.7 -111.6 -205.6 -378.6
1644 iG 25.6 108.1 229.7 -105.6 -200.1 -373.3
1645 RRQ 28.0 110.4 232.1 -109.6 -204.1 -377.3
1646 RRQ 24.0 106.4 228.1 -105.3 -199.2 -372.1
1647 MiTH 20.0 102.4 224.1 -99.6 -194.0 -367.6
1648 Poseidon 16.0 98.4 220.1 -91.2 -185.6 -359.5
1649 VP 19.7 102.4 224.0 -95.2 -189.6 -363.5
1650 VP 21.6 104.6 226.2 -99.2 -193.6 -367.5
1651 rox.KIS 23.3 106.3 228.1 -103.2 -197.6 -371.5
1653 mouz 24.9 107.9 229.9 -107.2 -201.6 -375.5
1655 RRQ 27.4 109.8 231.8 -111.2 -205.6 -379.5
1656 HR 23.4 105.8 227.8 -102.2 -195.0 -369.7
1659 Alliance 19.4 101.8 223.8 -97.9 -190.3 -365.1
1661 Alliance 22.1 104.6 226.8 -101.9 -194.3 -369.1
1666 Lowyat 18.1 100.6 222.8 -95.2 -188.6 -364.0
1667 Fnatic.eu 19.6 102.0 224.4 -99.2 -192.6 -368.0
1669 Neon 15.6 98.0 220.4 -90.5 -184.5 -361.0
1670 MiTH 19.7 101.8 223.7 -94.5 -188.5 -365.0
1671 Neon 23.1 105.1 227.2 -98.5 -192.5 -369.0
1672 MiTH 25.0 107.0 229.3 -102.5 -196.5 -373.0
1673 rox.KIS 27.8 110.3 233.0 -106.5 -200.5 -377.0
1675 Empire 31.4 114.1 236.9 -110.5 -204.5 -381.0
1679 Speed 33.1 115.8 238.8 -114.5 -208.5 -385.0
1680 Mski 36.4 118.7 241.7 -118.5 -212.5 -389.0
1683 rox.KIS 37.7 120.3 243.6 -122.5 -216.5 -393.0
1688 Fnatic.eu 39.1 121.7 245.1 -126.5 -220.5 -397.0
1690 Mski 41.1 123.2 246.6 -130.5 -224.5 -401.0
1698 Alliance 42.6 124.5 248.0 -134.5 -228.5 -405.0
1702 DK 46.1 127.9 251.4 -138.5 -232.5 -409.0
1703 DK 42.1 123.9 247.4 -133.2 -227.6 -404.3
1704 Alliance 44.8 126.6 250.3 -137.2 -231.6 -408.3
1705 Next.kz 46.5 128.5 252.5 -141.2 -235.6 -412.3
1709 iG 47.9 130.1 254.5 -145.2 -239.6 -416.3
1709 iG 49.3 131.7 256.5 -149.2 -243.6 -420.3
1710 Speed 45.3 127.7 252.5 -143.1 -237.4 -414.4
1710 Speed 41.3 123.7 248.5 -136.6 -230.9 -408.5
1712 VP 43.0 125.4 250.3 -140.6 -234.9 -412.5
1712 VP 44.9 127.0 252.0 -144.6 -238.9 -416.5
1713 Alliance 46.5 128.6 253.7 -148.6 -242.9 -420.5
1713 Sigma.int 48.3 130.0 255.4 -152.6 -246.9 -424.5
1715 Poseidon 44.3 126.0 251.4 -146.9 -241.5 -419.2
1715 Poseidon 40.3 122.0 247.4 -142.4 -236.9 -415.2
1716 rox.KIS 42.7 124.7 250.2 -146.4 -240.9 -419.2
1716 rox.KIS 45.3 127.3 253.1 -150.4 -244.9 -423.2
1717 VP 49.0 130.8 256.6 -154.4 -248.9 -427.2
1717 VP 53.3 134.4 260.0 -158.4 -252.9 -431.2
1718 Fnatic.eu 49.3 130.4 256.0 -152.0 -246.0 -425.4
1718 Fnatic.eu 45.3 126.4 252.0 -145.1 -239.4 -419.6
1719 HR 47.1 127.9 253.6 -149.1 -243.4 -423.6
1719 HR 48.9 129.4 255.2 -153.1 -247.4 -427.6
1723 Mski 50.6 131.0 256.8 -157.1 -251.4 -431.6
1724 LGD.cn 52.2 132.7 258.7 -161.1 -255.4 -435.6
1729 Sigma.int 52.2 132.7 258.7 -161.1 -255.4 -435.6
1732 rox.KIS 48.2 128.7 254.7 -155.2 -248.1 -428.3
1733 PR 44.2 124.7 250.7 -144.3 -237.6 -418.6
1734 PR 47.7 128.3 254.4 -148.3 -241.6 -422.6
1736 Lowyat 43.7 124.3 250.4 -139.1 -232.6 -414.7
1737 MiTH 39.7 120.3 246.4 -134.2 -226.5 -408.9
1738 Lowyat 41.8 122.1 248.3 -138.2 -230.5 -412.9
1739 5inQ 37.8 118.1 244.3 -130.4 -222.7 -406.5
1740 LGD.cn 33.8 114.1 240.3 -124.0 -217.1 -401.7
1741 VP 37.6 117.9 244.0 -128.0 -221.1 -405.7
1742 Na'Vi 39.1 119.9 246.2 -132.0 -225.1 -409.7
1743 Na'Vi 40.8 122.0 248.6 -136.0 -229.1 -413.7
1748 Idol 36.8 118.0 244.6 -131.7 -224.0 -408.7
1749 FD 32.8 114.0 240.6 -127.4 -218.9 -403.3
1753 Na'Vi 34.1 115.4 242.2 -131.4 -222.9 -407.3
1756 TongFu 30.1 111.4 238.2 -123.6 -216.0 -401.6
1757 iG 33.6 115.0 242.1 -127.6 -220.0 -405.6
1758 DK 35.2 116.8 244.2 -131.6 -224.0 -409.6
1759 FD 38.3 120.3 248.1 -135.6 -228.0 -413.6
1760 Duskbin 34.3 116.3 244.1 -126.1 -217.4 -403.7
1762 TR 30.3 112.3 240.1 -116.7 -209.1 -396.5
1767 rox.KIS 33.0 115.4 243.6 -120.7 -213.1 -400.5
1768 QPandas 29.0 111.4 239.6 -110.3 -203.3 -392.0
1769 XctN 25.0 107.4 235.6 -105.3 -197.6 -386.5
1770 5inQ 26.7 110.0 238.6 -109.3 -201.6 -390.5
1773 FD 28.8 111.8 240.6 -113.3 -205.6 -394.5
1775 RRQ 24.8 107.8 236.6 -107.7 -200.7 -390.0
1777 PR 26.3 109.4 238.4 -111.7 -204.7 -394.0
1778 FSid3 22.3 105.4 234.4 -105.7 -198.1 -387.5
1779 Fnatic.eu 24.1 106.9 236.0 -109.7 -202.1 -391.5
1780 Titan 25.5 108.5 237.8 -113.7 -206.1 -395.5
1781 FD 27.2 110.4 239.9 -117.7 -210.1 -399.5
1782 Mski 31.0 113.9 243.4 -121.7 -214.1 -403.5
1784 LGD.cn 32.6 115.5 245.4 -125.7 -218.1 -407.5
1787 Sigma.int 35.1 118.0 248.0 -129.7 -222.1 -411.5
1789 Na'Vi 38.0 120.7 250.8 -133.7 -226.1 -415.5
1791 Revenge 34.0 116.7 246.8 -124.3 -214.6 -403.9
1792 Empire 30.0 112.7 242.8 -116.4 -206.9 -397.0
1794 Mski 26.0 108.7 238.8 -111.3 -201.3 -391.7
1795 Empire 27.6 110.5 240.6 -115.3 -205.3 -395.7
1796 Titan 30.1 113.2 243.2 -119.3 -209.3 -399.7
1797 TR 26.1 109.2 239.2 -109.9 -199.5 -390.2
1798 OsG 28.4 111.9 242.0 -113.9 -203.5 -394.2
1799 VP 24.4 107.9 238.0 -105.2 -196.8 -388.4
1800 Empire 26.0 109.5 239.8 -109.2 -200.8 -392.4
1801 Na'Vi 27.7 110.9 241.4 -113.2 -204.8 -396.4
1806 DT 29.4 112.5 243.2 -117.2 -208.8 -400.4
1810 TR 25.4 108.5 239.2 -112.4 -203.6 -395.2
1813 DK 27.7 111.0 241.9 -116.4 -207.6 -399.2
1816 TongFu 23.7 107.0 237.9 -110.8 -202.5 -394.8
1818 FD 25.9 109.1 240.0 -114.8 -206.5 -398.8
1819 rox.KIS 28.3 111.4 242.5 -118.8 -210.5 -402.8
1821 QPandas 24.3 107.4 238.5 -108.0 -199.5 -393.2
1823 SSD 26.0 109.0 240.2 -112.0 -203.5 -397.2
1824 Empire 29.2 112.2 243.7 -116.0 -207.5 -401.2
1825 DK 30.8 114.0 245.8 -120.0 -211.5 -405.2
1829 Sigma.int 32.1 115.7 247.8 -124.0 -215.5 -409.2
1830 mouz 34.3 117.9 250.0 -128.0 -219.5 -413.2
1831 rox.KIS 30.3 113.9 246.0 -119.0 -212.0 -406.2
1832 TR 33.7 117.1 249.4 -123.0 -216.0 -410.2
1833 Fnatic.eu 35.2 118.5 250.8 -127.0 -220.0 -414.2
1835 iG 31.2 114.5 246.8 -123.1 -215.8 -409.6
1836 DK 32.6 116.1 248.6 -127.1 -219.8 -413.6
1837 Titan 34.2 117.6 250.3 -131.1 -223.8 -417.6
1838 Titan 30.2 113.6 246.3 -124.8 -217.1 -411.1
1839 Sigma.int 26.2 109.6 242.3 -116.0 -208.6 -403.2
1841 SSD 28.0 111.6 244.5 -120.0 -212.6 -407.2
1842 DK 29.3 113.2 246.3 -124.0 -216.6 -411.2
1843 iG 31.3 115.6 248.9 -128.0 -220.6 -415.2
1844 VG 27.3 111.6 244.9 -122.2 -215.6 -410.5
1845 DK 29.2 113.8 246.1 -126.2 -219.6 -414.5
1848 TongFu 30.9 115.9 248.5 -130.2 -223.6 -418.5
1849 PBS 32.6 118.1 251.1 -134.2 -227.6 -422.5
1852 SSD 34.3 119.7 252.8 -138.2 -231.6 -426.5
1854 SSD 30.3 115.7 248.8 -131.3 -223.4 -418.7
1858 Empire 32.6 118.4 250.2 -135.3 -227.4 -422.7
1862 Next.kz 28.6 114.4 246.2 -124.4 -216.8 -412.9
1864 Revenge 30.9 116.9 249.0 -128.4 -220.8 -416.9
1866 Sigma.int 32.8 119.2 250.6 -132.4 -224.8 -420.9
1869 FSid3 28.8 115.2 246.6 -124.6 -217.3 -414.6
1870 FSid3 24.8 111.2 242.6 -114.9 -205.8 -403.3
1871 Relax 26.5 113.0 244.8 -118.9 -209.8 -407.3
1872 rox.KIS 22.5 109.0 240.8 -114.3 -205.0 -402.6
1873 PBS 18.5 105.0 236.8 -108.0 -198.4 -399.1
1875 iG 20.1 106.7 238.7 -112.0 -202.4 -403.1
1876 GB 21.9 108.6 240.9 -116.0 -206.4 -407.1
1877 FD 23.5 110.3 242.2 -120.0 -210.4 -411.1
1880 VG 19.5 106.3 238.2 -113.4 -203.0 -404.0
1881 LGD.cn 22.8 110.1 240.1 -117.4 -207.0 -408.0
1882 Swage 26.5 114.0 242.8 -121.4 -211.0 -412.0
1883 iG 22.5 110.0 238.8 -113.0 -203.5 -402.3
1887 Lowyat 23.8 111.4 240.2 -117.0 -207.5 -406.3
1888 SMM 27.0 114.3 243.3 -121.0 -211.5 -410.3
1890 LGD.cn 23.0 110.3 239.3 -114.5 -205.6 -404.8
1891 Lowyat 19.0 106.3 235.3 -109.9 -201.0 -400.3
1892 nAra 15.0 102.3 231.3 -102.1 -194.2 -391.9
1895 Fnatic.eu 11.0 98.3 227.3 -97.5 -190.3 -383.2
1896 XctN 7.0 94.3 223.3 -92.1 -184.4 -377.7
1897 Idol 3.0 90.3 219.3 -86.2 -178.4 -372.0
1899 LGD.cn 5.5 92.9 221.3 -90.2 -182.4 -376.0
1900 PBS 7.7 95.3 223.9 -94.2 -186.4 -380.0
1902 Idol 3.7 91.3 219.9 -89.5 -181.8 -375.9
1903 Titan 5.7 93.7 221.2 -93.5 -185.8 -379.9
1904 Mastery 1.7 89.7 217.2 -87.0 -179.5 -372.4
1905 Swage -2.3 85.7 213.2 -79.4 -172.8 -366.4
1906 5inQ -1.2 87.4 215.2 -83.4 -176.8 -370.4
1907 EOT 1.7 90.7 217.5 -87.4 -180.8 -374.4
1908 Sigma.int -2.3 86.7 213.5 -82.5 -175.4 -368.8
1909 Mski 0.8 90.3 216.2 -86.5 -179.4 -372.8
1910 FD 2.7 92.5 217.7 -90.5 -183.4 -376.8
1912 Orange 4.8 94.5 219.7 -94.5 -187.4 -380.8
1914 rox.KIS 6.6 96.3 221.7 -98.5 -191.4 -384.8
1917 Orange 8.6 97.9 223.4 -102.5 -195.4 -388.8
1918 Orange 10.7 99.8 225.3 -106.5 -199.4 -392.8
1920 Mski 6.7 95.8 221.3 -98.2 -192.9 -386.8
1921 VP 9.2 98.2 223.6 -102.2 -196.9 -390.8
1922 VP 5.2 94.2 219.6 -97.3 -192.1 -386.4
1923 VP 6.7 95.9 221.4 -101.3 -196.1 -390.4
1924 Sigma.int 9.0 98.6 223.1 -105.3 -200.1 -394.4
1925 PR 10.7 100.2 224.5 -109.3 -204.1 -398.4
1926 PR 13.3 102.3 226.7 -113.3 -208.1 -402.4
1927 Titan 14.9 104.1 227.9 -117.3 -212.1 -406.4
1929 MVP 16.2 105.6 229.7 -121.3 -216.1 -410.4
1930 Alliance 18.3 107.7 232.1 -125.3 -220.1 -414.4
1931 Swage 14.3 103.7 228.1 -117.3 -212.8 -407.8
1932 Empire 14.3 103.7 228.1 -117.3 -212.8 -407.8
1933 Alliance 16.5 105.9 230.5 -121.3 -216.8 -411.8
1934 Sigma.int 12.5 101.9 226.5 -110.3 -205.4 -401.2
1936 Alliance 14.3 103.9 228.2 -114.3 -209.4 -405.2
1937 Na'Vi 16.1 105.9 230.4 -118.3 -213.4 -409.2
1938 DK 18.6 108.6 233.3 -122.3 -217.4 -413.2
1939 Na'Vi 20.3 110.5 234.7 -126.3 -221.4 -417.2
1940 Na'Vi 16.3 106.5 230.7 -121.1 -217.1 -412.9
1941 Zephyr 18.4 109.1 231.9 -125.1 -221.1 -416.9
1942 VP 21.8 112.0 234.8 -129.1 -225.1 -420.9
1943 PR 23.7 113.9 237.0 -133.1 -229.1 -424.9
1944 VP 25.6 116.0 238.5 -137.1 -233.1 -428.9
1946 PR 21.6 112.0 234.5 -130.5 -226.0 -422.3
1947 Relax 17.6 108.0 230.5 -123.5 -219.1 -416.2
1949 EOT.Ham. 13.6 104.0 226.5 -112.6 -209.8 -408.2
1955 Life 16.4 107.5 228.2 -116.6 -213.8 -412.2
1956 rox.KIS 18.0 108.9 229.7 -120.6 -217.8 -416.2
1960 Empire 19.7 110.7 231.9 -124.6 -221.8 -420.2
1962 Fnatic.eu 22.0 113.1 234.3 -128.6 -225.8 -424.2
1963 Life 18.0 109.1 230.3 -119.2 -216.2 -417.3
1965 Relax 19.7 111.1 231.9 -123.2 -220.2 -421.3
1966 Speed 22.5 114.4 235.6 -127.2 -224.2 -425.3
1968 Denial 24.8 117.0 238.5 -131.2 -228.2 -429.3
1969 hehe 27.7 120.4 242.2 -135.2 -232.2 -433.3
1970 hehe 29.8 122.5 244.1 -139.2 -236.2 -437.3
1972 PR 25.8 118.5 240.1 -129.2 -227.7 -421.8
1974 bvd.dotA 21.8 114.5 236.1 -124.0 -222.8 -418.5
1976 Relax 17.8 110.5 232.1 -118.8 -218.0 -411.5
1977 Empire 13.8 106.5 228.1 -113.9 -213.1 -407.0
1978 eHug 16.7 109.9 229.6 -117.9 -217.1 -411.0
1979 Empire 19.0 112.7 232.7 -121.9 -221.1 -415.0
1980 Empire 22.4 116.9 237.2 -125.9 -225.1 -419.0
1983 SADBOYS 18.4 112.9 233.2 -118.8 -216.5 -410.4
1985 SADBOYS 14.4 108.9 229.2 -109.0 -207.8 -400.1
1986 eHug 10.4 104.9 225.2 -102.9 -201.7 -394.2
1987 Empire 6.4 100.9 221.2 -96.6 -196.2 -386.2
1988 Liquid 2.4 96.9 217.2 -89.1 -189.6 -379.6
1991 PR 4.4 99.0 219.4 -93.1 -193.6 -383.6
1993 Liquid 7.5 102.4 223.1 -97.1 -197.6 -387.6
1994 Fnatic.eu 3.5 98.4 219.1 -92.6 -193.6 -383.7
1995 SADBOYS 5.0 100.4 221.6 -96.6 -197.6 -387.7
1996 TR 1.0 96.4 217.6 -88.6 -190.1 -380.8
2000 UG -3.0 92.4 213.6 -83.5 -185.2 -375.4
2002 Swage -0.1 95.5 215.2 -87.5 -189.2 -379.4
2003 Empire -4.1 91.5 211.2 -81.3 -183.8 -370.9
2004 Empire -1.2 94.4 214.6 -85.3 -187.8 -374.9
2005 5inQ 1.4 97.3 216.1 -89.3 -191.8 -378.9
2006 Empire -2.6 93.3 212.1 -85.2 -187.8 -372.9
2008 SADBOYS -6.6 89.3 208.1 -77.9 -180.7 -365.8
2009 Fnatic.eu -5.1 91.0 209.4 -81.9 -184.7 -369.8
2010 Na'Vi -3.6 92.6 211.0 -85.9 -188.7 -373.8
2011 PR -7.6 88.6 207.0 -80.3 -184.0 -369.3
2013 Empire -5.3 90.9 209.3 -84.3 -188.0 -373.3
2016 Revenge -3.4 92.9 211.4 -88.3 -192.0 -377.3
2018 Fnatic.eu -7.4 88.9 207.4 -79.4 -182.5 -368.5
2019 Na'Vi -6.0 90.3 209.0 -83.4 -186.5 -372.5
2020 PR -4.2 92.2 211.0 -87.4 -190.5 -376.5
2025 D4D -1.1 95.4 213.3 -91.4 -194.5 -380.5
2026 Execration 0.9 97.7 215.9 -95.4 -198.5 -384.5
2028 Next.kz -3.1 93.7 211.9 -87.0 -190.9 -377.5
2030 Empire 0.4 97.1 215.4 -91.0 -194.9 -381.5
2031 Sigma.int -3.6 93.1 211.4 -84.6 -188.4 -374.9
2033 eHug -7.6 89.1 207.4 -78.1 -181.7 -368.3
2034 Denial -11.6 85.1 203.4 -67.8 -171.8 -357.9
2036 Zephyr -8.6 88.4 206.9 -71.8 -175.8 -361.9
2038 SADBOYS -4.5 92.6 210.2 -75.8 -179.8 -365.9
2039 Speed -8.5 88.6 206.2 -69.4 -173.4 -359.4
2043 Liquid -6.0 91.2 207.5 -73.4 -177.4 -363.4
2044 Arrow -3.7 94.0 208.9 -77.4 -181.4 -367.4
2046 Empire -0.2 97.5 212.5 -81.4 -185.4 -371.4
2047 Empire 1.5 99.5 213.8 -85.4 -189.4 -375.4
2048 Arrow 3.2 101.6 214.8 -89.4 -193.4 -379.4
2049 GL 5.3 103.9 216.4 -93.4 -197.4 -383.4
2051 Nullis 7.3 106.0 218.7 -97.4 -201.4 -387.4
2052 Nullis 3.3 102.0 214.7 -89.6 -194.3 -378.5
2056 bvd.dotA 4.8 103.7 216.8 -93.6 -198.3 -382.5
2057 Aura 7.0 106.1 219.4 -97.6 -202.3 -386.5
2060 Fnatic.eu 3.0 102.1 215.4 -93.0 -198.1 -382.5
2062 PR -1.0 98.1 211.4 -86.5 -191.9 -376.6
2069 VP -5.0 94.1 207.4 -80.2 -186.1 -370.6
2070 rox.KIS -9.0 90.1 203.4 -73.1 -179.6 -360.9
2071 Cloud9 -5.9 93.5 205.5 -77.1 -183.6 -364.9
2072 About -9.9 89.5 201.5 -69.7 -176.5 -357.2
2073 4FC -8.1 91.6 203.0 -73.7 -180.5 -361.2
2074 vhoul -12.1 87.6 199.0 -63.3 -170.8 -354.3
2075 Liquid -16.1 83.6 195.0 -56.1 -164.8 -345.2
2078 Empire -13.6 86.2 197.0 -60.1 -168.8 -349.2
2079 Empire -12.0 88.1 199.1 -64.1 -172.8 -353.2
2084 hehe -16.0 84.1 195.1 -59.5 -168.0 -348.7
2085 Next.kz -12.9 87.1 199.8 -63.5 -172.0 -352.7
2086 PssT -16.9 83.1 195.8 -56.2 -166.2 -344.1
2088 SADBOYS -13.8 86.8 198.2 -60.2 -170.2 -348.1
2091 Zephyr -11.0 89.7 201.3 -64.2 -174.2 -352.1
2092 Empire -15.0 85.7 197.3 -59.9 -169.8 -347.8
2093 rox.KIS -13.2 87.6 198.5 -63.9 -173.8 -351.8
2094 Insane -17.2 83.6 194.5 -56.1 -166.8 -345.6
2096 neXt! -21.2 79.6 190.5 -50.3 -161.4 -341.2
2099 rox.KIS -19.2 81.5 192.4 -54.3 -165.4 -345.2
2101 ZR -16.1 85.1 194.5 -58.3 -169.4 -349.2
2102 MYM -14.5 86.8 196.4 -62.3 -173.4 -353.2
2103 JnRun -18.5 82.8 192.4 -57.6 -168.6 -348.3
2104 Arrow -22.5 78.8 188.4 -48.6 -159.7 -340.4
2105 Mongolz -19.0 82.4 190.9 -52.6 -163.7 -344.4
2106 Panthers -16.5 85.1 194.0 -56.6 -167.7 -348.4
2112 DUZA -14.0 87.7 196.6 -60.6 -171.7 -352.4
2113 TCN -12.4 89.7 197.7 -64.6 -175.7 -356.4
2114 VP -9.7 92.7 200.9 -68.6 -179.7 -360.4
2115 Mongolz -13.7 88.7 196.9 -62.2 -172.9 -354.0
2117 Titan -11.6 91.2 198.4 -66.2 -176.9 -358.0
2122 4FC -8.3 94.4 201.3 -70.2 -180.9 -362.0
2124 neXt! -12.3 90.4 197.3 -63.8 -174.0 -354.8
2126 ZR -10.1 92.7 199.4 -67.8 -178.0 -358.8
2128 Alliance -8.5 94.4 201.0 -71.8 -182.0 -362.8
2129 vhoul -6.0 97.1 202.8 -75.8 -186.0 -366.8
2132 Fnatic.eu -4.3 98.8 204.4 -79.8 -190.0 -370.8
2135 rox.KIS -2.3 101.0 206.9 -83.8 -194.0 -374.8
2136 Swage -0.6 102.9 208.7 -87.8 -198.0 -378.8
2137 Revenge 1.1 104.7 209.9 -91.8 -202.0 -382.8
2139 eHug 2.8 106.5 211.4 -95.8 -206.0 -386.8
2140 PssT -1.2 102.5 207.4 -88.4 -198.0 -379.5
2141 WWD 0.3 104.0 209.2 -92.4 -202.0 -383.5
2142 MVP.P 3.8 106.8 212.0 -96.4 -206.0 -387.5
2143 MiTH 5.3 108.3 213.3 -100.4 -210.0 -391.5
2146 Fnatic.eu 7.2 110.4 215.0 -104.4 -214.0 -395.5
2148 PR 3.2 106.4 211.0 -92.4 -204.2 -387.3
2149 Sigma.int 4.8 108.1 212.9 -96.4 -208.2 -391.3
2150 VP 0.8 104.1 208.9 -91.6 -203.7 -386.2
2151 Insane -3.2 100.1 204.9 -86.8 -198.6 -380.9
2152 Relax -7.2 96.1 200.9 -76.6 -188.9 -371.2
2154 ZR -11.2 92.1 196.9 -70.9 -183.4 -366.3
2155 MYM -9.5 93.7 198.8 -74.9 -187.4 -370.3
2158 Denial -13.5 89.7 194.8 -65.1 -178.1 -358.3
2160 Dog -12.1 91.5 196.8 -69.1 -182.1 -362.3
2161 Osiris -16.1 87.5 192.8 -61.3 -175.1 -358.4
2164 Puck -20.1 83.5 188.8 -55.0 -168.1 -351.6
2166 DUZA -24.1 79.5 184.8 -47.6 -161.1 -345.1
2167 Scythe -21.3 82.7 186.5 -51.6 -165.1 -349.1
2168 Dignotoss -18.4 86.3 190.3 -55.6 -169.1 -353.1
2169 WWD -16.1 89.0 191.6 -59.6 -173.1 -357.1
2170 ZR -20.1 85.0 187.6 -50.5 -163.4 -348.2
2171 Relax -18.3 86.8 189.4 -54.5 -167.4 -352.2
2176 neXt! -22.3 82.8 185.4 -48.1 -161.6 -346.7
2177 Dog -20.9 84.6 187.8 -52.1 -165.6 -350.7
2179 PR -18.5 87.2 189.6 -56.1 -169.6 -354.7
2180 Puck -22.5 83.2 185.6 -49.2 -163.5 -346.3
2182 MM -19.8 86.1 187.2 -53.2 -167.5 -350.3
2183 4N -23.8 82.1 183.2 -48.3 -162.6 -345.6
2184 Swage -27.8 78.1 179.2 -43.7 -158.9 -340.5
2186 RRQ -31.8 74.1 175.2 -38.0 -153.9 -332.7
2189 Dignotoss -35.8 70.1 171.2 -33.2 -149.3 -326.7
2191 Orange -33.7 72.2 173.3 -37.2 -153.3 -330.7
2192 PR -37.7 68.2 169.3 -30.3 -147.1 -325.5
2193 Na'Vi -35.8 69.9 171.0 -34.3 -151.1 -329.5
2194 Zephyr -33.1 72.7 173.3 -38.3 -155.1 -333.5
2196 Dog -37.1 68.7 169.3 -34.6 -150.3 -328.2
2201 eN.Legs -34.9 70.9 171.5 -38.6 -154.3 -332.2
2202 neXt! -32.5 73.4 173.8 -42.6 -158.3 -336.2
2203 BIP -29.9 76.4 175.5 -46.6 -162.3 -340.2
2204 Osiris -33.9 72.4 171.5 -37.3 -152.7 -331.2
2206 Mski -33.9 72.4 171.5 -37.3 -152.7 -331.2
2207 PR -37.9 68.4 167.5 -32.8 -148.1 -326.9
2209 DT.NGC -41.9 64.4 163.5 -27.5 -143.0 -322.6
2215 ADN -45.9 60.4 159.5 -18.4 -133.3 -315.8
2216 Alliance -44.4 62.1 161.2 -22.4 -137.3 -319.8
2218 VP -48.4 58.1 157.2 -12.9 -129.1 -312.1
2219 rox.KIS -52.4 54.1 153.2 -7.5 -123.9 -307.0
2223 Sigma.int -48.6 57.8 157.1 -11.5 -127.9 -311.0
2225 Empire -52.6 53.8 153.1 -5.8 -120.5 -303.3
2226 Empire -56.6 49.8 149.1 4.1 -110.6 -296.9
2230 Orange -54.4 51.9 151.3 0.1 -114.6 -300.9
2231 Arrow -52.4 54.3 153.0 -3.9 -118.6 -304.9
2232 Relax -48.7 57.3 155.8 -7.9 -122.6 -308.9
2233 CIS -46.0 60.3 158.5 -11.9 -126.6 -312.9
2234 5inQ -43.4 62.4 160.7 -15.9 -130.6 -316.9
2237 Execration -41.8 64.0 162.4 -19.9 -134.6 -320.9
2238 FD -40.3 65.7 163.9 -23.9 -138.6 -324.9
2239 Orange -44.3 61.7 159.9 -11.8 -129.5 -317.1
2240 Spirit -48.3 57.7 155.9 -4.0 -121.7 -308.0
2244 EG -46.7 59.7 156.8 -8.0 -125.7 -312.0
2245 MYM -43.9 62.7 160.1 -12.0 -129.7 -316.0
2246 Execration -40.0 66.6 163.0 -16.0 -133.7 -320.0
2247 Cloud9 -36.8 70.3 165.0 -20.0 -137.7 -324.0
2248 DT.NGC -35.1 72.3 167.4 -24.0 -141.7 -328.0
2250 Execration -39.1 68.3 163.4 -19.1 -136.7 -323.5
2252 FD -36.8 70.7 165.3 -23.1 -140.7 -327.5
2254 Fnatic.eu -33.9 73.7 168.5 -27.1 -144.7 -331.5
2255 rox.KIS -31.4 76.1 170.9 -31.1 -148.7 -335.5
2258 Arrow -35.4 72.1 166.9 -22.8 -141.9 -329.8
2259 VG -32.7 74.9 168.7 -26.8 -145.9 -333.8
2262 Mski -30.7 77.1 170.4 -30.8 -149.9 -337.8
2263 Cloud9 -28.5 79.7 173.3 -34.8 -153.9 -341.8
2269 Na'Vi -26.7 81.6 175.0 -38.8 -157.9 -345.8
2270 RRQ -30.7 77.6 171.0 -31.4 -150.6 -338.8
2271 Titan -28.9 79.5 172.8 -35.4 -154.6 -342.8
2272 Arrow -25.9 83.1 176.8 -39.4 -158.6 -346.8
2274 LGD.cn -24.0 85.4 178.1 -43.4 -162.6 -350.8
2279 DUZA -22.5 87.0 179.4 -47.4 -166.6 -354.8
2281 Titan -19.9 89.1 181.4 -51.4 -170.6 -358.8
2283 Fnatic.eu -18.2 91.0 183.3 -55.4 -174.6 -362.8
2286 Cloud9 -15.5 93.6 186.8 -59.4 -178.6 -366.8
2287 VG -19.5 89.6 182.8 -53.8 -173.0 -363.1
2288 EG -23.5 85.6 178.8 -44.3 -163.3 -355.3
2289 DT.NGC -27.5 81.6 174.8 -33.8 -151.8 -349.4
2290 Orange -31.5 77.6 170.8 -24.6 -143.4 -341.6
2291 Na'Vi -29.1 80.0 173.9 -28.6 -147.4 -345.6
2292 Na'Vi -27.6 81.4 175.4 -32.6 -151.4 -349.6
