0 0 0.0 0.0 0.0 0.0 0.0 0.0
14 Alliance -4.0 -4.0 -4.0 4.7 4.7 4.1
15 Fnatic -0.5 -0.5 -1.5 0.7 0.7 0.1
16 Empire -4.5 -4.5 -5.5 5.3 5.6 5.1
17 Turtle -1.9 -2.0 -2.7 1.3 1.6 1.1
19 Empire -0.4 -0.1 -0.8 -2.7 -2.4 -2.9
22 Dignitas 3.1 3.3 2.8 -6.7 -6.4 -6.9
26 Empire -0.9 -0.7 -1.2 3.7 2.1 0.9
28 Quantic -4.9 -4.7 -5.2 10.3 9.2 7.5
31 Liquid -3.2 -2.8 -3.1 6.3 5.2 3.5
33 Dignitas -7.2 -6.8 -7.1 10.5 8.9 7.9
34 EG -11.2 -10.8 -11.1 18.7 15.8 14.4
36 Next.kz -11.2 -10.8 -11.1 18.7 15.8 14.4
37 mouz -15.2 -14.8 -15.1 23.4 19.8 18.7
39 VP -19.2 -18.8 -19.1 29.3 25.9 24.2
40 Fnatic.eu -17.8 -16.8 -17.1 25.3 21.9 20.2
42 Liquid -21.8 -20.8 -21.1 31.0 27.5 25.1
43 mouz -20.2 -18.9 -19.2 27.0 23.5 21.1
44 Quantic -18.8 -17.0 -17.1 23.0 19.5 17.1
45 Quantic -16.8 -14.6 -14.8 19.0 15.5 13.1
46 GU.pe -13.3 -10.8 -10.8 15.0 11.5 9.1
47 VP -17.3 -14.8 -14.8 19.7 16.0 12.9
48 VP -15.9 -13.2 -12.7 15.7 12.0 8.9
51 Liquid -19.9 -17.2 -16.7 26.8 21.6 16.5
52 Fnatic.eu -23.9 -21.2 -20.7 30.9 25.9 20.8
53 VP -27.9 -25.2 -24.7 41.5 34.6 28.9
54 4FC -25.3 -22.0 -21.2 37.5 30.6 24.9
55 mouz -21.5 -18.5 -17.4 33.5 26.6 20.9
57 Dignitas -19.8 -16.3 -15.0 29.5 22.6 16.9
59 VP -23.8 -20.3 -19.0 40.9 31.5 25.2
63 EG -27.8 -24.3 -23.0 46.5 36.4 30.1
64 iM`Bashers -23.9 -20.5 -19.2 42.5 32.4 26.1
65 VnR.Alpha -20.2 -17.0 -15.8 38.5 28.4 22.1
67 Ptd.Bravo -24.2 -21.0 -19.8 43.2 33.6 26.7
69 Dignitas -21.5 -18.2 -17.0 39.2 29.6 22.7
70 Quantic -18.4 -15.4 -13.8 35.2 25.6 18.7
71 Liquid -17.0 -13.8 -11.9 31.2 21.6 14.7
72 Neo.int -21.0 -17.8 -15.9 36.1 27.0 19.6
74 Dignitas -25.0 -21.8 -19.9 42.8 33.1 25.7
75 Fnatic.eu -23.7 -20.3 -18.1 38.8 29.1 21.7
76 eN.Legs -21.3 -17.1 -14.7 34.8 25.1 17.7
77 VnR.Alpha -18.7 -15.2 -12.0 30.8 21.1 13.7
78 Fnatic.eu -22.7 -19.2 -16.0 35.5 25.7 18.3
79 Na'Vi -19.7 -16.2 -13.1 31.5 21.7 14.3
80 Liquid -23.7 -20.2 -17.1 39.0 29.6 20.4
81 Neo.int -21.2 -18.2 -14.8 35.0 25.6 16.4
82 Orange -25.2 -22.2 -18.8 42.7 33.2 23.6
83 s4 -29.2 -26.2 -22.8 46.5 38.4 29.0
84 Liquid -33.2 -30.2 -26.8 50.9 43.0 33.1
85 Fnatic.eu -29.9 -26.9 -23.4 46.9 39.0 29.1
88 Liquid -33.9 -30.9 -27.4 52.6 44.6 34.3
89 Liquid -32.4 -29.2 -25.6 48.6 40.6 30.3
90 VP -36.4 -33.2 -29.6 53.1 44.8 35.0
91 Liquid -33.1 -30.3 -26.8 49.1 40.8 31.0
92 Ptd.Bravo -33.1 -30.3 -26.8 49.1 40.8 31.0
93 Na'Vi -31.5 -28.5 -24.8 45.1 36.8 27.0
94 Fnatic.eu -27.8 -24.7 -20.9 41.1 32.8 23.0
95 Na'Vi -26.1 -22.8 -18.8 37.1 28.8 19.0
96 Empire -23.9 -20.5 -16.3 33.1 24.8 15.0
99 VP -21.2 -17.6 -13.1 29.1 20.8 11.0
100 Liquid -19.1 -15.4 -10.7 25.1 16.8 7.0
101 3D -16.7 -12.4 -7.6 21.1 12.8 3.0
102 Dignitas -20.7 -16.4 -11.6 26.5 18.3 8.6
103 Fnatic.eu -16.9 -12.9 -8.2 22.5 14.3 4.6
104 PtD.Alpha -15.2 -11.0 -6.2 18.5 10.3 0.6
105 Liquid -12.5 -8.3 -3.3 14.5 6.3 -3.4
106 Dignitas -10.2 -5.8 -0.5 10.5 2.3 -7.4
107 iM`Bashers -8.0 -2.9 2.4 6.5 -1.7 -11.4
108 ASF.R5 -6.6 -1.2 4.1 2.5 -5.7 -15.4
111 Fnatic.eu -4.6 1.3 6.7 -1.5 -9.7 -19.4
113 Fnatic.eu -3.0 3.0 9.0 -5.5 -13.7 -23.4
114 Fnatic.eu -7.0 -1.0 5.0 0.5 -8.1 -17.6
119 Fnatic.eu -5.7 0.7 6.9 -3.5 -12.1 -21.6
120 Na'Vi -2.3 4.4 10.7 -7.5 -16.1 -25.6
121 eN.Legs -0.8 6.2 13.0 -11.5 -20.1 -29.6
122 mouz 2.7 9.9 16.5 -15.5 -24.1 -33.6
125 Empire 5.2 12.5 19.3 -19.5 -28.1 -37.6
126 rox.KIS 1.2 8.5 15.3 -12.3 -21.0 -31.6
128 ASF.R5 -2.8 4.5 11.3 -2.4 -12.4 -24.2
130 Alliance -6.8 0.5 7.3 7.3 -4.3 -16.5
131 Na'Vi -3.1 4.2 11.4 3.3 -8.3 -20.5
132 Alliance -7.1 0.2 7.4 11.9 -1.6 -14.0
137 Na'Vi -4.4 3.1 10.2 7.9 -5.6 -18.0
140 CastersEN -8.4 -0.9 6.2 12.7 1.33226762955e-14 -12.2
141 mouz -6.0 1.7 8.9 8.7 -4.0 -16.2
142 Alliance -10.0 -2.3 4.9 13.9 0.8 -11.5
144 mouz -14.0 -6.3 0.9 19.3 5.8 -6.6
145 Alliance -10.8 -3.0 4.1 15.3 1.8 -10.6
146 Liquid -8.4 -0.5 6.9 11.3 -2.2 -14.6
147 4FC -12.4 -4.5 2.9 16.8 3.3 -8.9
148 Empire -9.7 -1.6 6.0 12.8 -0.7 -12.9
150 Fnatic.eu -9.7 -1.6 6.0 12.8 -0.7 -12.9
151 EG -13.7 -5.6 2.0 22.3 7.6 -4.9
152 Alliance -10.7 -2.4 5.2 18.3 3.6 -8.9
153 Liquid -14.7 -6.4 1.2 25.1 11.1 -1.3
154 VP -12.2 -4.0 3.6 21.1 7.1 -5.3
155 iG -10.2 -1.7 6.1 17.1 3.1 -9.3
157 Fnatic.eu -7.9 0.6 8.4 13.1 -0.9 -13.3
158 WH?Dota2 -7.9 0.6 8.4 13.1 -0.9 -13.3
159 VP -11.9 -3.4 4.4 21.1 6.2 -7.3
161 Empire -15.9 -7.4 0.4 26.7 11.7 -1.9
162 rox.KIS -14.0 -5.5 2.4 22.7 7.7 -5.9
163 Lounge -11.4 -2.8 5.3 18.7 3.7 -9.9
165 eN.Legs -9.6 -0.9 7.6 14.7 -0.3 -13.9
166 Fnatic.eu -7.6 1.2 9.9 10.7 -4.3 -17.9
172 Liquid -6.0 2.8 11.6 6.7 -8.3 -21.9
173 VP -4.0 5.1 14.1 2.7 -12.3 -25.9
176 Alliance -1.6 8.0 17.2 -1.3 -16.3 -29.9
178 Dignitas 1.0 11.3 20.6 -5.3 -20.3 -33.9
179 Liquid -3.0 7.3 16.6 4.5 -11.5 -25.8
180 Empire -7.0 3.3 12.6 16.8 -1.9 -17.5
182 Empire -4.6 6.0 15.5 12.8 -5.9 -21.5
183 Fnatic.eu -8.6 2.0 11.5 20.3 0.6 -15.2
184 WH?Dota2 -5.4 5.5 15.0 16.3 -3.4 -19.2
186 Alliance -3.7 7.4 17.0 12.3 -7.4 -23.2
187 VP -7.7 3.4 13.0 19.3 -0.9 -17.3
188 LGD.cn -11.7 -0.6 9.0 24.3 4.4 -12.0
189 Dignitas -15.7 -4.6 5.0 31.0 10.7 -6.2
190 Alliance -19.7 -8.6 1.0 36.8 16.2 -0.7
191 Liquid -23.7 -12.6 -3.0 41.9 21.7 4.7
192 VP -27.7 -16.6 -7.0 46.7 26.0 8.8
193 VP -31.7 -20.6 -11.0 52.2 31.3 13.9
194 Alliance -30.0 -18.7 -9.0 48.2 27.3 9.9
195 Dignitas -34.0 -22.7 -13.0 53.8 33.6 17.6
196 Orange -38.0 -26.7 -17.0 63.0 42.2 25.7
198 iG -36.7 -25.1 -15.1 59.0 38.2 21.7
199 Dignitas -40.7 -29.1 -19.1 64.1 43.3 26.8
200 VP -36.9 -25.5 -15.5 60.1 39.3 22.8
201 Orange -33.9 -22.2 -12.0 56.1 35.3 18.8
202 Alliance -31.3 -19.5 -9.2 52.1 31.3 14.8
203 Alliance -28.0 -16.1 -5.7 48.1 27.3 10.8
204 Fnatic.eu -32.0 -20.1 -9.7 52.3 31.7 15.2
205 Fnatic.eu -36.0 -24.1 -13.7 58.1 37.5 20.9
206 LGD.cn -34.2 -22.3 -11.8 54.1 33.5 16.9
207 Alliance -32.4 -20.3 -9.5 50.1 29.5 12.9
209 Liquid -30.8 -18.4 -7.3 46.1 25.5 8.9
210 LGD.cn -27.9 -15.8 -4.7 42.1 21.5 4.9
211 Liquid -25.3 -12.8 -1.5 38.1 17.5 0.9
212 Dignitas -29.3 -16.8 -5.5 44.2 23.7 6.9
213 DK -33.3 -20.8 -9.5 53.1 32.6 15.4
214 Dignitas -29.7 -16.9 -5.6 49.1 28.6 11.4
215 Liquid -27.4 -14.4 -3.1 45.1 24.6 7.4
216 Liquid -31.4 -18.4 -7.1 52.5 31.4 14.1
217 DK -28.0 -15.5 -4.3 48.5 27.4 10.1
218 Fnatic.eu -25.8 -13.4 -2.1 44.5 23.4 6.1
219 Dignitas -24.1 -11.6 -0.1 40.5 19.4 2.1
220 Fnatic.eu -22.4 -9.8 1.9 36.5 15.4 -1.9
221 Alliance -20.8 -8.0 3.9 32.5 11.4 -5.9
222 Dignitas -20.8 -8.0 3.9 32.5 11.4 -5.9
224 mouz -24.8 -12.0 -0.1 41.8 20.5 2.3
227 Kaipi -28.8 -16.0 -4.1 50.9 28.7 9.4
229 Liquid -32.8 -20.0 -8.1 61.1 37.5 17.3
230 VP -30.6 -17.5 -5.4 57.1 33.5 13.3
231 Na'Vi -29.1 -15.9 -3.6 53.1 29.5 9.3
232 Alliance -26.4 -13.0 -0.5 49.1 25.5 5.3
233 mouz -24.8 -11.3 1.4 45.1 21.5 1.3
234 rox.KIS -23.3 -9.6 3.2 41.1 17.5 -2.7
237 Na'Vi -21.6 -7.8 5.1 37.1 13.5 -6.7
238 rox.KIS -19.0 -5.1 8.0 33.1 9.5 -10.7
239 Na'Vi -17.6 -3.5 9.8 29.1 5.5 -14.7
242 EG -21.6 -7.5 5.8 37.5 13.6 -7.0
243 Alliance -19.2 -4.9 8.6 33.5 9.6 -11.0
244 Alliance -17.3 -2.7 11.3 29.5 5.6 -15.0
247 Dignitas -14.6 0.7 14.9 25.5 1.6 -19.0
248 Liquid -13.0 2.4 16.7 21.5 -2.4 -23.0
249 Fnatic.eu -10.0 5.2 19.6 17.5 -6.4 -27.0
250 Alliance -14.0 1.2 15.6 24.7 0.9 -20.3
251 Alliance -12.5 2.9 17.4 20.7 -3.1 -24.3
252 VP -16.5 -1.1 13.4 27.5 2.8 -18.8
254 EG -20.5 -5.1 9.4 35.3 10.1 -12.3
255 Na'Vi -18.8 -3.2 11.6 31.3 6.1 -16.3
256 Alliance -17.2 -1.3 13.6 27.3 2.1 -20.3
257 Liquid -13.9 2.2 17.2 23.3 -1.9 -24.3
258 Alliance -12.4 3.9 19.1 19.3 -5.9 -28.3
259 Liquid -9.3 7.2 22.6 15.3 -9.9 -32.3
260 Alliance -7.7 9.0 24.5 11.3 -13.9 -36.3
261 Liquid -5.4 11.6 27.2 7.3 -17.9 -40.3
263 Prodota.ru -9.4 7.6 23.2 11.3 -13.8 -36.3
264 Lounge -13.4 3.6 19.2 16.9 -8.4 -31.0
265 Lounge -13.4 3.6 19.2 16.9 -8.4 -31.0
267 mouz -10.0 7.4 23.1 12.9 -12.4 -35.0
269 EG -14.0 3.4 19.1 19.0 -6.8 -29.6
270 Liquid -12.5 5.1 21.0 15.0 -10.8 -33.6
274 Liquid -11.1 6.8 22.9 11.0 -14.8 -37.6
277 Na'Vi -9.4 8.8 25.3 7.0 -18.8 -41.6
279 Dignitas -8.0 10.5 27.3 3.0 -22.8 -45.6
281 EG -12.0 6.5 23.3 11.1 -15.8 -39.4
284 Liquid -9.9 8.9 25.9 7.1 -19.8 -43.4
285 rox.KIS -6.9 12.1 29.3 3.1 -23.8 -47.4
286 Dignitas -5.4 13.7 31.0 -0.9 -27.8 -51.4
289 Dignitas -3.5 16.0 33.4 -4.9 -31.8 -55.4
290 Na'Vi -1.3 18.3 35.9 -8.9 -35.8 -59.4
291 Alliance 0.1 19.9 37.8 -12.9 -39.8 -63.4
292 rox.KIS -3.9 15.9 33.8 -4.5 -32.4 -56.6
295 Quantic -7.9 11.9 29.8 0.4 -26.9 -51.1
296 Quantic -5.0 15.0 33.0 -3.6 -30.9 -55.1
297 rox.KIS -3.5 16.8 35.0 -7.6 -34.9 -59.1
298 Zenith -1.6 18.8 37.2 -11.6 -38.9 -63.1
299 rox.KIS 0.4 20.9 39.4 -15.6 -42.9 -67.1
302 EG 2.3 23.1 41.9 -19.6 -46.9 -71.1
303 QPandas -1.7 19.1 37.9 -13.4 -41.2 -65.9
305 mouz 0.3 21.3 40.3 -17.4 -45.2 -69.9
307 rox.KIS -3.7 17.3 36.3 -9.1 -38.6 -64.2
308 Quantic -7.7 13.3 32.3 -3.3 -33.6 -59.5
311 Quantic -11.7 9.3 28.3 0.8 -28.9 -54.8
312 mouz -15.7 5.3 24.3 6.4 -23.4 -49.2
313 mouz -19.7 1.3 20.3 12.9 -17.1 -43.3
314 VP -18.3 2.9 22.1 8.9 -21.1 -47.3
315 Liquid -16.6 4.7 24.0 4.9 -25.1 -51.3
318 mouz -13.7 7.9 27.3 0.9 -29.1 -55.3
320 EG -17.7 3.9 23.3 5.4 -24.5 -50.9
322 RS -16.2 5.7 25.4 1.4 -28.5 -54.9
323 TongFu -20.2 1.7 21.4 6.9 -23.0 -49.4
325 RS -17.7 4.6 24.4 2.9 -27.0 -53.4
326 PR -21.7 0.6 20.4 13.0 -17.6 -44.8
327 rox.KIS -25.7 -3.4 16.4 23.0 -8.9 -36.9
328 4FC -29.7 -7.4 12.4 29.3 -2.8 -31.1
329 RAT -26.6 -3.6 16.3 25.3 -6.8 -35.1
331 EG -30.6 -7.6 12.3 34.0 1.4 -27.5
332 RStars -28.0 -4.5 15.9 30.0 -2.6 -31.5
333 VG -26.6 -2.8 17.9 26.0 -6.6 -35.5
334 VP -25.2 -1.0 20.0 22.0 -10.6 -39.5
335 VP -29.2 -5.0 16.0 26.8 -6.3 -35.1
336 MiTH -26.3 -1.7 19.7 22.8 -10.3 -39.1
339 RStars -24.0 1.4 22.9 18.8 -14.3 -43.1
342 Alliance -21.2 3.9 25.5 14.8 -18.3 -47.1
343 Orange -25.2 -0.1 21.5 18.5 -14.2 -42.7
344 LGD.cn -29.2 -4.1 17.5 29.1 -4.4 -34.0
345 LGD.cn -27.4 -2.3 19.4 25.1 -8.4 -38.0
347 Orange -31.4 -6.3 15.4 33.4 -2.0 -32.2
348 Na'Vi -30.0 -4.6 17.2 29.4 -6.0 -36.2
349 Quantic -27.0 -1.3 20.9 25.4 -10.0 -40.2
351 Alliance -25.0 0.9 23.2 21.4 -14.0 -44.2
353 iG -23.3 2.8 25.3 17.4 -18.0 -48.2
354 Alliance -19.5 6.4 28.9 13.4 -22.0 -52.2
355 DK -23.5 2.4 24.9 22.3 -12.3 -43.1
357 LGD.cn -21.8 4.2 26.8 18.3 -16.3 -47.1
358 Alliance -19.8 6.3 29.0 14.3 -20.3 -51.1
359 DK -23.8 2.3 25.0 18.5 -15.7 -46.4
360 mouz -22.0 4.2 27.2 14.5 -19.7 -50.4
361 Orange -26.0 0.2 23.2 19.2 -15.3 -46.1
363 Alliance -23.9 2.3 25.3 15.2 -19.3 -50.1
365 rox.KIS -27.9 -1.7 21.3 23.5 -12.0 -43.8
366 Dignitas -31.9 -5.7 17.3 32.2 -3.1 -35.7
368 mouz -30.5 -4.1 19.2 28.2 -7.1 -39.7
370 iCCup -28.2 -1.4 22.2 24.2 -11.1 -43.7
372 Quantic -32.2 -5.4 18.2 32.7 -3.2 -36.9
374 Dignitas -36.2 -9.4 14.2 38.2 2.2 -32.0
375 VG -34.5 -7.4 16.3 34.2 -1.8 -36.0
378 VP -33.0 -5.8 18.1 30.2 -5.8 -40.0
380 4FC -30.3 -2.8 21.3 26.2 -9.8 -44.0
381 RS -27.3 0.3 24.5 22.2 -13.8 -48.0
382 Fnatic.eu -31.3 -3.7 20.5 30.6 -6.7 -41.6
383 RS -35.3 -7.7 16.5 39.9 2.5 -32.9
385 Alliance -33.0 -4.7 20.1 35.9 -1.5 -36.9
386 TM -30.0 -1.1 23.9 31.9 -5.5 -40.9
390 Na'Vi -28.6 0.5 25.7 27.9 -9.5 -44.9
391 mouz -24.8 3.9 29.1 23.9 -13.5 -48.9
393 Kaipi -28.8 -0.1 25.1 33.1 -3.6 -40.4
394 MX -26.6 2.3 27.8 29.1 -7.6 -44.4
395 LGD.cn -23.3 5.5 31.1 25.1 -11.6 -48.4
397 rox.KIS -20.8 7.6 33.3 21.1 -15.6 -52.4
399 VP -24.8 3.6 29.3 29.5 -7.6 -44.7
400 VP -28.8 -0.4 25.3 33.8 -2.8 -40.0
402 DK -32.8 -4.4 21.3 39.9 4.5 -32.9
404 MiTH -31.1 -2.5 23.4 35.9 0.5 -36.9
405 mouz -35.1 -6.5 19.4 40.5 5.4 -32.0
407 PR -33.3 -4.2 22.2 36.5 1.4 -36.0
408 TM -31.6 -2.3 24.4 32.5 -2.6 -40.0
411 Quantic -35.6 -6.3 20.4 37.9 2.4 -35.3
412 mouz -33.7 -4.2 22.7 33.9 -1.6 -39.3
418 VP -31.9 -2.4 24.8 29.9 -5.6 -43.3
420 Na'Vi -35.9 -6.4 20.8 36.9 -0.2 -38.4
421 Na'Vi -34.4 -4.8 22.6 32.9 -4.2 -42.4
422 Liquid -38.4 -8.8 18.6 37.5 0.4 -38.0
423 Quantic -35.8 -6.2 21.4 33.5 -3.6 -42.0
425 mouz -33.9 -4.1 23.7 29.5 -7.6 -46.0
426 Artyk -32.0 -1.7 26.5 25.5 -11.6 -50.0
428 Kaipi -30.4 0.3 28.9 21.5 -15.6 -54.0
429 Liquid -27.8 2.8 31.5 17.5 -19.6 -58.0
434 EG -24.3 6.3 34.9 13.5 -23.6 -62.0
436 EG -20.9 9.6 38.2 9.5 -27.6 -66.0
438 Na'Vi -18.9 11.5 40.2 5.5 -31.6 -70.0
440 Orange -16.9 14.0 42.9 1.5 -35.6 -74.0
442 Kaipi -14.8 15.9 44.9 -2.5 -39.6 -78.0
448 VP -18.8 11.9 40.9 8.6 -29.9 -69.6
449 VP -17.3 13.8 43.1 4.6 -33.9 -73.6
452 EG -15.7 15.6 45.1 0.6 -37.9 -77.6
454 Kaipi -19.7 11.6 41.1 7.2 -32.3 -72.5
455 EG -16.9 14.6 44.1 3.2 -36.3 -76.5
456 Fnatic.eu -20.9 10.6 40.1 9.2 -30.2 -70.8
457 Alliance -19.1 12.6 42.2 5.2 -34.2 -74.8
458 EG -23.1 8.6 38.2 9.8 -29.3 -70.3
459 Alliance -21.5 10.4 40.2 5.8 -33.3 -74.3
460 Kaipi -25.5 6.4 36.2 12.2 -27.5 -68.8
463 VP -22.8 8.9 38.9 8.2 -31.5 -72.8
466 iCCup -20.9 10.9 41.2 4.2 -35.5 -76.8
467 Na'Vi -19.1 13.0 43.5 0.2 -39.5 -80.8
468 Quantic -17.6 14.5 45.2 -3.8 -43.5 -84.8
469 Alliance -16.0 16.1 47.0 -7.8 -47.5 -88.8
470 mouz -13.3 18.8 49.9 -11.8 -51.5 -92.8
476 Na'Vi -11.8 20.4 51.7 -15.8 -55.5 -96.8
477 mouz -9.1 23.4 54.8 -19.8 -59.5 -100.8
478 rox.KIS -5.6 26.4 57.9 -23.8 -63.5 -104.8
481 TM -4.3 28.1 59.9 -27.8 -67.5 -108.8
482 Smeagol -2.5 30.4 62.3 -31.8 -71.5 -112.8
483 paiN -6.5 26.4 58.3 -23.2 -63.0 -105.7
487 Kaipi -4.3 29.0 61.2 -27.2 -67.0 -109.7
489 LGD.int -2.7 30.6 63.1 -31.2 -71.0 -113.7
490 paiN.int -1.55431223448e-14 33.7 66.5 -35.2 -75.0 -117.7
491 TM 1.3 35.4 68.4 -39.2 -79.0 -121.7
492 iCCup 2.6 37.0 70.2 -43.2 -83.0 -125.7
496 TongFu 4.6 39.4 72.8 -47.2 -87.0 -129.7
497 DK 0.6 35.4 68.8 -41.7 -81.8 -124.7
500 Liquid -3.4 31.4 64.8 -35.5 -74.8 -118.0
501 eLPride -7.4 27.4 60.8 -29.9 -68.4 -111.5
504 VP -5.7 29.2 62.9 -33.9 -72.4 -115.5
509 Keita -2.7 31.6 65.2 -37.9 -76.4 -119.5
510 Fnatic.eu -6.7 27.6 61.2 -33.0 -71.7 -115.3
511 Alliance -4.6 29.9 63.7 -37.0 -75.7 -119.3
515 Alliance -3.1 31.8 65.9 -41.0 -79.7 -123.3
516 Quantic 0.4 35.6 70.0 -45.0 -83.7 -127.3
517 Alliance 1.9 37.4 72.1 -49.0 -87.7 -131.3
518 Alliance 3.9 39.8 74.7 -53.0 -91.7 -135.3
519 FSid3 5.9 42.2 77.4 -57.0 -95.7 -139.3
521 LGD.int 1.9 38.2 73.4 -47.1 -87.4 -131.9
523 Na'Vi 3.6 40.0 75.4 -51.1 -91.4 -135.9
525 LGD.cn 5.5 42.0 77.7 -55.1 -95.4 -139.9
530 Orange 8.7 46.0 82.0 -59.1 -99.4 -143.9
534 EG 11.5 48.8 84.7 -63.1 -103.4 -147.9
539 Quantic 14.9 52.1 88.1 -67.1 -107.4 -151.9
540 EG 17.5 54.6 90.7 -71.1 -111.4 -155.9
542 Alliance 19.0 56.2 92.5 -75.1 -115.4 -159.9
543 VP 21.6 58.5 95.1 -79.1 -119.4 -163.9
544 EG 17.6 54.5 91.1 -68.9 -109.7 -154.8
545 Alliance 19.1 56.4 93.3 -72.9 -113.7 -158.8
546 Orange 21.6 58.5 95.4 -76.9 -117.7 -162.8
547 iG 23.5 60.3 97.3 -80.9 -121.7 -166.8
548 Liquid 26.6 63.4 100.6 -84.9 -125.7 -170.8
556 Fnatic.eu 22.6 59.4 96.6 -80.0 -121.4 -166.8
557 Liquid 18.6 55.4 92.6 -69.5 -112.4 -158.7
558 rox.KIS 20.3 57.2 94.6 -73.5 -116.4 -162.7
559 mouz 23.7 60.9 98.5 -77.5 -120.4 -166.7
561 Orange 19.7 56.9 94.5 -72.9 -115.1 -161.4
562 TongFu 21.4 58.7 96.4 -76.9 -119.1 -165.4
563 iG 24.7 62.5 100.4 -80.9 -123.1 -169.4
564 EG 20.7 58.5 96.4 -74.0 -116.5 -163.3
565 Dignitas 16.7 54.5 92.4 -69.0 -112.0 -159.2
567 mouz 19.7 57.7 95.8 -73.0 -116.0 -163.2
568 Liquid 22.4 60.3 98.5 -77.0 -120.0 -167.2
570 VP 18.4 56.3 94.5 -73.0 -115.9 -163.0
571 DK 14.4 52.3 90.5 -65.6 -108.8 -156.2
575 TongFu 10.4 48.3 86.5 -60.1 -103.5 -151.2
576 iCCup 6.4 44.3 82.5 -47.7 -93.6 -142.7
577 rox.KIS 8.4 46.4 85.0 -51.7 -97.6 -146.7
579 Alliance 11.1 49.2 88.0 -55.7 -101.6 -150.7
581 LGD.cn 13.5 52.0 91.1 -59.7 -105.6 -154.7
583 iCCup 9.5 48.0 87.1 -55.3 -101.2 -150.6
584 Alliance 11.5 50.5 89.8 -59.3 -105.2 -154.6
585 VP 13.0 52.3 91.7 -63.3 -109.2 -158.6
586 EG 9.0 48.3 87.7 -58.7 -104.4 -153.9
588 Zenith 5.0 44.3 83.7 -51.3 -96.8 -147.0
589 Alliance 7.0 46.4 86.1 -55.3 -100.8 -151.0
590 Na'Vi 8.9 48.2 88.0 -59.3 -104.8 -155.0
591 LGD.cn 11.6 51.1 91.0 -63.3 -108.8 -159.0
592 Fnatic.eu 13.4 53.1 93.1 -67.3 -112.8 -163.0
593 Quantic 15.9 55.6 95.7 -71.3 -116.8 -167.0
594 mouz 19.1 58.9 99.2 -75.3 -120.8 -171.0
595 Alliance 20.7 60.6 101.1 -79.3 -124.8 -175.0
596 mouz 23.5 63.6 104.0 -83.3 -128.8 -179.0
597 Alliance 25.3 65.5 106.0 -87.3 -132.8 -183.0
598 LGD.cn 26.8 67.2 107.9 -91.3 -136.8 -187.0
599 Na'Vi 30.3 70.2 110.8 -95.3 -140.8 -191.0
602 Alliance 31.9 72.0 112.7 -99.3 -144.8 -195.0
605 LGD.int 33.7 73.7 114.6 -103.3 -148.8 -199.0
607 Kaipi 29.7 69.7 110.6 -94.4 -140.2 -191.4
610 LGD.cn 33.5 73.0 113.9 -98.4 -144.2 -195.4
611 Denial 35.5 75.4 116.6 -102.4 -148.2 -199.4
612 Na'Vi 38.7 78.3 119.4 -106.4 -152.2 -203.4
613 Fnatic.eu 41.5 81.1 122.2 -110.4 -156.2 -207.4
614 EG 45.0 84.5 125.8 -114.4 -160.2 -211.4
616 TongFu 46.8 86.7 128.4 -118.4 -164.2 -215.4
617 VP 48.2 88.3 130.2 -122.4 -168.2 -219.4
619 iG 44.2 84.3 126.2 -117.1 -163.1 -214.4
620 DK 40.2 80.3 122.2 -112.5 -157.5 -208.3
622 Fnatic.eu 42.5 82.4 124.3 -116.5 -161.5 -212.3
623 Alliance 44.1 84.2 126.3 -120.5 -165.5 -216.3
624 Liquid 45.6 85.9 128.2 -124.5 -169.5 -220.3
625 TongFu 41.6 81.9 124.2 -118.8 -164.4 -215.6
626 iCCup 37.6 77.9 120.2 -108.0 -154.9 -207.4
627 EG 39.4 79.6 122.1 -112.0 -158.9 -211.4
629 LGD.cn 35.4 75.6 118.1 -105.1 -151.6 -204.6
630 iG 37.4 77.7 120.4 -109.1 -155.6 -208.6
632 mouz 38.9 79.4 122.3 -113.1 -159.6 -212.6
633 Liquid 42.5 83.0 126.1 -117.1 -163.6 -216.6
634 Na'Vi 45.4 85.8 128.9 -121.1 -167.6 -220.6
638 Na'Vi 48.1 88.4 131.6 -125.1 -171.6 -224.6
639 4FC 51.4 91.2 134.4 -129.1 -175.6 -228.6
641 mouz 53.5 93.8 137.2 -133.1 -179.6 -232.6
643 iG 55.8 95.9 139.5 -137.1 -183.6 -236.6
644 rox.KIS 51.8 91.9 135.5 -126.3 -173.5 -227.8
645 VP 47.8 87.9 131.5 -117.8 -165.2 -220.3
646 Fnatic.eu 50.2 90.0 133.7 -121.8 -169.2 -224.3
648 VP 51.9 92.1 136.1 -125.8 -173.2 -228.3
649 Fnatic.eu 55.3 95.5 139.7 -129.8 -177.2 -232.3
650 Fnatic.eu 51.3 91.5 135.7 -125.4 -172.6 -227.6
652 DK 47.3 87.5 131.7 -119.5 -167.0 -222.2
654 DK 49.3 90.1 134.9 -123.5 -171.0 -226.2
657 mouz 50.9 92.0 137.0 -127.5 -175.0 -230.2
659 Na'Vi 52.5 93.6 138.7 -131.5 -179.0 -234.2
661 iG 48.5 89.6 134.7 -126.0 -174.0 -229.5
662 DK 50.2 91.5 136.9 -130.0 -178.0 -233.5
663 RS 46.2 87.5 132.9 -125.5 -173.1 -229.1
665 Orange 48.6 90.1 135.9 -129.5 -177.1 -233.1
666 LGD.cn 50.9 92.8 138.8 -133.5 -181.1 -237.1
667 DK 52.7 94.7 141.0 -137.5 -185.1 -241.1
669 iNfernity 55.0 97.3 144.2 -141.5 -189.1 -245.1
672 Orange 56.6 99.0 146.1 -145.5 -193.1 -249.1
673 LGD.cn 59.6 102.3 149.6 -149.5 -197.1 -253.1
675 EG 55.6 98.3 145.6 -143.1 -190.9 -247.2
676 LGD.cn 57.4 100.2 147.8 -147.1 -194.9 -251.2
677 mouz 59.4 102.2 149.8 -151.1 -198.9 -255.2
679 Fnatic.eu 55.4 98.2 145.8 -141.4 -190.3 -247.4
680 Liquid 51.4 94.2 141.8 -134.8 -183.6 -241.7
681 Quantic 47.4 90.2 137.8 -128.1 -177.7 -236.3
682 mouz 43.4 86.2 133.8 -121.8 -171.8 -231.0
683 rox.KIS 39.4 82.2 129.8 -115.4 -166.1 -225.8
684 VP 43.2 85.8 133.6 -119.4 -170.1 -229.8
685 mouz 45.8 88.8 136.9 -123.4 -174.1 -233.8
686 VP 47.6 90.7 139.0 -127.4 -178.1 -237.8
687 VP 43.6 86.7 135.0 -121.8 -172.9 -232.7
688 VP 45.6 88.8 137.4 -125.8 -176.9 -236.7
689 Kaipi 41.6 84.8 133.4 -121.5 -172.8 -232.5
690 EG 43.5 87.2 136.0 -125.5 -176.8 -236.5
691 Liquid 45.7 89.6 138.6 -129.5 -180.8 -240.5
692 Na'Vi 47.3 91.2 140.4 -133.5 -184.8 -244.5
693 Alliance 48.9 92.9 142.3 -137.5 -188.8 -248.5
695 Alliance 50.9 95.1 144.7 -141.5 -192.8 -252.5
696 Fnatic.eu 52.5 96.7 146.5 -145.5 -196.8 -256.5
697 Kaipi 54.1 98.3 148.3 -149.5 -200.8 -260.5
701 VG 50.1 94.3 144.3 -143.4 -194.6 -254.7
704 EG 46.1 90.3 140.3 -135.4 -187.6 -248.4
706 RS 42.1 86.3 136.3 -129.9 -182.3 -243.2
707 Orange 44.0 88.2 138.4 -133.9 -186.3 -247.2
708 iCCup 40.0 84.2 134.4 -124.0 -177.4 -239.2
709 Kaipi 43.0 87.3 137.7 -128.0 -181.4 -243.2
710 VP 46.2 90.4 140.9 -132.0 -185.4 -247.2
711 mouz 48.9 93.6 144.3 -136.0 -189.4 -251.2
713 MiTH 50.6 95.5 146.5 -140.0 -193.4 -255.2
714 Dreamz 53.5 98.2 149.4 -144.0 -197.4 -259.2
715 mouz 55.0 99.9 151.3 -148.0 -201.4 -263.2
716 mouz 57.1 102.3 154.0 -152.0 -205.4 -267.2
717 mouz 60.0 105.3 157.1 -156.0 -209.4 -271.2
719 Mski 62.1 107.1 159.0 -160.0 -213.4 -275.2
720 MiTH 63.9 108.9 161.0 -164.0 -217.4 -279.2
721 Mski 59.9 104.9 157.0 -154.6 -207.3 -270.0
722 iCCup 61.8 106.9 159.3 -158.6 -211.3 -274.0
724 Kaipi 65.3 110.6 163.1 -162.6 -215.3 -278.0
725 Romania 67.0 112.6 165.4 -166.6 -219.3 -282.0
726 RS 63.0 108.6 161.4 -159.7 -212.3 -275.7
731 iG 64.6 110.5 163.5 -163.7 -216.3 -279.7
734 TongFu 67.6 113.8 166.9 -167.7 -220.3 -283.7
735 Dignitas 71.0 116.9 169.9 -171.7 -224.3 -287.7
737 Na'Vi 73.2 119.3 172.5 -175.7 -228.3 -291.7
741 TongFu 74.7 121.1 175.0 -179.7 -232.3 -295.7
743 Fnatic.eu 78.3 124.2 178.1 -183.7 -236.3 -299.7
744 Alliance 80.8 126.8 180.9 -187.7 -240.3 -303.7
750 Orange 83.4 129.9 184.1 -191.7 -244.3 -307.7
756 Dignitas 79.4 125.9 180.1 -186.3 -239.5 -303.2
758 iG 80.9 127.7 181.9 -190.3 -243.5 -307.2
759 Orange 82.5 129.5 183.9 -194.3 -247.5 -311.2
762 Na'Vi 84.6 131.5 186.1 -198.3 -251.5 -315.2
770 LGD.cn 86.2 133.2 187.9 -202.3 -255.5 -319.2
772 DK 82.2 129.2 183.9 -196.8 -249.6 -313.8
774 TongFu 78.2 125.2 179.9 -190.2 -243.4 -308.1
775 Liquid 81.1 128.1 182.9 -194.2 -247.4 -312.1
778 DK 82.5 129.9 184.9 -198.2 -251.4 -316.1
782 iG 85.0 132.6 187.8 -202.2 -255.4 -320.1
785 LGD.cn 87.0 134.9 190.3 -206.2 -259.4 -324.1
787 TongFu 90.2 138.8 194.4 -210.2 -263.4 -328.1
788 Dignitas 92.6 141.2 197.0 -214.2 -267.4 -332.1
789 LGD.int 88.6 137.2 193.0 -209.8 -262.8 -327.7
790 AllStarsA 84.6 133.2 189.0 -205.1 -257.5 -322.7
791 Orange 86.3 135.1 191.0 -209.1 -261.5 -326.7
792 Fnatic.eu 88.9 137.6 193.7 -213.1 -265.5 -330.7
794 DK 84.9 133.6 189.7 -208.9 -261.0 -326.4
796 Zenith 86.8 135.6 192.0 -212.9 -265.0 -330.4
798 iG 88.7 137.6 194.2 -216.9 -269.0 -334.4
801 Orange 91.4 140.6 197.4 -220.9 -273.0 -338.4
802 iG 93.5 142.9 200.0 -224.9 -277.0 -342.4
804 TongFu 96.9 146.8 204.0 -228.9 -281.0 -346.4
805 Alliance 100.3 150.8 208.2 -232.9 -285.0 -350.4
806 Orange 96.3 146.8 204.2 -225.8 -278.8 -344.7
807 Na'Vi 97.9 148.5 206.1 -229.8 -282.8 -348.7
808 Alliance 100.3 151.3 209.0 -233.8 -286.8 -352.7
814 Kaipi 101.8 153.1 211.1 -237.8 -290.8 -356.7
817 Lounge 103.8 155.1 213.4 -241.8 -294.8 -360.7
823 GL.eu 105.2 156.7 215.3 -245.8 -298.8 -364.7
825 WARDGS 106.9 158.4 217.3 -249.8 -302.8 -368.7
826 EVOPLAY 108.6 159.9 219.2 -253.8 -306.8 -372.7
827 TS 104.6 155.9 215.2 -248.7 -299.9 -366.2
828 EVOPLAY 106.5 157.8 217.3 -252.7 -303.9 -370.2
830 DUZA 102.5 153.8 213.3 -245.0 -296.3 -362.8
831 Awake 104.4 155.7 215.3 -249.0 -300.3 -366.8
834 Aspera 108.0 159.1 218.9 -253.0 -304.3 -370.8
835 Poseidon 110.9 161.6 221.3 -257.0 -308.3 -374.8
836 Poseidon 112.7 163.7 223.7 -261.0 -312.3 -378.8
837 Next.kz 108.7 159.7 219.7 -255.2 -306.0 -372.8
838 Kaipi 110.3 161.5 222.0 -259.2 -310.0 -376.8
840 TS 113.5 164.7 225.3 -263.2 -314.0 -380.8
842 Menace 109.5 160.7 221.3 -253.8 -305.0 -372.1
843 Empire 111.4 162.4 223.1 -257.8 -309.0 -376.1
845 DUZA 107.4 158.4 219.1 -248.7 -300.5 -368.5
846 Next.kz 110.5 161.7 222.5 -252.7 -304.5 -372.5
847 4FC 106.5 157.7 218.5 -248.1 -299.4 -367.2
848 DUZA 102.5 153.7 214.5 -241.2 -292.9 -361.4
849 Poseidon 105.8 157.1 218.2 -245.2 -296.9 -365.4
854 Life 101.8 153.1 214.2 -240.6 -291.2 -359.9
855 Imp 104.0 155.4 216.7 -244.6 -295.2 -363.9
856 Empire 105.5 156.9 218.4 -248.6 -299.2 -367.9
857 Next.kz 107.3 158.7 220.3 -252.6 -303.2 -371.9
858 FSid3 109.2 160.7 222.7 -256.6 -307.2 -375.9
860 Bambang 105.2 156.7 218.7 -249.0 -299.0 -368.5
861 Aspera 107.5 158.7 220.8 -253.0 -303.0 -372.5
863 Next.kz 103.5 154.7 216.8 -248.4 -298.0 -367.8
868 GxGaming 99.5 150.7 212.8 -243.4 -292.2 -362.4
869 SFEC 95.5 146.7 208.8 -238.0 -287.3 -357.9
872 Aspera 91.5 142.7 204.8 -229.3 -279.3 -350.6
874 VP 94.8 145.9 208.3 -233.3 -283.3 -354.6
875 Imp 90.8 141.9 204.3 -228.5 -278.5 -350.0
876 MSIEvoGT 92.8 144.2 207.0 -232.5 -282.5 -354.0
879 Empire 95.6 147.3 210.3 -236.5 -286.5 -358.0
880 Empire 91.6 143.3 206.3 -227.6 -277.8 -350.1
881 Quantic 87.6 139.3 202.3 -219.0 -270.2 -343.4
882 rox.KIS 87.6 139.3 202.3 -219.0 -270.2 -343.4
885 Aspera 89.3 141.0 204.2 -223.0 -274.2 -347.4
887 MSIEvoGT 85.3 137.0 200.2 -216.6 -268.6 -342.2
888 Mski 87.2 139.0 202.5 -220.6 -272.6 -346.2
890 GL.eu 89.5 141.7 205.4 -224.6 -276.6 -350.2
891 Menace 91.4 143.5 207.4 -228.6 -280.6 -354.2
892 Kaipi 93.4 145.8 210.0 -232.6 -284.6 -358.2
893 Menace 89.4 141.8 206.0 -222.4 -274.5 -349.3
894 Life 91.9 144.8 209.4 -226.4 -278.5 -353.3
895 Next.kz 95.4 148.5 213.0 -230.4 -282.5 -357.3
896 Life 91.4 144.5 209.0 -222.2 -273.5 -348.4
897 Kaipi 93.0 146.4 211.2 -226.2 -277.5 -352.4
898 Mski 94.6 148.1 213.1 -230.2 -281.5 -356.4
900 VP 90.6 144.1 209.1 -223.2 -274.9 -350.4
902 Kaipi 92.8 146.3 211.5 -227.2 -278.9 -354.4
904 SAfrica 88.8 142.3 207.5 -221.7 -273.4 -349.2
907 NoLove 92.4 146.1 211.5 -225.7 -277.4 -353.2
909 VG 93.9 148.0 213.8 -229.7 -281.4 -357.2
910 Empire 89.9 144.0 209.8 -225.6 -277.3 -353.1
912 Kaipi 85.9 140.0 205.8 -221.1 -272.4 -348.4
913 Joiker 81.9 136.0 201.8 -213.5 -265.4 -342.3
914 StayFree 84.2 138.4 204.6 -217.5 -269.4 -346.3
918 DUZA 80.2 134.4 200.6 -212.3 -264.9 -342.0
922 PR 76.2 130.4 196.6 -204.7 -258.0 -335.4
923 DUZA 78.0 132.2 198.7 -208.7 -262.0 -339.4
924 ONE.dota 81.3 135.7 202.7 -212.7 -266.0 -343.4
928 LGD.cn 77.3 131.7 198.7 -208.1 -261.3 -338.6
929 Dreamz 73.3 127.7 194.7 -203.4 -257.2 -334.6
930 MiTH 76.0 130.0 197.1 -207.4 -261.2 -338.6
932 Fnatic.eu 78.0 132.4 199.7 -211.4 -265.2 -342.6
933 Empire 80.3 134.7 202.2 -215.4 -269.2 -346.6
938 Mski 82.1 136.2 203.9 -219.4 -273.2 -350.6
939 Poseidon 84.9 139.6 207.6 -223.4 -277.2 -354.6
940 Next.kz 80.9 135.6 203.6 -218.0 -272.1 -349.7
942 Quantic 76.9 131.6 199.6 -213.5 -266.9 -344.8
948 Empire 79.1 133.9 202.1 -217.5 -270.9 -348.8
953 Kaipi 80.8 136.0 204.6 -221.5 -274.9 -352.8
955 DUZA 84.8 139.4 207.9 -225.5 -278.9 -356.8
961 Life 87.0 142.3 211.2 -229.5 -282.9 -360.8
962 iG 90.2 145.7 214.8 -233.5 -286.9 -364.8
966 TongFu 93.7 148.5 217.5 -237.5 -290.9 -368.8
970 Joiker 96.5 151.4 220.6 -241.5 -294.9 -372.8
971 iG 98.5 153.9 223.4 -245.5 -298.9 -376.8
973 DUZA 94.5 149.9 219.4 -240.6 -293.7 -371.7
974 Fnatic.eu 97.3 152.3 221.9 -244.6 -297.7 -375.7
976 StayFree 98.7 154.0 223.9 -248.6 -301.7 -379.7
977 Na'Vi 100.2 155.7 225.9 -252.6 -305.7 -383.7
978 rox.KIS 96.2 151.7 221.9 -245.5 -297.2 -375.9
979 PR 98.8 154.0 224.3 -249.5 -301.2 -379.9
981 PR 100.8 156.0 226.5 -253.5 -305.2 -383.9
983 Fnatic.eu 102.6 157.7 228.3 -257.5 -309.2 -387.9
984 nAra 98.6 153.7 224.3 -252.1 -303.9 -383.2
985 Inv.kwnku 100.4 155.8 226.7 -256.1 -307.9 -387.2
987 Fnatic.eu 102.0 157.6 228.7 -260.1 -311.9 -391.2
988 4FC 98.0 153.6 224.7 -250.5 -301.8 -382.2
991 Empire 94.0 149.6 220.7 -239.6 -292.4 -374.3
992 PBS 90.0 145.6 216.7 -229.3 -284.1 -366.5
993 SFEC 86.0 141.6 212.7 -220.6 -275.9 -359.2
994 Next.kz 82.0 137.6 208.7 -214.6 -270.2 -353.8
995 Inv.kwnku 83.7 139.7 211.3 -218.6 -274.2 -357.8
996 rox.KIS 86.4 142.1 213.8 -222.6 -278.2 -361.8
998 Mski 89.5 144.9 216.8 -226.6 -282.2 -365.8
999 Empire 91.4 147.3 219.5 -230.6 -286.2 -369.8
1000 Inv.kwnku 93.1 149.2 221.6 -234.6 -290.2 -373.8
1001 FD 94.8 151.2 224.1 -238.6 -294.2 -377.8
1002 Empire 96.3 153.0 226.3 -242.6 -298.2 -381.8
1003 Kaipi 99.5 157.0 230.5 -246.6 -302.2 -385.8
1004 EG 101.1 158.7 232.4 -250.6 -306.2 -389.8
1007 rox.KIS 104.2 161.6 235.5 -254.6 -310.2 -393.8
1010 Aspera 100.2 157.6 231.5 -247.2 -303.2 -387.2
1011 Imp 96.2 153.6 227.5 -243.2 -298.3 -382.6
1013 Empire 96.2 153.6 227.5 -243.2 -298.3 -382.6
1014 Na'Vi 92.2 149.6 223.5 -238.4 -294.1 -378.6
1015 StayFree 93.9 152.0 226.2 -242.4 -298.1 -382.6
1019 Empire 95.8 154.4 228.9 -246.4 -302.1 -386.6
1020 Na'Vi 97.5 156.1 230.8 -250.4 -306.1 -390.6
1023 VG 99.5 158.3 233.0 -254.4 -310.1 -394.6
1024 LGD.cn 101.8 160.3 235.0 -258.4 -314.1 -398.6
1026 PBS 105.2 164.3 238.9 -262.4 -318.1 -402.6
1027 Next.kz 101.2 160.3 234.9 -256.3 -310.5 -395.3
1029 rox.KIS 103.8 163.4 238.2 -260.3 -314.5 -399.3
1031 Empire 106.6 166.1 241.0 -264.3 -318.5 -403.3
1033 LGD.cn 110.2 169.6 244.5 -268.3 -322.5 -407.3
1036 4FC 106.2 165.6 240.5 -262.2 -316.5 -401.9
1037 VP 102.2 161.6 236.5 -250.2 -307.3 -394.0
1038 Aspera 98.2 157.6 232.5 -245.7 -302.8 -389.4
1040 PBS 99.6 159.6 234.8 -249.7 -306.8 -393.4
1042 Empire 101.1 161.3 236.7 -253.7 -310.8 -397.4
1044 Quantic 103.1 163.9 239.4 -257.7 -314.8 -401.4
1047 EG 99.1 159.9 235.4 -248.8 -306.8 -394.9
1048 MiTH 100.7 161.6 237.4 -252.8 -310.8 -398.9
1049 Dreamz 102.6 163.8 239.9 -256.8 -314.8 -402.9
1052 DK 104.2 165.7 242.0 -260.8 -318.8 -406.9
1053 Kaipi 100.2 161.7 238.0 -255.2 -313.4 -401.6
1054 TR 103.9 165.1 241.4 -259.2 -317.4 -405.6
1058 UR 99.9 161.1 237.4 -254.3 -312.8 -401.3
1059 TongFu 101.7 162.6 239.0 -258.3 -316.8 -405.3
1060 LGD.int 103.9 164.9 241.5 -262.3 -320.8 -409.3
1061 RS.int 105.4 166.7 243.6 -266.3 -324.8 -413.3
1062 MiTH 107.1 168.4 245.5 -270.3 -328.8 -417.3
1067 Hearts 108.6 170.0 247.3 -274.3 -332.8 -421.3
1068 rox.KIS 110.5 172.0 249.6 -278.3 -336.8 -425.3
1069 Poseidon 106.5 168.0 245.6 -271.5 -329.3 -417.8
1070 Quantic 102.5 164.0 241.6 -261.2 -320.0 -409.4
1071 Quantic 104.3 165.6 243.4 -265.2 -324.0 -413.4
1078 VP 106.6 167.9 245.9 -269.2 -328.0 -417.4
1080 SYF 109.1 169.9 248.0 -273.2 -332.0 -421.4
1084 Arcanys 105.1 165.9 244.0 -268.8 -326.2 -415.8
1086 MVP 101.1 161.9 240.0 -263.5 -320.6 -410.3
1087 UR 103.0 163.9 242.1 -267.5 -324.6 -414.3
1093 Lowyat 99.0 159.9 238.1 -261.7 -318.8 -408.8
1094 DK 101.3 162.5 241.1 -265.7 -322.8 -412.8
1098 Lowyat 97.3 158.5 237.1 -255.1 -312.6 -404.1
1099 rox.KIS 99.5 160.8 239.6 -259.1 -316.6 -408.1
1100 Aspera 103.5 163.7 242.4 -263.1 -320.6 -412.1
1103 FD 103.5 163.7 242.4 -263.1 -320.6 -412.1
1107 Rain 99.5 159.7 238.4 -257.9 -315.8 -407.5
1108 eN.Legs 101.0 161.7 240.8 -261.9 -319.8 -411.5
1110 bvd.dotA 103.1 164.1 243.6 -265.9 -323.8 -415.5
1113 Imp 105.0 166.8 246.7 -269.9 -327.8 -419.5
1116 NJ&Kids 101.0 162.8 242.7 -264.8 -321.5 -413.3
1119 FD 97.0 158.8 238.7 -258.0 -315.1 -407.4
1124 bvd.dotA 99.0 160.6 240.5 -262.0 -319.1 -411.4
1125 Empire 100.6 162.2 242.1 -266.0 -323.1 -415.4
1127 EG 102.9 164.7 244.9 -270.0 -327.1 -419.4
1128 TakeFive 106.1 169.1 249.6 -274.0 -331.1 -423.4
1130 TongFu 107.7 170.9 251.6 -278.0 -335.1 -427.4
1133 MUFC 103.7 166.9 247.6 -267.7 -325.7 -418.9
1134 PR 99.7 162.9 243.6 -263.4 -321.7 -414.9
1136 Empire 101.1 164.5 245.4 -267.4 -325.7 -418.9
1138 CSW 103.8 167.5 248.7 -271.4 -329.7 -422.9
1139 VT 105.8 169.9 251.4 -275.4 -333.7 -426.9
1140 SYM 101.8 165.9 247.4 -269.3 -327.1 -420.4
1141 EOT 103.1 168.1 250.0 -273.3 -331.1 -424.4
1142 SYF 106.6 171.3 253.1 -277.3 -335.1 -428.4
1145 Fnatic.eu 109.3 173.6 255.5 -281.3 -339.1 -432.4
1148 HR 111.0 175.8 258.1 -285.3 -343.1 -436.4
1150 Speed 113.0 179.0 261.8 -289.3 -347.1 -440.4
1154 Alliance 113.0 179.0 261.8 -289.3 -347.1 -440.4
1160 Na'Vi 109.0 175.0 257.8 -281.3 -341.6 -435.4
1161 FD 110.8 177.0 259.8 -285.3 -345.6 -439.4
1164 Titan 106.8 173.0 255.8 -278.4 -337.5 -431.5
1166 CSW 110.3 175.9 258.7 -282.4 -341.5 -435.5
1167 EOT 112.2 177.8 260.9 -286.4 -345.5 -439.5
1168 LGD.cn 114.0 179.6 262.9 -290.4 -349.5 -443.5
1170 VG 116.1 181.7 265.2 -294.4 -353.5 -447.5
1173 Empire 117.8 183.4 267.1 -298.4 -357.5 -451.5
1176 LGD.cn 113.8 179.4 263.1 -286.7 -347.9 -443.3
1179 RStars 109.8 175.4 259.1 -277.6 -339.3 -435.6
1180 Empire 105.8 171.4 255.1 -272.4 -334.8 -431.5
1182 Fnatic.eu 109.7 174.4 258.0 -276.4 -338.8 -435.5
1186 iG 111.9 177.2 260.8 -280.4 -342.8 -439.5
1187 StayFree 107.9 173.2 256.8 -275.5 -337.6 -434.0
1193 Speed 103.9 169.2 252.8 -271.0 -332.5 -428.9
1194 Dignitas 105.4 170.7 254.5 -275.0 -336.5 -432.9
1197 CSW 106.8 172.4 256.3 -279.0 -340.5 -436.9
1198 Aspera 109.8 175.3 259.4 -283.0 -344.5 -440.9
1199 Menace 111.5 177.2 261.6 -287.0 -348.5 -444.9
1201 Aspera 107.5 173.2 257.6 -282.2 -343.8 -440.6
1207 mouz 103.5 169.2 253.6 -275.9 -337.5 -434.7
1208 Imp 99.5 165.2 249.6 -267.4 -328.0 -425.7
1209 MiTH 95.5 161.2 245.6 -260.4 -321.7 -419.9
1211 mouz 91.5 157.2 241.6 -254.7 -316.4 -414.8
1212 Fnatic.eu 93.4 159.4 244.1 -258.7 -320.4 -418.8
1213 Poseidon 89.4 155.4 240.1 -251.4 -312.3 -411.0
1214 VG 85.4 151.4 236.1 -245.2 -305.0 -404.2
1216 LGD.cn 86.8 153.2 238.3 -249.2 -309.0 -408.2
1217 Speed 82.8 149.2 234.3 -239.2 -299.7 -399.9
1218 CSW 78.8 145.2 230.3 -232.8 -293.9 -394.7
1219 NoX 74.8 141.2 226.3 -228.0 -289.2 -390.3
1220 Empire 76.1 142.8 228.2 -232.0 -293.2 -394.3
1221 iG 72.1 138.8 224.2 -220.7 -284.3 -387.3
1222 LGD.cn 74.0 140.4 225.9 -224.7 -288.3 -391.3
1227 Empire 75.8 142.6 228.3 -228.7 -292.3 -395.3
1229 StayFree 71.8 138.6 224.3 -222.0 -286.7 -390.5
1231 TTD 67.8 134.6 220.3 -214.7 -278.0 -382.6
1234 VG 69.7 136.8 222.9 -218.7 -282.0 -386.6
1236 Speed 69.7 136.8 222.9 -218.7 -282.0 -386.6
1237 FSid3 65.7 132.8 218.9 -208.3 -272.5 -378.2
1239 RStars 67.1 134.8 221.4 -212.3 -276.5 -382.2
1240 Na'Vi 68.8 136.6 223.4 -216.3 -280.5 -386.2
1242 mouz 70.4 138.6 225.7 -220.3 -284.5 -390.2
1244 Sigma.int 72.1 141.2 229.0 -224.3 -288.5 -394.2
1246 Liquid 74.7 144.0 232.0 -228.3 -292.5 -398.2
1249 Alliance 70.7 140.0 228.0 -224.3 -288.4 -394.0
1251 UR 72.2 141.9 230.1 -228.3 -292.4 -398.0
1254 Startale 72.2 141.9 230.1 -228.3 -292.4 -398.0
1255 Empire 74.2 144.0 232.4 -232.3 -296.4 -402.0
1257 mouz 70.2 140.0 228.4 -220.5 -286.6 -393.6
1259 Sigma.int 72.2 142.7 231.4 -224.5 -290.6 -397.6
1260 Sigma.int 68.2 138.7 227.4 -220.3 -286.1 -393.2
1261 mouz 64.2 134.7 223.4 -212.3 -280.2 -387.7
1265 Fnatic.eu 60.2 130.7 219.4 -204.2 -272.7 -381.1
1267 Na'Vi 61.6 132.3 221.2 -208.2 -276.7 -385.1
1270 MiTH 64.3 134.6 223.8 -212.2 -280.7 -389.1
1271 SYF 66.6 137.2 226.9 -216.2 -284.7 -393.1
1272 iG 68.6 139.7 229.7 -220.2 -288.7 -397.1
1275 FXopen 70.3 141.7 231.8 -224.2 -292.7 -401.1
1276 CSW 71.8 143.4 233.7 -228.2 -296.7 -405.1
1277 Mski 67.8 139.4 229.7 -223.6 -292.9 -401.5
1280 MiTH 67.8 139.4 229.7 -223.6 -292.9 -401.5
1281 Speed 70.6 142.4 232.9 -227.6 -296.9 -405.5
1286 LGD.int 72.7 145.0 235.6 -231.6 -300.9 -409.5
1288 Alliance 74.5 146.9 237.5 -235.6 -304.9 -413.5
1289 Titan 70.5 142.9 233.5 -230.5 -299.9 -408.6
1290 Lowyat 66.5 138.9 229.5 -224.4 -294.3 -403.2
1291 PR 69.9 141.5 232.2 -228.4 -298.3 -407.2
1292 SSD 65.9 137.5 228.2 -220.0 -288.9 -398.2
1295 Fnatic.eu 61.9 133.5 224.2 -215.1 -284.2 -393.8
1296 mouz 63.6 135.3 226.2 -219.1 -288.2 -397.8
1297 EG 66.0 137.6 228.8 -223.1 -292.2 -401.8
1298 Titan 68.7 140.6 232.2 -227.1 -296.2 -405.8
1300 4FC 70.7 142.7 234.6 -231.1 -300.2 -409.8
1302 DK 72.9 145.2 237.3 -235.1 -304.2 -413.8
1304 Empire 76.3 148.1 240.0 -239.1 -308.2 -417.8
1309 4FC 78.5 150.0 242.1 -243.1 -312.2 -421.8
1311 Sleisel 74.5 146.0 238.1 -239.1 -307.9 -417.6
1312 Arteezy 76.5 148.0 240.3 -243.1 -311.9 -421.6
1313 EG 72.5 144.0 236.3 -237.5 -306.0 -416.2
1319 Empire 74.6 145.6 237.9 -241.5 -310.0 -420.2
1320 Orange 78.3 148.4 240.5 -245.5 -314.0 -424.2
1328 Dignitas 80.0 150.1 242.3 -249.5 -318.0 -428.2
1330 Na'Vi 82.0 151.9 244.3 -253.5 -322.0 -432.2
1334 iG 83.5 153.7 246.5 -257.5 -326.0 -436.2
1337 Startale 86.0 156.1 249.2 -261.5 -330.0 -440.2
1343 Fnatic.eu 82.0 152.1 245.2 -253.5 -320.9 -431.7
1349 Alliance 78.0 148.1 241.2 -249.6 -316.8 -427.3
1350 Fnatic.eu 74.0 144.1 237.2 -244.0 -310.9 -421.3
1353 Alliance 75.7 145.8 239.1 -248.0 -314.9 -425.3
1358 VP 71.7 141.8 235.1 -242.1 -309.3 -420.0
1363 Speed 73.8 143.8 237.5 -246.1 -313.3 -424.0
1364 Na'Vi 75.6 145.7 239.5 -250.1 -317.3 -428.0
1367 Liquid 77.2 147.6 241.7 -254.1 -321.3 -432.0
1370 LGD.int 73.2 143.6 237.7 -244.9 -310.9 -422.5
1374 VP 76.7 147.4 241.4 -248.9 -314.9 -426.5
1375 Startale 72.7 143.4 237.4 -238.4 -308.3 -421.0
1377 LGD.cn 74.2 145.0 239.2 -242.4 -312.3 -425.0
1378 Imp 77.0 148.5 242.9 -246.4 -316.3 -429.0
1383 LGD.cn 78.5 150.3 244.9 -250.4 -320.3 -433.0
1385 Na'Vi 74.5 146.3 240.9 -244.3 -315.1 -428.3
1386 StayFree 70.5 142.3 236.9 -233.9 -305.0 -419.3
1387 LGD.cn 73.6 145.5 240.2 -237.9 -309.0 -423.3
1392 EG 76.5 148.9 243.6 -241.9 -313.0 -427.3
1393 Fnatic.eu 79.8 151.6 246.3 -245.9 -317.0 -431.3
1394 LGD.cn 83.4 155.7 250.2 -249.9 -321.0 -435.3
1395 iG 86.8 158.5 253.1 -253.9 -325.0 -439.3
1398 Alliance 82.8 154.5 249.1 -249.3 -320.4 -434.7
1400 VP 84.7 156.7 251.7 -253.3 -324.4 -438.7
1401 Alliance 86.5 158.4 253.6 -257.3 -328.4 -442.7
1402 Liquid 88.6 160.6 255.9 -261.3 -332.4 -446.7
1406 EG 84.6 156.6 251.9 -252.8 -325.1 -440.6
1408 Liquid 86.3 158.5 254.0 -256.8 -329.1 -444.6
1409 Liquid 82.3 154.5 250.0 -251.8 -324.1 -439.8
1416 Liquid 84.1 156.3 251.9 -255.8 -328.1 -443.8
1420 FD 87.6 159.2 255.1 -259.8 -332.1 -447.8
1421 Na'Vi 89.1 160.8 257.0 -263.8 -336.1 -451.8
1422 EG 85.1 156.8 253.0 -259.8 -331.8 -447.5
1428 EG 81.1 152.8 249.0 -252.3 -323.4 -439.3
1433 iG 77.1 148.8 245.0 -245.3 -317.4 -434.0
1434 MiTH 80.2 151.6 247.8 -249.3 -321.4 -438.0
1435 mouz 83.7 154.7 250.8 -253.3 -325.4 -442.0
1437 Liquid 85.7 156.9 253.2 -257.3 -329.4 -446.0
1440 Alliance 88.2 159.6 256.2 -261.3 -333.4 -450.0
1441 PR 84.2 155.6 252.2 -253.4 -325.4 -442.2
1444 Fnatic.eu 80.2 151.6 248.2 -249.0 -321.4 -438.3
1445 Speed 82.0 154.0 250.9 -253.0 -325.4 -442.3
1446 mouz 78.0 150.0 246.9 -245.7 -319.1 -436.5
1447 FD 74.0 146.0 242.9 -237.5 -311.4 -429.3
1448 MiTH 70.0 142.0 238.9 -231.3 -304.6 -422.9
1449 Titan 71.9 143.7 240.7 -235.3 -308.6 -426.9
1453 Liquid 74.3 146.4 243.5 -239.3 -312.6 -430.9
1456 Liquid 75.8 148.2 245.5 -243.3 -316.6 -434.9
1459 Na'Vi 77.5 149.7 247.2 -247.3 -320.6 -438.9
1461 rox.KIS 73.5 145.7 243.2 -237.7 -311.8 -430.8
1463 Na'Vi 75.6 147.6 245.2 -241.7 -315.8 -434.8
1467 Sigma.int 71.6 143.6 241.2 -236.7 -310.2 -429.3
1468 Alliance 73.4 145.5 243.2 -240.7 -314.2 -433.3
1469 Alliance 73.4 145.5 243.2 -240.7 -314.2 -433.3
1471 Mts 69.4 141.5 239.2 -231.9 -307.6 -427.9
1472 rox.KIS 65.4 137.5 235.2 -223.5 -301.6 -422.7
1475 TongFu3 67.2 139.2 237.1 -227.5 -305.6 -426.7
1480 Na'Vi 68.9 140.7 238.7 -231.5 -309.6 -430.7
1481 DK 64.9 136.7 234.7 -222.2 -301.4 -424.0
1484 DK 66.8 138.9 237.2 -226.2 -305.4 -428.0
1485 EG 62.8 134.9 233.2 -218.9 -298.7 -421.6
1486 Sigma.int 58.8 130.9 229.2 -214.7 -293.7 -416.5
1487 VG 60.9 133.3 231.9 -218.7 -297.7 -420.5
1488 Imp 62.7 135.3 234.4 -222.7 -301.7 -424.5
1489 Na'Vi 64.4 137.0 236.3 -226.7 -305.7 -428.5
1491 Fnatic.eu 67.6 140.4 240.0 -230.7 -309.7 -432.5
1493 Sigma.int 63.6 136.4 236.0 -225.8 -304.1 -426.9
1496 Sigma.int 65.5 138.7 238.7 -229.8 -308.1 -430.9
1502 DK 68.8 142.7 242.9 -233.8 -312.1 -434.9
1503 Speed 71.3 144.8 245.3 -237.8 -316.1 -438.9
1504 Sigma.int 74.3 148.0 248.6 -241.8 -320.1 -442.9
1505 Na'Vi 70.3 144.0 244.6 -237.4 -315.7 -438.8
1507 DK 72.0 145.7 246.3 -241.4 -319.7 -442.8
1509 Speed 75.4 149.3 250.0 -245.4 -323.7 -446.8
1510 Na'Vi 76.9 150.9 251.8 -249.4 -327.7 -450.8
1514 Fnatic.eu 72.9 146.9 247.8 -243.5 -321.9 -444.9
1516 DK 68.9 142.9 243.8 -239.3 -316.8 -439.8
1517 Speed 72.0 146.0 247.0 -243.3 -320.8 -443.8
1518 Speed 68.0 142.0 243.0 -233.6 -312.4 -436.2
1519 Orange 71.3 144.6 245.6 -237.6 -316.4 -440.2
1520 Titan 73.9 147.1 248.2 -241.6 -320.4 -444.2
1521 Next.kz 75.7 149.2 250.7 -245.6 -324.4 -448.2
1522 Next.kz 71.7 145.2 246.7 -239.2 -318.2 -442.6
1524 Aspera 73.1 147.0 248.7 -243.2 -322.2 -446.6
1525 mouz 75.9 149.7 251.5 -247.2 -326.2 -450.6
1526 TongFu3 78.3 152.2 254.3 -251.2 -330.2 -454.6
1530 Empire 79.8 153.9 256.2 -255.2 -334.2 -458.6
1532 Poseidon 75.8 149.9 252.2 -250.0 -328.9 -453.9
1534 Poseidon 77.7 151.8 254.3 -254.0 -332.9 -457.9
1535 Venum 79.7 154.3 257.1 -258.0 -336.9 -461.9
1536 Hearts 83.4 157.4 260.2 -262.0 -340.9 -465.9
1538 NoX 79.4 153.4 256.2 -254.5 -332.5 -458.1
1539 Next.kz 82.1 155.7 258.6 -258.5 -336.5 -462.1
1540 Next.kz 84.7 158.4 261.6 -262.5 -340.5 -466.1
1541 PR 80.7 154.4 257.6 -255.8 -334.4 -460.6
1542 rox.KIS 83.0 156.9 260.5 -259.8 -338.4 -464.6
1543 Fnatic.eu 85.6 159.3 263.0 -263.8 -342.4 -468.6
1544 SSD 87.3 161.2 265.1 -267.8 -346.4 -472.6
1545 LGD.cn 88.8 163.0 267.3 -271.8 -350.4 -476.6
1547 Fnatic.eu 84.8 159.0 263.3 -261.9 -340.2 -467.0
1548 Na'Vi 86.4 160.6 265.1 -265.9 -344.2 -471.0
1553 Fnatic.eu 82.4 156.6 261.1 -256.6 -335.4 -463.4
1554 Alliance 84.3 158.4 263.0 -260.6 -339.4 -467.4
1555 Mski 88.0 162.3 266.9 -264.6 -343.4 -471.4
1556 LGD.cn 91.5 165.9 270.6 -268.6 -347.4 -475.4
1557 LGD.int 87.5 161.9 266.6 -259.9 -337.9 -466.9
1558 FD 83.5 157.9 262.6 -254.3 -332.9 -462.2
1559 Na'Vi 83.5 157.9 262.6 -254.3 -332.9 -462.2
1560 EOT 85.5 159.9 264.8 -258.3 -336.9 -466.2
1561 Na'Vi 88.2 162.4 267.4 -262.3 -340.9 -470.2
1562 VG 84.2 158.4 263.4 -255.3 -331.2 -461.1
1563 FL 87.2 161.4 266.8 -259.3 -335.2 -465.1
1564 Mski 90.7 164.3 269.7 -263.3 -339.2 -469.1
1565 NSG 86.7 160.3 265.7 -258.6 -333.3 -463.2
1569 Next.kz 82.7 156.3 261.7 -252.5 -326.5 -456.9
1570 SSD 78.7 152.3 257.7 -248.5 -322.0 -452.2
1571 PR 81.5 155.0 260.5 -252.5 -326.0 -456.2
1573 iG 83.3 156.9 262.8 -256.5 -330.0 -460.2
1575 iG 79.3 152.9 258.8 -252.1 -325.6 -455.8
1576 5inQ 80.8 154.8 261.1 -256.1 -329.6 -459.8
1577 MVP.P 84.1 157.7 263.9 -260.1 -333.6 -463.8
1578 VG 80.1 153.7 259.9 -250.9 -324.7 -455.5
1583 Sigma.int 81.5 155.4 261.9 -254.9 -328.7 -459.5
1584 SSD 83.9 158.2 264.8 -258.9 -332.7 -463.5
1586 Fnatic.eu 79.9 154.2 260.8 -249.3 -323.3 -454.2
1587 Idol 81.4 156.0 263.1 -253.3 -327.3 -458.2
1588 LGD.cn 77.4 152.0 259.1 -249.0 -321.5 -451.9
1591 VG 73.4 148.0 255.1 -244.9 -317.2 -447.6
1592 VG 77.1 151.7 259.0 -248.9 -321.2 -451.6
1594 FD 73.1 147.7 255.0 -240.1 -311.2 -442.4
1595 Idol 69.1 143.7 251.0 -234.0 -303.3 -434.3
1596 Kawai 65.1 139.7 247.0 -229.7 -298.8 -429.6
1597 Empire 66.9 141.5 248.8 -233.7 -302.8 -433.6
1599 OsG 62.9 137.5 244.8 -224.9 -295.0 -426.5
1600 TR 58.9 133.5 240.8 -214.0 -286.6 -419.4
1601 SSD 62.2 136.4 243.7 -218.0 -290.6 -423.4
1602 VP 63.9 138.3 245.7 -222.0 -294.6 -427.4
1605 VG 66.3 141.2 248.9 -226.0 -298.6 -431.4
1606 CSW 62.3 137.2 244.9 -221.5 -294.9 -427.5
1608 VP 58.3 133.2 240.9 -211.6 -286.0 -420.0
1609 Empire 62.6 136.7 244.3 -215.6 -290.0 -424.0
1610 VP 65.9 140.4 248.2 -219.6 -294.0 -428.0
1612 Fnatic.eu 67.8 142.3 250.4 -223.6 -298.0 -432.0
1615 Speed 70.7 145.1 253.5 -227.6 -302.0 -436.0
1617 Siltherin 72.7 147.4 256.1 -231.6 -306.0 -440.0
1618 FD 74.3 149.1 258.2 -235.6 -310.0 -444.0
1619 XctN 76.6 151.7 261.0 -239.6 -314.0 -448.0
1622 Aspera 72.6 147.7 257.0 -233.5 -307.6 -442.0
1623 SSD 74.5 149.6 259.0 -237.5 -311.6 -446.0
1624 PR 76.1 151.4 261.0 -241.5 -315.6 -450.0
1625 Idol 72.1 147.4 257.0 -232.4 -306.8 -442.3
1627 MVP 74.1 149.1 258.8 -236.4 -310.8 -446.3
1630 Na'Vi 76.7 151.4 261.3 -240.4 -314.8 -450.3
1632 Fnatic.eu 72.7 147.4 257.3 -234.7 -309.0 -444.5
1633 Startale 76.2 150.1 259.8 -238.7 -313.0 -448.5
1635 VG 72.2 146.1 255.8 -233.6 -305.8 -440.8
1637 Na'Vi 74.1 147.9 257.7 -237.6 -309.8 -444.8
1638 VG 77.1 152.2 262.4 -241.6 -313.8 -448.8
1639 Fnatic.eu 73.1 148.2 258.4 -235.8 -308.0 -443.6
1640 FD 76.2 151.8 262.0 -239.8 -312.0 -447.6
1641 RRQ 72.2 147.8 258.0 -230.6 -302.0 -438.0
1642 MiTH 73.9 149.9 260.2 -234.6 -306.0 -442.0
1643 VG 76.3 153.0 263.6 -238.6 -310.0 -446.0
1644 iG 72.3 149.0 259.6 -232.6 -304.5 -440.7
1645 RRQ 74.7 151.3 262.0 -236.6 -308.5 -444.7
1646 RRQ 70.7 147.3 258.0 -232.3 -303.6 -439.5
1647 MiTH 66.7 143.3 254.0 -226.6 -298.4 -435.0
1648 Poseidon 62.7 139.3 250.0 -218.2 -290.0 -426.9
1649 VP 66.4 143.3 253.9 -222.2 -294.0 -430.9
1650 VP 68.3 145.5 256.1 -226.2 -298.0 -434.9
1651 rox.KIS 70.0 147.2 258.0 -230.2 -302.0 -438.9
1653 mouz 71.6 148.8 259.8 -234.2 -306.0 -442.9
1655 RRQ 74.1 150.7 261.7 -238.2 -310.0 -446.9
1656 HR 70.1 146.7 257.7 -229.2 -299.4 -437.1
1659 Alliance 66.1 142.7 253.7 -224.9 -294.7 -432.5
1661 Alliance 68.8 145.5 256.7 -228.9 -298.7 -436.5
1666 Lowyat 64.8 141.5 252.7 -222.2 -293.0 -431.4
1669 Neon 60.8 137.5 248.7 -213.5 -284.9 -424.4
1670 MiTH 64.9 141.3 252.0 -217.5 -288.9 -428.4
1671 Neon 68.3 144.6 255.5 -221.5 -292.9 -432.4
1672 MiTH 70.2 146.5 257.6 -225.5 -296.9 -436.4
1673 rox.KIS 73.0 149.8 261.3 -229.5 -300.9 -440.4
1675 Empire 76.6 153.6 265.2 -233.5 -304.9 -444.4
1679 Speed 78.3 155.3 267.1 -237.5 -308.9 -448.4
1680 Mski 81.6 158.2 270.0 -241.5 -312.9 -452.4
1690 Mski 83.6 159.7 271.5 -245.5 -316.9 -456.4
1702 DK 87.1 163.1 274.9 -249.5 -320.9 -460.4
1703 DK 83.1 159.1 270.9 -244.2 -316.0 -455.7
1704 Alliance 85.8 161.8 273.8 -248.2 -320.0 -459.7
1705 Next.kz 87.5 163.7 276.0 -252.2 -324.0 -463.7
1709 iG 88.9 165.3 278.0 -256.2 -328.0 -467.7
1709 iG 90.3 166.9 280.0 -260.2 -332.0 -471.7
1710 Speed 86.3 162.9 276.0 -254.1 -325.8 -465.8
1710 Speed 82.3 158.9 272.0 -247.6 -319.3 -459.9
1712 VP 84.0 160.6 273.8 -251.6 -323.3 -463.9
1712 VP 85.9 162.2 275.5 -255.6 -327.3 -467.9
1713 Alliance 87.5 163.8 277.2 -259.6 -331.3 -471.9
1713 Sigma.int 89.3 165.2 278.9 -263.6 -335.3 -475.9
1715 Poseidon 85.3 161.2 274.9 -257.9 -329.9 -470.6
1715 Poseidon 81.3 157.2 270.9 -253.4 -325.3 -466.6
1716 rox.KIS 83.7 159.9 273.7 -257.4 -329.3 -470.6
1716 rox.KIS 86.3 162.5 276.6 -261.4 -333.3 -474.6
1717 VP 90.0 166.0 280.1 -265.4 -337.3 -478.6
1717 VP 94.3 169.6 283.5 -269.4 -341.3 -482.6
1718 Fnatic.eu 90.3 165.6 279.5 -263.0 -334.4 -476.8
1718 Fnatic.eu 86.3 161.6 275.5 -256.1 -327.8 -471.0
1719 HR 88.1 163.1 277.1 -260.1 -331.8 -475.0
1719 HR 89.9 164.6 278.7 -264.1 -335.8 -479.0
1723 Mski 91.6 166.2 280.3 -268.1 -339.8 -483.0
1724 LGD.cn 93.2 167.9 282.2 -272.1 -343.8 -487.0
1729 Sigma.int 93.2 167.9 282.2 -272.1 -343.8 -487.0
1732 rox.KIS 89.2 163.9 278.2 -266.2 -336.5 -479.7
1734 PR 92.7 167.5 281.9 -270.2 -340.5 -483.7
1736 Lowyat 88.7 163.5 277.9 -261.0 -331.5 -475.8
1737 MiTH 84.7 159.5 273.9 -256.1 -325.4 -470.0
1738 Lowyat 86.8 161.3 275.8 -260.1 -329.4 -474.0
1739 5inQ 82.8 157.3 271.8 -252.3 -321.6 -467.6
1740 LGD.cn 78.8 153.3 267.8 -245.9 -316.0 -462.8
1741 VP 82.6 157.1 271.5 -249.9 -320.0 -466.8
1742 Na'Vi 84.1 159.1 273.7 -253.9 -324.0 -470.8
1743 Na'Vi 85.8 161.2 276.1 -257.9 -328.0 -474.8
1748 Idol 81.8 157.2 272.1 -253.6 -322.9 -469.8
1749 FD 77.8 153.2 268.1 -249.3 -317.8 -464.4
1756 TongFu 73.8 149.2 264.1 -241.5 -310.9 -458.7
1757 iG 77.3 152.8 268.0 -245.5 -314.9 -462.7
1758 DK 78.9 154.6 270.1 -249.5 -318.9 -466.7
1759 FD 82.0 158.1 274.0 -253.5 -322.9 -470.7
1760 Duskbin 78.0 154.1 270.0 -244.0 -312.3 -460.8
1762 TR 74.0 150.1 266.0 -234.6 -304.0 -453.6
1767 rox.KIS 76.7 153.2 269.5 -238.6 -308.0 -457.6
1768 QPandas 72.7 149.2 265.5 -228.2 -298.2 -449.1
1769 XctN 68.7 145.2 261.5 -223.2 -292.5 -443.6
1770 5inQ 70.4 147.8 264.5 -227.2 -296.5 -447.6
1773 FD 72.5 149.6 266.5 -231.2 -300.5 -451.6
1775 RRQ 68.5 145.6 262.5 -225.6 -295.6 -447.1
1777 PR 70.0 147.2 264.3 -229.6 -299.6 -451.1
1778 FSid3 66.0 143.2 260.3 -223.6 -293.0 -444.6
1779 Fnatic.eu 67.8 144.7 261.9 -227.6 -297.0 -448.6
1781 FD 69.5 146.6 264.0 -231.6 -301.0 -452.6
1782 Mski 73.3 150.1 267.5 -235.6 -305.0 -456.6
1784 LGD.cn 74.9 151.7 269.5 -239.6 -309.0 -460.6
1787 Sigma.int 77.4 154.2 272.1 -243.6 -313.0 -464.6
1789 Na'Vi 80.3 156.9 274.9 -247.6 -317.0 -468.6
1792 Empire 76.3 152.9 270.9 -239.7 -309.3 -461.7
1794 Mski 72.3 148.9 266.9 -234.6 -303.7 -456.4
1795 Empire 73.9 150.7 268.7 -238.6 -307.7 -460.4
1796 Titan 76.4 153.4 271.3 -242.6 -311.7 -464.4
1797 TR 72.4 149.4 267.3 -233.2 -301.9 -454.9
1798 OsG 74.7 152.1 270.1 -237.2 -305.9 -458.9
1799 VP 70.7 148.1 266.1 -228.5 -299.2 -453.1
1800 Empire 72.3 149.7 267.9 -232.5 -303.2 -457.1
1801 Na'Vi 74.0 151.1 269.5 -236.5 -307.2 -461.1
1806 DT 75.7 152.7 271.3 -240.5 -311.2 -465.1
1810 TR 71.7 148.7 267.3 -235.7 -306.0 -459.9
1813 DK 74.0 151.2 270.0 -239.7 -310.0 -463.9
1816 TongFu 70.0 147.2 266.0 -234.1 -304.9 -459.5
1818 FD 72.2 149.3 268.1 -238.1 -308.9 -463.5
1819 rox.KIS 74.6 151.6 270.6 -242.1 -312.9 -467.5
1823 SSD 76.3 153.2 272.3 -246.1 -316.9 -471.5
1824 Empire 79.5 156.4 275.8 -250.1 -320.9 -475.5
1825 DK 81.1 158.2 277.9 -254.1 -324.9 -479.5
1830 mouz 83.3 160.4 280.1 -258.1 -328.9 -483.5
1831 rox.KIS 79.3 156.4 276.1 -249.1 -321.4 -476.5
1832 TR 82.7 159.6 279.5 -253.1 -325.4 -480.5
1835 iG 78.7 155.6 275.5 -249.2 -321.2 -475.9
1837 Titan 80.3 157.1 277.2 -253.2 -325.2 -479.9
1838 Titan 76.3 153.1 273.2 -246.9 -318.5 -473.4
1839 Sigma.int 72.3 149.1 269.2 -238.1 -310.0 -465.5
1841 SSD 74.1 151.1 271.4 -242.1 -314.0 -469.5
1843 iG 76.1 153.5 274.0 -246.1 -318.0 -473.5
1844 VG 72.1 149.5 270.0 -240.3 -313.0 -468.8
1845 DK 74.0 151.7 271.2 -244.3 -317.0 -472.8
1848 TongFu 75.7 153.8 273.6 -248.3 -321.0 -476.8
1849 PBS 77.4 156.0 276.2 -252.3 -325.0 -480.8
1852 SSD 79.1 157.6 277.9 -256.3 -329.0 -484.8
1854 SSD 75.1 153.6 273.9 -249.4 -320.8 -477.0
1858 Empire 77.4 156.3 275.3 -253.4 -324.8 -481.0
1864 Revenge 79.7 158.8 278.1 -257.4 -328.8 -485.0
1866 Sigma.int 81.6 161.1 279.7 -261.4 -332.8 -489.0
1869 FSid3 77.6 157.1 275.7 -253.6 -325.3 -482.7
1871 Relax 79.3 158.9 277.9 -257.6 -329.3 -486.7
1872 rox.KIS 75.3 154.9 273.9 -253.0 -324.5 -482.0
1873 PBS 71.3 150.9 269.9 -246.7 -317.9 -478.5
1875 iG 72.9 152.6 271.8 -250.7 -321.9 -482.5
1876 GB 74.7 154.5 274.0 -254.7 -325.9 -486.5
1877 FD 76.3 156.2 275.3 -258.7 -329.9 -490.5
1880 VG 72.3 152.2 271.3 -252.1 -322.5 -483.4
1881 LGD.cn 75.6 156.0 273.2 -256.1 -326.5 -487.4
1882 Swage 79.3 159.9 275.9 -260.1 -330.5 -491.4
1883 iG 75.3 155.9 271.9 -251.7 -323.0 -481.7
1888 SMM 78.5 158.8 275.0 -255.7 -327.0 -485.7
1890 LGD.cn 74.5 154.8 271.0 -249.2 -321.1 -480.2
1891 Lowyat 70.5 150.8 267.0 -244.6 -316.5 -475.7
1892 nAra 66.5 146.8 263.0 -236.8 -309.7 -467.3
1895 Fnatic.eu 62.5 142.8 259.0 -232.2 -305.8 -458.6
1896 XctN 58.5 138.8 255.0 -226.8 -299.9 -453.1
1897 Idol 54.5 134.8 251.0 -220.9 -293.9 -447.4
1899 LGD.cn 57.0 137.4 253.0 -224.9 -297.9 -451.4
1900 PBS 59.2 139.8 255.6 -228.9 -301.9 -455.4
1902 Idol 55.2 135.8 251.6 -224.2 -297.3 -451.3
1903 Titan 57.2 138.2 252.9 -228.2 -301.3 -455.3
1904 Mastery 53.2 134.2 248.9 -221.7 -295.0 -447.8
1905 Swage 49.2 130.2 244.9 -214.1 -288.3 -441.8
1907 EOT 52.1 133.5 247.2 -218.1 -292.3 -445.8
1908 Sigma.int 48.1 129.5 243.2 -213.2 -286.9 -440.2
1909 Mski 51.2 133.1 245.9 -217.2 -290.9 -444.2
1910 FD 53.1 135.3 247.4 -221.2 -294.9 -448.2
1912 Orange 55.2 137.3 249.4 -225.2 -298.9 -452.2
1914 rox.KIS 57.0 139.1 251.4 -229.2 -302.9 -456.2
1917 Orange 59.0 140.7 253.1 -233.2 -306.9 -460.2
1918 Orange 61.1 142.6 255.0 -237.2 -310.9 -464.2
1920 Mski 57.1 138.6 251.0 -228.9 -304.4 -458.2
1921 VP 59.6 141.0 253.3 -232.9 -308.4 -462.2
1922 VP 55.6 137.0 249.3 -228.0 -303.6 -457.8
1923 VP 57.1 138.7 251.1 -232.0 -307.6 -461.8
1924 Sigma.int 59.4 141.4 252.8 -236.0 -311.6 -465.8
1925 PR 61.1 143.0 254.2 -240.0 -315.6 -469.8
1926 PR 63.7 145.1 256.4 -244.0 -319.6 -473.8
1930 Alliance 65.8 147.2 258.8 -248.0 -323.6 -477.8
1931 Swage 61.8 143.2 254.8 -240.0 -316.3 -471.2
1932 Empire 61.8 143.2 254.8 -240.0 -316.3 -471.2
1933 Alliance 64.0 145.4 257.2 -244.0 -320.3 -475.2
1936 Alliance 65.8 147.4 258.9 -248.0 -324.3 -479.2
1937 Na'Vi 67.6 149.4 261.1 -252.0 -328.3 -483.2
1938 DK 70.1 152.1 264.0 -256.0 -332.3 -487.2
1939 Na'Vi 71.8 154.0 265.4 -260.0 -336.3 -491.2
1940 Na'Vi 67.8 150.0 261.4 -254.8 -332.0 -486.9
1941 Zephyr 69.9 152.6 262.6 -258.8 -336.0 -490.9
1942 VP 73.3 155.5 265.5 -262.8 -340.0 -494.9
1943 PR 75.2 157.4 267.7 -266.8 -344.0 -498.9
1944 VP 77.1 159.5 269.2 -270.8 -348.0 -502.9
1946 PR 73.1 155.5 265.2 -264.2 -340.9 -496.3
1947 Relax 69.1 151.5 261.2 -257.2 -334.0 -490.2
1949 EOT.Ham. 65.1 147.5 257.2 -246.3 -324.7 -482.2
1955 Life 67.9 151.0 258.9 -250.3 -328.7 -486.2
1960 Empire 69.6 152.8 261.1 -254.3 -332.7 -490.2
1962 Fnatic.eu 71.9 155.2 263.5 -258.3 -336.7 -494.2
1963 Life 67.9 151.2 259.5 -248.9 -327.1 -487.3
1965 Relax 69.6 153.2 261.1 -252.9 -331.1 -491.3
1966 Speed 72.4 156.5 264.8 -256.9 -335.1 -495.3
1968 Denial 74.7 159.1 267.7 -260.9 -339.1 -499.3
1969 hehe 77.6 162.5 271.4 -264.9 -343.1 -503.3
1970 hehe 79.7 164.6 273.3 -268.9 -347.1 -507.3
1974 bvd.dotA 75.7 160.6 269.3 -263.7 -342.2 -504.0
1976 Relax 71.7 156.6 265.3 -258.5 -337.4 -497.0
1977 Empire 67.7 152.6 261.3 -253.6 -332.5 -492.5
1978 eHug 70.6 156.0 262.8 -257.6 -336.5 -496.5
1979 Empire 72.9 158.8 265.9 -261.6 -340.5 -500.5
1980 Empire 76.3 163.0 270.4 -265.6 -344.5 -504.5
1983 SADBOYS 72.3 159.0 266.4 -258.5 -335.9 -495.9
1986 eHug 68.3 155.0 262.4 -252.4 -329.8 -490.0
1987 Empire 64.3 151.0 258.4 -246.1 -324.3 -482.0
1988 Liquid 60.3 147.0 254.4 -238.6 -317.7 -475.4
1991 PR 62.3 149.1 256.6 -242.6 -321.7 -479.4
1993 Liquid 65.4 152.5 260.3 -246.6 -325.7 -483.4
1994 Fnatic.eu 61.4 148.5 256.3 -242.1 -321.7 -479.5
1995 SADBOYS 62.9 150.5 258.8 -246.1 -325.7 -483.5
1996 TR 58.9 146.5 254.8 -238.1 -318.2 -476.6
2000 UG 54.9 142.5 250.8 -233.0 -313.3 -471.2
2002 Swage 57.8 145.6 252.4 -237.0 -317.3 -475.2
2003 Empire 53.8 141.6 248.4 -230.8 -311.9 -466.7
2004 Empire 56.7 144.5 251.8 -234.8 -315.9 -470.7
2005 5inQ 59.3 147.4 253.3 -238.8 -319.9 -474.7
2006 Empire 55.3 143.4 249.3 -234.7 -315.9 -468.7
2008 SADBOYS 51.3 139.4 245.3 -227.4 -308.8 -461.6
2010 Na'Vi 52.8 141.0 246.9 -231.4 -312.8 -465.6
2011 PR 48.8 137.0 242.9 -225.8 -308.1 -461.1
2013 Empire 51.1 139.3 245.2 -229.8 -312.1 -465.1
2016 Revenge 53.0 141.3 247.3 -233.8 -316.1 -469.1
2018 Fnatic.eu 49.0 137.3 243.3 -224.9 -306.6 -460.3
2020 PR 50.8 139.2 245.3 -228.9 -310.6 -464.3
2025 D4D 53.9 142.4 247.6 -232.9 -314.6 -468.3
2026 Execration 55.9 144.7 250.2 -236.9 -318.6 -472.3
2028 Next.kz 51.9 140.7 246.2 -228.5 -311.0 -465.3
2030 Empire 55.4 144.1 249.7 -232.5 -315.0 -469.3
2031 Sigma.int 51.4 140.1 245.7 -226.1 -308.5 -462.7
2033 eHug 47.4 136.1 241.7 -219.6 -301.8 -456.1
2036 Zephyr 50.4 139.4 245.2 -223.6 -305.8 -460.1
2038 SADBOYS 54.5 143.6 248.5 -227.6 -309.8 -464.1
2039 Speed 50.5 139.6 244.5 -221.2 -303.4 -457.6
2043 Liquid 53.0 142.2 245.8 -225.2 -307.4 -461.6
2044 Arrow 55.3 145.0 247.2 -229.2 -311.4 -465.6
2046 Empire 58.8 148.5 250.8 -233.2 -315.4 -469.6
2047 Empire 60.5 150.5 252.1 -237.2 -319.4 -473.6
2048 Arrow 62.2 152.6 253.1 -241.2 -323.4 -477.6
2049 GL 64.3 154.9 254.7 -245.2 -327.4 -481.6
2051 Nullis 66.3 157.0 257.0 -249.2 -331.4 -485.6
2052 Nullis 62.3 153.0 253.0 -241.4 -324.3 -476.7
2056 bvd.dotA 63.8 154.7 255.1 -245.4 -328.3 -480.7
2057 Aura 66.0 157.1 257.7 -249.4 -332.3 -484.7
2060 Fnatic.eu 62.0 153.1 253.7 -244.8 -328.1 -480.7
2062 PR 58.0 149.1 249.7 -238.3 -321.9 -474.8
2069 VP 54.0 145.1 245.7 -232.0 -316.1 -468.8
2070 rox.KIS 50.0 141.1 241.7 -224.9 -309.6 -459.1
2071 Cloud9 53.1 144.5 243.8 -228.9 -313.6 -463.1
2072 About 49.1 140.5 239.8 -221.5 -306.5 -455.4
2073 4FC 50.9 142.6 241.3 -225.5 -310.5 -459.4
2074 vhoul 46.9 138.6 237.3 -215.1 -300.8 -452.5
2075 Liquid 42.9 134.6 233.3 -207.9 -294.8 -443.4
2078 Empire 45.4 137.2 235.3 -211.9 -298.8 -447.4
2079 Empire 47.0 139.1 237.4 -215.9 -302.8 -451.4
2084 hehe 43.0 135.1 233.4 -211.3 -298.0 -446.9
2085 Next.kz 46.1 138.1 238.1 -215.3 -302.0 -450.9
2086 PssT 42.1 134.1 234.1 -208.0 -296.2 -442.3
2088 SADBOYS 45.2 137.8 236.5 -212.0 -300.2 -446.3
2091 Zephyr 48.0 140.7 239.6 -216.0 -304.2 -450.3
2092 Empire 44.0 136.7 235.6 -211.7 -299.8 -446.0
2093 rox.KIS 45.8 138.6 236.8 -215.7 -303.8 -450.0
2094 Insane 41.8 134.6 232.8 -207.9 -296.8 -443.8
2096 neXt! 37.8 130.6 228.8 -202.1 -291.4 -439.4
2099 rox.KIS 39.8 132.5 230.7 -206.1 -295.4 -443.4
2101 ZR 42.9 136.1 232.8 -210.1 -299.4 -447.4
2102 MYM 44.5 137.8 234.7 -214.1 -303.4 -451.4
2103 JnRun 40.5 133.8 230.7 -209.4 -298.6 -446.5
2104 Arrow 36.5 129.8 226.7 -200.4 -289.7 -438.6
2105 Mongolz 40.0 133.4 229.2 -204.4 -293.7 -442.6
2106 Panthers 42.5 136.1 232.3 -208.4 -297.7 -446.6
2112 DUZA 45.0 138.7 234.9 -212.4 -301.7 -450.6
2114 VP 47.7 141.7 238.1 -216.4 -305.7 -454.6
2115 Mongolz 43.7 137.7 234.1 -210.0 -298.9 -448.2
2117 Titan 45.8 140.2 235.6 -214.0 -302.9 -452.2
2122 4FC 49.1 143.4 238.5 -218.0 -306.9 -456.2
2124 neXt! 45.1 139.4 234.5 -211.6 -300.0 -449.0
2126 ZR 47.3 141.7 236.6 -215.6 -304.0 -453.0
2128 Alliance 48.9 143.4 238.2 -219.6 -308.0 -457.0
2129 vhoul 51.4 146.1 240.0 -223.6 -312.0 -461.0
2132 Fnatic.eu 53.1 147.8 241.6 -227.6 -316.0 -465.0
2135 rox.KIS 55.1 150.0 244.1 -231.6 -320.0 -469.0
2136 Swage 56.8 151.9 245.9 -235.6 -324.0 -473.0
2137 Revenge 58.5 153.7 247.1 -239.6 -328.0 -477.0
2139 eHug 60.2 155.5 248.6 -243.6 -332.0 -481.0
2140 PssT 56.2 151.5 244.6 -236.2 -324.0 -473.7
2142 MVP.P 59.7 154.3 247.4 -240.2 -328.0 -477.7
2143 MiTH 61.2 155.8 248.7 -244.2 -332.0 -481.7
2146 Fnatic.eu 63.1 157.9 250.4 -248.2 -336.0 -485.7
2149 Sigma.int 64.7 159.6 252.3 -252.2 -340.0 -489.7
2150 VP 60.7 155.6 248.3 -247.4 -335.5 -484.6
2151 Insane 56.7 151.6 244.3 -242.6 -330.4 -479.3
2152 Relax 52.7 147.6 240.3 -232.4 -320.7 -469.6
2154 ZR 48.7 143.6 236.3 -226.7 -315.2 -464.7
2155 MYM 50.4 145.2 238.2 -230.7 -319.2 -468.7
2160 Dog 51.8 147.0 240.2 -234.7 -323.2 -472.7
2161 Osiris 47.8 143.0 236.2 -226.9 -316.2 -468.8
2164 Puck 43.8 139.0 232.2 -220.6 -309.2 -462.0
2166 DUZA 39.8 135.0 228.2 -213.2 -302.2 -455.5
2167 Scythe 42.6 138.2 229.9 -217.2 -306.2 -459.5
2168 Dignotoss 45.5 141.8 233.7 -221.2 -310.2 -463.5
2169 WWD 47.8 144.5 235.0 -225.2 -314.2 -467.5
2170 ZR 43.8 140.5 231.0 -216.1 -304.5 -458.6
2171 Relax 45.6 142.3 232.8 -220.1 -308.5 -462.6
2176 neXt! 41.6 138.3 228.8 -213.7 -302.7 -457.1
2177 Dog 43.0 140.1 231.2 -217.7 -306.7 -461.1
2179 PR 45.4 142.7 233.0 -221.7 -310.7 -465.1
2180 Puck 41.4 138.7 229.0 -214.8 -304.6 -456.7
2182 MM 44.1 141.6 230.6 -218.8 -308.6 -460.7
2183 4N 40.1 137.6 226.6 -213.9 -303.7 -456.0
2184 Swage 36.1 133.6 222.6 -209.3 -300.0 -450.9
2186 RRQ 32.1 129.6 218.6 -203.6 -295.0 -443.1
2189 Dignotoss 28.1 125.6 214.6 -198.8 -290.4 -437.1
2191 Orange 30.2 127.7 216.7 -202.8 -294.4 -441.1
2192 PR 26.2 123.7 212.7 -195.9 -288.2 -435.9
2193 Na'Vi 28.1 125.4 214.4 -199.9 -292.2 -439.9
2194 Zephyr 30.8 128.2 216.7 -203.9 -296.2 -443.9
2196 Dog 26.8 124.2 212.7 -200.2 -291.4 -438.6
2201 eN.Legs 29.0 126.4 214.9 -204.2 -295.4 -442.6
2202 neXt! 31.4 128.9 217.2 -208.2 -299.4 -446.6
2203 BIP 34.0 131.9 218.9 -212.2 -303.4 -450.6
2204 Osiris 30.0 127.9 214.9 -202.9 -293.8 -441.6
2206 Mski 30.0 127.9 214.9 -202.9 -293.8 -441.6
2207 PR 26.0 123.9 210.9 -198.4 -289.2 -437.3
2209 DT.NGC 22.0 119.9 206.9 -193.1 -284.1 -433.0
2215 ADN 18.0 115.9 202.9 -184.0 -274.4 -426.2
2218 VP 14.0 111.9 198.9 -174.5 -266.2 -418.5
2219 rox.KIS 10.0 107.9 194.9 -169.1 -261.0 -413.4
2223 Sigma.int 13.8 111.6 198.8 -173.1 -265.0 -417.4
2225 Empire 9.8 107.6 194.8 -167.4 -257.6 -409.7
2226 Empire 5.8 103.6 190.8 -157.5 -247.7 -403.3
2230 Orange 8.0 105.7 193.0 -161.5 -251.7 -407.3
2231 Arrow 10.0 108.1 194.7 -165.5 -255.7 -411.3
2232 Relax 13.7 111.1 197.5 -169.5 -259.7 -415.3
2233 CIS 16.4 114.1 200.2 -173.5 -263.7 -419.3
2234 5inQ 19.0 116.2 202.4 -177.5 -267.7 -423.3
2237 Execration 20.6 117.8 204.1 -181.5 -271.7 -427.3
2238 FD 22.1 119.5 205.6 -185.5 -275.7 -431.3
2240 Spirit 18.1 115.5 201.6 -177.7 -267.9 -422.2
2245 MYM 20.9 118.5 204.9 -181.7 -271.9 -426.2
2246 Execration 24.8 122.4 207.8 -185.7 -275.9 -430.2
2247 Cloud9 28.0 126.1 209.8 -189.7 -279.9 -434.2
2248 DT.NGC 29.7 128.1 212.2 -193.7 -283.9 -438.2
2250 Execration 25.7 124.1 208.2 -188.8 -278.9 -433.7
2252 FD 28.0 126.5 210.1 -192.8 -282.9 -437.7
2254 Fnatic.eu 30.9 129.5 213.3 -196.8 -286.9 -441.7
2255 rox.KIS 33.4 131.9 215.7 -200.8 -290.9 -445.7
2258 Arrow 29.4 127.9 211.7 -192.5 -284.1 -440.0
2259 VG 32.1 130.7 213.5 -196.5 -288.1 -444.0
2262 Mski 34.1 132.9 215.2 -200.5 -292.1 -448.0
2263 Cloud9 36.3 135.5 218.1 -204.5 -296.1 -452.0
2269 Na'Vi 38.1 137.4 219.8 -208.5 -300.1 -456.0
2270 RRQ 34.1 133.4 215.8 -201.1 -292.8 -449.0
2271 Titan 35.9 135.3 217.6 -205.1 -296.8 -453.0
2272 Arrow 38.9 138.9 221.6 -209.1 -300.8 -457.0
2274 LGD.cn 40.8 141.2 222.9 -213.1 -304.8 -461.0
2281 Titan 43.4 143.3 224.9 -217.1 -308.8 -465.0
2283 Fnatic.eu 45.1 145.2 226.8 -221.1 -312.8 -469.0
2286 Cloud9 47.8 147.8 230.3 -225.1 -316.8 -473.0
2287 VG 43.8 143.8 226.3 -219.5 -311.2 -469.3
2288 EG 39.8 139.8 222.3 -210.0 -301.5 -461.5
2289 DT.NGC 35.8 135.8 218.3 -199.5 -290.0 -455.6
2290 Orange 31.8 131.8 214.3 -190.3 -281.6 -447.8
2291 Na'Vi 34.2 134.2 217.4 -194.3 -285.6 -451.8
