0 0 0.0 0.0 0.0 0.0 0.0 0.0
14 Alliance -4.0 -4.0 -4.0 4.7 4.7 4.1
15 Fnatic -0.5 -0.5 -1.5 0.7 0.7 0.1
16 Empire -4.5 -4.5 -5.5 5.3 5.6 5.1
17 Turtle -1.9 -2.0 -2.7 1.3 1.6 1.1
19 Empire -0.4 -0.1 -0.8 -2.7 -2.4 -2.9
22 Dignitas 3.1 3.3 2.8 -6.7 -6.4 -6.9
26 Empire -0.9 -0.7 -1.2 3.7 2.1 0.9
28 Quantic -4.9 -4.7 -5.2 10.3 9.2 7.5
31 Liquid -3.2 -2.8 -3.1 6.3 5.2 3.5
33 Dignitas -7.2 -6.8 -7.1 10.5 8.9 7.9
34 EG -11.2 -10.8 -11.1 18.7 15.8 14.4
36 Next.kz -11.2 -10.8 -11.1 18.7 15.8 14.4
37 mouz -15.2 -14.8 -15.1 23.4 19.8 18.7
39 VP -19.2 -18.8 -19.1 29.3 25.9 24.2
40 Fnatic.eu -17.8 -16.8 -17.1 25.3 21.9 20.2
42 Liquid -21.8 -20.8 -21.1 31.0 27.5 25.1
43 mouz -20.2 -18.9 -19.2 27.0 23.5 21.1
44 Quantic -18.8 -17.0 -17.1 23.0 19.5 17.1
45 Quantic -16.8 -14.6 -14.8 19.0 15.5 13.1
46 GU.pe -13.3 -10.8 -10.8 15.0 11.5 9.1
47 VP -17.3 -14.8 -14.8 19.7 16.0 12.9
48 VP -15.9 -13.2 -12.7 15.7 12.0 8.9
52 Fnatic.eu -19.9 -17.2 -16.7 19.8 16.3 13.2
53 VP -23.9 -21.2 -20.7 30.4 25.0 21.3
54 4FC -21.3 -18.0 -17.2 26.4 21.0 17.3
55 mouz -17.5 -14.5 -13.4 22.4 17.0 13.3
57 Dignitas -15.8 -12.3 -11.0 18.4 13.0 9.3
63 EG -19.8 -16.3 -15.0 24.0 17.9 14.2
64 iM`Bashers -15.9 -12.5 -11.2 20.0 13.9 10.2
65 VnR.Alpha -12.2 -9.0 -7.8 16.0 9.9 6.2
67 Ptd.Bravo -16.2 -13.0 -11.8 20.7 15.1 10.8
69 Dignitas -13.5 -10.2 -9.0 16.7 11.1 6.8
70 Quantic -10.4 -7.4 -5.8 12.7 7.1 2.8
72 Neo.int -14.4 -11.4 -9.8 17.6 12.5 7.7
74 Dignitas -18.4 -15.4 -13.8 24.3 18.6 13.8
76 eN.Legs -16.0 -12.2 -10.4 20.3 14.6 9.8
77 VnR.Alpha -13.4 -10.3 -7.7 16.3 10.6 5.8
78 Fnatic.eu -17.4 -14.3 -11.7 21.0 15.2 10.4
79 Na'Vi -14.4 -11.3 -8.8 17.0 11.2 6.4
80 Liquid -18.4 -15.3 -12.8 24.5 19.1 12.5
81 Neo.int -15.9 -13.3 -10.5 20.5 15.1 8.5
82 Orange -19.9 -17.3 -14.5 28.2 22.7 15.7
83 s4 -23.9 -21.3 -18.5 32.0 27.9 21.1
84 Liquid -27.9 -25.3 -22.5 36.4 32.5 25.2
85 Fnatic.eu -24.6 -22.0 -19.1 32.4 28.5 21.2
88 Liquid -28.6 -26.0 -23.1 38.1 34.1 26.4
90 VP -32.6 -30.0 -27.1 42.6 38.3 31.1
91 Liquid -29.3 -27.1 -24.3 38.6 34.3 27.1
92 Ptd.Bravo -29.3 -27.1 -24.3 38.6 34.3 27.1
93 Na'Vi -27.7 -25.3 -22.3 34.6 30.3 23.1
94 Fnatic.eu -24.0 -21.5 -18.4 30.6 26.3 19.1
95 Na'Vi -22.3 -19.6 -16.3 26.6 22.3 15.1
96 Empire -20.1 -17.3 -13.8 22.6 18.3 11.1
99 VP -17.4 -14.4 -10.6 18.6 14.3 7.1
100 Liquid -15.3 -12.2 -8.2 14.6 10.3 3.1
101 3D -12.9 -9.2 -5.1 10.6 6.3 -0.9
102 Dignitas -16.9 -13.2 -9.1 16.0 11.8 4.7
103 Fnatic.eu -13.1 -9.7 -5.7 12.0 7.8 0.7
104 PtD.Alpha -11.4 -7.8 -3.7 8.0 3.8 -3.3
105 Liquid -8.7 -5.1 -0.8 4.0 -0.2 -7.3
106 Dignitas -6.4 -2.6 2.0 0.0 -4.2 -11.3
107 iM`Bashers -4.2 0.3 4.9 -4.0 -8.2 -15.3
111 Fnatic.eu -2.2 2.8 7.5 -8.0 -12.2 -19.3
113 Fnatic.eu -0.6 4.5 9.8 -12.0 -16.2 -23.3
114 Fnatic.eu -4.6 0.5 5.8 -6.0 -10.6 -17.5
120 Na'Vi -1.2 4.2 9.6 -10.0 -14.6 -21.5
121 eN.Legs 0.3 6.0 11.9 -14.0 -18.6 -25.5
122 mouz 3.8 9.7 15.4 -18.0 -22.6 -29.5
125 Empire 6.3 12.3 18.2 -22.0 -26.6 -33.5
126 rox.KIS 2.3 8.3 14.2 -14.8 -19.5 -27.5
128 ASF.R5 -1.7 4.3 10.2 -4.9 -10.9 -20.1
130 Alliance -5.7 0.3 6.2 4.8 -2.8 -12.4
131 Na'Vi -2.0 4.0 10.3 0.8 -6.8 -16.4
132 Alliance -6.0 -2.6645352591e-15 6.3 9.4 -0.1 -9.9
137 Na'Vi -3.3 2.9 9.1 5.4 -4.1 -13.9
140 CastersEN -7.3 -1.1 5.1 10.2 1.5 -8.1
141 mouz -4.9 1.5 7.8 6.2 -2.5 -12.1
142 Alliance -8.9 -2.5 3.8 11.4 2.3 -7.4
144 mouz -12.9 -6.5 -0.2 16.8 7.3 -2.5
145 Alliance -9.7 -3.2 3.0 12.8 3.3 -6.5
146 Liquid -7.3 -0.7 5.8 8.8 -0.7 -10.5
147 4FC -11.3 -4.7 1.8 14.3 4.8 -4.8
148 Empire -8.6 -1.8 4.9 10.3 0.8 -8.8
150 Fnatic.eu -8.6 -1.8 4.9 10.3 0.8 -8.8
151 EG -12.6 -5.8 0.9 19.8 9.1 -0.8
152 Alliance -9.6 -2.6 4.1 15.8 5.1 -4.8
153 Liquid -13.6 -6.6 0.1 22.6 12.6 2.8
154 VP -11.1 -4.2 2.5 18.6 8.6 -1.2
155 iG -9.1 -1.9 5.0 14.6 4.6 -5.2
157 Fnatic.eu -6.8 0.4 7.3 10.6 0.6 -9.2
158 WH?Dota2 -6.8 0.4 7.3 10.6 0.6 -9.2
159 VP -10.8 -3.6 3.3 18.6 7.7 -3.2
161 Empire -14.8 -7.6 -0.7 24.2 13.2 2.2
162 rox.KIS -12.9 -5.7 1.3 20.2 9.2 -1.8
163 Lounge -10.3 -3.0 4.2 16.2 5.2 -5.8
165 eN.Legs -8.5 -1.1 6.5 12.2 1.2 -9.8
166 Fnatic.eu -6.5 1.0 8.8 8.2 -2.8 -13.8
173 VP -4.5 3.3 11.3 4.2 -6.8 -17.8
176 Alliance -2.1 6.2 14.4 0.2 -10.8 -21.8
178 Dignitas 0.5 9.5 17.8 -3.8 -14.8 -25.8
179 Liquid -3.5 5.5 13.8 6.0 -6.0 -17.7
182 Empire -1.1 8.2 16.7 2.0 -10.0 -21.7
183 Fnatic.eu -5.1 4.2 12.7 9.5 -3.5 -15.4
184 WH?Dota2 -1.9 7.7 16.2 5.5 -7.5 -19.4
186 Alliance -0.2 9.6 18.2 1.5 -11.5 -23.4
187 VP -4.2 5.6 14.2 8.5 -5.0 -17.5
188 LGD.cn -8.2 1.6 10.2 13.5 0.3 -12.2
189 Dignitas -12.2 -2.4 6.2 20.2 6.6 -6.4
190 Alliance -16.2 -6.4 2.2 26.0 12.1 -0.9
191 Liquid -20.2 -10.4 -1.8 31.1 17.6 4.5
192 VP -24.2 -14.4 -5.8 35.9 21.9 8.6
193 VP -28.2 -18.4 -9.8 41.4 27.2 13.7
194 Alliance -26.5 -16.5 -7.8 37.4 23.2 9.7
195 Dignitas -30.5 -20.5 -11.8 43.0 29.5 17.4
196 Orange -34.5 -24.5 -15.8 52.2 38.1 25.5
199 Dignitas -38.5 -28.5 -19.8 57.3 43.2 30.6
200 VP -34.7 -24.9 -16.2 53.3 39.2 26.6
201 Orange -31.7 -21.6 -12.7 49.3 35.2 22.6
202 Alliance -29.1 -18.9 -9.9 45.3 31.2 18.6
203 Alliance -25.8 -15.5 -6.4 41.3 27.2 14.6
204 Fnatic.eu -29.8 -19.5 -10.4 45.5 31.6 19.0
205 Fnatic.eu -33.8 -23.5 -14.4 51.3 37.4 24.7
206 LGD.cn -32.0 -21.7 -12.5 47.3 33.4 20.7
207 Alliance -30.2 -19.7 -10.2 43.3 29.4 16.7
209 Liquid -28.6 -17.8 -8.0 39.3 25.4 12.7
210 LGD.cn -25.7 -15.2 -5.4 35.3 21.4 8.7
211 Liquid -23.1 -12.2 -2.2 31.3 17.4 4.7
212 Dignitas -27.1 -16.2 -6.2 37.4 23.6 10.7
213 DK -31.1 -20.2 -10.2 46.3 32.5 19.2
214 Dignitas -27.5 -16.3 -6.3 42.3 28.5 15.2
215 Liquid -25.2 -13.8 -3.8 38.3 24.5 11.2
216 Liquid -29.2 -17.8 -7.8 45.7 31.3 17.9
217 DK -25.8 -14.9 -5.0 41.7 27.3 13.9
218 Fnatic.eu -23.6 -12.8 -2.8 37.7 23.3 9.9
219 Dignitas -21.9 -11.0 -0.8 33.7 19.3 5.9
220 Fnatic.eu -20.2 -9.2 1.2 29.7 15.3 1.9
221 Alliance -18.6 -7.4 3.2 25.7 11.3 -2.1
222 Dignitas -18.6 -7.4 3.2 25.7 11.3 -2.1
224 mouz -22.6 -11.4 -0.8 35.0 20.4 6.1
227 Kaipi -26.6 -15.4 -4.8 44.1 28.6 13.2
229 Liquid -30.6 -19.4 -8.8 54.3 37.4 21.1
230 VP -28.4 -16.9 -6.1 50.3 33.4 17.1
232 Alliance -25.7 -14.0 -3.0 46.3 29.4 13.1
233 mouz -24.1 -12.3 -1.1 42.3 25.4 9.1
237 Na'Vi -22.4 -10.5 0.8 38.3 21.4 5.1
238 rox.KIS -19.8 -7.8 3.7 34.3 17.4 1.1
242 EG -23.8 -11.8 -0.3 42.7 25.5 8.8
243 Alliance -21.4 -9.2 2.5 38.7 21.5 4.8
244 Alliance -19.5 -7.0 5.2 34.7 17.5 0.8
247 Dignitas -16.8 -3.6 8.8 30.7 13.5 -3.2
249 Fnatic.eu -13.8 -0.8 11.7 26.7 9.5 -7.2
250 Alliance -17.8 -4.8 7.7 33.9 16.8 -0.5
252 VP -21.8 -8.8 3.7 40.7 22.7 5.0
254 EG -25.8 -12.8 -0.3 48.5 30.0 11.5
255 Na'Vi -24.1 -10.9 1.9 44.5 26.0 7.5
256 Alliance -22.5 -9.0 3.9 40.5 22.0 3.5
257 Liquid -19.2 -5.5 7.5 36.5 18.0 -0.5
259 Liquid -16.1 -2.2 11.0 32.5 14.0 -4.5
260 Alliance -14.5 -0.4 12.9 28.5 10.0 -8.5
261 Liquid -12.2 2.2 15.6 24.5 6.0 -12.5
263 Prodota.ru -16.2 -1.8 11.6 28.5 10.1 -8.5
264 Lounge -20.2 -5.8 7.6 34.1 15.5 -3.2
265 Lounge -20.2 -5.8 7.6 34.1 15.5 -3.2
267 mouz -16.8 -2.0 11.5 30.1 11.5 -7.2
269 EG -20.8 -6.0 7.5 36.2 17.1 -1.8
277 Na'Vi -19.1 -4.0 9.9 32.2 13.1 -5.8
281 EG -23.1 -8.0 5.9 40.3 20.1 0.4
284 Liquid -21.0 -5.6 8.5 36.3 16.1 -3.6
285 rox.KIS -18.0 -2.4 11.9 32.3 12.1 -7.6
289 Dignitas -16.1 -0.1 14.3 28.3 8.1 -11.6
290 Na'Vi -13.9 2.2 16.8 24.3 4.1 -15.6
292 rox.KIS -17.9 -1.8 12.8 32.7 11.5 -8.8
295 Quantic -21.9 -5.8 8.8 37.6 17.0 -3.3
296 Quantic -19.0 -2.7 12.0 33.6 13.0 -7.3
297 rox.KIS -17.5 -0.9 14.0 29.6 9.0 -11.3
298 Zenith -15.6 1.1 16.2 25.6 5.0 -15.3
299 rox.KIS -13.6 3.2 18.4 21.6 1.0 -19.3
302 EG -11.7 5.4 20.9 17.6 -3.0 -23.3
303 QPandas -15.7 1.4 16.9 23.8 2.7 -18.1
305 mouz -13.7 3.6 19.3 19.8 -1.3 -22.1
307 rox.KIS -17.7 -0.4 15.3 28.1 5.3 -16.4
308 Quantic -21.7 -4.4 11.3 33.9 10.3 -11.7
311 Quantic -25.7 -8.4 7.3 38.0 15.0 -7.0
312 mouz -29.7 -12.4 3.3 43.6 20.5 -1.4
313 mouz -33.7 -16.4 -0.7 50.1 26.8 4.5
315 Liquid -32.0 -14.6 1.2 46.1 22.8 0.5
318 mouz -29.1 -11.4 4.5 42.1 18.8 -3.5
320 EG -33.1 -15.4 0.5 46.6 23.4 0.9
322 RS -31.6 -13.6 2.6 42.6 19.4 -3.1
323 TongFu -35.6 -17.6 -1.4 48.1 24.9 2.4
325 RS -33.1 -14.7 1.6 44.1 20.9 -1.6
327 rox.KIS -37.1 -18.7 -2.4 54.1 29.6 6.3
328 4FC -41.1 -22.7 -6.4 60.4 35.7 12.1
329 RAT -38.0 -18.9 -2.5 56.4 31.7 8.1
331 EG -42.0 -22.9 -6.5 65.1 39.9 15.7
332 RStars -39.4 -19.8 -2.9 61.1 35.9 11.7
334 VP -38.0 -18.0 -0.8 57.1 31.9 7.7
335 VP -42.0 -22.0 -4.8 61.9 36.2 12.1
336 MiTH -39.1 -18.7 -1.1 57.9 32.2 8.1
339 RStars -36.8 -15.6 2.1 53.9 28.2 4.1
342 Alliance -34.0 -13.1 4.7 49.9 24.2 0.1
343 Orange -38.0 -17.1 0.7 53.6 28.3 4.5
345 LGD.cn -36.2 -15.3 2.6 49.6 24.3 0.5
347 Orange -40.2 -19.3 -1.4 57.9 30.7 6.3
349 Quantic -37.2 -16.0 2.3 53.9 26.7 2.3
351 Alliance -35.2 -13.8 4.6 49.9 22.7 -1.7
353 iG -33.5 -11.9 6.7 45.9 18.7 -5.7
354 Alliance -29.7 -8.3 10.3 41.9 14.7 -9.7
357 LGD.cn -28.0 -6.5 12.2 37.9 10.7 -13.7
358 Alliance -26.0 -4.4 14.4 33.9 6.7 -17.7
359 DK -30.0 -8.4 10.4 38.1 11.3 -13.0
360 mouz -28.2 -6.5 12.6 34.1 7.3 -17.0
361 Orange -32.2 -10.5 8.6 38.8 11.7 -12.7
363 Alliance -30.1 -8.4 10.7 34.8 7.7 -16.7
365 rox.KIS -34.1 -12.4 6.7 43.1 15.0 -10.4
366 Dignitas -38.1 -16.4 2.7 51.8 23.9 -2.3
370 iCCup -35.8 -13.7 5.7 47.8 19.9 -6.3
372 Quantic -39.8 -17.7 1.7 56.3 27.8 0.5
374 Dignitas -43.8 -21.7 -2.3 61.8 33.2 5.4
375 VG -42.1 -19.7 -0.2 57.8 29.2 1.4
380 4FC -39.4 -16.7 3.0 53.8 25.2 -2.6
381 RS -36.4 -13.6 6.2 49.8 21.2 -6.6
382 Fnatic.eu -40.4 -17.6 2.2 58.2 28.3 -0.2
383 RS -44.4 -21.6 -1.8 67.5 37.5 8.5
385 Alliance -42.1 -18.6 1.8 63.5 33.5 4.5
386 TM -39.1 -15.0 5.6 59.5 29.5 0.5
391 mouz -35.3 -11.6 9.0 55.5 25.5 -3.5
394 MX -33.1 -9.2 11.7 51.5 21.5 -7.5
395 LGD.cn -29.8 -6.0 15.0 47.5 17.5 -11.5
397 rox.KIS -27.3 -3.9 17.2 43.5 13.5 -15.5
399 VP -31.3 -7.9 13.2 51.9 21.5 -7.8
400 VP -35.3 -11.9 9.2 56.2 26.3 -3.1
402 DK -39.3 -15.9 5.2 62.3 33.6 4.0
404 MiTH -37.6 -14.0 7.3 58.3 29.6 -7.1054273576e-15
405 mouz -41.6 -18.0 3.3 62.9 34.5 4.9
407 PR -39.8 -15.7 6.1 58.9 30.5 0.9
408 TM -38.1 -13.8 8.3 54.9 26.5 -3.1
411 Quantic -42.1 -17.8 4.3 60.3 31.5 1.6
412 mouz -40.2 -15.7 6.6 56.3 27.5 -2.4
418 VP -38.4 -13.9 8.7 52.3 23.5 -6.4
420 Na'Vi -42.4 -17.9 4.7 59.3 28.9 -1.5
422 Liquid -46.4 -21.9 0.7 63.9 33.5 2.9
423 Quantic -43.8 -19.3 3.5 59.9 29.5 -1.1
425 mouz -41.9 -17.2 5.8 55.9 25.5 -5.1
426 Artyk -40.0 -14.8 8.6 51.9 21.5 -9.1
428 Kaipi -38.4 -12.8 11.0 47.9 17.5 -13.1
429 Liquid -35.8 -10.3 13.6 43.9 13.5 -17.1
434 EG -32.3 -6.8 17.0 39.9 9.5 -21.1
436 EG -28.9 -3.5 20.3 35.9 5.5 -25.1
438 Na'Vi -26.9 -1.6 22.3 31.9 1.5 -29.1
440 Orange -24.9 0.9 25.0 27.9 -2.5 -33.1
442 Kaipi -22.8 2.8 27.0 23.9 -6.5 -37.1
449 VP -21.3 4.7 29.2 19.9 -10.5 -41.1
452 EG -19.7 6.5 31.2 15.9 -14.5 -45.1
454 Kaipi -23.7 2.5 27.2 22.5 -8.9 -40.0
455 EG -20.9 5.5 30.2 18.5 -12.9 -44.0
456 Fnatic.eu -24.9 1.5 26.2 24.5 -6.8 -38.3
457 Alliance -23.1 3.5 28.3 20.5 -10.8 -42.3
458 EG -27.1 -0.5 24.3 25.1 -5.9 -37.8
459 Alliance -25.5 1.3 26.3 21.1 -9.9 -41.8
460 Kaipi -29.5 -2.7 22.3 27.5 -4.1 -36.3
463 VP -26.8 -0.2 25.0 23.5 -8.1 -40.3
466 iCCup -24.9 1.8 27.3 19.5 -12.1 -44.3
467 Na'Vi -23.1 3.9 29.6 15.5 -16.1 -48.3
470 mouz -20.4 6.6 32.5 11.5 -20.1 -52.3
477 mouz -17.7 9.6 35.6 7.5 -24.1 -56.3
478 rox.KIS -14.2 12.6 38.7 3.5 -28.1 -60.3
482 Smeagol -12.4 14.9 41.1 -0.5 -32.1 -64.3
483 paiN -16.4 10.9 37.1 8.1 -23.6 -57.2
487 Kaipi -14.2 13.5 40.0 4.1 -27.6 -61.2
490 paiN.int -11.5 16.6 43.4 0.1 -31.6 -65.2
496 TongFu -9.5 19.0 46.0 -3.9 -35.6 -69.2
497 DK -13.5 15.0 42.0 1.6 -30.4 -64.2
500 Liquid -17.5 11.0 38.0 7.8 -23.4 -57.5
501 eLPride -21.5 7.0 34.0 13.4 -17.0 -51.0
504 VP -19.8 8.8 36.1 9.4 -21.0 -55.0
509 Keita -16.8 11.2 38.4 5.4 -25.0 -59.0
510 Fnatic.eu -20.8 7.2 34.4 10.3 -20.3 -54.8
511 Alliance -18.7 9.5 36.9 6.3 -24.3 -58.8
515 Alliance -17.2 11.4 39.1 2.3 -28.3 -62.8
516 Quantic -13.7 15.2 43.2 -1.7 -32.3 -66.8
517 Alliance -12.2 17.0 45.3 -5.7 -36.3 -70.8
518 Alliance -10.2 19.4 47.9 -9.7 -40.3 -74.8
519 FSid3 -8.2 21.8 50.6 -13.7 -44.3 -78.8
521 LGD.int -12.2 17.8 46.6 -3.8 -36.0 -71.4
523 Na'Vi -10.5 19.6 48.6 -7.8 -40.0 -75.4
525 LGD.cn -8.6 21.6 50.9 -11.8 -44.0 -79.4
530 Orange -5.4 25.6 55.2 -15.8 -48.0 -83.4
534 EG -2.6 28.4 57.9 -19.8 -52.0 -87.4
539 Quantic 0.8 31.7 61.3 -23.8 -56.0 -91.4
540 EG 3.4 34.2 63.9 -27.8 -60.0 -95.4
543 VP 6.0 36.5 66.5 -31.8 -64.0 -99.4
545 Alliance 7.5 38.4 68.7 -35.8 -68.0 -103.4
546 Orange 10.0 40.5 70.8 -39.8 -72.0 -107.4
547 iG 11.9 42.3 72.7 -43.8 -76.0 -111.4
548 Liquid 15.0 45.4 76.0 -47.8 -80.0 -115.4
556 Fnatic.eu 11.0 41.4 72.0 -42.9 -75.7 -111.4
558 rox.KIS 12.7 43.2 74.0 -46.9 -79.7 -115.4
559 mouz 16.1 46.9 77.9 -50.9 -83.7 -119.4
561 Orange 12.1 42.9 73.9 -46.3 -78.4 -114.1
562 TongFu 13.8 44.7 75.8 -50.3 -82.4 -118.1
563 iG 17.1 48.5 79.8 -54.3 -86.4 -122.1
564 EG 13.1 44.5 75.8 -47.4 -79.8 -116.0
565 Dignitas 9.1 40.5 71.8 -42.4 -75.3 -111.9
567 mouz 12.1 43.7 75.2 -46.4 -79.3 -115.9
568 Liquid 14.8 46.3 77.9 -50.4 -83.3 -119.9
570 VP 10.8 42.3 73.9 -46.4 -79.2 -115.7
571 DK 6.8 38.3 69.9 -39.0 -72.1 -108.9
575 TongFu 2.8 34.3 65.9 -33.5 -66.8 -103.9
577 rox.KIS 4.8 36.4 68.4 -37.5 -70.8 -107.9
579 Alliance 7.5 39.2 71.4 -41.5 -74.8 -111.9
581 LGD.cn 9.9 42.0 74.5 -45.5 -78.8 -115.9
583 iCCup 5.9 38.0 70.5 -41.1 -74.4 -111.8
584 Alliance 7.9 40.5 73.2 -45.1 -78.4 -115.8
586 EG 3.9 36.5 69.2 -40.5 -73.6 -111.1
588 Zenith -0.1 32.5 65.2 -33.1 -66.0 -104.2
589 Alliance 1.9 34.6 67.6 -37.1 -70.0 -108.2
590 Na'Vi 3.8 36.4 69.5 -41.1 -74.0 -112.2
591 LGD.cn 6.5 39.3 72.5 -45.1 -78.0 -116.2
592 Fnatic.eu 8.3 41.3 74.6 -49.1 -82.0 -120.2
593 Quantic 10.8 43.8 77.2 -53.1 -86.0 -124.2
594 mouz 14.0 47.1 80.7 -57.1 -90.0 -128.2
595 Alliance 15.6 48.8 82.6 -61.1 -94.0 -132.2
596 mouz 18.4 51.8 85.5 -65.1 -98.0 -136.2
597 Alliance 20.2 53.7 87.5 -69.1 -102.0 -140.2
599 Na'Vi 23.7 56.7 90.4 -73.1 -106.0 -144.2
602 Alliance 25.3 58.5 92.3 -77.1 -110.0 -148.2
605 LGD.int 27.1 60.2 94.2 -81.1 -114.0 -152.2
607 Kaipi 23.1 56.2 90.2 -72.2 -105.4 -144.6
610 LGD.cn 26.9 59.5 93.5 -76.2 -109.4 -148.6
611 Denial 28.9 61.9 96.2 -80.2 -113.4 -152.6
612 Na'Vi 32.1 64.8 99.0 -84.2 -117.4 -156.6
613 Fnatic.eu 34.9 67.6 101.8 -88.2 -121.4 -160.6
614 EG 38.4 71.0 105.4 -92.2 -125.4 -164.6
616 TongFu 40.2 73.2 108.0 -96.2 -129.4 -168.6
619 iG 36.2 69.2 104.0 -90.9 -124.3 -163.6
620 DK 32.2 65.2 100.0 -86.3 -118.7 -157.5
622 Fnatic.eu 34.5 67.3 102.1 -90.3 -122.7 -161.5
623 Alliance 36.1 69.1 104.1 -94.3 -126.7 -165.5
625 TongFu 32.1 65.1 100.1 -88.6 -121.6 -160.8
627 EG 33.9 66.8 102.0 -92.6 -125.6 -164.8
629 LGD.cn 29.9 62.8 98.0 -85.7 -118.3 -158.0
630 iG 31.9 64.9 100.3 -89.7 -122.3 -162.0
633 Liquid 35.5 68.5 104.1 -93.7 -126.3 -166.0
634 Na'Vi 38.4 71.3 106.9 -97.7 -130.3 -170.0
638 Na'Vi 41.1 73.9 109.6 -101.7 -134.3 -174.0
639 4FC 44.4 76.7 112.4 -105.7 -138.3 -178.0
641 mouz 46.5 79.3 115.2 -109.7 -142.3 -182.0
643 iG 48.8 81.4 117.5 -113.7 -146.3 -186.0
645 VP 44.8 77.4 113.5 -105.2 -138.0 -178.5
646 Fnatic.eu 47.2 79.5 115.7 -109.2 -142.0 -182.5
648 VP 48.9 81.6 118.1 -113.2 -146.0 -186.5
649 Fnatic.eu 52.3 85.0 121.7 -117.2 -150.0 -190.5
650 Fnatic.eu 48.3 81.0 117.7 -112.8 -145.4 -185.8
652 DK 44.3 77.0 113.7 -106.9 -139.8 -180.4
654 DK 46.3 79.6 116.9 -110.9 -143.8 -184.4
657 mouz 47.9 81.5 119.0 -114.9 -147.8 -188.4
661 iG 43.9 77.5 115.0 -109.4 -142.8 -183.7
662 DK 45.6 79.4 117.2 -113.4 -146.8 -187.7
663 RS 41.6 75.4 113.2 -108.9 -141.9 -183.3
665 Orange 44.0 78.0 116.2 -112.9 -145.9 -187.3
666 LGD.cn 46.3 80.7 119.1 -116.9 -149.9 -191.3
667 DK 48.1 82.6 121.3 -120.9 -153.9 -195.3
669 iNfernity 50.4 85.2 124.5 -124.9 -157.9 -199.3
673 LGD.cn 53.4 88.5 128.0 -128.9 -161.9 -203.3
675 EG 49.4 84.5 124.0 -122.5 -155.7 -197.4
676 LGD.cn 51.2 86.4 126.2 -126.5 -159.7 -201.4
677 mouz 53.2 88.4 128.2 -130.5 -163.7 -205.4
679 Fnatic.eu 49.2 84.4 124.2 -120.8 -155.1 -197.6
680 Liquid 45.2 80.4 120.2 -114.2 -148.4 -191.9
681 Quantic 41.2 76.4 116.2 -107.5 -142.5 -186.5
682 mouz 37.2 72.4 112.2 -101.2 -136.6 -181.2
683 rox.KIS 33.2 68.4 108.2 -94.8 -130.9 -176.0
684 VP 37.0 72.0 112.0 -98.8 -134.9 -180.0
685 mouz 39.6 75.0 115.3 -102.8 -138.9 -184.0
686 VP 41.4 76.9 117.4 -106.8 -142.9 -188.0
687 VP 37.4 72.9 113.4 -101.2 -137.7 -182.9
688 VP 39.4 75.0 115.8 -105.2 -141.7 -186.9
689 Kaipi 35.4 71.0 111.8 -100.9 -137.6 -182.7
690 EG 37.3 73.4 114.4 -104.9 -141.6 -186.7
691 Liquid 39.5 75.8 117.0 -108.9 -145.6 -190.7
693 Alliance 41.1 77.5 118.9 -112.9 -149.6 -194.7
695 Alliance 43.1 79.7 121.3 -116.9 -153.6 -198.7
701 VG 39.1 75.7 117.3 -110.8 -147.4 -192.9
704 EG 35.1 71.7 113.3 -102.8 -140.4 -186.6
706 RS 31.1 67.7 109.3 -97.3 -135.1 -181.4
707 Orange 33.0 69.6 111.4 -101.3 -139.1 -185.4
708 iCCup 29.0 65.6 107.4 -91.4 -130.2 -177.4
709 Kaipi 32.0 68.7 110.7 -95.4 -134.2 -181.4
710 VP 35.2 71.8 113.9 -99.4 -138.2 -185.4
711 mouz 37.9 75.0 117.3 -103.4 -142.2 -189.4
713 MiTH 39.6 76.9 119.5 -107.4 -146.2 -193.4
714 Dreamz 42.5 79.6 122.4 -111.4 -150.2 -197.4
716 mouz 44.6 82.0 125.1 -115.4 -154.2 -201.4
717 mouz 47.5 85.0 128.2 -119.4 -158.2 -205.4
719 Mski 49.6 86.8 130.1 -123.4 -162.2 -209.4
720 MiTH 51.4 88.6 132.1 -127.4 -166.2 -213.4
722 iCCup 53.3 90.6 134.4 -131.4 -170.2 -217.4
724 Kaipi 56.8 94.3 138.2 -135.4 -174.2 -221.4
725 Romania 58.5 96.3 140.5 -139.4 -178.2 -225.4
726 RS 54.5 92.3 136.5 -132.5 -171.2 -219.1
731 iG 56.1 94.2 138.6 -136.5 -175.2 -223.1
734 TongFu 59.1 97.5 142.0 -140.5 -179.2 -227.1
735 Dignitas 62.5 100.6 145.0 -144.5 -183.2 -231.1
737 Na'Vi 64.7 103.0 147.6 -148.5 -187.2 -235.1
741 TongFu 66.2 104.8 150.1 -152.5 -191.2 -239.1
743 Fnatic.eu 69.8 107.9 153.2 -156.5 -195.2 -243.1
744 Alliance 72.3 110.5 156.0 -160.5 -199.2 -247.1
750 Orange 74.9 113.6 159.2 -164.5 -203.2 -251.1
756 Dignitas 70.9 109.6 155.2 -159.1 -198.4 -246.6
762 Na'Vi 73.0 111.6 157.4 -163.1 -202.4 -250.6
772 DK 69.0 107.6 153.4 -157.6 -196.5 -245.2
774 TongFu 65.0 103.6 149.4 -151.0 -190.3 -239.5
775 Liquid 67.9 106.5 152.4 -155.0 -194.3 -243.5
782 iG 70.4 109.2 155.3 -159.0 -198.3 -247.5
785 LGD.cn 72.4 111.5 157.8 -163.0 -202.3 -251.5
787 TongFu 75.6 115.4 161.9 -167.0 -206.3 -255.5
788 Dignitas 78.0 117.8 164.5 -171.0 -210.3 -259.5
789 LGD.int 74.0 113.8 160.5 -166.6 -205.7 -255.1
790 AllStarsA 70.0 109.8 156.5 -161.9 -200.4 -250.1
791 Orange 71.7 111.7 158.5 -165.9 -204.4 -254.1
792 Fnatic.eu 74.3 114.2 161.2 -169.9 -208.4 -258.1
794 DK 70.3 110.2 157.2 -165.7 -203.9 -253.8
796 Zenith 72.2 112.2 159.5 -169.7 -207.9 -257.8
798 iG 74.1 114.2 161.7 -173.7 -211.9 -261.8
801 Orange 76.8 117.2 164.9 -177.7 -215.9 -265.8
802 iG 78.9 119.5 167.5 -181.7 -219.9 -269.8
804 TongFu 82.3 123.4 171.5 -185.7 -223.9 -273.8
805 Alliance 85.7 127.4 175.7 -189.7 -227.9 -277.8
806 Orange 81.7 123.4 171.7 -182.6 -221.7 -272.1
807 Na'Vi 83.3 125.1 173.6 -186.6 -225.7 -276.1
808 Alliance 85.7 127.9 176.5 -190.6 -229.7 -280.1
814 Kaipi 87.2 129.7 178.6 -194.6 -233.7 -284.1
817 Lounge 89.2 131.7 180.9 -198.6 -237.7 -288.1
825 WARDGS 90.9 133.4 182.9 -202.6 -241.7 -292.1
827 TS 86.9 129.4 178.9 -197.5 -234.8 -285.6
828 EVOPLAY 88.8 131.3 181.0 -201.5 -238.8 -289.6
830 DUZA 84.8 127.3 177.0 -193.8 -231.2 -282.2
831 Awake 86.7 129.2 179.0 -197.8 -235.2 -286.2
834 Aspera 90.3 132.6 182.6 -201.8 -239.2 -290.2
835 Poseidon 93.2 135.1 185.0 -205.8 -243.2 -294.2
836 Poseidon 95.0 137.2 187.4 -209.8 -247.2 -298.2
837 Next.kz 91.0 133.2 183.4 -204.0 -240.9 -292.2
838 Kaipi 92.6 135.0 185.7 -208.0 -244.9 -296.2
840 TS 95.8 138.2 189.0 -212.0 -248.9 -300.2
842 Menace 91.8 134.2 185.0 -202.6 -239.9 -291.5
843 Empire 93.7 135.9 186.8 -206.6 -243.9 -295.5
845 DUZA 89.7 131.9 182.8 -197.5 -235.4 -287.9
846 Next.kz 92.8 135.2 186.2 -201.5 -239.4 -291.9
847 4FC 88.8 131.2 182.2 -196.9 -234.3 -286.6
848 DUZA 84.8 127.2 178.2 -190.0 -227.8 -280.8
849 Poseidon 88.1 130.6 181.9 -194.0 -231.8 -284.8
854 Life 84.1 126.6 177.9 -189.4 -226.1 -279.3
855 Imp 86.3 128.9 180.4 -193.4 -230.1 -283.3
857 Next.kz 88.1 130.7 182.3 -197.4 -234.1 -287.3
858 FSid3 90.0 132.7 184.7 -201.4 -238.1 -291.3
860 Bambang 86.0 128.7 180.7 -193.8 -229.9 -283.9
861 Aspera 88.3 130.7 182.8 -197.8 -233.9 -287.9
863 Next.kz 84.3 126.7 178.8 -193.2 -228.9 -283.2
868 GxGaming 80.3 122.7 174.8 -188.2 -223.1 -277.8
869 SFEC 76.3 118.7 170.8 -182.8 -218.2 -273.3
872 Aspera 72.3 114.7 166.8 -174.1 -210.2 -266.0
874 VP 75.6 117.9 170.3 -178.1 -214.2 -270.0
875 Imp 71.6 113.9 166.3 -173.3 -209.4 -265.4
876 MSIEvoGT 73.6 116.2 169.0 -177.3 -213.4 -269.4
879 Empire 76.4 119.3 172.3 -181.3 -217.4 -273.4
880 Empire 72.4 115.3 168.3 -172.4 -208.7 -265.5
881 Quantic 68.4 111.3 164.3 -163.8 -201.1 -258.8
882 rox.KIS 68.4 111.3 164.3 -163.8 -201.1 -258.8
885 Aspera 70.1 113.0 166.2 -167.8 -205.1 -262.8
887 MSIEvoGT 66.1 109.0 162.2 -161.4 -199.5 -257.6
888 Mski 68.0 111.0 164.5 -165.4 -203.5 -261.6
890 GL.eu 70.3 113.7 167.4 -169.4 -207.5 -265.6
891 Menace 72.2 115.5 169.4 -173.4 -211.5 -269.6
892 Kaipi 74.2 117.8 172.0 -177.4 -215.5 -273.6
894 Life 76.7 120.8 175.4 -181.4 -219.5 -277.6
895 Next.kz 80.2 124.5 179.0 -185.4 -223.5 -281.6
896 Life 76.2 120.5 175.0 -177.2 -214.5 -272.7
897 Kaipi 77.8 122.4 177.2 -181.2 -218.5 -276.7
898 Mski 79.4 124.1 179.1 -185.2 -222.5 -280.7
900 VP 75.4 120.1 175.1 -178.2 -215.9 -274.7
902 Kaipi 77.6 122.3 177.5 -182.2 -219.9 -278.7
904 SAfrica 73.6 118.3 173.5 -176.7 -214.4 -273.5
907 NoLove 77.2 122.1 177.5 -180.7 -218.4 -277.5
909 VG 78.7 124.0 179.8 -184.7 -222.4 -281.5
910 Empire 74.7 120.0 175.8 -180.6 -218.3 -277.4
912 Kaipi 70.7 116.0 171.8 -176.1 -213.4 -272.7
913 Joiker 66.7 112.0 167.8 -168.5 -206.4 -266.6
914 StayFree 69.0 114.4 170.6 -172.5 -210.4 -270.6
918 DUZA 65.0 110.4 166.6 -167.3 -205.9 -266.3
922 PR 61.0 106.4 162.6 -159.7 -199.0 -259.7
923 DUZA 62.8 108.2 164.7 -163.7 -203.0 -263.7
924 ONE.dota 66.1 111.7 168.7 -167.7 -207.0 -267.7
928 LGD.cn 62.1 107.7 164.7 -163.1 -202.3 -262.9
929 Dreamz 58.1 103.7 160.7 -158.4 -198.2 -258.9
930 MiTH 60.8 106.0 163.1 -162.4 -202.2 -262.9
932 Fnatic.eu 62.8 108.4 165.7 -166.4 -206.2 -266.9
933 Empire 65.1 110.7 168.2 -170.4 -210.2 -270.9
939 Poseidon 67.9 114.1 171.9 -174.4 -214.2 -274.9
940 Next.kz 63.9 110.1 167.9 -169.0 -209.1 -270.0
942 Quantic 59.9 106.1 163.9 -164.5 -203.9 -265.1
948 Empire 62.1 108.4 166.4 -168.5 -207.9 -269.1
953 Kaipi 63.8 110.5 168.9 -172.5 -211.9 -273.1
955 DUZA 67.8 113.9 172.2 -176.5 -215.9 -277.1
961 Life 70.0 116.8 175.5 -180.5 -219.9 -281.1
962 iG 73.2 120.2 179.1 -184.5 -223.9 -285.1
966 TongFu 76.7 123.0 181.8 -188.5 -227.9 -289.1
970 Joiker 79.5 125.9 184.9 -192.5 -231.9 -293.1
971 iG 81.5 128.4 187.7 -196.5 -235.9 -297.1
973 DUZA 77.5 124.4 183.7 -191.6 -230.7 -292.0
974 Fnatic.eu 80.3 126.8 186.2 -195.6 -234.7 -296.0
978 rox.KIS 76.3 122.8 182.2 -188.5 -226.2 -288.2
979 PR 78.9 125.1 184.6 -192.5 -230.2 -292.2
981 PR 80.9 127.1 186.8 -196.5 -234.2 -296.2
983 Fnatic.eu 82.7 128.8 188.6 -200.5 -238.2 -300.2
984 nAra 78.7 124.8 184.6 -195.1 -232.9 -295.5
985 Inv.kwnku 80.5 126.9 187.0 -199.1 -236.9 -299.5
987 Fnatic.eu 82.1 128.7 189.0 -203.1 -240.9 -303.5
992 PBS 78.1 124.7 185.0 -192.8 -232.6 -295.7
993 SFEC 74.1 120.7 181.0 -184.1 -224.4 -288.4
994 Next.kz 70.1 116.7 177.0 -178.1 -218.7 -283.0
995 Inv.kwnku 71.8 118.8 179.6 -182.1 -222.7 -287.0
996 rox.KIS 74.5 121.2 182.1 -186.1 -226.7 -291.0
998 Mski 77.6 124.0 185.1 -190.1 -230.7 -295.0
999 Empire 79.5 126.4 187.8 -194.1 -234.7 -299.0
1000 Inv.kwnku 81.2 128.3 189.9 -198.1 -238.7 -303.0
1001 FD 82.9 130.3 192.4 -202.1 -242.7 -307.0
1002 Empire 84.4 132.1 194.6 -206.1 -246.7 -311.0
1003 Kaipi 87.6 136.1 198.8 -210.1 -250.7 -315.0
1004 EG 89.2 137.8 200.7 -214.1 -254.7 -319.0
1007 rox.KIS 92.3 140.7 203.8 -218.1 -258.7 -323.0
1010 Aspera 88.3 136.7 199.8 -210.7 -251.7 -316.4
1011 Imp 84.3 132.7 195.8 -206.7 -246.8 -311.8
1013 Empire 84.3 132.7 195.8 -206.7 -246.8 -311.8
1014 Na'Vi 80.3 128.7 191.8 -201.9 -242.6 -307.8
1015 StayFree 82.0 131.1 194.5 -205.9 -246.6 -311.8
1019 Empire 83.9 133.5 197.2 -209.9 -250.6 -315.8
1020 Na'Vi 85.6 135.2 199.1 -213.9 -254.6 -319.8
1023 VG 87.6 137.4 201.3 -217.9 -258.6 -323.8
1024 LGD.cn 89.9 139.4 203.3 -221.9 -262.6 -327.8
1026 PBS 93.3 143.4 207.2 -225.9 -266.6 -331.8
1027 Next.kz 89.3 139.4 203.2 -219.8 -259.0 -324.5
1029 rox.KIS 91.9 142.5 206.5 -223.8 -263.0 -328.5
1031 Empire 94.7 145.2 209.3 -227.8 -267.0 -332.5
1033 LGD.cn 98.3 148.7 212.8 -231.8 -271.0 -336.5
1036 4FC 94.3 144.7 208.8 -225.7 -265.0 -331.1
1038 Aspera 90.3 140.7 204.8 -221.2 -260.5 -326.5
1040 PBS 91.7 142.7 207.1 -225.2 -264.5 -330.5
1044 Quantic 93.7 145.3 209.8 -229.2 -268.5 -334.5
1047 EG 89.7 141.3 205.8 -220.3 -260.5 -328.0
1048 MiTH 91.3 143.0 207.8 -224.3 -264.5 -332.0
1049 Dreamz 93.2 145.2 210.3 -228.3 -268.5 -336.0
1052 DK 94.8 147.1 212.4 -232.3 -272.5 -340.0
1053 Kaipi 90.8 143.1 208.4 -226.7 -267.1 -334.7
1054 TR 94.5 146.5 211.8 -230.7 -271.1 -338.7
1058 UR 90.5 142.5 207.8 -225.8 -266.5 -334.4
1060 LGD.int 92.7 144.8 210.3 -229.8 -270.5 -338.4
1061 RS.int 94.2 146.6 212.4 -233.8 -274.5 -342.4
1062 MiTH 95.9 148.3 214.3 -237.8 -278.5 -346.4
1068 rox.KIS 97.8 150.3 216.6 -241.8 -282.5 -350.4
1069 Poseidon 93.8 146.3 212.6 -235.0 -275.0 -342.9
1071 Quantic 95.6 147.9 214.4 -239.0 -279.0 -346.9
1078 VP 97.9 150.2 216.9 -243.0 -283.0 -350.9
1080 SYF 100.4 152.2 219.0 -247.0 -287.0 -354.9
1084 Arcanys 96.4 148.2 215.0 -242.6 -281.2 -349.3
1086 MVP 92.4 144.2 211.0 -237.3 -275.6 -343.8
1087 UR 94.3 146.2 213.1 -241.3 -279.6 -347.8
1093 Lowyat 90.3 142.2 209.1 -235.5 -273.8 -342.3
1094 DK 92.6 144.8 212.1 -239.5 -277.8 -346.3
1099 rox.KIS 94.8 147.1 214.6 -243.5 -281.8 -350.3
1100 Aspera 98.8 150.0 217.4 -247.5 -285.8 -354.3
1103 FD 98.8 150.0 217.4 -247.5 -285.8 -354.3
1107 Rain 94.8 146.0 213.4 -242.3 -281.0 -349.7
1108 eN.Legs 96.3 148.0 215.8 -246.3 -285.0 -353.7
1110 bvd.dotA 98.4 150.4 218.6 -250.3 -289.0 -357.7
1113 Imp 100.3 153.1 221.7 -254.3 -293.0 -361.7
1116 NJ&Kids 96.3 149.1 217.7 -249.2 -286.7 -355.5
1119 FD 92.3 145.1 213.7 -242.4 -280.3 -349.6
1124 bvd.dotA 94.3 146.9 215.5 -246.4 -284.3 -353.6
1127 EG 96.6 149.4 218.3 -250.4 -288.3 -357.6
1128 TakeFive 99.8 153.8 223.0 -254.4 -292.3 -361.6
1130 TongFu 101.4 155.6 225.0 -258.4 -296.3 -365.6
1134 PR 97.4 151.6 221.0 -254.1 -292.3 -361.6
1138 CSW 100.1 154.6 224.3 -258.1 -296.3 -365.6
1139 VT 102.1 157.0 227.0 -262.1 -300.3 -369.6
1140 SYM 98.1 153.0 223.0 -256.0 -293.7 -363.1
1141 EOT 99.4 155.2 225.6 -260.0 -297.7 -367.1
1142 SYF 102.9 158.4 228.7 -264.0 -301.7 -371.1
1145 Fnatic.eu 105.6 160.7 231.1 -268.0 -305.7 -375.1
1148 HR 107.3 162.9 233.7 -272.0 -309.7 -379.1
1150 Speed 109.3 166.1 237.4 -276.0 -313.7 -383.1
1154 Alliance 109.3 166.1 237.4 -276.0 -313.7 -383.1
1160 Na'Vi 105.3 162.1 233.4 -268.0 -308.2 -378.1
1161 FD 107.1 164.1 235.4 -272.0 -312.2 -382.1
1164 Titan 103.1 160.1 231.4 -265.1 -304.1 -374.2
1166 CSW 106.6 163.0 234.3 -269.1 -308.1 -378.2
1167 EOT 108.5 164.9 236.5 -273.1 -312.1 -382.2
1168 LGD.cn 110.3 166.7 238.5 -277.1 -316.1 -386.2
1170 VG 112.4 168.8 240.8 -281.1 -320.1 -390.2
1173 Empire 114.1 170.5 242.7 -285.1 -324.1 -394.2
1179 RStars 110.1 166.5 238.7 -276.0 -315.5 -386.5
1180 Empire 106.1 162.5 234.7 -270.8 -311.0 -382.4
1182 Fnatic.eu 110.0 165.5 237.6 -274.8 -315.0 -386.4
1186 iG 112.2 168.3 240.4 -278.8 -319.0 -390.4
1187 StayFree 108.2 164.3 236.4 -273.9 -313.8 -384.9
1193 Speed 104.2 160.3 232.4 -269.4 -308.7 -379.8
1198 Aspera 107.2 163.2 235.5 -273.4 -312.7 -383.8
1199 Menace 108.9 165.1 237.7 -277.4 -316.7 -387.8
1201 Aspera 104.9 161.1 233.7 -272.6 -312.0 -383.5
1207 mouz 100.9 157.1 229.7 -266.3 -305.7 -377.6
1208 Imp 96.9 153.1 225.7 -257.8 -296.2 -368.6
1209 MiTH 92.9 149.1 221.7 -250.8 -289.9 -362.8
1211 mouz 88.9 145.1 217.7 -245.1 -284.6 -357.7
1212 Fnatic.eu 90.8 147.3 220.2 -249.1 -288.6 -361.7
1213 Poseidon 86.8 143.3 216.2 -241.8 -280.5 -353.9
1214 VG 82.8 139.3 212.2 -235.6 -273.2 -347.1
1216 LGD.cn 84.2 141.1 214.4 -239.6 -277.2 -351.1
1218 CSW 80.2 137.1 210.4 -233.2 -271.4 -345.9
1219 NoX 76.2 133.1 206.4 -228.4 -266.7 -341.5
1221 iG 72.2 129.1 202.4 -217.1 -257.8 -334.5
1227 Empire 74.0 131.3 204.8 -221.1 -261.8 -338.5
1229 StayFree 70.0 127.3 200.8 -214.4 -256.2 -333.7
1231 TTD 66.0 123.3 196.8 -207.1 -247.5 -325.8
1234 VG 67.9 125.5 199.4 -211.1 -251.5 -329.8
1236 Speed 67.9 125.5 199.4 -211.1 -251.5 -329.8
1239 RStars 69.3 127.5 201.9 -215.1 -255.5 -333.8
1240 Na'Vi 71.0 129.3 203.9 -219.1 -259.5 -337.8
1242 mouz 72.6 131.3 206.2 -223.1 -263.5 -341.8
1244 Sigma.int 74.3 133.9 209.5 -227.1 -267.5 -345.8
1246 Liquid 76.9 136.7 212.5 -231.1 -271.5 -349.8
1249 Alliance 72.9 132.7 208.5 -227.1 -267.4 -345.6
1251 UR 74.4 134.6 210.6 -231.1 -271.4 -349.6
1254 Startale 74.4 134.6 210.6 -231.1 -271.4 -349.6
1255 Empire 76.4 136.7 212.9 -235.1 -275.4 -353.6
1259 Sigma.int 78.4 139.4 215.9 -239.1 -279.4 -357.6
1260 Sigma.int 74.4 135.4 211.9 -234.9 -274.9 -353.2
1261 mouz 70.4 131.4 207.9 -226.9 -269.0 -347.7
1265 Fnatic.eu 66.4 127.4 203.9 -218.8 -261.5 -341.1
1270 MiTH 69.1 129.7 206.5 -222.8 -265.5 -345.1
1271 SYF 71.4 132.3 209.6 -226.8 -269.5 -349.1
1272 iG 73.4 134.8 212.4 -230.8 -273.5 -353.1
1275 FXopen 75.1 136.8 214.5 -234.8 -277.5 -357.1
1277 Mski 71.1 132.8 210.5 -230.2 -273.7 -353.5
1280 MiTH 71.1 132.8 210.5 -230.2 -273.7 -353.5
1281 Speed 73.9 135.8 213.7 -234.2 -277.7 -357.5
1286 LGD.int 76.0 138.4 216.4 -238.2 -281.7 -361.5
1288 Alliance 77.8 140.3 218.3 -242.2 -285.7 -365.5
1289 Titan 73.8 136.3 214.3 -237.1 -280.7 -360.6
1290 Lowyat 69.8 132.3 210.3 -231.0 -275.1 -355.2
1291 PR 73.2 134.9 213.0 -235.0 -279.1 -359.2
1292 SSD 69.2 130.9 209.0 -226.6 -269.7 -350.2
1295 Fnatic.eu 65.2 126.9 205.0 -221.7 -265.0 -345.8
1296 mouz 66.9 128.7 207.0 -225.7 -269.0 -349.8
1297 EG 69.3 131.0 209.6 -229.7 -273.0 -353.8
1298 Titan 72.0 134.0 213.0 -233.7 -277.0 -357.8
1300 4FC 74.0 136.1 215.4 -237.7 -281.0 -361.8
1302 DK 76.2 138.6 218.1 -241.7 -285.0 -365.8
1304 Empire 79.6 141.5 220.8 -245.7 -289.0 -369.8
1309 4FC 81.8 143.4 222.9 -249.7 -293.0 -373.8
1311 Sleisel 77.8 139.4 218.9 -245.7 -288.7 -369.6
1312 Arteezy 79.8 141.4 221.1 -249.7 -292.7 -373.6
1313 EG 75.8 137.4 217.1 -244.1 -286.8 -368.2
1319 Empire 77.9 139.0 218.7 -248.1 -290.8 -372.2
1320 Orange 81.6 141.8 221.3 -252.1 -294.8 -376.2
1330 Na'Vi 83.6 143.6 223.3 -256.1 -298.8 -380.2
1334 iG 85.1 145.4 225.5 -260.1 -302.8 -384.2
1337 Startale 87.6 147.8 228.2 -264.1 -306.8 -388.2
1343 Fnatic.eu 83.6 143.8 224.2 -256.1 -297.7 -379.7
1349 Alliance 79.6 139.8 220.2 -252.2 -293.6 -375.3
1350 Fnatic.eu 75.6 135.8 216.2 -246.6 -287.7 -369.3
1353 Alliance 77.3 137.5 218.1 -250.6 -291.7 -373.3
1358 VP 73.3 133.5 214.1 -244.7 -286.1 -368.0
1363 Speed 75.4 135.5 216.5 -248.7 -290.1 -372.0
1364 Na'Vi 77.2 137.4 218.5 -252.7 -294.1 -376.0
1367 Liquid 78.8 139.3 220.7 -256.7 -298.1 -380.0
1374 VP 82.3 143.1 224.4 -260.7 -302.1 -384.0
1375 Startale 78.3 139.1 220.4 -250.2 -295.5 -378.5
1378 Imp 81.1 142.6 224.1 -254.2 -299.5 -382.5
1385 Na'Vi 77.1 138.6 220.1 -248.1 -294.3 -377.8
1387 LGD.cn 80.2 141.8 223.4 -252.1 -298.3 -381.8
1392 EG 83.1 145.2 226.8 -256.1 -302.3 -385.8
1393 Fnatic.eu 86.4 147.9 229.5 -260.1 -306.3 -389.8
1394 LGD.cn 90.0 152.0 233.4 -264.1 -310.3 -393.8
1395 iG 93.4 154.8 236.3 -268.1 -314.3 -397.8
1398 Alliance 89.4 150.8 232.3 -263.5 -309.7 -393.2
1400 VP 91.3 153.0 234.9 -267.5 -313.7 -397.2
1401 Alliance 93.1 154.7 236.8 -271.5 -317.7 -401.2
1402 Liquid 95.2 156.9 239.1 -275.5 -321.7 -405.2
1406 EG 91.2 152.9 235.1 -267.0 -314.4 -399.1
1408 Liquid 92.9 154.8 237.2 -271.0 -318.4 -403.1
1409 Liquid 88.9 150.8 233.2 -266.0 -313.4 -398.3
1416 Liquid 90.7 152.6 235.1 -270.0 -317.4 -402.3
1420 FD 94.2 155.5 238.3 -274.0 -321.4 -406.3
1422 EG 90.2 151.5 234.3 -270.0 -317.1 -402.0
1428 EG 86.2 147.5 230.3 -262.5 -308.7 -393.8
1433 iG 82.2 143.5 226.3 -255.5 -302.7 -388.5
1434 MiTH 85.3 146.3 229.1 -259.5 -306.7 -392.5
1435 mouz 88.8 149.4 232.1 -263.5 -310.7 -396.5
1437 Liquid 90.8 151.6 234.5 -267.5 -314.7 -400.5
1440 Alliance 93.3 154.3 237.5 -271.5 -318.7 -404.5
1441 PR 89.3 150.3 233.5 -263.6 -310.7 -396.7
1444 Fnatic.eu 85.3 146.3 229.5 -259.2 -306.7 -392.8
1445 Speed 87.1 148.7 232.2 -263.2 -310.7 -396.8
1446 mouz 83.1 144.7 228.2 -255.9 -304.4 -391.0
1447 FD 79.1 140.7 224.2 -247.7 -296.7 -383.8
1448 MiTH 75.1 136.7 220.2 -241.5 -289.9 -377.4
1449 Titan 77.0 138.4 222.0 -245.5 -293.9 -381.4
1453 Liquid 79.4 141.1 224.8 -249.5 -297.9 -385.4
1456 Liquid 80.9 142.9 226.8 -253.5 -301.9 -389.4
1461 rox.KIS 76.9 138.9 222.8 -243.9 -293.1 -381.3
1463 Na'Vi 79.0 140.8 224.8 -247.9 -297.1 -385.3
1467 Sigma.int 75.0 136.8 220.8 -242.9 -291.5 -379.8
1468 Alliance 76.8 138.7 222.8 -246.9 -295.5 -383.8
1469 Alliance 76.8 138.7 222.8 -246.9 -295.5 -383.8
1471 Mts 72.8 134.7 218.8 -238.1 -288.9 -378.4
1472 rox.KIS 68.8 130.7 214.8 -229.7 -282.9 -373.2
1475 TongFu3 70.6 132.4 216.7 -233.7 -286.9 -377.2
1481 DK 66.6 128.4 212.7 -224.4 -278.7 -370.5
1484 DK 68.5 130.6 215.2 -228.4 -282.7 -374.5
1485 EG 64.5 126.6 211.2 -221.1 -276.0 -368.1
1486 Sigma.int 60.5 122.6 207.2 -216.9 -271.0 -363.0
1487 VG 62.6 125.0 209.9 -220.9 -275.0 -367.0
1488 Imp 64.4 127.0 212.4 -224.9 -279.0 -371.0
1491 Fnatic.eu 67.6 130.4 216.1 -228.9 -283.0 -375.0
1493 Sigma.int 63.6 126.4 212.1 -224.0 -277.4 -369.4
1496 Sigma.int 65.5 128.7 214.8 -228.0 -281.4 -373.4
1502 DK 68.8 132.7 219.0 -232.0 -285.4 -377.4
1503 Speed 71.3 134.8 221.4 -236.0 -289.4 -381.4
1504 Sigma.int 74.3 138.0 224.7 -240.0 -293.4 -385.4
1505 Na'Vi 70.3 134.0 220.7 -235.6 -289.0 -381.3
1509 Speed 73.7 137.6 224.4 -239.6 -293.0 -385.3
1514 Fnatic.eu 69.7 133.6 220.4 -233.7 -287.2 -379.4
1516 DK 65.7 129.6 216.4 -229.5 -282.1 -374.3
1517 Speed 68.8 132.7 219.6 -233.5 -286.1 -378.3
1518 Speed 64.8 128.7 215.6 -223.8 -277.7 -370.7
1519 Orange 68.1 131.3 218.2 -227.8 -281.7 -374.7
1520 Titan 70.7 133.8 220.8 -231.8 -285.7 -378.7
1521 Next.kz 72.5 135.9 223.3 -235.8 -289.7 -382.7
1522 Next.kz 68.5 131.9 219.3 -229.4 -283.5 -377.1
1525 mouz 71.3 134.6 222.1 -233.4 -287.5 -381.1
1526 TongFu3 73.7 137.1 224.9 -237.4 -291.5 -385.1
1532 Poseidon 69.7 133.1 220.9 -232.2 -286.2 -380.4
1534 Poseidon 71.6 135.0 223.0 -236.2 -290.2 -384.4
1535 Venum 73.6 137.5 225.8 -240.2 -294.2 -388.4
1536 Hearts 77.3 140.6 228.9 -244.2 -298.2 -392.4
1538 NoX 73.3 136.6 224.9 -236.7 -289.8 -384.6
1539 Next.kz 76.0 138.9 227.3 -240.7 -293.8 -388.6
1540 Next.kz 78.6 141.6 230.3 -244.7 -297.8 -392.6
1541 PR 74.6 137.6 226.3 -238.0 -291.7 -387.1
1542 rox.KIS 76.9 140.1 229.2 -242.0 -295.7 -391.1
1543 Fnatic.eu 79.5 142.5 231.7 -246.0 -299.7 -395.1
1544 SSD 81.2 144.4 233.8 -250.0 -303.7 -399.1
1545 LGD.cn 82.7 146.2 236.0 -254.0 -307.7 -403.1
1553 Fnatic.eu 78.7 142.2 232.0 -244.7 -298.9 -395.5
1554 Alliance 80.6 144.0 233.9 -248.7 -302.9 -399.5
1555 Mski 84.3 147.9 237.8 -252.7 -306.9 -403.5
1556 LGD.cn 87.8 151.5 241.5 -256.7 -310.9 -407.5
1557 LGD.int 83.8 147.5 237.5 -248.0 -301.4 -399.0
1558 FD 79.8 143.5 233.5 -242.4 -296.4 -394.3
1559 Na'Vi 79.8 143.5 233.5 -242.4 -296.4 -394.3
1560 EOT 81.8 145.5 235.7 -246.4 -300.4 -398.3
1561 Na'Vi 84.5 148.0 238.3 -250.4 -304.4 -402.3
1562 VG 80.5 144.0 234.3 -243.4 -294.7 -393.2
1563 FL 83.5 147.0 237.7 -247.4 -298.7 -397.2
1564 Mski 87.0 149.9 240.6 -251.4 -302.7 -401.2
1565 NSG 83.0 145.9 236.6 -246.7 -296.8 -395.3
1569 Next.kz 79.0 141.9 232.6 -240.6 -290.0 -389.0
1570 SSD 75.0 137.9 228.6 -236.6 -285.5 -384.3
1571 PR 77.8 140.6 231.4 -240.6 -289.5 -388.3
1573 iG 79.6 142.5 233.7 -244.6 -293.5 -392.3
1575 iG 75.6 138.5 229.7 -240.2 -289.1 -387.9
1576 5inQ 77.1 140.4 232.0 -244.2 -293.1 -391.9
1577 MVP.P 80.4 143.3 234.8 -248.2 -297.1 -395.9
1578 VG 76.4 139.3 230.8 -239.0 -288.2 -387.6
1584 SSD 78.8 142.1 233.7 -243.0 -292.2 -391.6
1587 Idol 80.3 143.9 236.0 -247.0 -296.2 -395.6
1588 LGD.cn 76.3 139.9 232.0 -242.7 -290.4 -389.3
1591 VG 72.3 135.9 228.0 -238.6 -286.1 -385.0
1592 VG 76.0 139.6 231.9 -242.6 -290.1 -389.0
1595 Idol 72.0 135.6 227.9 -236.5 -282.2 -380.9
1596 Kawai 68.0 131.6 223.9 -232.2 -277.7 -376.2
1597 Empire 69.8 133.4 225.7 -236.2 -281.7 -380.2
1599 OsG 65.8 129.4 221.7 -227.4 -273.9 -373.1
1600 TR 61.8 125.4 217.7 -216.5 -265.5 -366.0
1601 SSD 65.1 128.3 220.6 -220.5 -269.5 -370.0
1602 VP 66.8 130.2 222.6 -224.5 -273.5 -374.0
1605 VG 69.2 133.1 225.8 -228.5 -277.5 -378.0
1606 CSW 65.2 129.1 221.8 -224.0 -273.8 -374.1
1608 VP 61.2 125.1 217.8 -214.1 -264.9 -366.6
1609 Empire 65.5 128.6 221.2 -218.1 -268.9 -370.6
1610 VP 68.8 132.3 225.1 -222.1 -272.9 -374.6
1612 Fnatic.eu 70.7 134.2 227.3 -226.1 -276.9 -378.6
1615 Speed 73.6 137.0 230.4 -230.1 -280.9 -382.6
1617 Siltherin 75.6 139.3 233.0 -234.1 -284.9 -386.6
1618 FD 77.2 141.0 235.1 -238.1 -288.9 -390.6
1619 XctN 79.5 143.6 237.9 -242.1 -292.9 -394.6
1622 Aspera 75.5 139.6 233.9 -236.0 -286.5 -388.6
1623 SSD 77.4 141.5 235.9 -240.0 -290.5 -392.6
1624 PR 79.0 143.3 237.9 -244.0 -294.5 -396.6
1625 Idol 75.0 139.3 233.9 -234.9 -285.7 -388.9
1627 MVP 77.0 141.0 235.7 -238.9 -289.7 -392.9
1630 Na'Vi 79.6 143.3 238.2 -242.9 -293.7 -396.9
1632 Fnatic.eu 75.6 139.3 234.2 -237.2 -287.9 -391.1
1633 Startale 79.1 142.0 236.7 -241.2 -291.9 -395.1
1635 VG 75.1 138.0 232.7 -236.1 -284.7 -387.4
1637 Na'Vi 77.0 139.8 234.6 -240.1 -288.7 -391.4
1638 VG 80.0 144.1 239.3 -244.1 -292.7 -395.4
1639 Fnatic.eu 76.0 140.1 235.3 -238.3 -286.9 -390.2
1640 FD 79.1 143.7 238.9 -242.3 -290.9 -394.2
1642 MiTH 80.8 145.8 241.1 -246.3 -294.9 -398.2
1643 VG 83.2 148.9 244.5 -250.3 -298.9 -402.2
1644 iG 79.2 144.9 240.5 -244.3 -293.4 -396.9
1645 RRQ 81.6 147.2 242.9 -248.3 -297.4 -400.9
1646 RRQ 77.6 143.2 238.9 -244.0 -292.5 -395.7
1647 MiTH 73.6 139.2 234.9 -238.3 -287.3 -391.2
1648 Poseidon 69.6 135.2 230.9 -229.9 -278.9 -383.1
1649 VP 73.3 139.2 234.8 -233.9 -282.9 -387.1
1650 VP 75.2 141.4 237.0 -237.9 -286.9 -391.1
1651 rox.KIS 76.9 143.1 238.9 -241.9 -290.9 -395.1
1655 RRQ 79.4 145.0 240.8 -245.9 -294.9 -399.1
1659 Alliance 75.4 141.0 236.8 -241.6 -290.2 -394.5
1661 Alliance 78.1 143.8 239.8 -245.6 -294.2 -398.5
1666 Lowyat 74.1 139.8 235.8 -238.9 -288.5 -393.4
1669 Neon 70.1 135.8 231.8 -230.2 -280.4 -386.4
1670 MiTH 74.2 139.6 235.1 -234.2 -284.4 -390.4
1671 Neon 77.6 142.9 238.6 -238.2 -288.4 -394.4
1672 MiTH 79.5 144.8 240.7 -242.2 -292.4 -398.4
1673 rox.KIS 82.3 148.1 244.4 -246.2 -296.4 -402.4
1675 Empire 85.9 151.9 248.3 -250.2 -300.4 -406.4
1679 Speed 87.6 153.6 250.2 -254.2 -304.4 -410.4
1680 Mski 90.9 156.5 253.1 -258.2 -308.4 -414.4
1690 Mski 92.9 158.0 254.6 -262.2 -312.4 -418.4
1702 DK 96.4 161.4 258.0 -266.2 -316.4 -422.4
1703 DK 92.4 157.4 254.0 -260.9 -311.5 -417.7
1704 Alliance 95.1 160.1 256.9 -264.9 -315.5 -421.7
1705 Next.kz 96.8 162.0 259.1 -268.9 -319.5 -425.7
1710 Speed 92.8 158.0 255.1 -262.8 -313.3 -419.8
1710 Speed 88.8 154.0 251.1 -256.3 -306.8 -413.9
1712 VP 90.7 155.6 252.8 -260.3 -310.8 -417.9
1715 Poseidon 86.7 151.6 248.8 -254.6 -305.4 -412.6
1715 Poseidon 82.7 147.6 244.8 -250.1 -300.8 -408.6
1716 rox.KIS 85.1 150.3 247.6 -254.1 -304.8 -412.6
1716 rox.KIS 87.7 152.9 250.5 -258.1 -308.8 -416.6
1717 VP 91.4 156.4 254.0 -262.1 -312.8 -420.6
1717 VP 95.7 160.0 257.4 -266.1 -316.8 -424.6
1718 Fnatic.eu 91.7 156.0 253.4 -259.7 -309.9 -418.8
1718 Fnatic.eu 87.7 152.0 249.4 -252.8 -303.3 -413.0
1729 Sigma.int 87.7 152.0 249.4 -252.8 -303.3 -413.0
1732 rox.KIS 83.7 148.0 245.4 -246.9 -296.0 -405.7
1734 PR 87.2 151.6 249.1 -250.9 -300.0 -409.7
1736 Lowyat 83.2 147.6 245.1 -241.7 -291.0 -401.8
1737 MiTH 79.2 143.6 241.1 -236.8 -284.9 -396.0
1738 Lowyat 81.3 145.4 243.0 -240.8 -288.9 -400.0
1739 5inQ 77.3 141.4 239.0 -233.0 -281.1 -393.6
1740 LGD.cn 73.3 137.4 235.0 -226.6 -275.5 -388.8
1741 VP 77.1 141.2 238.7 -230.6 -279.5 -392.8
1742 Na'Vi 78.6 143.2 240.9 -234.6 -283.5 -396.8
1743 Na'Vi 80.3 145.3 243.3 -238.6 -287.5 -400.8
1748 Idol 76.3 141.3 239.3 -234.3 -282.4 -395.8
1749 FD 72.3 137.3 235.3 -230.0 -277.3 -390.4
1756 TongFu 68.3 133.3 231.3 -222.2 -270.4 -384.7
1757 iG 71.8 136.9 235.2 -226.2 -274.4 -388.7
1758 DK 73.4 138.7 237.3 -230.2 -278.4 -392.7
1759 FD 76.5 142.2 241.2 -234.2 -282.4 -396.7
1762 TR 72.5 138.2 237.2 -224.8 -274.1 -389.5
1767 rox.KIS 75.2 141.3 240.7 -228.8 -278.1 -393.5
1769 XctN 71.2 137.3 236.7 -223.8 -272.4 -388.0
1770 5inQ 72.9 139.9 239.7 -227.8 -276.4 -392.0
1773 FD 75.0 141.7 241.7 -231.8 -280.4 -396.0
1775 RRQ 71.0 137.7 237.7 -226.2 -275.5 -391.5
1778 FSid3 67.0 133.7 233.7 -220.2 -268.9 -385.0
1781 FD 68.7 135.6 235.8 -224.2 -272.9 -389.0
1782 Mski 72.5 139.1 239.3 -228.2 -276.9 -393.0
1787 Sigma.int 75.0 141.6 241.9 -232.2 -280.9 -397.0
1789 Na'Vi 77.9 144.3 244.7 -236.2 -284.9 -401.0
1792 Empire 73.9 140.3 240.7 -228.3 -277.2 -394.1
1794 Mski 69.9 136.3 236.7 -223.2 -271.6 -388.8
1796 Titan 72.4 139.0 239.3 -227.2 -275.6 -392.8
1798 OsG 74.7 141.7 242.1 -231.2 -279.6 -396.8
1799 VP 70.7 137.7 238.1 -222.5 -272.9 -391.0
1810 TR 66.7 133.7 234.1 -217.7 -267.7 -385.8
1813 DK 69.0 136.2 236.8 -221.7 -271.7 -389.8
1816 TongFu 65.0 132.2 232.8 -216.1 -266.6 -385.4
1818 FD 67.2 134.3 234.9 -220.1 -270.6 -389.4
1819 rox.KIS 69.6 136.6 237.4 -224.1 -274.6 -393.4
1824 Empire 72.8 139.8 240.9 -228.1 -278.6 -397.4
1825 DK 74.4 141.6 243.0 -232.1 -282.6 -401.4
1830 mouz 76.6 143.8 245.2 -236.1 -286.6 -405.4
1831 rox.KIS 72.6 139.8 241.2 -227.1 -279.1 -398.4
1832 TR 76.0 143.0 244.6 -231.1 -283.1 -402.4
1835 iG 72.0 139.0 240.6 -227.2 -278.9 -397.8
1838 Titan 68.0 135.0 236.6 -220.9 -272.2 -391.3
1839 Sigma.int 64.0 131.0 232.6 -212.1 -263.7 -383.4
1841 SSD 65.8 133.0 234.8 -216.1 -267.7 -387.4
1843 iG 67.8 135.4 237.4 -220.1 -271.7 -391.4
1844 VG 63.8 131.4 233.4 -214.3 -266.7 -386.7
1845 DK 65.7 133.6 234.6 -218.3 -270.7 -390.7
1848 TongFu 67.4 135.7 237.0 -222.3 -274.7 -394.7
1849 PBS 69.1 137.9 239.6 -226.3 -278.7 -398.7
1854 SSD 65.1 133.9 235.6 -219.4 -270.5 -390.9
1858 Empire 67.4 136.6 237.0 -223.4 -274.5 -394.9
1864 Revenge 69.7 139.1 239.8 -227.4 -278.5 -398.9
1866 Sigma.int 71.6 141.4 241.4 -231.4 -282.5 -402.9
1869 FSid3 67.6 137.4 237.4 -223.6 -275.0 -396.6
1871 Relax 69.3 139.2 239.6 -227.6 -279.0 -400.6
1872 rox.KIS 65.3 135.2 235.6 -223.0 -274.2 -395.9
1873 PBS 61.3 131.2 231.6 -216.7 -267.6 -392.4
1875 iG 62.9 132.9 233.5 -220.7 -271.6 -396.4
1876 GB 64.7 134.8 235.7 -224.7 -275.6 -400.4
1880 VG 60.7 130.8 231.7 -218.1 -268.2 -393.3
1881 LGD.cn 64.0 134.6 233.6 -222.1 -272.2 -397.3
1882 Swage 67.7 138.5 236.3 -226.1 -276.2 -401.3
1883 iG 63.7 134.5 232.3 -217.7 -268.7 -391.6
1888 SMM 66.9 137.4 235.4 -221.7 -272.7 -395.6
1890 LGD.cn 62.9 133.4 231.4 -215.2 -266.8 -390.1
1891 Lowyat 58.9 129.4 227.4 -210.6 -262.2 -385.6
1892 nAra 54.9 125.4 223.4 -202.8 -255.4 -377.2
1895 Fnatic.eu 50.9 121.4 219.4 -198.2 -251.5 -368.5
1896 XctN 46.9 117.4 215.4 -192.8 -245.6 -363.0
1897 Idol 42.9 113.4 211.4 -186.9 -239.6 -357.3
1899 LGD.cn 45.4 116.0 213.4 -190.9 -243.6 -361.3
1900 PBS 47.6 118.4 216.0 -194.9 -247.6 -365.3
1902 Idol 43.6 114.4 212.0 -190.2 -243.0 -361.2
1903 Titan 45.6 116.8 213.3 -194.2 -247.0 -365.2
1904 Mastery 41.6 112.8 209.3 -187.7 -240.7 -357.7
1905 Swage 37.6 108.8 205.3 -180.1 -234.0 -351.7
1907 EOT 40.5 112.1 207.6 -184.1 -238.0 -355.7
1908 Sigma.int 36.5 108.1 203.6 -179.2 -232.6 -350.1
1909 Mski 39.6 111.7 206.3 -183.2 -236.6 -354.1
1910 FD 41.5 113.9 207.8 -187.2 -240.6 -358.1
1912 Orange 43.6 115.9 209.8 -191.2 -244.6 -362.1
1914 rox.KIS 45.4 117.7 211.8 -195.2 -248.6 -366.1
1917 Orange 47.4 119.3 213.5 -199.2 -252.6 -370.1
1918 Orange 49.5 121.2 215.4 -203.2 -256.6 -374.1
1920 Mski 45.5 117.2 211.4 -194.9 -250.1 -368.1
1921 VP 48.0 119.6 213.7 -198.9 -254.1 -372.1
1922 VP 44.0 115.6 209.7 -194.0 -249.3 -367.7
1924 Sigma.int 46.3 118.3 211.4 -198.0 -253.3 -371.7
1926 PR 48.9 120.4 213.6 -202.0 -257.3 -375.7
1930 Alliance 51.0 122.5 216.0 -206.0 -261.3 -379.7
1931 Swage 47.0 118.5 212.0 -198.0 -254.0 -373.1
1932 Empire 47.0 118.5 212.0 -198.0 -254.0 -373.1
1933 Alliance 49.2 120.7 214.4 -202.0 -258.0 -377.1
1936 Alliance 51.0 122.7 216.1 -206.0 -262.0 -381.1
1937 Na'Vi 52.8 124.7 218.3 -210.0 -266.0 -385.1
1938 DK 55.3 127.4 221.2 -214.0 -270.0 -389.1
1940 Na'Vi 51.3 123.4 217.2 -208.8 -265.7 -384.8
1941 Zephyr 53.4 126.0 218.4 -212.8 -269.7 -388.8
1942 VP 56.8 128.9 221.3 -216.8 -273.7 -392.8
1943 PR 58.7 130.8 223.5 -220.8 -277.7 -396.8
1944 VP 60.6 132.9 225.0 -224.8 -281.7 -400.8
1946 PR 56.6 128.9 221.0 -218.2 -274.6 -394.2
1947 Relax 52.6 124.9 217.0 -211.2 -267.7 -388.1
1955 Life 55.4 128.4 218.7 -215.2 -271.7 -392.1
1960 Empire 57.1 130.2 220.9 -219.2 -275.7 -396.1
1962 Fnatic.eu 59.4 132.6 223.3 -223.2 -279.7 -400.1
1963 Life 55.4 128.6 219.3 -213.8 -270.1 -393.2
1965 Relax 57.1 130.6 220.9 -217.8 -274.1 -397.2
1966 Speed 59.9 133.9 224.6 -221.8 -278.1 -401.2
1968 Denial 62.2 136.5 227.5 -225.8 -282.1 -405.2
1969 hehe 65.1 139.9 231.2 -229.8 -286.1 -409.2
1970 hehe 67.2 142.0 233.1 -233.8 -290.1 -413.2
1974 bvd.dotA 63.2 138.0 229.1 -228.6 -285.2 -409.9
1976 Relax 59.2 134.0 225.1 -223.4 -280.4 -402.9
1977 Empire 55.2 130.0 221.1 -218.5 -275.5 -398.4
1978 eHug 58.1 133.4 222.6 -222.5 -279.5 -402.4
1979 Empire 60.4 136.2 225.7 -226.5 -283.5 -406.4
1980 Empire 63.8 140.4 230.2 -230.5 -287.5 -410.4
1983 SADBOYS 59.8 136.4 226.2 -223.4 -278.9 -401.8
1986 eHug 55.8 132.4 222.2 -217.3 -272.8 -395.9
1987 Empire 51.8 128.4 218.2 -211.0 -267.3 -387.9
1988 Liquid 47.8 124.4 214.2 -203.5 -260.7 -381.3
1991 PR 49.8 126.5 216.4 -207.5 -264.7 -385.3
1993 Liquid 52.9 129.9 220.1 -211.5 -268.7 -389.3
1994 Fnatic.eu 48.9 125.9 216.1 -207.0 -264.7 -385.4
1995 SADBOYS 50.4 127.9 218.6 -211.0 -268.7 -389.4
1996 TR 46.4 123.9 214.6 -203.0 -261.2 -382.5
2000 UG 42.4 119.9 210.6 -197.9 -256.3 -377.1
2002 Swage 45.3 123.0 212.2 -201.9 -260.3 -381.1
2003 Empire 41.3 119.0 208.2 -195.7 -254.9 -372.6
2004 Empire 44.2 121.9 211.6 -199.7 -258.9 -376.6
2005 5inQ 46.8 124.8 213.1 -203.7 -262.9 -380.6
2006 Empire 42.8 120.8 209.1 -199.6 -258.9 -374.6
2008 SADBOYS 38.8 116.8 205.1 -192.3 -251.8 -367.5
2011 PR 34.8 112.8 201.1 -186.7 -247.1 -363.0
2013 Empire 37.1 115.1 203.4 -190.7 -251.1 -367.0
2016 Revenge 39.0 117.1 205.5 -194.7 -255.1 -371.0
2018 Fnatic.eu 35.0 113.1 201.5 -185.8 -245.6 -362.2
2020 PR 36.8 115.0 203.5 -189.8 -249.6 -366.2
2025 D4D 39.9 118.2 205.8 -193.8 -253.6 -370.2
2026 Execration 41.9 120.5 208.4 -197.8 -257.6 -374.2
2028 Next.kz 37.9 116.5 204.4 -189.4 -250.0 -367.2
2030 Empire 41.4 119.9 207.9 -193.4 -254.0 -371.2
2031 Sigma.int 37.4 115.9 203.9 -187.0 -247.5 -364.6
2033 eHug 33.4 111.9 199.9 -180.5 -240.8 -358.0
2036 Zephyr 36.4 115.2 203.4 -184.5 -244.8 -362.0
2038 SADBOYS 40.5 119.4 206.7 -188.5 -248.8 -366.0
2039 Speed 36.5 115.4 202.7 -182.1 -242.4 -359.5
2043 Liquid 39.0 118.0 204.0 -186.1 -246.4 -363.5
2044 Arrow 41.3 120.8 205.4 -190.1 -250.4 -367.5
2046 Empire 44.8 124.3 209.0 -194.1 -254.4 -371.5
2049 GL 46.9 126.6 210.6 -198.1 -258.4 -375.5
2051 Nullis 48.9 128.7 212.9 -202.1 -262.4 -379.5
2052 Nullis 44.9 124.7 208.9 -194.3 -255.3 -370.6
2057 Aura 47.1 127.1 211.5 -198.3 -259.3 -374.6
2060 Fnatic.eu 43.1 123.1 207.5 -193.7 -255.1 -370.6
2062 PR 39.1 119.1 203.5 -187.2 -248.9 -364.7
2069 VP 35.1 115.1 199.5 -180.9 -243.1 -358.7
2070 rox.KIS 31.1 111.1 195.5 -173.8 -236.6 -349.0
2071 Cloud9 34.2 114.5 197.6 -177.8 -240.6 -353.0
2072 About 30.2 110.5 193.6 -170.4 -233.5 -345.3
2073 4FC 32.0 112.6 195.1 -174.4 -237.5 -349.3
2074 vhoul 28.0 108.6 191.1 -164.0 -227.8 -342.4
2075 Liquid 24.0 104.6 187.1 -156.8 -221.8 -333.3
2078 Empire 26.5 107.2 189.1 -160.8 -225.8 -337.3
2079 Empire 28.1 109.1 191.2 -164.8 -229.8 -341.3
2084 hehe 24.1 105.1 187.2 -160.2 -225.0 -336.8
2085 Next.kz 27.2 108.1 191.9 -164.2 -229.0 -340.8
2086 PssT 23.2 104.1 187.9 -156.9 -223.2 -332.2
2088 SADBOYS 26.3 107.8 190.3 -160.9 -227.2 -336.2
2091 Zephyr 29.1 110.7 193.4 -164.9 -231.2 -340.2
2092 Empire 25.1 106.7 189.4 -160.6 -226.8 -335.9
2093 rox.KIS 26.9 108.6 190.6 -164.6 -230.8 -339.9
2094 Insane 22.9 104.6 186.6 -156.8 -223.8 -333.7
2096 neXt! 18.9 100.6 182.6 -151.0 -218.4 -329.3
2099 rox.KIS 20.9 102.5 184.5 -155.0 -222.4 -333.3
2101 ZR 24.0 106.1 186.6 -159.0 -226.4 -337.3
2103 JnRun 20.0 102.1 182.6 -154.3 -221.6 -332.4
2104 Arrow 16.0 98.1 178.6 -145.3 -212.7 -324.5
2105 Mongolz 19.5 101.7 181.1 -149.3 -216.7 -328.5
2106 Panthers 22.0 104.4 184.2 -153.3 -220.7 -332.5
2112 DUZA 24.5 107.0 186.8 -157.3 -224.7 -336.5
2114 VP 27.2 110.0 190.0 -161.3 -228.7 -340.5
2115 Mongolz 23.2 106.0 186.0 -154.9 -221.9 -334.1
2117 Titan 25.3 108.5 187.5 -158.9 -225.9 -338.1
2122 4FC 28.6 111.7 190.4 -162.9 -229.9 -342.1
2124 neXt! 24.6 107.7 186.4 -156.5 -223.0 -334.9
2126 ZR 26.8 110.0 188.5 -160.5 -227.0 -338.9
2129 vhoul 29.3 112.7 190.3 -164.5 -231.0 -342.9
2135 rox.KIS 31.3 114.9 192.8 -168.5 -235.0 -346.9
2136 Swage 33.0 116.8 194.6 -172.5 -239.0 -350.9
2140 PssT 29.0 112.8 190.6 -165.1 -231.0 -343.6
2142 MVP.P 32.5 115.6 193.4 -169.1 -235.0 -347.6
2146 Fnatic.eu 34.4 117.7 195.1 -173.1 -239.0 -351.6
2150 VP 30.4 113.7 191.1 -168.3 -234.5 -346.5
2151 Insane 26.4 109.7 187.1 -163.5 -229.4 -341.2
2154 ZR 22.4 105.7 183.1 -157.8 -223.9 -336.3
2155 MYM 24.1 107.3 185.0 -161.8 -227.9 -340.3
2161 Osiris 20.1 103.3 181.0 -154.0 -220.9 -336.4
2164 Puck 16.1 99.3 177.0 -147.7 -213.9 -329.6
2166 DUZA 12.1 95.3 173.0 -140.3 -206.9 -323.1
2167 Scythe 14.9 98.5 174.7 -144.3 -210.9 -327.1
2168 Dignotoss 17.8 102.1 178.5 -148.3 -214.9 -331.1
2169 WWD 20.1 104.8 179.8 -152.3 -218.9 -335.1
2171 Relax 21.9 106.6 181.6 -156.3 -222.9 -339.1
2176 neXt! 17.9 102.6 177.6 -149.9 -217.1 -333.6
2179 PR 20.3 105.2 179.4 -153.9 -221.1 -337.6
2180 Puck 16.3 101.2 175.4 -147.0 -215.0 -329.2
2182 MM 19.0 104.1 177.0 -151.0 -219.0 -333.2
2183 4N 15.0 100.1 173.0 -146.1 -214.1 -328.5
2184 Swage 11.0 96.1 169.0 -141.5 -210.4 -323.4
2186 RRQ 7.0 92.1 165.0 -135.8 -205.4 -315.6
2189 Dignotoss 3.0 88.1 161.0 -131.0 -200.8 -309.6
2191 Orange 5.1 90.2 163.1 -135.0 -204.8 -313.6
2192 PR 1.1 86.2 159.1 -128.1 -198.6 -308.4
2193 Na'Vi 3.0 87.9 160.8 -132.1 -202.6 -312.4
2194 Zephyr 5.7 90.7 163.1 -136.1 -206.6 -316.4
2196 Dog 1.7 86.7 159.1 -132.4 -201.8 -311.1
2201 eN.Legs 3.9 88.9 161.3 -136.4 -205.8 -315.1
2202 neXt! 6.3 91.4 163.6 -140.4 -209.8 -319.1
2203 BIP 8.9 94.4 165.3 -144.4 -213.8 -323.1
2206 Mski 8.9 94.4 165.3 -144.4 -213.8 -323.1
2207 PR 4.9 90.4 161.3 -139.9 -209.2 -318.8
2209 DT.NGC 0.9 86.4 157.3 -134.6 -204.1 -314.5
2218 VP -3.1 82.4 153.3 -125.1 -195.9 -306.8
2219 rox.KIS -7.1 78.4 149.3 -119.7 -190.7 -301.7
2223 Sigma.int -3.3 82.1 153.2 -123.7 -194.7 -305.7
2225 Empire -7.3 78.1 149.2 -118.0 -187.3 -298.0
2230 Orange -5.1 80.2 151.4 -122.0 -191.3 -302.0
2231 Arrow -3.1 82.6 153.1 -126.0 -195.3 -306.0
2232 Relax 0.6 85.6 155.9 -130.0 -199.3 -310.0
2233 CIS 3.3 88.6 158.6 -134.0 -203.3 -314.0
2234 5inQ 5.9 90.7 160.8 -138.0 -207.3 -318.0
2240 Spirit 1.9 86.7 156.8 -130.2 -199.5 -308.9
2245 MYM 4.7 89.7 160.1 -134.2 -203.5 -312.9
2246 Execration 8.6 93.6 163.0 -138.2 -207.5 -316.9
2247 Cloud9 11.8 97.3 165.0 -142.2 -211.5 -320.9
2248 DT.NGC 13.5 99.3 167.4 -146.2 -215.5 -324.9
2250 Execration 9.5 95.3 163.4 -141.3 -210.5 -320.4
2252 FD 11.8 97.7 165.3 -145.3 -214.5 -324.4
2254 Fnatic.eu 14.7 100.7 168.5 -149.3 -218.5 -328.4
2255 rox.KIS 17.2 103.1 170.9 -153.3 -222.5 -332.4
2258 Arrow 13.2 99.1 166.9 -145.0 -215.7 -326.7
2259 VG 15.9 101.9 168.7 -149.0 -219.7 -330.7
2262 Mski 17.9 104.1 170.4 -153.0 -223.7 -334.7
2263 Cloud9 20.1 106.7 173.3 -157.0 -227.7 -338.7
2269 Na'Vi 21.9 108.6 175.0 -161.0 -231.7 -342.7
2270 RRQ 17.9 104.6 171.0 -153.6 -224.4 -335.7
2271 Titan 19.7 106.5 172.8 -157.6 -228.4 -339.7
2272 Arrow 22.7 110.1 176.8 -161.6 -232.4 -343.7
2274 LGD.cn 24.6 112.4 178.1 -165.6 -236.4 -347.7
2281 Titan 27.2 114.5 180.1 -169.6 -240.4 -351.7
2283 Fnatic.eu 28.9 116.4 182.0 -173.6 -244.4 -355.7
2286 Cloud9 31.6 119.0 185.5 -177.6 -248.4 -359.7
2287 VG 27.6 115.0 181.5 -172.0 -242.8 -356.0
2289 DT.NGC 23.6 111.0 177.5 -161.5 -231.3 -350.1
2290 Orange 19.6 107.0 173.5 -152.3 -222.9 -342.3
2291 Na'Vi 22.0 109.4 176.6 -156.3 -226.9 -346.3
