0 0 0.0 0.0 0.0 0.0 0.0 0.0
14 Alliance -4.0 -4.0 -4.0 4.7 4.7 4.1
22 Dignitas -0.5 -0.6 -0.4 0.7 0.7 0.1
33 Dignitas -4.5 -4.6 -4.4 4.9 4.4 4.5
36 Next.kz -4.5 -4.6 -4.4 4.9 4.4 4.5
37 mouz -8.5 -8.6 -8.4 9.6 8.4 8.8
46 GU.pe -5.0 -4.8 -4.4 5.6 4.4 4.8
47 VP -9.0 -8.8 -8.4 10.3 8.9 8.6
52 Fnatic.eu -13.0 -12.8 -12.4 14.4 13.2 12.9
55 mouz -9.2 -9.3 -8.6 10.4 9.2 8.9
64 iM`Bashers -5.3 -5.5 -4.8 6.4 5.2 4.9
65 VnR.Alpha -1.6 -2.0 -1.4 2.4 1.2 0.9
84 Liquid -5.6 -6.0 -5.4 6.8 5.8 5.0
90 VP -9.6 -10.0 -9.4 11.3 10.0 9.7
92 Ptd.Bravo -9.6 -10.0 -9.4 11.3 10.0 9.7
94 Fnatic.eu -5.9 -6.2 -5.5 7.3 6.0 5.7
103 Fnatic.eu -2.1 -2.7 -2.1 3.3 2.0 1.7
120 Na'Vi 1.3 1.0 1.7 -0.7 -2.0 -2.3
122 mouz 4.8 4.7 5.2 -4.7 -6.0 -6.3
131 Na'Vi 8.5 8.4 9.3 -8.7 -10.0 -10.3
150 Fnatic.eu 8.5 8.4 9.3 -8.7 -10.0 -10.3
158 WH?Dota2 8.5 8.4 9.3 -8.7 -10.0 -10.3
184 WH?Dota2 11.7 11.9 12.8 -12.7 -14.0 -14.3
192 VP 7.7 7.9 8.8 -7.9 -9.7 -10.2
200 VP 11.5 11.5 12.4 -11.9 -13.7 -14.2
204 Fnatic.eu 7.5 7.5 8.4 -7.7 -9.3 -9.8
214 Dignitas 11.1 11.4 12.3 -11.7 -13.3 -13.8
222 Dignitas 11.1 11.4 12.3 -11.7 -13.3 -13.8
257 Liquid 14.4 14.9 15.9 -15.7 -17.3 -17.8
263 Prodota.ru 10.4 10.9 11.9 -11.7 -13.2 -13.8
265 Lounge 10.4 10.9 11.9 -11.7 -13.2 -13.8
267 mouz 13.8 14.7 15.8 -15.7 -17.2 -17.8
311 Quantic 9.8 10.7 11.8 -11.6 -12.5 -13.1
320 EG 5.8 6.7 7.8 -7.1 -7.9 -8.7
329 RAT 8.9 10.5 11.7 -11.1 -11.9 -12.7
335 VP 4.9 6.5 7.7 -6.3 -7.6 -8.3
343 Orange 0.9 2.5 3.7 -2.6 -3.5 -3.9
354 Alliance 4.7 6.1 7.3 -6.6 -7.5 -7.9
359 DK 0.7 2.1 3.3 -2.4 -2.9 -3.2
361 Orange -3.3 -1.9 -0.7 2.3 1.5 1.1
386 TM -0.3 1.7 3.1 -1.7 -2.5 -2.9
391 mouz 3.5 5.1 6.5 -5.7 -6.5 -6.9
422 Liquid -0.5 1.1 2.5 -1.1 -1.9 -2.5
434 EG 3.0 4.6 5.9 -5.1 -5.9 -6.5
516 Quantic 6.5 8.4 10.0 -9.1 -9.9 -10.5
530 Orange 9.7 12.4 14.3 -13.1 -13.9 -14.5
556 Fnatic.eu 5.7 8.4 10.3 -8.2 -9.6 -10.5
559 mouz 9.1 12.1 14.2 -12.2 -13.6 -14.5
563 iG 12.4 15.9 18.2 -16.2 -17.6 -18.5
565 Dignitas 8.4 11.9 14.2 -11.2 -13.1 -14.4
570 VP 4.4 7.9 10.2 -7.2 -9.0 -10.2
583 iCCup 0.4 3.9 6.2 -2.8 -4.6 -6.1
610 LGD.cn 4.2 7.2 9.5 -6.8 -8.6 -10.1
614 EG 7.7 10.6 13.1 -10.8 -12.6 -14.1
633 Liquid 11.3 14.2 16.9 -14.8 -16.6 -18.1
650 Fnatic.eu 7.3 10.2 12.9 -10.4 -12.0 -13.4
684 VP 11.1 13.8 16.7 -14.4 -16.0 -17.4
689 Kaipi 7.1 9.8 12.7 -10.1 -11.9 -13.2
724 Kaipi 10.6 13.5 16.5 -14.1 -15.9 -17.2
787 TongFu 13.8 17.4 20.6 -18.1 -19.9 -21.2
789 LGD.int 9.8 13.4 16.6 -13.7 -15.3 -16.8
794 DK 5.8 9.4 12.6 -9.5 -10.8 -12.5
804 TongFu 9.2 13.3 16.6 -13.5 -14.8 -16.5
805 Alliance 12.6 17.3 20.8 -17.5 -18.8 -20.5
834 Aspera 16.2 20.7 24.4 -21.5 -22.8 -24.5
849 Poseidon 19.5 24.1 28.1 -25.5 -26.8 -28.5
882 rox.KIS 19.5 24.1 28.1 -25.5 -26.8 -28.5
895 Next.kz 23.0 27.8 31.7 -29.5 -30.8 -32.5
907 NoLove 26.6 31.6 35.7 -33.5 -34.8 -36.5
910 Empire 22.6 27.6 31.7 -29.4 -30.7 -32.4
924 ONE.dota 25.9 31.1 35.7 -33.4 -34.7 -36.4
929 Dreamz 21.9 27.1 31.7 -28.7 -30.6 -32.4
955 DUZA 25.9 30.5 35.0 -32.7 -34.6 -36.4
1003 Kaipi 29.1 34.5 39.2 -36.7 -38.6 -40.4
1011 Imp 25.1 30.5 35.2 -32.7 -33.7 -35.8
1013 Empire 25.1 30.5 35.2 -32.7 -33.7 -35.8
1014 Na'Vi 21.1 26.5 31.2 -27.9 -29.5 -31.8
1026 PBS 24.5 30.5 35.1 -31.9 -33.5 -35.8
1033 LGD.cn 28.1 34.0 38.6 -35.9 -37.5 -39.8
1038 Aspera 24.1 30.0 34.6 -31.4 -33.0 -35.2
1054 TR 27.8 33.4 38.0 -35.4 -37.0 -39.2
1103 FD 27.8 33.4 38.0 -35.4 -37.0 -39.2
1128 TakeFive 31.0 37.8 42.7 -39.4 -41.0 -43.2
1134 PR 27.0 33.8 38.7 -35.1 -37.0 -39.2
1154 Alliance 27.0 33.8 38.7 -35.1 -37.0 -39.2
1236 Speed 27.0 33.8 38.7 -35.1 -37.0 -39.2
1249 Alliance 23.0 29.8 34.7 -31.1 -32.9 -35.0
1254 Startale 23.0 29.8 34.7 -31.1 -32.9 -35.0
1260 Sigma.int 19.0 25.8 30.7 -26.9 -28.4 -30.6
1277 Mski 15.0 21.8 26.7 -22.3 -24.6 -27.0
1280 MiTH 15.0 21.8 26.7 -22.3 -24.6 -27.0
1311 Sleisel 11.0 17.8 22.7 -18.3 -20.3 -22.8
1349 Alliance 7.0 13.8 18.7 -14.4 -16.2 -18.4
1374 VP 10.5 17.6 22.4 -18.4 -20.2 -22.4
1394 LGD.cn 14.1 21.7 26.3 -22.4 -24.2 -26.4
1422 EG 10.1 17.7 22.3 -18.4 -19.9 -22.1
1444 Fnatic.eu 6.1 13.7 18.3 -14.0 -15.9 -18.2
1469 Alliance 6.1 13.7 18.3 -14.0 -15.9 -18.2
1502 DK 9.4 17.7 22.5 -18.0 -19.9 -22.2
1505 Na'Vi 5.4 13.7 18.5 -13.6 -15.5 -18.1
1509 Speed 8.8 17.3 22.2 -17.6 -19.5 -22.1
1555 Mski 12.5 21.2 26.1 -21.6 -23.5 -26.1
1556 LGD.cn 16.0 24.8 29.8 -25.6 -27.5 -30.1
1559 Na'Vi 16.0 24.8 29.8 -25.6 -27.5 -30.1
1570 SSD 12.0 20.8 25.8 -21.6 -23.0 -25.4
1575 iG 8.0 16.8 21.8 -17.2 -18.6 -21.0
1591 VG 4.0 12.8 17.8 -13.1 -14.3 -16.7
1592 VG 7.7 16.5 21.7 -17.1 -18.3 -20.7
1596 Kawai 3.7 12.5 17.7 -12.8 -13.8 -16.0
1606 CSW -0.3 8.5 13.7 -8.3 -10.1 -12.1
1609 Empire 4.0 12.0 17.1 -12.3 -14.1 -16.1
1610 VP 7.3 15.7 21.0 -16.3 -18.1 -20.1
1638 VG 10.3 20.0 25.7 -20.3 -22.1 -24.1
1649 VP 14.0 24.0 29.6 -24.3 -26.1 -28.1
1659 Alliance 10.0 20.0 25.6 -20.0 -21.4 -23.5
1670 MiTH 14.1 23.8 28.9 -24.0 -25.4 -27.5
1675 Empire 17.7 27.6 32.8 -28.0 -29.4 -31.5
1702 DK 21.2 31.0 36.2 -32.0 -33.4 -35.5
1715 Poseidon 17.2 27.0 32.2 -27.5 -28.8 -31.5
1717 VP 20.9 30.5 35.7 -31.5 -32.8 -35.5
1717 VP 25.2 34.1 39.1 -35.5 -36.8 -39.5
1729 Sigma.int 25.2 34.1 39.1 -35.5 -36.8 -39.5
1734 PR 28.7 37.7 42.8 -39.5 -40.8 -43.5
1741 VP 32.5 41.5 46.5 -43.5 -44.8 -47.5
1757 iG 36.0 45.1 50.4 -47.5 -48.8 -51.5
1782 Mski 39.8 48.6 53.9 -51.5 -52.8 -55.5
1835 iG 35.8 44.6 49.9 -47.6 -48.6 -50.9
1891 Lowyat 31.8 40.6 45.9 -43.0 -44.0 -46.4
1902 Idol 27.8 36.6 41.9 -38.3 -39.4 -42.3
1932 Empire 27.8 36.6 41.9 -38.3 -39.4 -42.3
1980 Empire 31.2 40.8 46.4 -42.3 -43.4 -46.3
1994 Fnatic.eu 27.2 36.8 42.4 -37.8 -39.4 -42.4
2006 Empire 23.2 32.8 38.4 -33.7 -35.4 -36.4
2030 Empire 26.7 36.2 41.9 -37.7 -39.4 -40.4
2038 SADBOYS 30.8 40.4 45.2 -41.7 -43.4 -44.4
2046 Empire 34.3 43.9 48.8 -45.7 -47.4 -48.4
2060 Fnatic.eu 30.3 39.9 44.8 -41.1 -43.2 -44.4
2085 Next.kz 33.4 42.9 49.5 -45.1 -47.2 -48.4
2092 Empire 29.4 38.9 45.5 -40.8 -42.8 -44.1
2184 Swage 25.4 34.9 41.5 -36.2 -39.1 -39.0
2196 Dog 21.4 30.9 37.5 -32.5 -34.3 -33.7
2206 Mski 21.4 30.9 37.5 -32.5 -34.3 -33.7
2207 PR 17.4 26.9 33.5 -28.0 -29.7 -29.4
2223 Sigma.int 21.2 30.6 37.4 -32.0 -33.7 -33.4
2246 Execration 25.1 34.5 40.3 -36.0 -37.7 -37.4
