0 0 0.0 0.0 0.0 0.0 0.0 0.0
36 Next.kz 0.0 0.0 0.0 0.0 0.0 0.0
92 Ptd.Bravo 0.0 0.0 0.0 0.0 0.0 0.0
150 Fnatic.eu 0.0 0.0 0.0 0.0 0.0 0.0
158 WH?Dota2 0.0 0.0 0.0 0.0 0.0 0.0
222 Dignitas 0.0 0.0 0.0 0.0 0.0 0.0
265 Lounge 0.0 0.0 0.0 0.0 0.0 0.0
882 rox.KIS 0.0 0.0 0.0 0.0 0.0 0.0
1013 Empire 0.0 0.0 0.0 0.0 0.0 0.0
1103 FD 0.0 0.0 0.0 0.0 0.0 0.0
1154 Alliance 0.0 0.0 0.0 0.0 0.0 0.0
1236 Speed 0.0 0.0 0.0 0.0 0.0 0.0
1254 Startale 0.0 0.0 0.0 0.0 0.0 0.0
1280 MiTH 0.0 0.0 0.0 0.0 0.0 0.0
1469 Alliance 0.0 0.0 0.0 0.0 0.0 0.0
1559 Na'Vi 0.0 0.0 0.0 0.0 0.0 0.0
1729 Sigma.int 0.0 0.0 0.0 0.0 0.0 0.0
1932 Empire 0.0 0.0 0.0 0.0 0.0 0.0
2206 Mski 0.0 0.0 0.0 0.0 0.0 0.0
