0 0 0.0 0.0 0.0 0.0 0.0 0.0
14 Alliance -4.0 -4.0 -4.0 4.7 4.7 4.1
15 Fnatic -0.5 -0.5 -1.5 0.7 0.7 0.1
16 Empire -4.5 -4.5 -5.5 5.3 5.6 5.1
17 Turtle -1.9 -2.0 -2.7 1.3 1.6 1.1
18 Na'Vi -1.1 -0.9 -1.2 -2.7 -2.4 -2.9
19 Empire 0.4 1.0 0.7 -6.7 -6.4 -6.9
22 Dignitas 3.9 4.4 4.3 -10.7 -10.4 -10.9
23 mouz 4.7 5.3 5.5 -14.7 -14.4 -14.9
26 Empire 0.7 1.3 1.5 -4.3 -5.9 -7.1
28 Quantic -3.3 -2.7 -2.5 2.3 1.2 -0.5
29 GU.pe -7.3 -6.7 -6.5 14.4 11.1 9.0
31 Liquid -5.6 -4.8 -4.4 10.4 7.1 5.0
32 Alliance -4.9 -3.7 -3.2 6.4 3.1 1.0
33 Dignitas -8.9 -7.7 -7.2 10.6 6.8 5.4
34 EG -12.9 -11.7 -11.2 18.8 13.7 11.9
36 Next.kz -12.9 -11.7 -11.2 18.8 13.7 11.9
37 mouz -16.9 -15.7 -15.2 23.5 17.7 16.2
39 VP -20.9 -19.7 -19.2 29.4 23.8 21.7
40 Fnatic.eu -19.5 -17.7 -17.2 25.4 19.8 17.7
41 Empire -18.4 -16.4 -15.5 21.4 15.8 13.7
42 Liquid -22.4 -20.4 -19.5 27.1 21.4 18.6
43 mouz -20.8 -18.5 -17.6 23.1 17.4 14.6
44 Quantic -19.4 -16.6 -15.5 19.1 13.4 10.6
45 Quantic -17.4 -14.2 -13.2 15.1 9.4 6.6
46 GU.pe -13.9 -10.4 -9.2 11.1 5.4 2.6
47 VP -17.9 -14.4 -13.2 15.8 9.9 6.4
48 VP -16.5 -12.8 -11.1 11.8 5.9 2.4
49 Liquid -15.7 -11.6 -9.7 7.8 1.9 -1.6
51 Liquid -19.7 -15.6 -13.7 18.9 11.5 6.0
52 Fnatic.eu -23.7 -19.6 -17.7 23.0 15.8 10.3
53 VP -27.7 -23.6 -21.7 33.6 24.5 18.4
54 4FC -25.1 -20.4 -18.2 29.6 20.5 14.4
55 mouz -21.3 -16.9 -14.4 25.6 16.5 10.4
57 Dignitas -19.6 -14.7 -12.0 21.6 12.5 6.4
58 Na'Vi -18.3 -13.1 -10.3 17.6 8.5 2.4
59 VP -22.3 -17.1 -14.3 29.0 17.4 10.7
60 Na'Vi -21.3 -15.9 -12.9 25.0 13.4 6.7
63 EG -25.3 -19.9 -16.9 30.6 18.3 11.6
64 iM`Bashers -21.4 -16.1 -13.1 26.6 14.3 7.6
65 VnR.Alpha -17.7 -12.6 -9.7 22.6 10.3 3.6
67 Ptd.Bravo -21.7 -16.6 -13.7 27.3 15.5 8.2
69 Dignitas -19.0 -13.8 -10.9 23.3 11.5 4.2
70 Quantic -15.9 -11.0 -7.7 19.3 7.5 0.2
71 Liquid -14.5 -9.4 -5.8 15.3 3.5 -3.8
72 Neo.int -18.5 -13.4 -9.8 20.2 8.9 1.1
73 Zenith -17.7 -12.4 -8.7 16.2 4.9 -2.9
74 Dignitas -21.7 -16.4 -12.7 22.9 11.0 3.2
75 Fnatic.eu -20.4 -14.9 -10.9 18.9 7.0 -0.8
76 eN.Legs -18.0 -11.7 -7.5 14.9 3.0 -4.8
77 VnR.Alpha -15.4 -9.8 -4.8 10.9 -1.0 -8.8
78 Fnatic.eu -19.4 -13.8 -8.8 15.6 3.6 -4.2
79 Na'Vi -16.4 -10.8 -5.9 11.6 -0.4 -8.2
80 Liquid -20.4 -14.8 -9.9 19.1 7.5 -2.1
81 Neo.int -17.9 -12.8 -7.6 15.1 3.5 -6.1
82 Orange -21.9 -16.8 -11.6 22.8 11.1 1.1
83 s4 -25.9 -20.8 -15.6 26.6 16.3 6.5
84 Liquid -29.9 -24.8 -19.6 31.0 20.9 10.6
85 Fnatic.eu -26.6 -21.5 -16.2 27.0 16.9 6.6
88 Liquid -30.6 -25.5 -20.2 32.7 22.5 11.8
89 Liquid -29.1 -23.8 -18.4 28.7 18.5 7.8
90 VP -33.1 -27.8 -22.4 33.2 22.7 12.5
91 Liquid -29.8 -24.9 -19.6 29.2 18.7 8.5
92 Ptd.Bravo -29.8 -24.9 -19.6 29.2 18.7 8.5
93 Na'Vi -28.2 -23.1 -17.6 25.2 14.7 4.5
94 Fnatic.eu -24.5 -19.3 -13.7 21.2 10.7 0.5
95 Na'Vi -22.8 -17.4 -11.6 17.2 6.7 -3.5
96 Empire -20.6 -15.1 -9.1 13.2 2.7 -7.5
98 Fnatic.eu -24.6 -19.1 -13.1 26.8 13.1 2.5
99 VP -21.9 -16.2 -9.9 22.8 9.1 -1.5
100 Liquid -19.8 -14.0 -7.5 18.8 5.1 -5.5
101 3D -17.4 -11.0 -4.4 14.8 1.1 -9.5
102 Dignitas -21.4 -15.0 -8.4 20.2 6.6 -3.9
103 Fnatic.eu -17.6 -11.5 -5.0 16.2 2.6 -7.9
104 PtD.Alpha -15.9 -9.6 -3.0 12.2 -1.4 -11.9
105 Liquid -13.2 -6.9 -0.1 8.2 -5.4 -15.9
106 Dignitas -10.9 -4.4 2.7 4.2 -9.4 -19.9
107 iM`Bashers -8.7 -1.5 5.6 0.2 -13.4 -23.9
108 ASF.R5 -7.3 0.2 7.3 -3.8 -17.4 -27.9
110 Empire -5.9 1.8 8.9 -7.8 -21.4 -31.9
111 Fnatic.eu -3.9 4.3 11.5 -11.8 -25.4 -35.9
112 eN.Legs -3.0 5.8 13.0 -15.8 -29.4 -39.9
113 Fnatic.eu -1.4 7.5 15.3 -19.8 -33.4 -43.9
114 Fnatic.eu -5.4 3.5 11.3 -13.8 -27.8 -38.1
117 VP -4.1 5.0 13.0 -17.8 -31.8 -42.1
118 mouz -8.1 1.0 9.0 -4.4 -20.0 -32.7
119 Fnatic.eu -6.8 2.7 10.9 -8.4 -24.0 -36.7
120 Na'Vi -3.4 6.4 14.7 -12.4 -28.0 -40.7
121 eN.Legs -1.9 8.2 17.0 -16.4 -32.0 -44.7
122 mouz 1.6 11.9 20.5 -20.4 -36.0 -48.7
123 eLPride 2.8 13.4 22.2 -24.4 -40.0 -52.7
124 VP 3.8 14.7 23.7 -28.4 -44.0 -56.7
125 Empire 6.3 17.3 26.5 -32.4 -48.0 -60.7
126 rox.KIS 2.3 13.3 22.5 -25.2 -40.9 -54.7
128 ASF.R5 -1.7 9.3 18.5 -15.3 -32.3 -47.3
130 Alliance -5.7 5.3 14.5 -5.6 -24.2 -39.6
131 Na'Vi -2.0 9.0 18.6 -9.6 -28.2 -43.6
132 Alliance -6.0 5.0 14.6 -1.0 -21.5 -37.1
135 Fnatic.eu -4.7 6.5 16.3 -5.0 -25.5 -41.1
136 Alliance -3.8 7.6 17.6 -9.0 -29.5 -45.1
137 Na'Vi -1.1 10.5 20.4 -13.0 -33.5 -49.1
138 TCM -5.1 6.5 16.4 -0.4 -22.2 -39.5
140 CastersEN -9.1 2.5 12.4 4.4 -16.6 -33.7
141 mouz -6.7 5.1 15.1 0.4 -20.6 -37.7
142 Alliance -10.7 1.1 11.1 5.6 -15.8 -33.0
143 Na'Vi -9.6 2.5 12.7 1.6 -19.8 -37.0
144 mouz -13.6 -1.5 8.7 7.0 -14.8 -32.1
145 Alliance -10.4 1.8 11.9 3.0 -18.8 -36.1
146 Liquid -8.0 4.3 14.7 -1.0 -22.8 -40.1
147 4FC -12.0 0.3 10.7 4.5 -17.3 -34.4
148 Empire -9.3 3.2 13.8 0.5 -21.3 -38.4
150 Fnatic.eu -9.3 3.2 13.8 0.5 -21.3 -38.4
151 EG -13.3 -0.8 9.8 10.0 -13.0 -30.4
152 Alliance -10.3 2.4 13.0 6.0 -17.0 -34.4
153 Liquid -14.3 -1.6 9.0 12.8 -9.5 -26.8
154 VP -11.8 0.8 11.4 8.8 -13.5 -30.8
155 iG -9.8 3.1 13.9 4.8 -17.5 -34.8
157 Fnatic.eu -7.5 5.4 16.2 0.8 -21.5 -38.8
158 WH?Dota2 -7.5 5.4 16.2 0.8 -21.5 -38.8
159 VP -11.5 1.4 12.2 8.8 -14.4 -32.8
161 Empire -15.5 -2.6 8.2 14.4 -8.9 -27.4
162 rox.KIS -13.6 -0.7 10.2 10.4 -12.9 -31.4
163 Lounge -11.0 2.0 13.1 6.4 -16.9 -35.4
164 Dignitas -9.8 3.5 14.8 2.4 -20.9 -39.4
165 eN.Legs -8.0 5.4 17.1 -1.6 -24.9 -43.4
166 Fnatic.eu -6.0 7.5 19.4 -5.6 -28.9 -47.4
167 LGD.int -5.1 8.5 20.7 -9.6 -32.9 -51.4
171 LGD.int -4.2 9.5 21.9 -13.6 -36.9 -55.4
172 Liquid -2.6 11.1 23.6 -17.6 -40.9 -59.4
173 VP -0.6 13.4 26.1 -21.6 -44.9 -63.4
175 Na'Vi 0.4 14.6 27.7 -25.6 -48.9 -67.4
176 Alliance 2.8 17.5 30.8 -29.6 -52.9 -71.4
177 QPandas -1.2 13.5 26.8 -16.3 -41.8 -62.0
178 Dignitas 1.4 16.8 30.2 -20.3 -45.8 -66.0
179 Liquid -2.6 12.8 26.2 -10.5 -37.0 -57.9
180 Empire -6.6 8.8 22.2 1.8 -27.4 -49.6
181 iCCup -10.6 4.8 18.2 17.4 -16.1 -39.7
182 Empire -8.2 7.5 21.1 13.4 -20.1 -43.7
183 Fnatic.eu -12.2 3.5 17.1 20.9 -13.6 -37.4
184 WH?Dota2 -9.0 7.0 20.6 16.9 -17.6 -41.4
185 LGD.int -7.7 8.5 22.3 12.9 -21.6 -45.4
186 Alliance -6.0 10.4 24.3 8.9 -25.6 -49.4
187 VP -10.0 6.4 20.3 15.9 -19.1 -43.5
188 LGD.cn -14.0 2.4 16.3 20.9 -13.8 -38.2
189 Dignitas -18.0 -1.6 12.3 27.6 -7.5 -32.4
190 Alliance -22.0 -5.6 8.3 33.4 -2.0 -26.9
191 Liquid -26.0 -9.6 4.3 38.5 3.5 -21.5
192 VP -30.0 -13.6 0.3 43.3 7.8 -17.4
193 VP -34.0 -17.6 -3.7 48.8 13.1 -12.3
194 Alliance -32.3 -15.7 -1.7 44.8 9.1 -16.3
195 Dignitas -36.3 -19.7 -5.7 50.4 15.4 -8.6
196 Orange -40.3 -23.7 -9.7 59.6 24.0 -0.5
198 iG -39.0 -22.1 -7.8 55.6 20.0 -4.5
199 Dignitas -43.0 -26.1 -11.8 60.7 25.1 0.6
200 VP -39.2 -22.5 -8.2 56.7 21.1 -3.4
201 Orange -36.2 -19.2 -4.7 52.7 17.1 -7.4
202 Alliance -33.6 -16.5 -1.9 48.7 13.1 -11.4
203 Alliance -30.3 -13.1 1.6 44.7 9.1 -15.4
204 Fnatic.eu -34.3 -17.1 -2.4 48.9 13.5 -11.0
205 Fnatic.eu -38.3 -21.1 -6.4 54.7 19.3 -5.3
206 LGD.cn -36.5 -19.3 -4.5 50.7 15.3 -9.3
207 Alliance -34.7 -17.3 -2.2 46.7 11.3 -13.3
208 iG -33.7 -16.0 -0.6 42.7 7.3 -17.3
209 Liquid -32.1 -14.1 1.6 38.7 3.3 -21.3
210 LGD.cn -29.2 -11.5 4.2 34.7 -0.7 -25.3
211 Liquid -26.6 -8.5 7.4 30.7 -4.7 -29.3
212 Dignitas -30.6 -12.5 3.4 36.8 1.5 -23.3
213 DK -34.6 -16.5 -0.6 45.7 10.4 -14.8
214 Dignitas -31.0 -12.6 3.3 41.7 6.4 -18.8
215 Liquid -28.7 -10.1 5.8 37.7 2.4 -22.8
216 Liquid -32.7 -14.1 1.8 45.1 9.2 -16.1
217 DK -29.3 -11.2 4.6 41.1 5.2 -20.1
218 Fnatic.eu -27.1 -9.1 6.8 37.1 1.2 -24.1
219 Dignitas -25.4 -7.3 8.8 33.1 -2.8 -28.1
220 Fnatic.eu -23.7 -5.5 10.8 29.1 -6.8 -32.1
221 Alliance -22.1 -3.7 12.8 25.1 -10.8 -36.1
222 Dignitas -22.1 -3.7 12.8 25.1 -10.8 -36.1
224 mouz -26.1 -7.7 8.8 34.4 -1.7 -27.9
226 Alliance -25.3 -6.6 10.2 30.4 -5.7 -31.9
227 Kaipi -29.3 -10.6 6.2 39.5 2.5 -24.8
229 Liquid -33.3 -14.6 2.2 49.7 11.3 -16.9
230 VP -31.1 -12.1 4.9 45.7 7.3 -20.9
231 Na'Vi -29.6 -10.5 6.7 41.7 3.3 -24.9
232 Alliance -26.9 -7.6 9.8 37.7 -0.7 -28.9
233 mouz -25.3 -5.9 11.7 33.7 -4.7 -32.9
234 rox.KIS -23.8 -4.2 13.5 29.7 -8.7 -36.9
235 aL -22.7 -2.9 15.0 25.7 -12.7 -40.9
236 mouz -26.7 -6.9 11.0 41.4 -0.3 -30.8
237 Na'Vi -25.0 -5.1 12.9 37.4 -4.3 -34.8
238 rox.KIS -22.4 -2.4 15.8 33.4 -8.3 -38.8
239 Na'Vi -21.0 -0.8 17.6 29.4 -12.3 -42.8
240 Na'Vi -20.1 0.3 18.9 25.4 -16.3 -46.8
242 EG -24.1 -3.7 14.9 33.8 -8.2 -39.1
243 Alliance -21.7 -1.1 17.7 29.8 -12.2 -43.1
244 Alliance -19.8 1.1 20.4 25.8 -16.2 -47.1
246 Na'Vi -18.8 2.1 21.7 21.8 -20.2 -51.1
247 Dignitas -16.1 5.5 25.3 17.8 -24.2 -55.1
248 Liquid -14.5 7.2 27.1 13.8 -28.2 -59.1
249 Fnatic.eu -11.5 10.0 30.0 9.8 -32.2 -63.1
250 Alliance -15.5 6.0 26.0 17.0 -24.9 -56.4
251 Alliance -14.0 7.7 27.8 13.0 -28.9 -60.4
252 VP -18.0 3.7 23.8 19.8 -23.0 -54.9
253 Liquid -22.0 -0.3 19.8 36.5 -9.2 -43.5
254 EG -26.0 -4.3 15.8 44.3 -1.9 -37.0
255 Na'Vi -24.3 -2.4 18.0 40.3 -5.9 -41.0
256 Alliance -22.7 -0.5 20.0 36.3 -9.9 -45.0
257 Liquid -19.4 3.0 23.6 32.3 -13.9 -49.0
258 Alliance -17.9 4.7 25.5 28.3 -17.9 -53.0
259 Liquid -14.8 8.0 29.0 24.3 -21.9 -57.0
260 Alliance -13.2 9.8 30.9 20.3 -25.9 -61.0
261 Liquid -10.9 12.4 33.6 16.3 -29.9 -65.0
263 Prodota.ru -14.9 8.4 29.6 20.3 -25.8 -61.0
264 Lounge -18.9 4.4 25.6 25.9 -20.4 -55.7
265 Lounge -18.9 4.4 25.6 25.9 -20.4 -55.7
267 mouz -15.5 8.2 29.5 21.9 -24.4 -59.7
268 Na'Vi -14.5 9.4 31.0 17.9 -28.4 -63.7
269 EG -18.5 5.4 27.0 24.0 -22.8 -58.3
270 Liquid -17.0 7.1 28.9 20.0 -26.8 -62.3
271 Na'Vi -15.9 8.5 30.5 16.0 -30.8 -66.3
273 mouz -14.5 9.9 32.1 12.0 -34.8 -70.3
274 Liquid -13.1 11.6 34.0 8.0 -38.8 -74.3
276 Alliance -12.1 12.8 35.3 4.0 -42.8 -78.3
277 Na'Vi -10.4 14.8 37.7 -1.42108547152e-14 -46.8 -82.3
279 Dignitas -9.0 16.5 39.7 -4.0 -50.8 -86.3
280 Zenith -7.9 17.8 41.3 -8.0 -54.8 -90.3
281 EG -11.9 13.8 37.3 0.1 -47.8 -84.1
282 Alliance -11.0 14.9 38.7 -3.9 -51.8 -88.1
283 VG -15.0 10.9 34.7 11.2 -39.2 -78.0
284 Liquid -12.9 13.3 37.3 7.2 -43.2 -82.0
285 rox.KIS -9.9 16.5 40.7 3.2 -47.2 -86.0
286 Dignitas -8.4 18.1 42.4 -0.8 -51.2 -90.0
289 Dignitas -6.5 20.4 44.8 -4.8 -55.2 -94.0
290 Na'Vi -4.3 22.7 47.3 -8.8 -59.2 -98.0
291 Alliance -2.9 24.3 49.2 -12.8 -63.2 -102.0
292 rox.KIS -6.9 20.3 45.2 -4.4 -55.8 -95.2
293 aL -10.9 16.3 41.2 9.5 -43.0 -84.2
294 Alliance -9.9 17.5 42.7 5.5 -47.0 -88.2
295 Quantic -13.9 13.5 38.7 10.4 -41.5 -82.7
296 Quantic -11.0 16.6 41.9 6.4 -45.5 -86.7
297 rox.KIS -9.5 18.4 43.9 2.4 -49.5 -90.7
298 Zenith -7.6 20.4 46.1 -1.6 -53.5 -94.7
299 rox.KIS -5.6 22.5 48.3 -5.6 -57.5 -98.7
300 mouz -4.4 23.9 50.0 -9.6 -61.5 -102.7
301 EG -3.3 25.3 51.6 -13.6 -65.5 -106.7
302 EG -1.4 27.5 54.1 -17.6 -69.5 -110.7
303 QPandas -5.4 23.5 50.1 -11.4 -63.8 -105.5
304 VG -4.6 24.4 51.3 -15.4 -67.8 -109.5
305 mouz -2.6 26.6 53.7 -19.4 -71.8 -113.5
306 LGD.cn -1.8 27.5 54.8 -23.4 -75.8 -117.5
307 rox.KIS -5.8 23.5 50.8 -15.1 -69.2 -111.8
308 Quantic -9.8 19.5 46.8 -9.3 -64.2 -107.1
310 iG -8.9 20.7 48.4 -13.3 -68.2 -111.1
311 Quantic -12.9 16.7 44.4 -9.2 -63.5 -106.4
312 mouz -16.9 12.7 40.4 -3.6 -58.0 -100.8
313 mouz -20.9 8.7 36.4 2.9 -51.7 -94.9
314 VP -19.5 10.3 38.2 -1.1 -55.7 -98.9
315 Liquid -17.8 12.1 40.1 -5.1 -59.7 -102.9
317 FD -21.8 8.1 36.1 7.7 -49.7 -94.4
318 mouz -18.9 11.3 39.4 3.7 -53.7 -98.4
319 Na'Vi -17.8 12.5 40.8 -0.3 -57.7 -102.4
320 EG -21.8 8.5 36.8 4.2 -53.1 -98.0
321 mouz -20.9 9.5 38.1 0.2 -57.1 -102.0
322 RS -19.4 11.3 40.2 -3.8 -61.1 -106.0
323 TongFu -23.4 7.3 36.2 1.7 -55.6 -100.5
324 QPandas -27.4 3.3 32.2 15.2 -44.1 -90.9
325 RS -24.9 6.2 35.2 11.2 -48.1 -94.9
326 PR -28.9 2.2 31.2 21.3 -38.7 -86.3
327 rox.KIS -32.9 -1.8 27.2 31.3 -30.0 -78.4
328 4FC -36.9 -5.8 23.2 37.6 -23.9 -72.6
329 RAT -33.8 -2.0 27.1 33.6 -27.9 -76.6
330 TongFu -37.8 -6.0 23.1 53.2 -12.2 -65.4
331 EG -41.8 -10.0 19.1 61.9 -4.0 -57.8
332 RStars -39.2 -6.9 22.7 57.9 -8.0 -61.8
333 VG -37.8 -5.2 24.7 53.9 -12.0 -65.8
334 VP -36.4 -3.4 26.8 49.9 -16.0 -69.8
335 VP -40.4 -7.4 22.8 54.7 -11.7 -65.4
336 MiTH -37.5 -4.1 26.5 50.7 -15.7 -69.4
337 TongFu -36.6 -2.9 28.1 46.7 -19.7 -73.4
338 Na'Vi -35.7 -1.8 29.5 42.7 -23.7 -77.4
339 RStars -33.4 1.3 32.7 38.7 -27.7 -81.4
340 mouz -32.6 2.2 33.8 34.7 -31.7 -85.4
342 Alliance -29.8 4.7 36.4 30.7 -35.7 -89.4
343 Orange -33.8 0.7 32.4 34.4 -31.6 -85.0
344 LGD.cn -37.8 -3.3 28.4 45.0 -21.8 -76.3
345 LGD.cn -36.0 -1.5 30.3 41.0 -25.8 -80.3
346 Alliance -34.9 -0.3 31.7 37.0 -29.8 -84.3
347 Orange -38.9 -4.3 27.7 45.3 -23.4 -78.5
348 Na'Vi -37.5 -2.6 29.5 41.3 -27.4 -82.5
349 Quantic -34.5 0.7 33.2 37.3 -31.4 -86.5
351 Alliance -32.5 2.9 35.5 33.3 -35.4 -90.5
352 LGD.cn -31.4 4.2 37.0 29.3 -39.4 -94.5
353 iG -29.7 6.1 39.1 25.3 -43.4 -98.5
354 Alliance -25.9 9.7 42.7 21.3 -47.4 -102.5
355 DK -29.9 5.7 38.7 30.2 -37.7 -93.4
356 Liquid -33.9 1.7 34.7 44.3 -25.8 -83.6
357 LGD.cn -32.2 3.5 36.6 40.3 -29.8 -87.6
358 Alliance -30.2 5.6 38.8 36.3 -33.8 -91.6
359 DK -34.2 1.6 34.8 40.5 -29.2 -86.9
360 mouz -32.4 3.5 37.0 36.5 -33.2 -90.9
361 Orange -36.4 -0.5 33.0 41.2 -28.8 -86.6
362 LGD.cn -35.0 0.8 34.5 37.2 -32.8 -90.6
363 Alliance -32.9 2.9 36.6 33.2 -36.8 -94.6
364 Zenith -31.8 4.2 38.1 29.2 -40.8 -98.6
365 rox.KIS -35.8 0.2 34.1 37.5 -33.5 -92.3
366 Dignitas -39.8 -3.8 30.1 46.2 -24.6 -84.2
368 mouz -38.4 -2.2 32.0 42.2 -28.6 -88.2
369 iCCup -42.4 -6.2 28.0 53.1 -18.2 -78.6
370 iCCup -40.1 -3.5 31.0 49.1 -22.2 -82.6
372 Quantic -44.1 -7.5 27.0 57.6 -14.3 -75.8
374 Dignitas -48.1 -11.5 23.0 63.1 -8.9 -70.9
375 VG -46.4 -9.5 25.1 59.1 -12.9 -74.9
376 LGD.cn -45.6 -8.5 26.3 55.1 -16.9 -78.9
377 LGD.cn -44.4 -7.4 27.6 51.1 -20.9 -82.9
378 VP -42.9 -5.8 29.4 47.1 -24.9 -86.9
379 Na'Vi -42.0 -4.7 30.7 43.1 -28.9 -90.9
380 4FC -39.3 -1.7 33.9 39.1 -32.9 -94.9
381 RS -36.3 1.4 37.1 35.1 -36.9 -98.9
382 Fnatic.eu -40.3 -2.6 33.1 43.5 -29.8 -92.5
383 RS -44.3 -6.6 29.1 52.8 -20.6 -83.8
384 Alliance -43.3 -5.3 30.7 48.8 -24.6 -87.8
385 Alliance -41.0 -2.3 34.3 44.8 -28.6 -91.8
386 TM -38.0 1.3 38.1 40.8 -32.6 -95.8
387 LGD.cn -36.8 2.7 39.7 36.8 -36.6 -99.8
388 Dignitas -35.8 3.9 41.5 32.8 -40.6 -103.8
389 iG -34.9 4.9 42.8 28.8 -44.6 -107.8
390 Na'Vi -33.5 6.5 44.6 24.8 -48.6 -111.8
391 mouz -29.7 9.9 48.0 20.8 -52.6 -115.8
392 Alliance -28.6 11.2 49.5 16.8 -56.6 -119.8
393 Kaipi -32.6 7.2 45.5 26.0 -46.7 -111.3
394 MX -30.4 9.6 48.2 22.0 -50.7 -115.3
395 LGD.cn -27.1 12.8 51.5 18.0 -54.7 -119.3
397 rox.KIS -24.6 14.9 53.7 14.0 -58.7 -123.3
399 VP -28.6 10.9 49.7 22.4 -50.7 -115.6
400 VP -32.6 6.9 45.7 26.7 -45.9 -110.9
402 DK -36.6 2.9 41.7 32.8 -38.6 -103.8
403 RStars -40.6 -1.1 37.7 44.2 -28.0 -94.8
404 MiTH -38.9 0.8 39.8 40.2 -32.0 -98.8
405 mouz -42.9 -3.2 35.8 44.8 -27.1 -93.9
407 PR -41.1 -0.9 38.6 40.8 -31.1 -97.9
408 TM -39.4 1.0 40.8 36.8 -35.1 -101.9
409 Orange -38.3 2.4 42.5 32.8 -39.1 -105.9
411 Quantic -42.3 -1.6 38.5 38.2 -34.1 -101.2
412 mouz -40.4 0.5 40.8 34.2 -38.1 -105.2
414 Alliance -39.5 1.6 42.2 30.2 -42.1 -109.2
416 4FC -43.5 -2.4 38.2 48.7 -25.6 -95.3
417 mouz -47.5 -6.4 34.2 62.6 -13.7 -85.3
418 VP -45.7 -4.6 36.3 58.6 -17.7 -89.3
420 Na'Vi -49.7 -8.6 32.3 65.6 -12.3 -84.4
421 Na'Vi -48.2 -7.0 34.1 61.6 -16.3 -88.4
422 Liquid -52.2 -11.0 30.1 66.2 -11.7 -84.0
423 Quantic -49.6 -8.4 32.9 62.2 -15.7 -88.0
424 Kaipi -53.6 -12.4 28.9 73.0 -4.9 -78.2
425 mouz -51.7 -10.3 31.2 69.0 -8.9 -82.2
426 Artyk -49.8 -7.9 34.0 65.0 -12.9 -86.2
427 rox.KIS -48.5 -6.5 35.6 61.0 -16.9 -90.2
428 Kaipi -46.9 -4.5 38.0 57.0 -20.9 -94.2
429 Liquid -44.3 -2.0 40.6 53.0 -24.9 -98.2
430 rox.KIS -43.1 -0.7 42.0 49.0 -28.9 -102.2
431 Quantic -42.1 0.6 43.6 45.0 -32.9 -106.2
432 Kaipi -40.5 2.0 45.2 41.0 -36.9 -110.2
433 DK -39.3 3.4 46.9 37.0 -40.9 -114.2
434 EG -35.8 6.9 50.3 33.0 -44.9 -118.2
436 EG -32.4 10.2 53.6 29.0 -48.9 -122.2
437 Quantic -31.4 11.2 54.9 25.0 -52.9 -126.2
438 Na'Vi -29.4 13.1 56.9 21.0 -56.9 -130.2
439 Artyk -28.5 14.1 58.4 17.0 -60.9 -134.2
440 Orange -26.5 16.6 61.1 13.0 -64.9 -138.2
441 Na'Vi -25.6 17.6 62.3 9.0 -68.9 -142.2
442 Kaipi -23.5 19.5 64.3 5.0 -72.9 -146.2
443 Kaipi -27.5 15.5 60.3 17.7 -59.5 -134.3
444 Artyk -31.5 11.5 56.3 28.6 -49.3 -125.0
445 TM -30.4 12.9 57.9 24.6 -53.3 -129.0
446 Orange -29.5 13.9 59.1 20.6 -57.3 -133.0
447 DK -28.3 15.2 60.7 16.6 -61.3 -137.0
448 VP -32.3 11.2 56.7 27.7 -51.6 -128.6
449 VP -30.8 13.1 58.9 23.7 -55.6 -132.6
451 Kaipi -29.9 14.1 60.1 19.7 -59.6 -136.6
452 EG -28.3 15.9 62.1 15.7 -63.6 -140.6
453 Fnatic.eu -32.3 11.9 58.1 28.8 -52.4 -131.6
454 Kaipi -36.3 7.9 54.1 35.4 -46.8 -126.5
455 EG -33.5 10.9 57.1 31.4 -50.8 -130.5
456 Fnatic.eu -37.5 6.9 53.1 37.4 -44.7 -124.8
457 Alliance -35.7 8.9 55.2 33.4 -48.7 -128.8
458 EG -39.7 4.9 51.2 38.0 -43.8 -124.3
459 Alliance -38.1 6.7 53.2 34.0 -47.8 -128.3
460 Kaipi -42.1 2.7 49.2 40.4 -42.0 -122.8
461 Alliance -41.3 3.6 50.4 36.4 -46.0 -126.8
463 VP -38.6 6.1 53.1 32.4 -50.0 -130.8
464 Fnatic.eu -37.1 7.6 54.7 28.4 -54.0 -134.8
465 Alliance -35.7 9.0 56.3 24.4 -58.0 -138.8
466 iCCup -33.8 11.0 58.6 20.4 -62.0 -142.8
467 Na'Vi -32.0 13.1 60.9 16.4 -66.0 -146.8
468 Quantic -30.5 14.6 62.6 12.4 -70.0 -150.8
469 Alliance -28.9 16.2 64.4 8.4 -74.0 -154.8
470 mouz -26.2 18.9 67.3 4.4 -78.0 -158.8
471 4FC -30.2 14.9 63.3 17.6 -65.3 -147.9
475 Na'Vi -29.2 15.9 64.5 13.6 -69.3 -151.9
476 Na'Vi -27.7 17.5 66.3 9.6 -73.3 -155.9
477 mouz -25.0 20.5 69.4 5.6 -77.3 -159.9
478 rox.KIS -21.5 23.5 72.5 1.6 -81.3 -163.9
479 4FC -20.4 24.7 74.0 -2.4 -85.3 -167.9
480 Orange -19.4 25.9 75.5 -6.4 -89.3 -171.9
481 TM -18.1 27.6 77.5 -10.4 -93.3 -175.9
482 Smeagol -16.3 29.9 79.9 -14.4 -97.3 -179.9
483 paiN -20.3 25.9 75.9 -5.8 -88.8 -172.8
484 Empire -24.3 21.9 71.9 10.9 -73.6 -160.9
486 Na'Vi -23.1 23.1 73.2 6.9 -77.6 -164.9
487 Kaipi -20.9 25.7 76.1 2.9 -81.6 -168.9
488 Fnatic.eu -24.9 21.7 72.1 20.6 -66.8 -157.3
489 LGD.int -23.3 23.3 74.0 16.6 -70.8 -161.3
490 paiN.int -20.6 26.4 77.4 12.6 -74.8 -165.3
491 TM -19.3 28.1 79.3 8.6 -78.8 -169.3
492 iCCup -18.0 29.7 81.1 4.6 -82.8 -173.3
493 iCCup -17.0 30.9 82.5 0.6 -86.8 -177.3
495 Artyk -15.8 32.5 84.5 -3.4 -90.8 -181.3
496 TongFu -13.8 34.9 87.1 -7.4 -94.8 -185.3
497 DK -17.8 30.9 83.1 -1.9 -89.6 -180.3
498 mouz -16.6 32.2 84.7 -5.9 -93.6 -184.3
499 Liquid -15.4 33.6 86.1 -9.9 -97.6 -188.3
500 Liquid -19.4 29.6 82.1 -3.7 -90.6 -181.6
501 eLPride -23.4 25.6 78.1 1.9 -84.2 -175.1
503 Dignitas -22.6 26.6 79.4 -2.1 -88.2 -179.1
504 VP -20.9 28.4 81.5 -6.1 -92.2 -183.1
506 EG -20.1 29.3 82.7 -10.1 -96.2 -187.1
507 Na'Vi -19.2 30.3 84.0 -14.1 -100.2 -191.1
509 Keita -16.2 32.7 86.3 -18.1 -104.2 -195.1
510 Fnatic.eu -20.2 28.7 82.3 -13.2 -99.5 -190.9
511 Alliance -18.1 31.0 84.8 -17.2 -103.5 -194.9
512 Quantic -22.1 27.0 80.8 0.5 -88.3 -181.0
513 EG -26.1 23.0 76.8 13.8 -76.9 -170.8
515 Alliance -24.6 24.9 79.0 9.8 -80.9 -174.8
516 Quantic -21.1 28.7 83.1 5.8 -84.9 -178.8
517 Alliance -19.6 30.5 85.2 1.8 -88.9 -182.8
518 Alliance -17.6 32.9 87.8 -2.2 -92.9 -186.8
519 FSid3 -15.6 35.3 90.5 -6.2 -96.9 -190.8
520 Quantic -14.5 36.6 92.1 -10.2 -100.9 -194.8
521 LGD.int -18.5 32.6 88.1 -0.3 -92.6 -187.4
522 Na'Vi -17.3 34.0 89.7 -4.3 -96.6 -191.4
523 Na'Vi -15.6 35.8 91.7 -8.3 -100.6 -195.4
524 Na'Vi -14.3 37.2 93.3 -12.3 -104.6 -199.4
525 LGD.cn -12.4 39.2 95.6 -16.3 -108.6 -203.4
527 Na'Vi -11.4 40.3 97.0 -20.3 -112.6 -207.4
528 Liquid -10.5 41.4 98.3 -24.3 -116.6 -211.4
530 Orange -7.3 45.4 102.6 -28.3 -120.6 -215.4
531 Na'Vi -6.4 46.4 103.8 -32.3 -124.6 -219.4
532 Empire -5.4 47.4 105.0 -36.3 -128.6 -223.4
533 rox.KIS -4.3 48.4 106.0 -40.3 -132.6 -227.4
534 EG -1.5 51.2 108.7 -44.3 -136.6 -231.4
539 Quantic 1.9 54.5 112.1 -48.3 -140.6 -235.4
540 EG 4.5 57.0 114.7 -52.3 -144.6 -239.4
541 VP 5.5 58.3 116.1 -56.3 -148.6 -243.4
542 Alliance 7.0 59.9 117.9 -60.3 -152.6 -247.4
543 VP 9.6 62.2 120.5 -64.3 -156.6 -251.4
544 EG 5.6 58.2 116.5 -54.1 -146.9 -242.3
545 Alliance 7.1 60.1 118.7 -58.1 -150.9 -246.3
546 Orange 9.6 62.2 120.8 -62.1 -154.9 -250.3
547 iG 11.5 64.0 122.7 -66.1 -158.9 -254.3
548 Liquid 14.6 67.1 126.0 -70.1 -162.9 -258.3
549 Fnatic.eu 10.6 63.1 122.0 -57.6 -151.9 -249.0
550 Kaipi 6.6 59.1 118.0 -47.4 -141.4 -239.3
551 Kaipi 2.6 55.1 114.0 -37.3 -130.5 -228.6
553 TongFu -1.4 51.1 110.0 -21.5 -115.6 -215.8
556 Fnatic.eu -5.4 47.1 106.0 -16.6 -111.3 -211.8
557 Liquid -9.4 43.1 102.0 -6.1 -102.3 -203.7
558 rox.KIS -7.7 44.9 104.0 -10.1 -106.3 -207.7
559 mouz -4.3 48.6 107.9 -14.1 -110.3 -211.7
561 Orange -8.3 44.6 103.9 -9.5 -105.0 -206.4
562 TongFu -6.6 46.4 105.8 -13.5 -109.0 -210.4
563 iG -3.3 50.2 109.8 -17.5 -113.0 -214.4
564 EG -7.3 46.2 105.8 -10.6 -106.4 -208.3
565 Dignitas -11.3 42.2 101.8 -5.6 -101.9 -204.2
567 mouz -8.3 45.4 105.2 -9.6 -105.9 -208.2
568 Liquid -5.6 48.0 107.9 -13.6 -109.9 -212.2
570 VP -9.6 44.0 103.9 -9.6 -105.8 -208.0
571 DK -13.6 40.0 99.9 -2.2 -98.7 -201.2
573 VP -17.6 36.0 95.9 10.2 -88.5 -192.5
574 Fnatic.eu -21.6 32.0 91.9 22.1 -78.1 -183.7
575 TongFu -25.6 28.0 87.9 27.6 -72.8 -178.7
576 iCCup -29.6 24.0 83.9 40.0 -62.9 -170.2
577 rox.KIS -27.6 26.1 86.4 36.0 -66.9 -174.2
579 Alliance -24.9 28.9 89.4 32.0 -70.9 -178.2
580 VP -23.9 30.1 90.8 28.0 -74.9 -182.2
581 LGD.cn -21.5 32.9 93.9 24.0 -78.9 -186.2
583 iCCup -25.5 28.9 89.9 28.4 -74.5 -182.1
584 Alliance -23.5 31.4 92.6 24.4 -78.5 -186.1
585 VP -22.0 33.2 94.5 20.4 -82.5 -190.1
586 EG -26.0 29.2 90.5 25.0 -77.7 -185.4
587 Alliance -24.6 30.5 91.9 21.0 -81.7 -189.4
588 Zenith -28.6 26.5 87.9 28.4 -74.1 -182.5
589 Alliance -26.6 28.6 90.3 24.4 -78.1 -186.5
590 Na'Vi -24.7 30.4 92.2 20.4 -82.1 -190.5
591 LGD.cn -22.0 33.3 95.2 16.4 -86.1 -194.5
592 Fnatic.eu -20.2 35.3 97.3 12.4 -90.1 -198.5
593 Quantic -17.7 37.8 99.9 8.4 -94.1 -202.5
594 mouz -14.5 41.1 103.4 4.4 -98.1 -206.5
595 Alliance -12.9 42.8 105.3 0.4 -102.1 -210.5
596 mouz -10.1 45.8 108.2 -3.6 -106.1 -214.5
597 Alliance -8.3 47.7 110.2 -7.6 -110.1 -218.5
598 LGD.cn -6.8 49.4 112.1 -11.6 -114.1 -222.5
599 Na'Vi -3.3 52.4 115.0 -15.6 -118.1 -226.5
600 mouz -7.3 48.4 111.0 -3.2 -106.3 -216.0
602 Alliance -5.7 50.2 112.9 -7.2 -110.3 -220.0
604 Orange -4.6 51.4 114.4 -11.2 -114.3 -224.0
605 LGD.int -2.8 53.1 116.3 -15.2 -118.3 -228.0
607 Kaipi -6.8 49.1 112.3 -6.3 -109.7 -220.4
608 Alliance -5.5 50.6 114.0 -10.3 -113.7 -224.4
610 LGD.cn -1.7 53.9 117.3 -14.3 -117.7 -228.4
611 Denial 0.3 56.3 120.0 -18.3 -121.7 -232.4
612 Na'Vi 3.5 59.2 122.8 -22.3 -125.7 -236.4
613 Fnatic.eu 6.3 62.0 125.6 -26.3 -129.7 -240.4
614 EG 9.8 65.4 129.2 -30.3 -133.7 -244.4
615 Orange 11.1 66.8 130.8 -34.3 -137.7 -248.4
616 TongFu 12.9 69.0 133.4 -38.3 -141.7 -252.4
617 VP 14.3 70.6 135.2 -42.3 -145.7 -256.4
618 Alliance 15.5 72.0 136.8 -46.3 -149.7 -260.4
619 iG 11.5 68.0 132.8 -41.0 -144.6 -255.4
620 DK 7.5 64.0 128.8 -36.4 -139.0 -249.3
621 iCCup 3.5 60.0 124.8 -22.8 -125.9 -238.8
622 Fnatic.eu 5.8 62.1 126.9 -26.8 -129.9 -242.8
623 Alliance 7.4 63.9 128.9 -30.8 -133.9 -246.8
624 Liquid 8.9 65.6 130.8 -34.8 -137.9 -250.8
625 TongFu 4.9 61.6 126.8 -29.1 -132.8 -246.1
626 iCCup 0.9 57.6 122.8 -18.3 -123.3 -237.9
627 EG 2.7 59.3 124.7 -22.3 -127.3 -241.9
628 EG 3.6 60.3 125.9 -26.3 -131.3 -245.9
629 LGD.cn -0.4 56.3 121.9 -19.4 -124.0 -239.1
630 iG 1.6 58.4 124.2 -23.4 -128.0 -243.1
631 Alliance 2.5 59.6 125.7 -27.4 -132.0 -247.1
632 mouz 4.0 61.3 127.6 -31.4 -136.0 -251.1
633 Liquid 7.6 64.9 131.4 -35.4 -140.0 -255.1
634 Na'Vi 10.5 67.7 134.2 -39.4 -144.0 -259.1
635 Dignitas 11.9 69.2 136.0 -43.4 -148.0 -263.1
638 Na'Vi 14.6 71.8 138.7 -47.4 -152.0 -267.1
639 4FC 17.9 74.6 141.5 -51.4 -156.0 -271.1
641 mouz 20.0 77.2 144.3 -55.4 -160.0 -275.1
642 Alliance 21.0 78.4 145.8 -59.4 -164.0 -279.1
643 iG 23.3 80.5 148.1 -63.4 -168.0 -283.1
644 rox.KIS 19.3 76.5 144.1 -52.6 -157.9 -274.3
645 VP 15.3 72.5 140.1 -44.1 -149.6 -266.8
646 Fnatic.eu 17.7 74.6 142.3 -48.1 -153.6 -270.8
648 VP 19.4 76.7 144.7 -52.1 -157.6 -274.8
649 Fnatic.eu 22.8 80.1 148.3 -56.1 -161.6 -278.8
650 Fnatic.eu 18.8 76.1 144.3 -51.7 -157.0 -274.1
651 Denial 14.8 72.1 140.3 -33.7 -141.6 -262.1
652 DK 10.8 68.1 136.3 -27.8 -136.0 -256.7
653 VG 6.8 64.1 132.3 -12.8 -122.9 -245.9
654 DK 8.8 66.7 135.5 -16.8 -126.9 -249.9
656 Na'Vi 9.9 67.9 137.0 -20.8 -130.9 -253.9
657 mouz 11.5 69.8 139.1 -24.8 -134.9 -257.9
658 mouz 7.5 65.8 135.1 -13.3 -124.8 -248.1
659 Na'Vi 9.1 67.4 136.8 -17.3 -128.8 -252.1
660 RS 5.1 63.4 132.8 -4.8 -117.5 -242.5
661 iG 1.1 59.4 128.8 0.7 -112.5 -237.8
662 DK 2.8 61.3 131.0 -3.3 -116.5 -241.8
663 RS -1.2 57.3 127.0 1.2 -111.6 -237.4
664 RStars -5.2 53.3 123.0 17.3 -98.2 -226.2
665 Orange -2.8 55.9 126.0 13.3 -102.2 -230.2
666 LGD.cn -0.5 58.6 128.9 9.3 -106.2 -234.2
667 DK 1.3 60.5 131.1 5.3 -110.2 -238.2
668 mouz 2.1 61.5 132.4 1.3 -114.2 -242.2
669 iNfernity 4.4 64.1 135.6 -2.7 -118.2 -246.2
670 EG 5.4 65.2 137.0 -6.7 -122.2 -250.2
671 Fnatic.eu 6.3 66.2 138.2 -10.7 -126.2 -254.2
672 Orange 7.9 67.9 140.1 -14.7 -130.2 -258.2
673 LGD.cn 10.9 71.2 143.6 -18.7 -134.2 -262.2
675 EG 6.9 67.2 139.6 -12.3 -128.0 -256.3
676 LGD.cn 8.7 69.1 141.8 -16.3 -132.0 -260.3
677 mouz 10.7 71.1 143.8 -20.3 -136.0 -264.3
678 Kaipi 6.7 67.1 139.8 -1.6 -119.5 -250.7
679 Fnatic.eu 2.7 63.1 135.8 8.1 -110.9 -242.9
680 Liquid -1.3 59.1 131.8 14.7 -104.2 -237.2
681 Quantic -5.3 55.1 127.8 21.4 -98.3 -231.8
682 mouz -9.3 51.1 123.8 27.7 -92.4 -226.5
683 rox.KIS -13.3 47.1 119.8 34.1 -86.7 -221.3
684 VP -9.5 50.7 123.6 30.1 -90.7 -225.3
685 mouz -6.9 53.7 126.9 26.1 -94.7 -229.3
686 VP -5.1 55.6 129.0 22.1 -98.7 -233.3
687 VP -9.1 51.6 125.0 27.7 -93.5 -228.2
688 VP -7.1 53.7 127.4 23.7 -97.5 -232.2
689 Kaipi -11.1 49.7 123.4 28.0 -93.4 -228.0
690 EG -9.2 52.1 126.0 24.0 -97.4 -232.0
691 Liquid -7.0 54.5 128.6 20.0 -101.4 -236.0
692 Na'Vi -5.4 56.1 130.4 16.0 -105.4 -240.0
693 Alliance -3.8 57.8 132.3 12.0 -109.4 -244.0
695 Alliance -1.8 60.0 134.7 8.0 -113.4 -248.0
696 Fnatic.eu -0.2 61.6 136.5 4.0 -117.4 -252.0
697 Kaipi 1.4 63.2 138.3 -1.06581410364e-14 -121.4 -256.0
699 Alliance 2.5 64.5 139.8 -4.0 -125.4 -260.0
700 Orange 3.9 65.9 141.5 -8.0 -129.4 -264.0
701 VG -0.1 61.9 137.5 -1.9 -123.2 -258.2
702 Na'Vi 0.8 62.9 138.7 -5.9 -127.2 -262.2
703 mouz 1.7 63.9 140.0 -9.9 -131.2 -266.2
704 EG -2.3 59.9 136.0 -1.9 -124.2 -259.9
706 RS -6.3 55.9 132.0 3.6 -118.9 -254.7
707 Orange -4.4 57.8 134.1 -0.4 -122.9 -258.7
708 iCCup -8.4 53.8 130.1 9.5 -114.0 -250.7
709 Kaipi -5.4 56.9 133.4 5.5 -118.0 -254.7
710 VP -2.2 60.0 136.6 1.5 -122.0 -258.7
711 mouz 0.5 63.2 140.0 -2.5 -126.0 -262.7
712 Na'Vi 1.4 64.3 141.3 -6.5 -130.0 -266.7
713 MiTH 3.1 66.2 143.5 -10.5 -134.0 -270.7
714 Dreamz 6.0 68.9 146.4 -14.5 -138.0 -274.7
715 mouz 7.5 70.6 148.3 -18.5 -142.0 -278.7
716 mouz 9.6 73.0 151.0 -22.5 -146.0 -282.7
717 mouz 12.5 76.0 154.1 -26.5 -150.0 -286.7
718 Dreamz 13.6 77.2 155.6 -30.5 -154.0 -290.7
719 Mski 15.7 79.0 157.5 -34.5 -158.0 -294.7
720 MiTH 17.5 80.8 159.5 -38.5 -162.0 -298.7
721 Mski 13.5 76.8 155.5 -29.1 -151.9 -289.5
722 iCCup 15.4 78.8 157.8 -33.1 -155.9 -293.5
723 Kaipi 16.3 79.8 159.0 -37.1 -159.9 -297.5
724 Kaipi 19.8 83.5 162.8 -41.1 -163.9 -301.5
725 Romania 21.5 85.5 165.1 -45.1 -167.9 -305.5
726 RS 17.5 81.5 161.1 -38.2 -160.9 -299.2
727 Fnatic.eu 13.5 77.5 157.1 -21.4 -146.4 -287.7
729 DK 14.5 79.0 158.9 -25.4 -150.4 -291.7
731 iG 16.1 80.9 161.0 -29.4 -154.4 -295.7
732 Alliance 17.2 82.2 162.6 -33.4 -158.4 -299.7
734 TongFu 20.2 85.5 166.0 -37.4 -162.4 -303.7
735 Dignitas 23.6 88.6 169.0 -41.4 -166.4 -307.7
737 Na'Vi 25.8 91.0 171.6 -45.4 -170.4 -311.7
741 TongFu 27.3 92.8 174.1 -49.4 -174.4 -315.7
743 Fnatic.eu 30.9 95.9 177.2 -53.4 -178.4 -319.7
744 Alliance 33.4 98.5 180.0 -57.4 -182.4 -323.7
745 Dignitas 29.4 94.5 176.0 -35.9 -167.9 -312.0
748 Na'Vi 30.6 95.8 177.6 -39.9 -171.9 -316.0
749 Liquid 26.6 91.8 173.6 -27.4 -161.9 -306.1
750 Orange 29.2 94.9 176.8 -31.4 -165.9 -310.1
751 Alliance 30.0 96.0 178.2 -35.4 -169.9 -314.1
756 Dignitas 26.0 92.0 174.2 -30.0 -165.1 -309.6
757 Alliance 27.6 93.5 175.7 -34.0 -169.1 -313.6
758 iG 29.1 95.3 177.5 -38.0 -173.1 -317.6
759 Orange 30.7 97.1 179.5 -42.0 -177.1 -321.6
762 Na'Vi 32.8 99.1 181.7 -46.0 -181.1 -325.6
766 Alliance 33.7 100.1 182.8 -50.0 -185.1 -329.6
767 LGD.int 29.7 96.1 178.8 -34.0 -171.2 -317.7
769 mouz 30.6 97.1 180.0 -38.0 -175.2 -321.7
770 LGD.cn 32.2 98.8 181.8 -42.0 -179.2 -325.7
771 Na'Vi 33.4 100.1 183.2 -46.0 -183.2 -329.7
772 DK 29.4 96.1 179.2 -40.5 -177.3 -324.3
774 TongFu 25.4 92.1 175.2 -33.9 -171.1 -318.6
775 Liquid 28.3 95.0 178.2 -37.9 -175.1 -322.6
776 Orange 29.6 96.4 179.8 -41.9 -179.1 -326.6
778 DK 31.0 98.2 181.8 -45.9 -183.1 -330.6
779 Zenith 31.9 99.2 183.0 -49.9 -187.1 -334.6
781 Alliance 32.8 100.2 184.1 -53.9 -191.1 -338.6
782 iG 35.3 102.9 187.0 -57.9 -195.1 -342.6
785 LGD.cn 37.3 105.2 189.5 -61.9 -199.1 -346.6
786 Na'Vi 38.3 106.3 190.8 -65.9 -203.1 -350.6
787 TongFu 41.5 110.2 194.9 -69.9 -207.1 -354.6
788 Dignitas 43.9 112.6 197.5 -73.9 -211.1 -358.6
789 LGD.int 39.9 108.6 193.5 -69.5 -206.5 -354.2
790 AllStarsA 35.9 104.6 189.5 -64.8 -201.2 -349.2
791 Orange 37.6 106.5 191.5 -68.8 -205.2 -353.2
792 Fnatic.eu 40.2 109.0 194.2 -72.8 -209.2 -357.2
793 Alliance 41.4 110.3 195.8 -76.8 -213.2 -361.2
794 DK 37.4 106.3 191.8 -72.6 -208.7 -356.9
795 Liquid 38.3 107.3 193.0 -76.6 -212.7 -360.9
796 Zenith 40.2 109.3 195.3 -80.6 -216.7 -364.9
797 Liquid 36.2 105.3 191.3 -66.8 -205.3 -355.3
798 iG 38.1 107.3 193.5 -70.8 -209.3 -359.3
799 Alliance 39.2 108.5 195.0 -74.8 -213.3 -363.3
800 Na'Vi 40.6 109.9 196.5 -78.8 -217.3 -367.3
801 Orange 43.3 112.9 199.7 -82.8 -221.3 -371.3
802 iG 45.4 115.2 202.3 -86.8 -225.3 -375.3
803 Orange 41.4 111.2 198.3 -74.9 -215.7 -367.1
804 TongFu 44.8 115.1 202.3 -78.9 -219.7 -371.1
805 Alliance 48.2 119.1 206.5 -82.9 -223.7 -375.1
806 Orange 44.2 115.1 202.5 -75.8 -217.5 -369.4
807 Na'Vi 45.8 116.8 204.4 -79.8 -221.5 -373.4
808 Alliance 48.2 119.6 207.3 -83.8 -225.5 -377.4
811 RStars 49.4 121.1 209.1 -87.8 -229.5 -381.4
812 Empire 50.4 122.3 210.7 -91.8 -233.5 -385.4
813 Empire 51.3 123.2 211.9 -95.8 -237.5 -389.4
814 Kaipi 52.8 125.0 214.0 -99.8 -241.5 -393.4
815 TTD 54.1 126.4 215.7 -103.8 -245.5 -397.4
816 Kaipi 55.4 127.8 217.2 -107.8 -249.5 -401.4
817 Lounge 57.4 129.8 219.5 -111.8 -253.5 -405.4
818 FD 58.6 131.0 221.0 -115.8 -257.5 -409.4
821 4++ 54.6 127.0 217.0 -101.5 -242.3 -397.5
822 MiTH 55.6 128.3 218.5 -105.5 -246.3 -401.5
823 GL.eu 57.0 129.9 220.4 -109.5 -250.3 -405.5
825 WARDGS 58.7 131.6 222.4 -113.5 -254.3 -409.5
826 EVOPLAY 60.4 133.1 224.3 -117.5 -258.3 -413.5
827 TS 56.4 129.1 220.3 -112.4 -251.4 -407.0
828 EVOPLAY 58.3 131.0 222.4 -116.4 -255.4 -411.0
829 TLP 54.3 127.0 218.4 -102.5 -243.5 -401.6
830 DUZA 50.3 123.0 214.4 -94.8 -235.9 -394.2
831 Awake 52.2 124.9 216.4 -98.8 -239.9 -398.2
833 Menace 48.2 120.9 212.4 -85.9 -228.8 -389.2
834 Aspera 51.8 124.3 216.0 -89.9 -232.8 -393.2
835 Poseidon 54.7 126.8 218.4 -93.9 -236.8 -397.2
836 Poseidon 56.5 128.9 220.8 -97.9 -240.8 -401.2
837 Next.kz 52.5 124.9 216.8 -92.1 -234.5 -395.2
838 Kaipi 54.1 126.7 219.1 -96.1 -238.5 -399.2
840 TS 57.3 129.9 222.4 -100.1 -242.5 -403.2
841 VP 58.3 131.0 223.8 -104.1 -246.5 -407.2
842 Menace 54.3 127.0 219.8 -94.7 -237.5 -398.5
843 Empire 56.2 128.7 221.6 -98.7 -241.5 -402.5
844 Kaipi 57.5 130.0 223.2 -102.7 -245.5 -406.5
845 DUZA 53.5 126.0 219.2 -93.6 -237.0 -398.9
846 Next.kz 56.6 129.3 222.6 -97.6 -241.0 -402.9
847 4FC 52.6 125.3 218.6 -93.0 -235.9 -397.6
848 DUZA 48.6 121.3 214.6 -86.1 -229.4 -391.8
849 Poseidon 51.9 124.7 218.3 -90.1 -233.4 -395.8
851 VP 52.9 125.9 219.8 -94.1 -237.4 -399.8
854 Life 48.9 121.9 215.8 -89.5 -231.7 -394.3
855 Imp 51.1 124.2 218.3 -93.5 -235.7 -398.3
856 Empire 52.6 125.7 220.0 -97.5 -239.7 -402.3
857 Next.kz 54.4 127.5 221.9 -101.5 -243.7 -406.3
858 FSid3 56.3 129.5 224.3 -105.5 -247.7 -410.3
859 FSid3 52.3 125.5 220.3 -95.7 -237.0 -400.5
860 Bambang 48.3 121.5 216.3 -88.1 -228.8 -393.1
861 Aspera 50.6 123.5 218.4 -92.1 -232.8 -397.1
862 rox.KIS 52.1 124.8 219.9 -96.1 -236.8 -401.1
863 Next.kz 48.1 120.8 215.9 -91.5 -231.8 -396.4
864 Poseidon 49.2 122.1 217.4 -95.5 -235.8 -400.4
865 Mski 50.2 123.2 218.8 -99.5 -239.8 -404.4
866 Poseidon 51.1 124.1 219.9 -103.5 -243.8 -408.4
867 Dreamz 52.2 125.4 221.5 -107.5 -247.8 -412.4
868 GxGaming 48.2 121.4 217.5 -102.5 -242.0 -407.0
869 SFEC 44.2 117.4 213.5 -97.1 -237.1 -402.5
871 Next.kz 45.3 118.6 214.9 -101.1 -241.1 -406.5
872 Aspera 41.3 114.6 210.9 -92.4 -233.1 -399.2
874 VP 44.6 117.8 214.4 -96.4 -237.1 -403.2
875 Imp 40.6 113.8 210.4 -91.6 -232.3 -398.6
876 MSIEvoGT 42.6 116.1 213.1 -95.6 -236.3 -402.6
877 Mski 43.6 117.5 214.8 -99.6 -240.3 -406.6
878 Lowyat 39.6 113.5 210.8 -85.9 -228.9 -397.1
879 Empire 42.4 116.6 214.1 -89.9 -232.9 -401.1
880 Empire 38.4 112.6 210.1 -81.0 -224.2 -393.2
881 Quantic 34.4 108.6 206.1 -72.4 -216.6 -386.5
882 rox.KIS 34.4 108.6 206.1 -72.4 -216.6 -386.5
883 Kaipi 35.6 110.0 207.7 -76.4 -220.6 -390.5
885 Aspera 37.3 111.7 209.6 -80.4 -224.6 -394.5
886 Fnatic.eu 38.7 113.2 211.4 -84.4 -228.6 -398.5
887 MSIEvoGT 34.7 109.2 207.4 -78.0 -223.0 -393.3
888 Mski 36.6 111.2 209.7 -82.0 -227.0 -397.3
889 Next.kz 37.9 112.5 211.2 -86.0 -231.0 -401.3
890 GL.eu 40.2 115.2 214.1 -90.0 -235.0 -405.3
891 Menace 42.1 117.0 216.1 -94.0 -239.0 -409.3
892 Kaipi 44.1 119.3 218.7 -98.0 -243.0 -413.3
893 Menace 40.1 115.3 214.7 -87.8 -232.9 -404.4
894 Life 42.6 118.3 218.1 -91.8 -236.9 -408.4
895 Next.kz 46.1 122.0 221.7 -95.8 -240.9 -412.4
896 Life 42.1 118.0 217.7 -87.6 -231.9 -403.5
897 Kaipi 43.7 119.9 219.9 -91.6 -235.9 -407.5
898 Mski 45.3 121.6 221.8 -95.6 -239.9 -411.5
899 Menace 46.6 122.8 223.2 -99.6 -243.9 -415.5
900 VP 42.6 118.8 219.2 -92.6 -237.3 -409.5
901 Fnatic.eu 44.0 120.1 220.7 -96.6 -241.3 -413.5
902 Kaipi 46.2 122.3 223.1 -100.6 -245.3 -417.5
903 Kaipi 47.4 123.6 224.6 -104.6 -249.3 -421.5
904 SAfrica 43.4 119.6 220.6 -99.1 -243.8 -416.3
905 Dignitas 44.2 120.5 221.7 -103.1 -247.8 -420.3
906 Dignitas 45.1 121.5 222.9 -107.1 -251.8 -424.3
907 NoLove 48.7 125.3 226.9 -111.1 -255.8 -428.3
909 VG 50.2 127.2 229.2 -115.1 -259.8 -432.3
910 Empire 46.2 123.2 225.2 -111.0 -255.7 -428.2
911 4FC 42.2 119.2 221.2 -97.7 -242.1 -416.8
912 Kaipi 38.2 115.2 217.2 -93.2 -237.2 -412.1
913 Joiker 34.2 111.2 213.2 -85.6 -230.2 -406.0
914 StayFree 36.5 113.6 216.0 -89.6 -234.2 -410.0
915 Fnatic.eu 37.3 114.6 217.2 -93.6 -238.2 -414.0
916 Property 33.3 110.6 213.2 -80.9 -227.6 -404.7
917 Menace 29.3 106.6 209.2 -70.0 -216.7 -395.2
918 DUZA 25.3 102.6 205.2 -64.8 -212.2 -390.9
919 LGD.cn 26.6 104.1 206.9 -68.8 -216.2 -394.9
921 Alliance 27.6 105.1 208.2 -72.8 -220.2 -398.9
922 PR 23.6 101.1 204.2 -65.2 -213.3 -392.3
923 DUZA 25.4 102.9 206.3 -69.2 -217.3 -396.3
924 ONE.dota 28.7 106.4 210.3 -73.2 -221.3 -400.3
925 Empire 30.0 107.7 211.8 -77.2 -225.3 -404.3
926 Empire 31.4 109.3 213.5 -81.2 -229.3 -408.3
927 iG 32.9 110.7 215.0 -85.2 -233.3 -412.3
928 LGD.cn 28.9 106.7 211.0 -80.6 -228.6 -407.5
929 Dreamz 24.9 102.7 207.0 -75.9 -224.5 -403.5
930 MiTH 27.6 105.0 209.4 -79.9 -228.5 -407.5
932 Fnatic.eu 29.6 107.4 212.0 -83.9 -232.5 -411.5
933 Empire 31.9 109.7 214.5 -87.9 -236.5 -415.5
937 OguraYui 27.9 105.7 210.5 -76.8 -223.9 -404.7
938 Mski 29.7 107.2 212.2 -80.8 -227.9 -408.7
939 Poseidon 32.5 110.6 215.9 -84.8 -231.9 -412.7
940 Next.kz 28.5 106.6 211.9 -79.4 -226.8 -407.8
941 Alliance 29.4 107.6 213.0 -83.4 -230.8 -411.8
942 Quantic 25.4 103.6 209.0 -78.9 -225.6 -406.9
944 Imp 21.4 99.6 205.0 -67.7 -214.8 -397.0
948 Empire 23.6 101.9 207.5 -71.7 -218.8 -401.0
949 VP 24.9 103.2 209.0 -75.7 -222.8 -405.0
950 Kaipi 25.9 104.4 210.5 -79.7 -226.8 -409.0
951 Mski 26.9 105.5 211.8 -83.7 -230.8 -413.0
953 Kaipi 28.6 107.6 214.3 -87.7 -234.8 -417.0
954 Cascade 24.6 103.6 210.3 -74.3 -223.2 -407.0
955 DUZA 28.6 107.0 213.6 -78.3 -227.2 -411.0
959 Kaipi 29.4 108.0 214.7 -82.3 -231.2 -415.0
961 Life 31.6 110.9 218.0 -86.3 -235.2 -419.0
962 iG 34.8 114.3 221.6 -90.3 -239.2 -423.0
963 Na'Vi 36.2 115.7 223.2 -94.3 -243.2 -427.0
964 Alliance 37.4 117.0 224.7 -98.3 -247.2 -431.0
966 TongFu 40.9 119.8 227.4 -102.3 -251.2 -435.0
967 mouz 42.3 121.3 229.1 -106.3 -255.2 -439.0
970 Joiker 45.1 124.2 232.2 -110.3 -259.2 -443.0
971 iG 47.1 126.7 235.0 -114.3 -263.2 -447.0
973 DUZA 43.1 122.7 231.0 -109.4 -258.0 -441.9
974 Fnatic.eu 45.9 125.1 233.5 -113.4 -262.0 -445.9
975 Dignitas 46.7 126.1 234.8 -117.4 -266.0 -449.9
976 StayFree 48.1 127.8 236.8 -121.4 -270.0 -453.9
977 Na'Vi 49.6 129.5 238.8 -125.4 -274.0 -457.9
978 rox.KIS 45.6 125.5 234.8 -118.3 -265.5 -450.1
979 PR 48.2 127.8 237.2 -122.3 -269.5 -454.1
981 PR 50.2 129.8 239.4 -126.3 -273.5 -458.1
983 Fnatic.eu 52.0 131.5 241.2 -130.3 -277.5 -462.1
984 nAra 48.0 127.5 237.2 -124.9 -272.2 -457.4
985 Inv.kwnku 49.8 129.6 239.6 -128.9 -276.2 -461.4
986 Na'Vi 50.8 130.8 241.0 -132.9 -280.2 -465.4
987 Fnatic.eu 52.4 132.6 243.0 -136.9 -284.2 -469.4
988 4FC 48.4 128.6 239.0 -127.3 -274.1 -460.4
991 Empire 44.4 124.6 235.0 -116.4 -264.7 -452.5
992 PBS 40.4 120.6 231.0 -106.1 -256.4 -444.7
993 SFEC 36.4 116.6 227.0 -97.4 -248.2 -437.4
994 Next.kz 32.4 112.6 223.0 -91.4 -242.5 -432.0
995 Inv.kwnku 34.1 114.7 225.6 -95.4 -246.5 -436.0
996 rox.KIS 36.8 117.1 228.1 -99.4 -250.5 -440.0
997 PR 32.8 113.1 224.1 -81.8 -235.7 -428.3
998 Mski 35.9 115.9 227.1 -85.8 -239.7 -432.3
999 Empire 37.8 118.3 229.8 -89.8 -243.7 -436.3
1000 Inv.kwnku 39.5 120.2 231.9 -93.8 -247.7 -440.3
1001 FD 41.2 122.2 234.4 -97.8 -251.7 -444.3
1002 Empire 42.7 124.0 236.6 -101.8 -255.7 -448.3
1003 Kaipi 45.9 128.0 240.8 -105.8 -259.7 -452.3
1004 EG 47.5 129.7 242.7 -109.8 -263.7 -456.3
1005 Dignitas 43.5 125.7 238.7 -97.7 -253.8 -447.9
1007 rox.KIS 46.6 128.6 241.8 -101.7 -257.8 -451.9
1008 Menace 42.6 124.6 237.8 -89.6 -245.5 -441.0
1009 Kaipi 43.5 125.5 238.9 -93.6 -249.5 -445.0
1010 Aspera 39.5 121.5 234.9 -86.2 -242.5 -438.4
1011 Imp 35.5 117.5 230.9 -82.2 -237.6 -433.8
1012 DK 36.8 119.0 232.7 -86.2 -241.6 -437.8
1013 Empire 36.8 119.0 232.7 -86.2 -241.6 -437.8
1014 Na'Vi 32.8 115.0 228.7 -81.4 -237.4 -433.8
1015 StayFree 34.5 117.4 231.4 -85.4 -241.4 -437.8
1018 Alliance 35.3 118.3 232.6 -89.4 -245.4 -441.8
1019 Empire 37.2 120.7 235.3 -93.4 -249.4 -445.8
1020 Na'Vi 38.9 122.4 237.2 -97.4 -253.4 -449.8
1021 Na'Vi 40.1 123.6 238.6 -101.4 -257.4 -453.8
1022 LGD.cn 41.2 124.9 240.0 -105.4 -261.4 -457.8
1023 VG 43.2 127.1 242.2 -109.4 -265.4 -461.8
1024 LGD.cn 45.5 129.1 244.2 -113.4 -269.4 -465.8
1025 Dignitas 46.3 130.0 245.4 -117.4 -273.4 -469.8
1026 PBS 49.7 134.0 249.3 -121.4 -277.4 -473.8
1027 Next.kz 45.7 130.0 245.3 -115.3 -269.8 -466.5
1028 4FC 41.7 126.0 241.3 -104.8 -258.3 -456.5
1029 rox.KIS 44.3 129.1 244.6 -108.8 -262.3 -460.5
1031 Empire 47.1 131.8 247.4 -112.8 -266.3 -464.5
1032 Na'Vi 48.0 132.9 248.7 -116.8 -270.3 -468.5
1033 LGD.cn 51.6 136.4 252.2 -120.8 -274.3 -472.5
1036 4FC 47.6 132.4 248.2 -114.7 -268.3 -467.1
1037 VP 43.6 128.4 244.2 -102.7 -259.1 -459.2
1038 Aspera 39.6 124.4 240.2 -98.2 -254.6 -454.6
1040 PBS 41.0 126.4 242.5 -102.2 -258.6 -458.6
1041 Alliance 42.0 127.7 244.0 -106.2 -262.6 -462.6
1042 Empire 43.5 129.4 245.9 -110.2 -266.6 -466.6
1044 Quantic 45.5 132.0 248.6 -114.2 -270.6 -470.6
1045 iG 46.4 133.4 250.3 -118.2 -274.6 -474.6
1046 Liquid 47.5 134.6 251.7 -122.2 -278.6 -478.6
1047 EG 43.5 130.6 247.7 -113.3 -270.6 -472.1
1048 MiTH 45.1 132.3 249.7 -117.3 -274.6 -476.1
1049 Dreamz 47.0 134.5 252.2 -121.3 -278.6 -480.1
1051 iG 47.8 135.5 253.4 -125.3 -282.6 -484.1
1052 DK 49.4 137.4 255.5 -129.3 -286.6 -488.1
1053 Kaipi 45.4 133.4 251.5 -123.7 -281.2 -482.8
1054 TR 49.1 136.8 254.9 -127.7 -285.2 -486.8
1058 UR 45.1 132.8 250.9 -122.8 -280.6 -482.5
1059 TongFu 46.9 134.3 252.5 -126.8 -284.6 -486.5
1060 LGD.int 49.1 136.6 255.0 -130.8 -288.6 -490.5
1061 RS.int 50.6 138.4 257.1 -134.8 -292.6 -494.5
1062 MiTH 52.3 140.1 259.0 -138.8 -296.6 -498.5
1065 SSD 53.3 141.6 260.7 -142.8 -300.6 -502.5
1067 Hearts 54.8 143.2 262.5 -146.8 -304.6 -506.5
1068 rox.KIS 56.7 145.2 264.8 -150.8 -308.6 -510.5
1069 Poseidon 52.7 141.2 260.8 -144.0 -301.1 -503.0
1070 Quantic 48.7 137.2 256.8 -133.7 -291.8 -494.6
1071 Quantic 50.5 138.8 258.6 -137.7 -295.8 -498.6
1073 Titan 52.0 140.3 260.2 -141.7 -299.8 -502.6
1077 StayFree 53.1 141.8 262.0 -145.7 -303.8 -506.6
1078 VP 55.4 144.1 264.5 -149.7 -307.8 -510.6
1080 SYF 57.9 146.1 266.6 -153.7 -311.8 -514.6
1083 Titan 58.7 147.0 267.8 -157.7 -315.8 -518.6
1084 Arcanys 54.7 143.0 263.8 -153.3 -310.0 -513.0
1085 FD 55.5 144.1 265.2 -157.3 -314.0 -517.0
1086 MVP 51.5 140.1 261.2 -152.0 -308.4 -511.5
1087 UR 53.4 142.1 263.3 -156.0 -312.4 -515.5
1088 FXopen 54.3 143.4 264.8 -160.0 -316.4 -519.5
1089 Imp 55.0 144.4 265.9 -164.0 -320.4 -523.5
1091 Na'Vi 55.9 145.4 267.2 -168.0 -324.4 -527.5
1092 ONE.dota 51.9 141.4 263.2 -156.8 -312.8 -517.3
1093 Lowyat 47.9 137.4 259.2 -151.0 -307.0 -511.8
1094 DK 50.2 140.0 262.2 -155.0 -311.0 -515.8
1096 VG 51.2 141.4 263.9 -159.0 -315.0 -519.8
1098 Lowyat 47.2 137.4 259.9 -148.4 -304.8 -511.1
1099 rox.KIS 49.4 139.7 262.4 -152.4 -308.8 -515.1
1100 Aspera 53.4 142.6 265.2 -156.4 -312.8 -519.1
1101 Fnatic.eu 54.4 143.8 266.7 -160.4 -316.8 -523.1
1103 FD 54.4 143.8 266.7 -160.4 -316.8 -523.1
1104 Poseidon 50.4 139.8 262.7 -144.4 -302.6 -511.9
1105 Na'Vi 51.2 140.7 263.8 -148.4 -306.6 -515.9
1107 Rain 47.2 136.7 259.8 -143.2 -301.8 -511.3
1108 eN.Legs 48.7 138.7 262.2 -147.2 -305.8 -515.3
1110 bvd.dotA 50.8 141.1 265.0 -151.2 -309.8 -519.3
1111 LGD.int 51.8 142.2 266.4 -155.2 -313.8 -523.3
1113 Imp 53.7 144.9 269.5 -159.2 -317.8 -527.3
1116 NJ&Kids 49.7 140.9 265.5 -154.1 -311.5 -521.1
1119 FD 45.7 136.9 261.5 -147.3 -305.1 -515.2
1120 Ahead.kz 47.0 138.4 263.3 -151.3 -309.1 -519.2
1122 PR 48.5 139.6 264.6 -155.3 -313.1 -523.2
1124 bvd.dotA 50.5 141.4 266.4 -159.3 -317.1 -527.2
1125 Empire 52.1 143.0 268.0 -163.3 -321.1 -531.2
1126 Life 48.1 139.0 264.0 -152.9 -307.0 -518.3
1127 EG 50.4 141.5 266.8 -156.9 -311.0 -522.3
1128 TakeFive 53.6 145.9 271.5 -160.9 -315.0 -526.3
1130 TongFu 55.2 147.7 273.5 -164.9 -319.0 -530.3
1131 Na'Vi 56.2 148.7 274.7 -168.9 -323.0 -534.3
1132 Fnatic.eu 57.1 149.8 275.9 -172.9 -327.0 -538.3
1133 MUFC 53.1 145.8 271.9 -162.6 -317.6 -529.8
1134 PR 49.1 141.8 267.9 -158.3 -313.6 -525.8
1135 Empire 50.1 142.9 269.2 -162.3 -317.6 -529.8
1136 Empire 51.5 144.5 271.0 -166.3 -321.6 -533.8
1137 TakeFive 47.5 140.5 267.0 -155.5 -308.5 -522.5
1138 CSW 50.2 143.5 270.3 -159.5 -312.5 -526.5
1139 VT 52.2 145.9 273.0 -163.5 -316.5 -530.5
1140 SYM 48.2 141.9 269.0 -157.4 -309.9 -524.0
1141 EOT 49.5 144.1 271.6 -161.4 -313.9 -528.0
1142 SYF 53.0 147.3 274.7 -165.4 -317.9 -532.0
1144 VG 49.0 143.3 270.7 -150.8 -304.6 -521.6
1145 Fnatic.eu 51.7 145.6 273.1 -154.8 -308.6 -525.6
1147 LGD.cn 52.9 147.0 274.8 -158.8 -312.6 -529.6
1148 HR 54.6 149.2 277.4 -162.8 -316.6 -533.6
1149 Na'Vi 55.5 150.2 278.7 -166.8 -320.6 -537.6
1150 Speed 57.5 153.4 282.4 -170.8 -324.6 -541.6
1154 Alliance 57.5 153.4 282.4 -170.8 -324.6 -541.6
1155 Empire 58.6 154.9 284.1 -174.8 -328.6 -545.6
1156 iG 59.7 156.5 286.0 -178.8 -332.6 -549.6
1159 SAfrica 60.8 157.9 287.8 -182.8 -336.6 -553.6
1160 Na'Vi 56.8 153.9 283.8 -174.8 -331.1 -548.6
1161 FD 58.6 155.9 285.8 -178.8 -335.1 -552.6
1164 Titan 54.6 151.9 281.8 -171.9 -327.0 -544.7
1165 Titan 50.6 147.9 277.8 -161.4 -315.6 -534.6
1166 CSW 54.1 150.8 280.7 -165.4 -319.6 -538.6
1167 EOT 56.0 152.7 282.9 -169.4 -323.6 -542.6
1168 LGD.cn 57.8 154.5 284.9 -173.4 -327.6 -546.6
1170 VG 59.9 156.6 287.2 -177.4 -331.6 -550.6
1171 Empire 60.7 157.6 288.4 -181.4 -335.6 -554.6
1173 Empire 62.4 159.3 290.3 -185.4 -339.6 -558.6
1174 Fnatic 63.7 160.6 291.7 -189.4 -343.6 -562.6
1176 LGD.cn 59.7 156.6 287.7 -177.7 -334.0 -554.4
1177 TongFu 61.2 158.0 289.3 -181.7 -338.0 -558.4
1179 RStars 57.2 154.0 285.3 -172.6 -329.4 -550.7
1180 Empire 53.2 150.0 281.3 -167.4 -324.9 -546.6
1182 Fnatic.eu 57.1 153.0 284.2 -171.4 -328.9 -550.6
1183 Speed 58.5 154.3 285.7 -175.4 -332.9 -554.6
1186 iG 60.7 157.1 288.5 -179.4 -336.9 -558.6
1187 StayFree 56.7 153.1 284.5 -174.5 -331.7 -553.1
1189 EG 57.8 154.5 286.3 -178.5 -335.7 -557.1
1190 TongFu 58.6 155.6 287.7 -182.5 -339.7 -561.1
1192 Na'Vi 59.4 156.5 289.0 -186.5 -343.7 -565.1
1193 Speed 55.4 152.5 285.0 -182.0 -338.6 -560.0
1194 Dignitas 56.9 154.0 286.7 -186.0 -342.6 -564.0
1197 CSW 58.3 155.7 288.5 -190.0 -346.6 -568.0
1198 Aspera 61.3 158.6 291.6 -194.0 -350.6 -572.0
1199 Menace 63.0 160.5 293.8 -198.0 -354.6 -576.0
1200 Liquid 64.6 161.9 295.3 -202.0 -358.6 -580.0
1201 Aspera 60.6 157.9 291.3 -197.2 -353.9 -575.7
1202 SSD 61.9 159.4 293.1 -201.2 -357.9 -579.7
1205 HR 57.9 155.4 289.1 -188.8 -342.8 -566.3
1206 EG 59.4 156.5 290.3 -192.8 -346.8 -570.3
1207 mouz 55.4 152.5 286.3 -186.5 -340.5 -564.4
1208 Imp 51.4 148.5 282.3 -178.0 -331.0 -555.4
1209 MiTH 47.4 144.5 278.3 -171.0 -324.7 -549.6
1210 Liquid 43.4 140.5 274.3 -158.7 -312.2 -538.8
1211 mouz 39.4 136.5 270.3 -153.0 -306.9 -533.7
1212 Fnatic.eu 41.3 138.7 272.8 -157.0 -310.9 -537.7
1213 Poseidon 37.3 134.7 268.8 -149.7 -302.8 -529.9
1214 VG 33.3 130.7 264.8 -143.5 -295.5 -523.1
1216 LGD.cn 34.7 132.5 267.0 -147.5 -299.5 -527.1
1217 Speed 30.7 128.5 263.0 -137.5 -290.2 -518.8
1218 CSW 26.7 124.5 259.0 -131.1 -284.4 -513.6
1219 NoX 22.7 120.5 255.0 -126.3 -279.7 -509.2
1220 Empire 24.0 122.1 256.9 -130.3 -283.7 -513.2
1221 iG 20.0 118.1 252.9 -119.0 -274.8 -506.2
1222 LGD.cn 21.9 119.7 254.6 -123.0 -278.8 -510.2
1223 DK 22.8 120.9 256.1 -127.0 -282.8 -514.2
1227 Empire 24.6 123.1 258.5 -131.0 -286.8 -518.2
1229 StayFree 20.6 119.1 254.5 -124.3 -281.2 -513.4
1230 Property 16.6 115.1 250.5 -111.6 -270.8 -504.8
1231 TTD 12.6 111.1 246.5 -104.3 -262.1 -496.9
1232 Alliance 13.5 112.0 247.6 -108.3 -266.1 -500.9
1234 VG 15.4 114.2 250.2 -112.3 -270.1 -504.9
1235 TongFu 11.4 110.2 246.2 -94.4 -256.1 -494.2
1236 Speed 11.4 110.2 246.2 -94.4 -256.1 -494.2
1237 FSid3 7.4 106.2 242.2 -84.0 -246.6 -485.8
1239 RStars 8.8 108.2 244.7 -88.0 -250.6 -489.8
1240 Na'Vi 10.5 110.0 246.7 -92.0 -254.6 -493.8
1242 mouz 12.1 112.0 249.0 -96.0 -258.6 -497.8
1244 Sigma.int 13.8 114.6 252.3 -100.0 -262.6 -501.8
1245 Speed 14.8 115.9 253.9 -104.0 -266.6 -505.8
1246 Liquid 17.4 118.7 256.9 -108.0 -270.6 -509.8
1249 Alliance 13.4 114.7 252.9 -104.0 -266.5 -505.6
1251 UR 14.9 116.6 255.0 -108.0 -270.5 -509.6
1254 Startale 14.9 116.6 255.0 -108.0 -270.5 -509.6
1255 Empire 16.9 118.7 257.3 -112.0 -274.5 -513.6
1256 RS 17.8 119.7 258.6 -116.0 -278.5 -517.6
1257 mouz 13.8 115.7 254.6 -104.2 -268.7 -509.2
1259 Sigma.int 15.8 118.4 257.6 -108.2 -272.7 -513.2
1260 Sigma.int 11.8 114.4 253.6 -104.0 -268.2 -508.8
1261 mouz 7.8 110.4 249.6 -96.0 -262.3 -503.3
1262 iG 8.9 111.8 251.2 -100.0 -266.3 -507.3
1265 Fnatic.eu 4.9 107.8 247.2 -91.9 -258.8 -500.7
1267 Na'Vi 6.3 109.4 249.0 -95.9 -262.8 -504.7
1268 Mski 7.4 110.8 250.6 -99.9 -266.8 -508.7
1269 Orange 8.4 111.8 251.9 -103.9 -270.8 -512.7
1270 MiTH 11.1 114.1 254.5 -107.9 -274.8 -516.7
1271 SYF 13.4 116.7 257.6 -111.9 -278.8 -520.7
1272 iG 15.4 119.2 260.4 -115.9 -282.8 -524.7
1273 RS 11.4 115.2 256.4 -103.2 -271.6 -514.6
1274 LGD.cn 12.9 116.7 258.0 -107.2 -275.6 -518.6
1275 FXopen 14.6 118.7 260.1 -111.2 -279.6 -522.6
1276 CSW 16.1 120.4 262.0 -115.2 -283.6 -526.6
1277 Mski 12.1 116.4 258.0 -110.6 -279.8 -523.0
1278 Lowyat 8.1 112.4 254.0 -98.4 -264.4 -509.0
1279 Titan 9.2 113.5 255.3 -102.4 -268.4 -513.0
1280 MiTH 9.2 113.5 255.3 -102.4 -268.4 -513.0
1281 Speed 12.0 116.5 258.5 -106.4 -272.4 -517.0
1283 Speed 13.2 117.7 259.7 -110.4 -276.4 -521.0
1286 LGD.int 15.3 120.3 262.4 -114.4 -280.4 -525.0
1288 Alliance 17.1 122.2 264.3 -118.4 -284.4 -529.0
1289 Titan 13.1 118.2 260.3 -113.3 -279.4 -524.1
1290 Lowyat 9.1 114.2 256.3 -107.2 -273.8 -518.7
1291 PR 12.5 116.8 259.0 -111.2 -277.8 -522.7
1292 SSD 8.5 112.8 255.0 -102.8 -268.4 -513.7
1293 TongFu 9.5 113.9 256.4 -106.8 -272.4 -517.7
1294 VG 5.5 109.9 252.4 -93.0 -259.2 -507.0
1295 Fnatic.eu 1.5 105.9 248.4 -88.1 -254.5 -502.6
1296 mouz 3.2 107.7 250.4 -92.1 -258.5 -506.6
1297 EG 5.6 110.0 253.0 -96.1 -262.5 -510.6
1298 Titan 8.3 113.0 256.4 -100.1 -266.5 -514.6
1299 EG 9.4 114.2 257.7 -104.1 -270.5 -518.6
1300 4FC 11.4 116.3 260.1 -108.1 -274.5 -522.6
1301 Hearts 12.7 117.9 261.9 -112.1 -278.5 -526.6
1302 DK 14.9 120.4 264.6 -116.1 -282.5 -530.6
1303 Sigma.int 15.8 121.6 266.1 -120.1 -286.5 -534.6
1304 Empire 19.2 124.5 268.8 -124.1 -290.5 -538.6
1306 FXopen 20.3 125.9 270.4 -128.1 -294.5 -542.6
1307 LGD.int 21.2 126.9 271.6 -132.1 -298.5 -546.6
1309 4FC 23.4 128.8 273.7 -136.1 -302.5 -550.6
1311 Sleisel 19.4 124.8 269.7 -132.1 -298.2 -546.4
1312 Arteezy 21.4 126.8 271.9 -136.1 -302.2 -550.4
1313 EG 17.4 122.8 267.9 -130.5 -296.3 -545.0
1317 Na'Vi 18.4 123.9 269.3 -134.5 -300.3 -549.0
1318 QPandas 14.4 119.9 265.3 -120.9 -286.8 -536.1
1319 Empire 16.5 121.5 266.9 -124.9 -290.8 -540.1
1320 Orange 20.2 124.3 269.5 -128.9 -294.8 -544.1
1323 VG 21.0 125.3 270.8 -132.9 -298.8 -548.1
1324 VG 17.0 121.3 266.8 -118.7 -284.3 -535.9
1325 Kawai 13.0 117.3 262.8 -106.6 -274.4 -526.6
1326 Dignitas 9.0 113.3 258.8 -93.6 -262.4 -516.5
1328 Dignitas 10.7 115.0 260.6 -97.6 -266.4 -520.5
1330 Na'Vi 12.7 116.8 262.6 -101.6 -270.4 -524.5
1331 Na'Vi 13.9 117.8 263.8 -105.6 -274.4 -528.5
1332 Fnatic.eu 9.9 113.8 259.8 -95.5 -262.7 -518.2
1334 iG 11.4 115.6 262.0 -99.5 -266.7 -522.2
1335 LGD.int 12.6 117.0 263.6 -103.5 -270.7 -526.2
1336 TongFu 13.6 117.9 264.6 -107.5 -274.7 -530.2
1337 Startale 16.1 120.3 267.3 -111.5 -278.7 -534.2
1338 Liquid 17.5 121.8 269.0 -115.5 -282.7 -538.2
1340 Fnatic.eu 18.4 122.8 270.2 -119.5 -286.7 -542.2
1343 Fnatic.eu 14.4 118.8 266.2 -111.5 -277.6 -533.7
1345 Sigma.int 15.6 120.3 268.0 -115.5 -281.6 -537.7
1349 Alliance 11.6 116.3 264.0 -111.6 -277.5 -533.3
1350 Fnatic.eu 7.6 112.3 260.0 -106.0 -271.6 -527.3
1353 Alliance 9.3 114.0 261.9 -110.0 -275.6 -531.3
1354 VP 5.3 110.0 257.9 -97.1 -263.4 -520.4
1355 Alliance 6.5 111.3 259.5 -101.1 -267.4 -524.4
1356 Alliance 7.8 112.5 260.8 -105.1 -271.4 -528.4
1357 Na'Vi 8.9 113.5 261.9 -109.1 -275.4 -532.4
1358 VP 4.9 109.5 257.9 -103.2 -269.8 -527.1
1363 Speed 7.0 111.5 260.3 -107.2 -273.8 -531.1
1364 Na'Vi 8.8 113.4 262.3 -111.2 -277.8 -535.1
1367 Liquid 10.4 115.3 264.5 -115.2 -281.8 -539.1
1368 Fnatic.eu 11.6 116.5 265.8 -119.2 -285.8 -543.1
1370 LGD.int 7.6 112.5 261.8 -110.0 -275.4 -533.6
1372 VP 3.6 108.5 257.8 -92.1 -260.2 -520.9
1373 Liquid 4.9 109.8 259.3 -96.1 -264.2 -524.9
1374 VP 8.4 113.6 263.0 -100.1 -268.2 -528.9
1375 Startale 4.4 109.6 259.0 -89.6 -261.6 -523.4
1377 LGD.cn 5.9 111.2 260.8 -93.6 -265.6 -527.4
1378 Imp 8.7 114.7 264.5 -97.6 -269.6 -531.4
1379 Fnatic.eu 9.8 115.9 265.9 -101.6 -273.6 -535.4
1380 Liquid 10.9 117.1 267.3 -105.6 -277.6 -539.4
1381 Liquid 6.9 113.1 263.3 -90.7 -263.6 -527.5
1382 Titan 7.7 114.1 264.6 -94.7 -267.6 -531.5
1383 LGD.cn 9.2 115.9 266.6 -98.7 -271.6 -535.5
1385 Na'Vi 5.2 111.9 262.6 -92.6 -266.4 -530.8
1386 StayFree 1.2 107.9 258.6 -82.2 -256.3 -521.8
1387 LGD.cn 4.3 111.1 261.9 -86.2 -260.3 -525.8
1389 RStars 5.0 112.1 263.3 -90.2 -264.3 -529.8
1391 Fnatic.eu 6.2 113.4 264.9 -94.2 -268.3 -533.8
1392 EG 9.1 116.8 268.3 -98.2 -272.3 -537.8
1393 Fnatic.eu 12.4 119.5 271.0 -102.2 -276.3 -541.8
1394 LGD.cn 16.0 123.6 274.9 -106.2 -280.3 -545.8
1395 iG 19.4 126.4 277.8 -110.2 -284.3 -549.8
1398 Alliance 15.4 122.4 273.8 -105.6 -279.7 -545.2
1399 EG 11.4 118.4 269.8 -90.6 -263.9 -531.9
1400 VP 13.3 120.6 272.4 -94.6 -267.9 -535.9
1401 Alliance 15.1 122.3 274.3 -98.6 -271.9 -539.9
1402 Liquid 17.2 124.5 276.6 -102.6 -275.9 -543.9
1404 VG 18.1 125.6 278.0 -106.6 -279.9 -547.9
1405 Speed 18.9 126.7 279.4 -110.6 -283.9 -551.9
1406 EG 14.9 122.7 275.4 -102.1 -276.6 -545.8
1408 Liquid 16.6 124.6 277.5 -106.1 -280.6 -549.8
1409 Liquid 12.6 120.6 273.5 -101.1 -275.6 -545.0
1415 VP 8.6 116.6 269.5 -89.2 -262.9 -533.8
1416 Liquid 10.4 118.4 271.4 -93.2 -266.9 -537.8
1420 FD 13.9 121.3 274.6 -97.2 -270.9 -541.8
1421 Na'Vi 15.4 122.9 276.5 -101.2 -274.9 -545.8
1422 EG 11.4 118.9 272.5 -97.2 -270.6 -541.5
1426 Speed 12.8 120.4 274.2 -101.2 -274.6 -545.5
1428 EG 8.8 116.4 270.2 -93.7 -266.2 -537.3
1429 Empire 10.0 117.6 271.6 -97.7 -270.2 -541.3
1430 Na'Vi 10.9 118.6 272.8 -101.7 -274.2 -545.3
1433 iG 6.9 114.6 268.8 -94.7 -268.2 -540.0
1434 MiTH 10.0 117.4 271.6 -98.7 -272.2 -544.0
1435 mouz 13.5 120.5 274.6 -102.7 -276.2 -548.0
1437 Liquid 15.5 122.7 277.0 -106.7 -280.2 -552.0
1439 Empire 11.5 118.7 273.0 -93.2 -265.6 -537.5
1440 Alliance 14.0 121.4 276.0 -97.2 -269.6 -541.5
1441 PR 10.0 117.4 272.0 -89.3 -261.6 -533.7
1444 Fnatic.eu 6.0 113.4 268.0 -84.9 -257.6 -529.8
1445 Speed 7.8 115.8 270.7 -88.9 -261.6 -533.8
1446 mouz 3.8 111.8 266.7 -81.6 -255.3 -528.0
1447 FD -0.2 107.8 262.7 -73.4 -247.6 -520.8
1448 MiTH -4.2 103.8 258.7 -67.2 -240.8 -514.4
1449 Titan -2.3 105.5 260.5 -71.2 -244.8 -518.4
1450 Na'Vi -1.4 106.6 261.8 -75.2 -248.8 -522.4
1451 Na'Vi -6.61692922677e-14 108.0 263.2 -79.2 -252.8 -526.4
1453 Liquid 2.4 110.7 266.0 -83.2 -256.8 -530.4
1456 Liquid 3.9 112.5 268.0 -87.2 -260.8 -534.4
1458 Fnatic.eu -0.1 108.5 264.0 -74.4 -248.4 -523.1
1459 Na'Vi 1.6 110.0 265.7 -78.4 -252.4 -527.1
1461 rox.KIS -2.4 106.0 261.7 -68.8 -243.6 -519.0
1462 rox.KIS -0.9 107.5 263.4 -72.8 -247.6 -523.0
1463 Na'Vi 1.2 109.4 265.4 -76.8 -251.6 -527.0
1465 DK 2.7 110.9 267.0 -80.8 -255.6 -531.0
1466 4FC -1.3 106.9 263.0 -67.9 -242.8 -519.2
1467 Sigma.int -5.3 102.9 259.0 -62.9 -237.2 -513.7
1468 Alliance -3.5 104.8 261.0 -66.9 -241.2 -517.7
1469 Alliance -3.5 104.8 261.0 -66.9 -241.2 -517.7
1471 Mts -7.5 100.8 257.0 -58.1 -234.6 -512.3
1472 rox.KIS -11.5 96.8 253.0 -49.7 -228.6 -507.1
1475 TongFu3 -9.7 98.5 254.9 -53.7 -232.6 -511.1
1478 Alliance -8.5 99.8 256.3 -57.7 -236.6 -515.1
1480 Na'Vi -6.8 101.3 257.9 -61.7 -240.6 -519.1
1481 DK -10.8 97.3 253.9 -52.4 -232.4 -512.4
1483 Sigma.int -14.8 93.3 249.9 -41.4 -220.0 -500.8
1484 DK -12.9 95.5 252.4 -45.4 -224.0 -504.8
1485 EG -16.9 91.5 248.4 -38.1 -217.3 -498.4
1486 Sigma.int -20.9 87.5 244.4 -33.9 -212.3 -493.3
1487 VG -18.8 89.9 247.1 -37.9 -216.3 -497.3
1488 Imp -17.0 91.9 249.6 -41.9 -220.3 -501.3
1489 Na'Vi -15.3 93.6 251.5 -45.9 -224.3 -505.3
1491 Fnatic.eu -12.1 97.0 255.2 -49.9 -228.3 -509.3
1492 Alliance -10.8 98.4 256.7 -53.9 -232.3 -513.3
1493 Sigma.int -14.8 94.4 252.7 -49.0 -226.7 -507.7
1495 DK -13.7 95.7 254.2 -53.0 -230.7 -511.7
1496 Sigma.int -11.8 98.0 256.9 -57.0 -234.7 -515.7
1497 Speed -15.8 94.0 252.9 -43.4 -222.8 -504.8
1498 Fnatic.eu -19.8 90.0 248.9 -27.3 -207.3 -490.1
1501 Liquid -23.8 86.0 244.9 -13.9 -194.2 -478.3
1502 DK -20.5 90.0 249.1 -17.9 -198.2 -482.3
1503 Speed -18.0 92.1 251.5 -21.9 -202.2 -486.3
1504 Sigma.int -15.0 95.3 254.8 -25.9 -206.2 -490.3
1505 Na'Vi -19.0 91.3 250.8 -21.5 -201.8 -486.2
1506 Liquid -17.7 92.7 252.3 -25.5 -205.8 -490.2
1507 DK -16.0 94.4 254.0 -29.5 -209.8 -494.2
1509 Speed -12.6 98.0 257.7 -33.5 -213.8 -498.2
1510 Na'Vi -11.1 99.6 259.5 -37.5 -217.8 -502.2
1512 Alliance -10.2 100.6 260.7 -41.5 -221.8 -506.2
1514 Fnatic.eu -14.2 96.6 256.7 -35.6 -216.0 -500.3
1515 Speed -18.2 92.6 252.7 -24.6 -205.2 -490.5
1516 DK -22.2 88.6 248.7 -20.4 -200.1 -485.4
1517 Speed -19.1 91.7 251.9 -24.4 -204.1 -489.4
1518 Speed -23.1 87.7 247.9 -14.7 -195.7 -481.8
1519 Orange -19.8 90.3 250.5 -18.7 -199.7 -485.8
1520 Titan -17.2 92.8 253.1 -22.7 -203.7 -489.8
1521 Next.kz -15.4 94.9 255.6 -26.7 -207.7 -493.8
1522 Next.kz -19.4 90.9 251.6 -20.3 -201.5 -488.2
1523 SSD -23.4 86.9 247.6 -6.9 -188.2 -476.9
1524 Aspera -22.0 88.7 249.6 -10.9 -192.2 -480.9
1525 mouz -19.2 91.4 252.4 -14.9 -196.2 -484.9
1526 TongFu3 -16.8 93.9 255.2 -18.9 -200.2 -488.9
1527 VP -15.7 95.3 256.8 -22.9 -204.2 -492.9
1530 Empire -14.2 97.0 258.7 -26.9 -208.2 -496.9
1531 Aspera -12.8 98.5 260.4 -30.9 -212.2 -500.9
1532 Poseidon -16.8 94.5 256.4 -25.7 -206.9 -496.2
1533 OsG -20.8 90.5 252.4 -12.5 -194.4 -485.9
1534 Poseidon -18.9 92.4 254.5 -16.5 -198.4 -489.9
1535 Venum -16.9 94.9 257.3 -20.5 -202.4 -493.9
1536 Hearts -13.2 98.0 260.4 -24.5 -206.4 -497.9
1537 FL -17.2 94.0 256.4 -14.7 -195.2 -488.3
1538 NoX -21.2 90.0 252.4 -7.2 -186.8 -480.5
1539 Next.kz -18.5 92.3 254.8 -11.2 -190.8 -484.5
1540 Next.kz -15.9 95.0 257.8 -15.2 -194.8 -488.5
1541 PR -19.9 91.0 253.8 -8.5 -188.7 -483.0
1542 rox.KIS -17.6 93.5 256.7 -12.5 -192.7 -487.0
1543 Fnatic.eu -15.0 95.9 259.2 -16.5 -196.7 -491.0
1544 SSD -13.3 97.8 261.3 -20.5 -200.7 -495.0
1545 LGD.cn -11.8 99.6 263.5 -24.5 -204.7 -499.0
1546 iG -10.6 101.0 265.2 -28.5 -208.7 -503.0
1547 Fnatic.eu -14.6 97.0 261.2 -18.6 -198.5 -493.4
1548 Na'Vi -13.0 98.6 263.0 -22.6 -202.5 -497.4
1553 Fnatic.eu -17.0 94.6 259.0 -13.3 -193.7 -489.8
1554 Alliance -15.1 96.4 260.9 -17.3 -197.7 -493.8
1555 Mski -11.4 100.3 264.8 -21.3 -201.7 -497.8
1556 LGD.cn -7.9 103.9 268.5 -25.3 -205.7 -501.8
1557 LGD.int -11.9 99.9 264.5 -16.6 -196.2 -493.3
1558 FD -15.9 95.9 260.5 -11.0 -191.2 -488.6
1559 Na'Vi -15.9 95.9 260.5 -11.0 -191.2 -488.6
1560 EOT -13.9 97.9 262.7 -15.0 -195.2 -492.6
1561 Na'Vi -11.2 100.4 265.3 -19.0 -199.2 -496.6
1562 VG -15.2 96.4 261.3 -12.0 -189.5 -487.5
1563 FL -12.2 99.4 264.7 -16.0 -193.5 -491.5
1564 Mski -8.7 102.3 267.6 -20.0 -197.5 -495.5
1565 NSG -12.7 98.3 263.6 -15.3 -191.6 -489.6
1568 Next.kz -11.5 99.8 265.3 -19.3 -195.6 -493.6
1569 Next.kz -15.5 95.8 261.3 -13.2 -188.8 -487.3
1570 SSD -19.5 91.8 257.3 -9.2 -184.3 -482.6
1571 PR -16.7 94.5 260.1 -13.2 -188.3 -486.6
1572 Fnatic.eu -15.3 95.8 261.5 -17.2 -192.3 -490.6
1573 iG -13.5 97.7 263.8 -21.2 -196.3 -494.6
1574 DK -12.4 98.9 265.1 -25.2 -200.3 -498.6
1575 iG -16.4 94.9 261.1 -20.8 -195.9 -494.2
1576 5inQ -14.9 96.8 263.4 -24.8 -199.9 -498.2
1577 MVP.P -11.6 99.7 266.2 -28.8 -203.9 -502.2
1578 VG -15.6 95.7 262.2 -19.6 -195.0 -493.9
1579 DK -14.5 97.2 263.9 -23.6 -199.0 -497.9
1580 Alliance -13.4 98.5 265.4 -27.6 -203.0 -501.9
1582 PR -12.0 99.8 266.8 -31.6 -207.0 -505.9
1583 Sigma.int -10.6 101.5 268.8 -35.6 -211.0 -509.9
1584 SSD -8.2 104.3 271.7 -39.6 -215.0 -513.9
1585 Fnatic.eu -7.3 105.3 272.9 -43.6 -219.0 -517.9
1586 Fnatic.eu -11.3 101.3 268.9 -34.0 -209.6 -508.6
1587 Idol -9.8 103.1 271.2 -38.0 -213.6 -512.6
1588 LGD.cn -13.8 99.1 267.2 -33.7 -207.8 -506.3
1589 FD -12.8 100.2 268.5 -37.7 -211.8 -510.3
1590 Orange -12.0 101.2 269.8 -41.7 -215.8 -514.3
1591 VG -16.0 97.2 265.8 -37.6 -211.5 -510.0
1592 VG -12.3 100.9 269.7 -41.6 -215.5 -514.0
1593 FD -11.6 101.9 271.0 -45.6 -219.5 -518.0
1594 FD -15.6 97.9 267.0 -36.8 -209.5 -508.8
1595 Idol -19.6 93.9 263.0 -30.7 -201.6 -500.7
1596 Kawai -23.6 89.9 259.0 -26.4 -197.1 -496.0
1597 Empire -21.8 91.7 260.8 -30.4 -201.1 -500.0
1598 Alliance -20.9 92.7 261.9 -34.4 -205.1 -504.0
1599 OsG -24.9 88.7 257.9 -25.6 -197.3 -496.9
1600 TR -28.9 84.7 253.9 -14.7 -188.9 -489.8
1601 SSD -25.6 87.6 256.8 -18.7 -192.9 -493.8
1602 VP -23.9 89.5 258.8 -22.7 -196.9 -497.8
1603 Fnatic.eu -22.4 91.0 260.3 -26.7 -200.9 -501.8
1604 Sigma.int -26.4 87.0 256.3 -16.3 -190.1 -491.7
1605 VG -24.0 89.9 259.5 -20.3 -194.1 -495.7
1606 CSW -28.0 85.9 255.5 -15.8 -190.4 -491.8
1607 Idol -27.0 87.3 257.2 -19.8 -194.4 -495.8
1608 VP -31.0 83.3 253.2 -9.9 -185.5 -488.3
1609 Empire -26.7 86.8 256.6 -13.9 -189.5 -492.3
1610 VP -23.4 90.5 260.5 -17.9 -193.5 -496.3
1611 Sigma.int -22.4 91.8 262.0 -21.9 -197.5 -500.3
1612 Fnatic.eu -20.5 93.7 264.2 -25.9 -201.5 -504.3
1613 Fnatic.eu -19.1 95.1 265.8 -29.9 -205.5 -508.3
1615 Speed -16.2 97.9 268.9 -33.9 -209.5 -512.3
1617 Siltherin -14.2 100.2 271.5 -37.9 -213.5 -516.3
1618 FD -12.6 101.9 273.6 -41.9 -217.5 -520.3
1619 XctN -10.3 104.5 276.4 -45.9 -221.5 -524.3
1620 VP -8.8 105.9 278.0 -49.9 -225.5 -528.3
1622 Aspera -12.8 101.9 274.0 -43.8 -219.1 -522.3
1623 SSD -10.9 103.8 276.0 -47.8 -223.1 -526.3
1624 PR -9.3 105.6 278.0 -51.8 -227.1 -530.3
1625 Idol -13.3 101.6 274.0 -42.7 -218.3 -522.6
1626 FD -12.4 102.8 275.4 -46.7 -222.3 -526.6
1627 MVP -10.4 104.5 277.2 -50.7 -226.3 -530.6
1630 Na'Vi -7.8 106.8 279.7 -54.7 -230.3 -534.6
1632 Fnatic.eu -11.8 102.8 275.7 -49.0 -224.5 -528.8
1633 Startale -8.3 105.5 278.2 -53.0 -228.5 -532.8
1635 VG -12.3 101.5 274.2 -47.9 -221.3 -525.1
1637 Na'Vi -10.4 103.3 276.1 -51.9 -225.3 -529.1
1638 VG -7.4 107.6 280.8 -55.9 -229.3 -533.1
1639 Fnatic.eu -11.4 103.6 276.8 -50.1 -223.5 -527.9
1640 FD -8.3 107.2 280.4 -54.1 -227.5 -531.9
1641 RRQ -12.3 103.2 276.4 -44.9 -217.5 -522.3
1642 MiTH -10.6 105.3 278.6 -48.9 -221.5 -526.3
1643 VG -8.2 108.4 282.0 -52.9 -225.5 -530.3
1644 iG -12.2 104.4 278.0 -46.9 -220.0 -525.0
1645 RRQ -9.8 106.7 280.4 -50.9 -224.0 -529.0
1646 RRQ -13.8 102.7 276.4 -46.6 -219.1 -523.8
1647 MiTH -17.8 98.7 272.4 -40.9 -213.9 -519.3
1648 Poseidon -21.8 94.7 268.4 -32.5 -205.5 -511.2
1649 VP -18.1 98.7 272.3 -36.5 -209.5 -515.2
1650 VP -16.2 100.9 274.5 -40.5 -213.5 -519.2
1651 rox.KIS -14.5 102.6 276.4 -44.5 -217.5 -523.2
1652 PR -13.4 103.9 277.9 -48.5 -221.5 -527.2
1653 mouz -11.8 105.5 279.7 -52.5 -225.5 -531.2
1654 MVP.P -10.8 106.9 281.3 -56.5 -229.5 -535.2
1655 RRQ -8.3 108.8 283.2 -60.5 -233.5 -539.2
1656 HR -12.3 104.8 279.2 -51.5 -222.9 -529.4
1659 Alliance -16.3 100.8 275.2 -47.2 -218.2 -524.8
1660 Poseidon -20.3 96.8 271.2 -30.8 -203.6 -513.2
1661 Alliance -17.6 99.6 274.2 -34.8 -207.6 -517.2
1662 Fnatic.eu -16.8 100.6 275.4 -38.8 -211.6 -521.2
1666 Lowyat -20.8 96.6 271.4 -32.1 -205.9 -516.1
1667 Fnatic.eu -19.3 98.0 273.0 -36.1 -209.9 -520.1
1668 Duskbin -18.5 99.3 274.6 -40.1 -213.9 -524.1
1669 Neon -22.5 95.3 270.6 -31.4 -205.8 -517.1
1670 MiTH -18.4 99.1 273.9 -35.4 -209.8 -521.1
1671 Neon -15.0 102.4 277.4 -39.4 -213.8 -525.1
1672 MiTH -13.1 104.3 279.5 -43.4 -217.8 -529.1
1673 rox.KIS -10.3 107.6 283.2 -47.4 -221.8 -533.1
1674 Empire -9.1 108.9 284.6 -51.4 -225.8 -537.1
1675 Empire -5.5 112.7 288.5 -55.4 -229.8 -541.1
1676 TR -9.5 108.7 284.5 -41.2 -218.2 -531.3
1677 Na'Vi -8.3 109.9 286.0 -45.2 -222.2 -535.3
1678 Na'Vi -7.4 111.0 287.2 -49.2 -226.2 -539.3
1679 Speed -5.7 112.7 289.1 -53.2 -230.2 -543.3
1680 Mski -2.4 115.6 292.0 -57.2 -234.2 -547.3
1681 Mski -1.5 116.7 293.3 -61.2 -238.2 -551.3
1682 Lowyat -0.3 118.0 294.9 -65.2 -242.2 -555.3
1683 rox.KIS 1.0 119.6 296.8 -69.2 -246.2 -559.3
1684 Alliance 2.4 120.9 298.2 -73.2 -250.2 -563.3
1686 Sigma.int 3.6 122.1 299.6 -77.2 -254.2 -567.3
1688 Fnatic.eu 5.0 123.5 301.1 -81.2 -258.2 -571.3
1690 Mski 7.0 125.0 302.6 -85.2 -262.2 -575.3
1698 Alliance 8.5 126.3 304.0 -89.2 -266.2 -579.3
1701 TongFu 9.5 127.3 305.1 -93.2 -270.2 -583.3
1702 DK 13.0 130.7 308.5 -97.2 -274.2 -587.3
1703 DK 9.0 126.7 304.5 -91.9 -269.3 -582.6
1704 Alliance 11.7 129.4 307.4 -95.9 -273.3 -586.6
1705 Next.kz 13.4 131.3 309.6 -99.9 -277.3 -590.6
1707 mouz 14.6 132.4 310.8 -103.9 -281.3 -594.6
1708 HR 15.7 133.7 312.4 -107.9 -285.3 -598.6
1709 iG 17.1 135.3 314.4 -111.9 -289.3 -602.6
1709 iG 18.5 136.9 316.4 -115.9 -293.3 -606.6
1710 Speed 14.5 132.9 312.4 -109.8 -287.1 -600.7
1710 Speed 10.5 128.9 308.4 -103.3 -280.6 -594.8
1711 Next.kz 11.3 129.9 309.6 -107.3 -284.6 -598.8
1712 VP 13.0 131.6 311.4 -111.3 -288.6 -602.8
1712 VP 14.9 133.2 313.1 -115.3 -292.6 -606.8
1713 Alliance 16.5 134.8 314.8 -119.3 -296.6 -610.8
1713 Sigma.int 18.3 136.2 316.5 -123.3 -300.6 -614.8
1714 rox.KIS 19.2 137.1 317.7 -127.3 -304.6 -618.8
1715 Poseidon 15.2 133.1 313.7 -121.6 -299.2 -613.5
1715 Poseidon 11.2 129.1 309.7 -117.1 -294.6 -609.5
1716 rox.KIS 13.6 131.8 312.5 -121.1 -298.6 -613.5
1716 rox.KIS 16.2 134.4 315.4 -125.1 -302.6 -617.5
1717 VP 19.9 137.9 318.9 -129.1 -306.6 -621.5
1717 VP 24.2 141.5 322.3 -133.1 -310.6 -625.5
1718 Fnatic.eu 20.2 137.5 318.3 -126.7 -303.7 -619.7
1718 Fnatic.eu 16.2 133.5 314.3 -119.8 -297.1 -613.9
1719 HR 18.0 135.0 315.9 -123.8 -301.1 -617.9
1719 HR 19.8 136.5 317.5 -127.8 -305.1 -621.9
1720 Mski 20.7 137.5 318.6 -131.8 -309.1 -625.9
1721 Lowyat 21.8 138.5 320.1 -135.8 -313.1 -629.9
1723 Mski 23.5 140.1 321.7 -139.8 -317.1 -633.9
1724 LGD.cn 25.1 141.8 323.6 -143.8 -321.1 -637.9
1725 VG 26.2 143.0 325.0 -147.8 -325.1 -641.9
1726 Lowyat 27.2 144.0 326.2 -151.8 -329.1 -645.9
1728 sQreen 23.2 140.0 322.2 -139.6 -316.6 -634.9
1729 Sigma.int 23.2 140.0 322.2 -139.6 -316.6 -634.9
1730 rox.KIS 24.2 141.4 323.7 -143.6 -320.6 -638.9
1731 Empire 20.2 137.4 319.7 -131.4 -307.7 -627.6
1732 rox.KIS 16.2 133.4 315.7 -125.5 -300.4 -620.3
1733 PR 12.2 129.4 311.7 -114.6 -289.9 -610.6
1734 PR 15.7 133.0 315.4 -118.6 -293.9 -614.6
1736 Lowyat 11.7 129.0 311.4 -109.4 -284.9 -606.7
1737 MiTH 7.7 125.0 307.4 -104.5 -278.8 -600.9
1738 Lowyat 9.8 126.8 309.3 -108.5 -282.8 -604.9
1739 5inQ 5.8 122.8 305.3 -100.7 -275.0 -598.5
1740 LGD.cn 1.8 118.8 301.3 -94.3 -269.4 -593.7
1741 VP 5.6 122.6 305.0 -98.3 -273.4 -597.7
1742 Na'Vi 7.1 124.6 307.2 -102.3 -277.4 -601.7
1743 Na'Vi 8.8 126.7 309.6 -106.3 -281.4 -605.7
1744 Sigma.int 9.8 128.0 311.1 -110.3 -285.4 -609.7
1748 Idol 5.8 124.0 307.1 -106.0 -280.3 -604.7
1749 FD 1.8 120.0 303.1 -101.7 -275.2 -599.3
1751 Na'Vi 2.7 121.0 304.3 -105.7 -279.2 -603.3
1753 Na'Vi 4.0 122.4 305.9 -109.7 -283.2 -607.3
1754 TR -7.54951656745e-14 118.4 301.9 -96.8 -271.8 -597.6
1755 SSD 1.1 119.8 303.6 -100.8 -275.8 -601.6
1756 TongFu -2.9 115.8 299.6 -93.0 -268.9 -595.9
1757 iG 0.6 119.4 303.5 -97.0 -272.9 -599.9
1758 DK 2.2 121.2 305.6 -101.0 -276.9 -603.9
1759 FD 5.3 124.7 309.5 -105.0 -280.9 -607.9
1760 Duskbin 1.3 120.7 305.5 -95.5 -270.3 -598.0
1761 Mski 2.3 122.0 306.9 -99.5 -274.3 -602.0
1762 TR -1.7 118.0 302.9 -90.1 -266.0 -594.8
1763 rox.KIS -0.8 119.0 304.1 -94.1 -270.0 -598.8
1764 Na'Vi 0.3 120.1 305.4 -98.1 -274.0 -602.8
1767 rox.KIS 3.0 123.2 308.9 -102.1 -278.0 -606.8
1768 QPandas -1.0 119.2 304.9 -91.7 -268.2 -598.3
1769 XctN -5.0 115.2 300.9 -86.7 -262.5 -592.8
1770 5inQ -3.3 117.8 303.9 -90.7 -266.5 -596.8
1771 VG -2.4 119.0 305.5 -94.7 -270.5 -600.8
1773 FD -0.3 120.8 307.5 -98.7 -274.5 -604.8
1774 Idol 0.7 122.3 309.4 -102.7 -278.5 -608.8
1775 RRQ -3.3 118.3 305.4 -97.1 -273.6 -604.3
1776 Fnatic.eu -2.2 119.5 306.8 -101.1 -277.6 -608.3
1777 PR -0.7 121.1 308.6 -105.1 -281.6 -612.3
1778 FSid3 -4.7 117.1 304.6 -99.1 -275.0 -605.8
1779 Fnatic.eu -2.9 118.6 306.2 -103.1 -279.0 -609.8
1780 Titan -1.5 120.2 308.0 -107.1 -283.0 -613.8
1781 FD 0.2 122.1 310.1 -111.1 -287.0 -617.8
1782 Mski 4.0 125.6 313.6 -115.1 -291.0 -621.8
1783 Titan 5.0 126.6 314.9 -119.1 -295.0 -625.8
1784 LGD.cn 6.6 128.2 316.9 -123.1 -299.0 -629.8
1785 Fnatic.eu 7.7 129.4 318.2 -127.1 -303.0 -633.8
1786 Fnatic.eu 9.1 130.8 319.7 -131.1 -307.0 -637.8
1787 Sigma.int 11.6 133.3 322.3 -135.1 -311.0 -641.8
1789 Na'Vi 14.5 136.0 325.1 -139.1 -315.0 -645.8
1790 Na'Vi 15.5 136.9 326.1 -143.1 -319.0 -649.8
1791 Revenge 11.5 132.9 322.1 -133.7 -307.5 -638.2
1792 Empire 7.5 128.9 318.1 -125.8 -299.8 -631.3
1793 Fnatic.eu 8.8 130.2 319.6 -129.8 -303.8 -635.3
1794 Mski 4.8 126.2 315.6 -124.7 -298.2 -630.0
1795 Empire 6.4 128.0 317.4 -128.7 -302.2 -634.0
1796 Titan 8.9 130.7 320.0 -132.7 -306.2 -638.0
1797 TR 4.9 126.7 316.0 -123.3 -296.4 -628.5
1798 OsG 7.2 129.4 318.8 -127.3 -300.4 -632.5
1799 VP 3.2 125.4 314.8 -118.6 -293.7 -626.7
1800 Empire 4.8 127.0 316.6 -122.6 -297.7 -630.7
1801 Na'Vi 6.5 128.4 318.2 -126.6 -301.7 -634.7
1802 PR 2.5 124.4 314.2 -113.5 -285.8 -619.9
1803 Sigma.int 3.7 125.8 315.7 -117.5 -289.8 -623.9
1806 DT 5.4 127.4 317.5 -121.5 -293.8 -627.9
1809 Titan 6.6 128.5 318.8 -125.5 -297.8 -631.9
1810 TR 2.6 124.5 314.8 -120.7 -292.6 -626.7
1811 TongFu 3.5 125.4 315.9 -124.7 -296.6 -630.7
1813 DK 5.8 127.9 318.6 -128.7 -300.6 -634.7
1815 iG 6.7 129.3 320.3 -132.7 -304.6 -638.7
1816 TongFu 2.7 125.3 316.3 -127.1 -299.5 -634.3
1817 Mski 3.9 126.5 317.7 -131.1 -303.5 -638.3
1818 FD 6.1 128.6 319.8 -135.1 -307.5 -642.3
1819 rox.KIS 8.5 130.9 322.3 -139.1 -311.5 -646.3
1821 QPandas 4.5 126.9 318.3 -128.3 -300.5 -636.7
1823 SSD 6.2 128.5 320.0 -132.3 -304.5 -640.7
1824 Empire 9.4 131.7 323.5 -136.3 -308.5 -644.7
1825 DK 11.0 133.5 325.6 -140.3 -312.5 -648.7
1826 Titan 12.0 134.5 326.7 -144.3 -316.5 -652.7
1827 MVP.P 12.9 135.7 328.1 -148.3 -320.5 -656.7
1828 TongFu 8.9 131.7 324.1 -133.9 -309.3 -646.9
1829 Sigma.int 10.2 133.4 326.1 -137.9 -313.3 -650.9
1830 mouz 12.4 135.6 328.3 -141.9 -317.3 -654.9
1831 rox.KIS 8.4 131.6 324.3 -132.9 -309.8 -647.9
1832 TR 11.8 134.8 327.7 -136.9 -313.8 -651.9
1833 Fnatic.eu 13.3 136.2 329.1 -140.9 -317.8 -655.9
1835 iG 9.3 132.2 325.1 -137.0 -313.6 -651.3
1836 DK 10.7 133.8 326.9 -141.0 -317.6 -655.3
1837 Titan 12.3 135.3 328.6 -145.0 -321.6 -659.3
1838 Titan 8.3 131.3 324.6 -138.7 -314.9 -652.8
1839 Sigma.int 4.3 127.3 320.6 -129.9 -306.4 -644.9
1840 PR 0.3 123.3 316.6 -117.7 -295.1 -634.4
1841 SSD 2.1 125.3 318.8 -121.7 -299.1 -638.4
1842 DK 3.4 126.9 320.6 -125.7 -303.1 -642.4
1843 iG 5.4 129.3 323.2 -129.7 -307.1 -646.4
1844 VG 1.4 125.3 319.2 -123.9 -302.1 -641.7
1845 DK 3.3 127.5 320.4 -127.9 -306.1 -645.7
1847 DK 4.1 128.6 321.7 -131.9 -310.1 -649.7
1848 TongFu 5.8 130.7 324.1 -135.9 -314.1 -653.7
1849 PBS 7.5 132.9 326.7 -139.9 -318.1 -657.7
1850 rox.KIS 8.8 134.5 327.5 -143.9 -322.1 -661.7
1852 SSD 10.5 136.1 329.2 -147.9 -326.1 -665.7
1854 SSD 6.5 132.1 325.2 -141.0 -317.9 -657.9
1858 Empire 8.8 134.8 326.6 -145.0 -321.9 -661.9
1861 Sigma.int 9.8 136.0 328.1 -149.0 -325.9 -665.9
1862 Next.kz 5.8 132.0 324.1 -138.1 -315.3 -656.1
1863 Fnatic.eu 7.0 133.3 325.1 -142.1 -319.3 -660.1
1864 Revenge 9.3 135.8 327.9 -146.1 -323.3 -664.1
1865 TongFu 10.1 136.8 329.1 -150.1 -327.3 -668.1
1866 Sigma.int 12.0 139.1 330.7 -154.1 -331.3 -672.1
1869 FSid3 8.0 135.1 326.7 -146.3 -323.8 -665.8
1870 FSid3 4.0 131.1 322.7 -136.6 -312.3 -654.5
1871 Relax 5.7 132.9 324.9 -140.6 -316.3 -658.5
1872 rox.KIS 1.7 128.9 320.9 -136.0 -311.5 -653.8
1873 PBS -2.3 124.9 316.9 -129.7 -304.9 -650.3
1874 Revenge -0.9 126.5 317.9 -133.7 -308.9 -654.3
1875 iG 0.7 128.2 319.8 -137.7 -312.9 -658.3
1876 GB 2.5 130.1 322.0 -141.7 -316.9 -662.3
1877 FD 4.1 131.8 323.3 -145.7 -320.9 -666.3
1878 Invasion 0.0999999999999 127.8 319.3 -134.1 -310.5 -652.4
1880 VG -3.9 123.8 315.3 -127.5 -303.1 -645.3
1881 LGD.cn -0.6 127.6 317.2 -131.5 -307.1 -649.3
1882 Swage 3.1 131.5 319.9 -135.5 -311.1 -653.3
1883 iG -0.9 127.5 315.9 -127.1 -303.6 -643.6
1885 Mski 0.3 128.6 317.1 -131.1 -307.6 -647.6
1886 Invasion 1.6 130.0 318.1 -135.1 -311.6 -651.6
1887 Lowyat 2.9 131.4 319.5 -139.1 -315.6 -655.6
1888 SMM 6.1 134.3 322.6 -143.1 -319.6 -659.6
1889 Fnatic.eu 2.1 130.3 318.6 -125.9 -306.5 -647.8
1890 LGD.cn -1.9 126.3 314.6 -119.4 -300.6 -642.3
1891 Lowyat -5.9 122.3 310.6 -114.8 -296.0 -637.8
1892 nAra -9.9 118.3 306.6 -107.0 -289.2 -629.4
1893 Mski -8.7 119.7 307.3 -111.0 -293.2 -633.4
1894 Spirit -12.7 115.7 303.3 -98.5 -281.7 -617.1
1895 Fnatic.eu -16.7 111.7 299.3 -93.9 -277.8 -608.4
1896 XctN -20.7 107.7 295.3 -88.5 -271.9 -602.9
1897 Idol -24.7 103.7 291.3 -82.6 -265.9 -597.2
1898 Titan -23.4 105.4 292.1 -86.6 -269.9 -601.2
1899 LGD.cn -20.9 108.0 294.1 -90.6 -273.9 -605.2
1900 PBS -18.7 110.4 296.7 -94.6 -277.9 -609.2
1902 Idol -22.7 106.4 292.7 -89.9 -273.3 -605.1
1903 Titan -20.7 108.8 294.0 -93.9 -277.3 -609.1
1904 Mastery -24.7 104.8 290.0 -87.4 -271.0 -601.6
1905 Swage -28.7 100.8 286.0 -79.8 -264.3 -595.6
1906 5inQ -27.6 102.5 288.0 -83.8 -268.3 -599.6
1907 EOT -24.7 105.8 290.3 -87.8 -272.3 -603.6
1908 Sigma.int -28.7 101.8 286.3 -82.9 -266.9 -598.0
1909 Mski -25.6 105.4 289.0 -86.9 -270.9 -602.0
1910 FD -23.7 107.6 290.5 -90.9 -274.9 -606.0
1911 Titan -22.6 108.9 291.5 -94.9 -278.9 -610.0
1912 Orange -20.5 110.9 293.5 -98.9 -282.9 -614.0
1913 rox.KIS -19.1 112.5 294.8 -102.9 -286.9 -618.0
1914 rox.KIS -17.3 114.3 296.8 -106.9 -290.9 -622.0
1916 rox.KIS -16.0 115.7 298.3 -110.9 -294.9 -626.0
1917 Orange -14.0 117.3 300.0 -114.9 -298.9 -630.0
1918 Orange -11.9 119.2 301.9 -118.9 -302.9 -634.0
1920 Mski -15.9 115.2 297.9 -110.6 -296.4 -628.0
1921 VP -13.4 117.6 300.2 -114.6 -300.4 -632.0
1922 VP -17.4 113.6 296.2 -109.7 -295.6 -627.6
1923 VP -15.9 115.3 298.0 -113.7 -299.6 -631.6
1924 Sigma.int -13.6 118.0 299.7 -117.7 -303.6 -635.6
1925 PR -11.9 119.6 301.1 -121.7 -307.6 -639.6
1926 PR -9.3 121.7 303.3 -125.7 -311.6 -643.6
1927 Titan -7.7 123.5 304.5 -129.7 -315.6 -647.6
1928 Zephyr -6.7 125.0 306.3 -133.7 -319.6 -651.6
1929 MVP -5.4 126.5 308.1 -137.7 -323.6 -655.6
1930 Alliance -3.3 128.6 310.5 -141.7 -327.6 -659.6
1931 Swage -7.3 124.6 306.5 -133.7 -320.3 -653.0
1932 Empire -7.3 124.6 306.5 -133.7 -320.3 -653.0
1933 Alliance -5.1 126.8 308.9 -137.7 -324.3 -657.0
1934 Sigma.int -9.1 122.8 304.9 -126.7 -312.9 -646.4
1935 EOT.Ham. -13.1 118.8 300.9 -111.2 -302.9 -638.3
1936 Alliance -11.3 120.8 302.6 -115.2 -306.9 -642.3
1937 Na'Vi -9.5 122.8 304.8 -119.2 -310.9 -646.3
1938 DK -7.0 125.5 307.7 -123.2 -314.9 -650.3
1939 Na'Vi -5.3 127.4 309.1 -127.2 -318.9 -654.3
1940 Na'Vi -9.3 123.4 305.1 -122.0 -314.6 -650.0
1941 Zephyr -7.2 126.0 306.3 -126.0 -318.6 -654.0
1942 VP -3.8 128.9 309.2 -130.0 -322.6 -658.0
1943 PR -1.9 130.8 311.4 -134.0 -326.6 -662.0
1944 VP -6.88338275268e-14 132.9 312.9 -138.0 -330.6 -666.0
1945 rox.KIS 1.1 134.2 313.7 -142.0 -334.6 -670.0
1946 PR -2.9 130.2 309.7 -135.4 -327.5 -663.4
1947 Relax -6.9 126.2 305.7 -128.4 -320.6 -657.3
1948 Empire -5.9 127.3 307.1 -132.4 -324.6 -661.3
1949 EOT.Ham. -9.9 123.3 303.1 -121.5 -315.3 -653.3
1951 Empire -8.7 124.8 303.9 -125.5 -319.3 -657.3
1953 Fnatic.eu -7.7 126.0 304.9 -129.5 -323.3 -661.3
1954 Empire -6.8 127.0 306.1 -133.5 -327.3 -665.3
1955 Life -4.0 130.5 307.8 -137.5 -331.3 -669.3
1956 rox.KIS -2.4 131.9 309.3 -141.5 -335.3 -673.3
1960 Empire -0.7 133.7 311.5 -145.5 -339.3 -677.3
1962 Fnatic.eu 1.6 136.1 313.9 -149.5 -343.3 -681.3
1963 Life -2.4 132.1 309.9 -140.1 -333.7 -674.4
1964 Fnatic.eu -1.3 133.5 310.7 -144.1 -337.7 -678.4
1965 Relax 0.4 135.5 312.3 -148.1 -341.7 -682.4
1966 Speed 3.2 138.8 316.0 -152.1 -345.7 -686.4
1967 Liquid 4.6 139.9 317.3 -156.1 -349.7 -690.4
1968 Denial 6.9 142.5 320.2 -160.1 -353.7 -694.4
1969 hehe 9.8 145.9 323.9 -164.1 -357.7 -698.4
1970 hehe 11.9 148.0 325.8 -168.1 -361.7 -702.4
1971 Relax 7.9 144.0 321.8 -153.4 -348.9 -691.6
1972 PR 3.9 140.0 317.8 -143.4 -340.4 -676.1
1973 Sigma.int 5.1 141.6 318.6 -147.4 -344.4 -680.1
1974 bvd.dotA 1.1 137.6 314.6 -142.2 -339.5 -676.8
1976 Relax -2.9 133.6 310.6 -137.0 -334.7 -669.8
1977 Empire -6.9 129.6 306.6 -132.1 -329.8 -665.3
1978 eHug -4.0 133.0 308.1 -136.1 -333.8 -669.3
1979 Empire -1.7 135.8 311.2 -140.1 -337.8 -673.3
1980 Empire 1.7 140.0 315.7 -144.1 -341.8 -677.3
1981 Liquid 2.6 141.2 317.2 -148.1 -345.8 -681.3
1982 Speed 3.6 142.4 318.1 -152.1 -349.8 -685.3
1983 SADBOYS -0.4 138.4 314.1 -145.0 -341.2 -676.7
1985 SADBOYS -4.4 134.4 310.1 -135.2 -332.5 -666.4
1986 eHug -8.4 130.4 306.1 -129.1 -326.4 -660.5
1987 Empire -12.4 126.4 302.1 -122.8 -320.9 -652.5
1988 Liquid -16.4 122.4 298.1 -115.3 -314.3 -645.9
1991 PR -14.4 124.5 300.3 -119.3 -318.3 -649.9
1992 Speed -13.5 125.6 301.7 -123.3 -322.3 -653.9
1993 Liquid -10.4 129.0 305.4 -127.3 -326.3 -657.9
1994 Fnatic.eu -14.4 125.0 301.4 -122.8 -322.3 -654.0
1995 SADBOYS -12.9 127.0 303.9 -126.8 -326.3 -658.0
1996 TR -16.9 123.0 299.9 -118.8 -318.8 -651.1
2000 UG -20.9 119.0 295.9 -113.7 -313.9 -645.7
2001 Speed -20.0 120.3 297.4 -117.7 -317.9 -649.7
2002 Swage -17.1 123.4 299.0 -121.7 -321.9 -653.7
2003 Empire -21.1 119.4 295.0 -115.5 -316.5 -645.2
2004 Empire -18.2 122.3 298.4 -119.5 -320.5 -649.2
2005 5inQ -15.6 125.2 299.9 -123.5 -324.5 -653.2
2006 Empire -19.6 121.2 295.9 -119.4 -320.5 -647.2
2008 SADBOYS -23.6 117.2 291.9 -112.1 -313.4 -640.1
2009 Fnatic.eu -22.1 118.9 293.2 -116.1 -317.4 -644.1
2010 Na'Vi -20.6 120.5 294.8 -120.1 -321.4 -648.1
2011 PR -24.6 116.5 290.8 -114.5 -316.7 -643.6
2013 Empire -22.3 118.8 293.1 -118.5 -320.7 -647.6
2014 Speed -21.1 120.1 294.0 -122.5 -324.7 -651.6
2016 Revenge -19.2 122.1 296.1 -126.5 -328.7 -655.6
2018 Fnatic.eu -23.2 118.1 292.1 -117.6 -319.2 -646.8
2019 Na'Vi -21.8 119.5 293.7 -121.6 -323.2 -650.8
2020 PR -20.0 121.4 295.7 -125.6 -327.2 -654.8
2024 SADBOYS -18.6 122.9 296.4 -129.6 -331.2 -658.8
2025 D4D -15.5 126.1 298.7 -133.6 -335.2 -662.8
2026 Execration -13.5 128.4 301.3 -137.6 -339.2 -666.8
2028 Next.kz -17.5 124.4 297.3 -129.2 -331.6 -659.8
2029 Empire -16.4 125.7 298.0 -133.2 -335.6 -663.8
2030 Empire -12.9 129.1 301.5 -137.2 -339.6 -667.8
2031 Sigma.int -16.9 125.1 297.5 -130.8 -333.1 -661.2
2032 Liquid -16.0 126.1 298.6 -134.8 -337.1 -665.2
2033 eHug -20.0 122.1 294.6 -128.3 -330.4 -658.6
2034 Denial -24.0 118.1 290.6 -118.0 -320.5 -648.2
2036 Zephyr -21.0 121.4 294.1 -122.0 -324.5 -652.2
2038 SADBOYS -16.9 125.6 297.4 -126.0 -328.5 -656.2
2039 Speed -20.9 121.6 293.4 -119.6 -322.1 -649.7
2043 Liquid -18.4 124.2 294.7 -123.6 -326.1 -653.7
2044 Arrow -16.1 127.0 296.1 -127.6 -330.1 -657.7
2046 Empire -12.6 130.5 299.7 -131.6 -334.1 -661.7
2047 Empire -10.9 132.5 301.0 -135.6 -338.1 -665.7
2048 Arrow -9.2 134.6 302.0 -139.6 -342.1 -669.7
2049 GL -7.1 136.9 303.6 -143.6 -346.1 -673.7
2051 Nullis -5.1 139.0 305.9 -147.6 -350.1 -677.7
2052 Nullis -9.1 135.0 301.9 -139.8 -343.0 -668.8
2054 Empire -8.1 136.3 303.5 -143.8 -347.0 -672.8
2055 Na'Vi -7.1 137.5 304.2 -147.8 -351.0 -676.8
2056 bvd.dotA -5.6 139.2 306.3 -151.8 -355.0 -680.8
2057 Aura -3.4 141.6 308.9 -155.8 -359.0 -684.8
2060 Fnatic.eu -7.4 137.6 304.9 -151.2 -354.8 -680.8
2061 rox.KIS -11.4 133.6 300.9 -135.6 -340.1 -667.7
2062 PR -15.4 129.6 296.9 -129.1 -333.9 -661.8
2064 Cloud9 -14.4 130.8 298.4 -133.1 -337.9 -665.8
2066 Alliance -13.2 132.0 299.7 -137.1 -341.9 -669.8
2068 Fnatic.eu -12.2 133.1 300.6 -141.1 -345.9 -673.8
2069 VP -16.2 129.1 296.6 -134.8 -340.1 -667.8
2070 rox.KIS -20.2 125.1 292.6 -127.7 -333.6 -658.1
2071 Cloud9 -17.1 128.5 294.7 -131.7 -337.6 -662.1
2072 About -21.1 124.5 290.7 -124.3 -330.5 -654.4
2073 4FC -19.3 126.6 292.2 -128.3 -334.5 -658.4
2074 vhoul -23.3 122.6 288.2 -117.9 -324.8 -651.5
2075 Liquid -27.3 118.6 284.2 -110.7 -318.8 -642.4
2076 Courage -31.3 114.6 280.2 -97.9 -308.0 -620.3
2078 Empire -28.8 117.2 282.2 -101.9 -312.0 -624.3
2079 Empire -27.2 119.1 284.3 -105.9 -316.0 -628.3
2080 rox.KIS -31.2 115.1 280.3 -89.6 -300.1 -615.0
2082 rox.KIS -30.2 116.3 281.6 -93.6 -304.1 -619.0
2083 PR -29.3 117.3 282.7 -97.6 -308.1 -623.0
2084 hehe -33.3 113.3 278.7 -93.0 -303.3 -618.5
2085 Next.kz -30.2 116.3 283.4 -97.0 -307.3 -622.5
2086 PssT -34.2 112.3 279.4 -89.7 -301.5 -613.9
2087 Liquid -32.9 113.7 280.3 -93.7 -305.5 -617.9
2088 SADBOYS -29.8 117.4 282.7 -97.7 -309.5 -621.9
2089 SADBOYS -28.9 118.5 284.2 -101.7 -313.5 -625.9
2091 Zephyr -26.1 121.4 287.3 -105.7 -317.5 -629.9
2092 Empire -30.1 117.4 283.3 -101.4 -313.1 -625.6
2093 rox.KIS -28.3 119.3 284.5 -105.4 -317.1 -629.6
2094 Insane -32.3 115.3 280.5 -97.6 -310.1 -623.4
2095 Titan -30.9 117.0 281.1 -101.6 -314.1 -627.4
2096 neXt! -34.9 113.0 277.1 -95.8 -308.7 -623.0
2097 rox.KIS -33.5 114.6 277.9 -99.8 -312.7 -627.0
2098 Zephyr -32.4 115.7 279.3 -103.8 -316.7 -631.0
2099 rox.KIS -30.4 117.6 281.2 -107.8 -320.7 -635.0
2100 PR -29.0 119.1 282.4 -111.8 -324.7 -639.0
2101 ZR -25.9 122.7 284.5 -115.8 -328.7 -643.0
2102 MYM -24.3 124.4 286.4 -119.8 -332.7 -647.0
2103 JnRun -28.3 120.4 282.4 -115.1 -327.9 -642.1
2104 Arrow -32.3 116.4 278.4 -106.1 -319.0 -634.2
2105 Mongolz -28.8 120.0 280.9 -110.1 -323.0 -638.2
2106 Panthers -26.3 122.7 284.0 -114.1 -327.0 -642.2
2112 DUZA -23.8 125.3 286.6 -118.1 -331.0 -646.2
2113 TCN -22.2 127.3 287.7 -122.1 -335.0 -650.2
2114 VP -19.5 130.3 290.9 -126.1 -339.0 -654.2
2115 Mongolz -23.5 126.3 286.9 -119.7 -332.2 -647.8
2117 Titan -21.4 128.8 288.4 -123.7 -336.2 -651.8
2121 Relax -20.3 130.1 289.5 -127.7 -340.2 -655.8
2122 4FC -17.0 133.3 292.4 -131.7 -344.2 -659.8
2124 neXt! -21.0 129.3 288.4 -125.3 -337.3 -652.6
2126 ZR -18.8 131.6 290.5 -129.3 -341.3 -656.6
2128 Alliance -17.2 133.3 292.1 -133.3 -345.3 -660.6
2129 vhoul -14.7 136.0 293.9 -137.3 -349.3 -664.6
2132 Fnatic.eu -13.0 137.7 295.5 -141.3 -353.3 -668.6
2133 Next.kz -17.0 133.7 291.5 -125.0 -338.5 -648.5
2135 rox.KIS -15.0 135.9 294.0 -129.0 -342.5 -652.5
2136 Swage -13.3 137.8 295.8 -133.0 -346.5 -656.5
2137 Revenge -11.6 139.6 297.0 -137.0 -350.5 -660.5
2138 Liquid -10.6 140.7 297.7 -141.0 -354.5 -664.5
2139 eHug -8.9 142.5 299.2 -145.0 -358.5 -668.5
2140 PssT -12.9 138.5 295.2 -137.6 -350.5 -661.2
2141 WWD -11.4 140.0 297.0 -141.6 -354.5 -665.2
2142 MVP.P -7.9 142.8 299.8 -145.6 -358.5 -669.2
2143 MiTH -6.4 144.3 301.1 -149.6 -362.5 -673.2
2146 Fnatic.eu -4.5 146.4 302.8 -153.6 -366.5 -677.2
2147 Na'Vi -3.4 147.6 304.1 -157.6 -370.5 -681.2
2148 PR -7.4 143.6 300.1 -145.6 -360.7 -673.0
2149 Sigma.int -5.8 145.3 302.0 -149.6 -364.7 -677.0
2150 VP -9.8 141.3 298.0 -144.8 -360.2 -671.9
2151 Insane -13.8 137.3 294.0 -140.0 -355.1 -666.6
2152 Relax -17.8 133.3 290.0 -129.8 -345.4 -656.9
2154 ZR -21.8 129.3 286.0 -124.1 -339.9 -652.0
2155 MYM -20.1 130.9 287.9 -128.1 -343.9 -656.0
2158 Denial -24.1 126.9 283.9 -118.3 -334.6 -644.0
2160 Dog -22.7 128.7 285.9 -122.3 -338.6 -648.0
2161 Osiris -26.7 124.7 281.9 -114.5 -331.6 -644.1
2162 Orange -25.8 125.8 283.1 -118.5 -335.6 -648.1
2164 Puck -29.8 121.8 279.1 -112.2 -328.6 -641.3
2165 TR -33.8 117.8 275.1 -98.1 -316.0 -621.8
2166 DUZA -37.8 113.8 271.1 -90.7 -309.0 -615.3
2167 Scythe -35.0 117.0 272.8 -94.7 -313.0 -619.3
2168 Dignotoss -32.1 120.6 276.6 -98.7 -317.0 -623.3
2169 WWD -29.8 123.3 277.9 -102.7 -321.0 -627.3
2170 ZR -33.8 119.3 273.9 -93.6 -311.3 -618.4
2171 Relax -32.0 121.1 275.7 -97.6 -315.3 -622.4
2172 Na'Vi -30.9 122.4 276.5 -101.6 -319.3 -626.4
2175 Liquid -30.0 123.4 277.8 -105.6 -323.3 -630.4
2176 neXt! -34.0 119.4 273.8 -99.2 -317.5 -624.9
2177 Dog -32.6 121.2 276.2 -103.2 -321.5 -628.9
2178 VP -31.3 122.6 277.4 -107.2 -325.5 -632.9
2179 PR -28.9 125.2 279.2 -111.2 -329.5 -636.9
2180 Puck -32.9 121.2 275.2 -104.3 -323.4 -628.5
2181 MiT -36.9 117.2 271.2 -91.7 -311.1 -617.3
2182 MM -34.2 120.1 272.8 -95.7 -315.1 -621.3
2183 4N -38.2 116.1 268.8 -90.8 -310.2 -616.6
2184 Swage -42.2 112.1 264.8 -86.2 -306.5 -611.5
2185 Scythe -40.9 113.8 265.3 -90.2 -310.5 -615.5
2186 RRQ -44.9 109.8 261.3 -84.5 -305.5 -607.7
2188 Everlast -48.9 105.8 257.3 -68.9 -293.0 -597.0
2189 Dignotoss -52.9 101.8 253.3 -64.1 -288.4 -591.0
2190 VP -51.7 102.9 254.5 -68.1 -292.4 -595.0
2191 Orange -49.6 105.0 256.6 -72.1 -296.4 -599.0
2192 PR -53.6 101.0 252.6 -65.2 -290.2 -593.8
2193 Na'Vi -51.7 102.7 254.3 -69.2 -294.2 -597.8
2194 Zephyr -49.0 105.5 256.6 -73.2 -298.2 -601.8
2196 Dog -53.0 101.5 252.6 -69.5 -293.4 -596.5
2200 Alliance -51.7 102.7 254.1 -73.5 -297.4 -600.5
2201 eN.Legs -49.5 104.9 256.3 -77.5 -301.4 -604.5
2202 neXt! -47.1 107.4 258.6 -81.5 -305.4 -608.5
2203 BIP -44.5 110.4 260.3 -85.5 -309.4 -612.5
2204 Osiris -48.5 106.4 256.3 -76.2 -299.8 -603.5
2206 Mski -48.5 106.4 256.3 -76.2 -299.8 -603.5
2207 PR -52.5 102.4 252.3 -71.7 -295.2 -599.2
2209 DT.NGC -56.5 98.4 248.3 -66.4 -290.1 -594.9
2215 ADN -60.5 94.4 244.3 -57.3 -280.4 -588.1
2216 Alliance -59.0 96.1 246.0 -61.3 -284.4 -592.1
2218 VP -63.0 92.1 242.0 -51.8 -276.2 -584.4
2219 rox.KIS -67.0 88.1 238.0 -46.4 -271.0 -579.3
2223 Sigma.int -63.2 91.8 241.9 -50.4 -275.0 -583.3
2225 Empire -67.2 87.8 237.9 -44.7 -267.6 -575.6
2226 Empire -71.2 83.8 233.9 -34.8 -257.7 -569.2
2229 Scythe -69.7 85.5 234.7 -38.8 -261.7 -573.2
2230 Orange -67.5 87.6 236.9 -42.8 -265.7 -577.2
2231 Arrow -65.5 90.0 238.6 -46.8 -269.7 -581.2
2232 Relax -61.8 93.0 241.4 -50.8 -273.7 -585.2
2233 CIS -59.1 96.0 244.1 -54.8 -277.7 -589.2
2234 5inQ -56.5 98.1 246.3 -58.8 -281.7 -593.2
2237 Execration -54.9 99.7 248.0 -62.8 -285.7 -597.2
2238 FD -53.4 101.4 249.5 -66.8 -289.7 -601.2
2239 Orange -57.4 97.4 245.5 -54.7 -280.6 -593.4
2240 Spirit -61.4 93.4 241.5 -46.9 -272.8 -584.3
2242 PR -65.4 89.4 237.5 -36.7 -263.4 -570.8
2244 EG -63.8 91.4 238.4 -40.7 -267.4 -574.8
2245 MYM -61.0 94.4 241.7 -44.7 -271.4 -578.8
2246 Execration -57.1 98.3 244.6 -48.7 -275.4 -582.8
2247 Cloud9 -53.9 102.0 246.6 -52.7 -279.4 -586.8
2248 DT.NGC -52.2 104.0 249.0 -56.7 -283.4 -590.8
2249 Titan -51.1 105.2 250.4 -60.7 -287.4 -594.8
2250 Execration -55.1 101.2 246.4 -55.8 -282.4 -590.3
2251 Zephyr -53.8 102.6 248.1 -59.8 -286.4 -594.3
2252 FD -51.5 105.0 250.0 -63.8 -290.4 -598.3
2254 Fnatic.eu -48.6 108.0 253.2 -67.8 -294.4 -602.3
2255 rox.KIS -46.1 110.4 255.6 -71.8 -298.4 -606.3
2258 Arrow -50.1 106.4 251.6 -63.5 -291.6 -600.6
2259 VG -47.4 109.2 253.4 -67.5 -295.6 -604.6
2260 FL -45.9 110.9 254.4 -71.5 -299.6 -608.6
2261 CIS -49.9 106.9 250.4 -52.3 -285.8 -598.4
2262 Mski -47.9 109.1 252.1 -56.3 -289.8 -602.4
2263 Cloud9 -45.7 111.7 255.0 -60.3 -293.8 -606.4
2269 Na'Vi -43.9 113.6 256.7 -64.3 -297.8 -610.4
2270 RRQ -47.9 109.6 252.7 -56.9 -290.5 -603.4
2271 Titan -46.1 111.5 254.5 -60.9 -294.5 -607.4
2272 Arrow -43.1 115.1 258.5 -64.9 -298.5 -611.4
2274 LGD.cn -41.2 117.4 259.8 -68.9 -302.5 -615.4
2277 FD -39.9 118.9 260.7 -72.9 -306.5 -619.4
2278 MiTH -38.8 120.0 262.1 -76.9 -310.5 -623.4
2279 DUZA -37.3 121.6 263.4 -80.9 -314.5 -627.4
2281 Titan -34.7 123.7 265.4 -84.9 -318.5 -631.4
2283 Fnatic.eu -33.0 125.6 267.3 -88.9 -322.5 -635.4
2284 Zephyr -31.7 127.0 268.6 -92.9 -326.5 -639.4
2285 Na'Vi -30.6 128.1 269.8 -96.9 -330.5 -643.4
2286 Cloud9 -27.9 130.7 273.3 -100.9 -334.5 -647.4
2287 VG -31.9 126.7 269.3 -95.3 -328.9 -643.7
2288 EG -35.9 122.7 265.3 -85.8 -319.2 -635.9
2289 DT.NGC -39.9 118.7 261.3 -75.3 -307.7 -630.0
2290 Orange -43.9 114.7 257.3 -66.1 -299.3 -622.2
2291 Na'Vi -41.5 117.1 260.4 -70.1 -303.3 -626.2
2292 Na'Vi -40.0 118.5 261.9 -74.1 -307.3 -630.2
2293 Alliance -38.9 119.8 262.8 -78.1 -311.3 -634.2
2295 Arrow -37.9 121.0 264.1 -82.1 -315.3 -638.2
