0 0 0.0 0.0 0.0 0.0 0.0 0.0
14 Alliance -4.0 -4.0 -4.0 4.7 4.7 4.1
15 Fnatic -0.5 -0.5 -1.5 0.7 0.7 0.1
16 Empire -4.5 -4.5 -5.5 5.3 5.6 5.1
17 Turtle -1.9 -2.0 -2.7 1.3 1.6 1.1
19 Empire -0.4 -0.1 -0.8 -2.7 -2.4 -2.9
22 Dignitas 3.1 3.3 2.8 -6.7 -6.4 -6.9
26 Empire -0.9 -0.7 -1.2 3.7 2.1 0.9
28 Quantic -4.9 -4.7 -5.2 10.3 9.2 7.5
29 GU.pe -8.9 -8.7 -9.2 22.4 19.1 17.0
31 Liquid -7.2 -6.8 -7.1 18.4 15.1 13.0
33 Dignitas -11.2 -10.8 -11.1 22.6 18.8 17.4
34 EG -15.2 -14.8 -15.1 30.8 25.7 23.9
36 Next.kz -15.2 -14.8 -15.1 30.8 25.7 23.9
37 mouz -19.2 -18.8 -19.1 35.5 29.7 28.2
39 VP -23.2 -22.8 -23.1 41.4 35.8 33.7
40 Fnatic.eu -21.8 -20.8 -21.1 37.4 31.8 29.7
42 Liquid -25.8 -24.8 -25.1 43.1 37.4 34.6
43 mouz -24.2 -22.9 -23.2 39.1 33.4 30.6
44 Quantic -22.8 -21.0 -21.1 35.1 29.4 26.6
45 Quantic -20.8 -18.6 -18.8 31.1 25.4 22.6
46 GU.pe -17.3 -14.8 -14.8 27.1 21.4 18.6
47 VP -21.3 -18.8 -18.8 31.8 25.9 22.4
48 VP -19.9 -17.2 -16.7 27.8 21.9 18.4
51 Liquid -23.9 -21.2 -20.7 38.9 31.5 26.0
52 Fnatic.eu -27.9 -25.2 -24.7 43.0 35.8 30.3
53 VP -31.9 -29.2 -28.7 53.6 44.5 38.4
54 4FC -29.3 -26.0 -25.2 49.6 40.5 34.4
55 mouz -25.5 -22.5 -21.4 45.6 36.5 30.4
57 Dignitas -23.8 -20.3 -19.0 41.6 32.5 26.4
58 Na'Vi -22.5 -18.7 -17.3 37.6 28.5 22.4
59 VP -26.5 -22.7 -21.3 49.0 37.4 30.7
63 EG -30.5 -26.7 -25.3 54.6 42.3 35.6
64 iM`Bashers -26.6 -22.9 -21.5 50.6 38.3 31.6
65 VnR.Alpha -22.9 -19.4 -18.1 46.6 34.3 27.6
67 Ptd.Bravo -26.9 -23.4 -22.1 51.3 39.5 32.2
69 Dignitas -24.2 -20.6 -19.3 47.3 35.5 28.2
70 Quantic -21.1 -17.8 -16.1 43.3 31.5 24.2
71 Liquid -19.7 -16.2 -14.2 39.3 27.5 20.2
72 Neo.int -23.7 -20.2 -18.2 44.2 32.9 25.1
74 Dignitas -27.7 -24.2 -22.2 50.9 39.0 31.2
75 Fnatic.eu -26.4 -22.7 -20.4 46.9 35.0 27.2
76 eN.Legs -24.0 -19.5 -17.0 42.9 31.0 23.2
77 VnR.Alpha -21.4 -17.6 -14.3 38.9 27.0 19.2
78 Fnatic.eu -25.4 -21.6 -18.3 43.6 31.6 23.8
79 Na'Vi -22.4 -18.6 -15.4 39.6 27.6 19.8
80 Liquid -26.4 -22.6 -19.4 47.1 35.5 25.9
81 Neo.int -23.9 -20.6 -17.1 43.1 31.5 21.9
82 Orange -27.9 -24.6 -21.1 50.8 39.1 29.1
83 s4 -31.9 -28.6 -25.1 54.6 44.3 34.5
84 Liquid -35.9 -32.6 -29.1 59.0 48.9 38.6
85 Fnatic.eu -32.6 -29.3 -25.7 55.0 44.9 34.6
88 Liquid -36.6 -33.3 -29.7 60.7 50.5 39.8
89 Liquid -35.1 -31.6 -27.9 56.7 46.5 35.8
90 VP -39.1 -35.6 -31.9 61.2 50.7 40.5
91 Liquid -35.8 -32.7 -29.1 57.2 46.7 36.5
92 Ptd.Bravo -35.8 -32.7 -29.1 57.2 46.7 36.5
93 Na'Vi -34.2 -30.9 -27.1 53.2 42.7 32.5
94 Fnatic.eu -30.5 -27.1 -23.2 49.2 38.7 28.5
95 Na'Vi -28.8 -25.2 -21.1 45.2 34.7 24.5
96 Empire -26.6 -22.9 -18.6 41.2 30.7 20.5
99 VP -23.9 -20.0 -15.4 37.2 26.7 16.5
100 Liquid -21.8 -17.8 -13.0 33.2 22.7 12.5
101 3D -19.4 -14.8 -9.9 29.2 18.7 8.5
102 Dignitas -23.4 -18.8 -13.9 34.6 24.2 14.1
103 Fnatic.eu -19.6 -15.3 -10.5 30.6 20.2 10.1
104 PtD.Alpha -17.9 -13.4 -8.5 26.6 16.2 6.1
105 Liquid -15.2 -10.7 -5.6 22.6 12.2 2.1
106 Dignitas -12.9 -8.2 -2.8 18.6 8.2 -1.9
107 iM`Bashers -10.7 -5.3 0.1 14.6 4.2 -5.9
108 ASF.R5 -9.3 -3.6 1.8 10.6 0.2 -9.9
110 Empire -7.9 -2.0 3.4 6.6 -3.8 -13.9
111 Fnatic.eu -5.9 0.5 6.0 2.6 -7.8 -17.9
113 Fnatic.eu -4.3 2.2 8.3 -1.4 -11.8 -21.9
114 Fnatic.eu -8.3 -1.8 4.3 4.6 -6.2 -16.1
117 VP -7.0 -0.3 6.0 0.6 -10.2 -20.1
119 Fnatic.eu -5.7 1.4 7.9 -3.4 -14.2 -24.1
120 Na'Vi -2.3 5.1 11.7 -7.4 -18.2 -28.1
121 eN.Legs -0.8 6.9 14.0 -11.4 -22.2 -32.1
122 mouz 2.7 10.6 17.5 -15.4 -26.2 -36.1
125 Empire 5.2 13.2 20.3 -19.4 -30.2 -40.1
126 rox.KIS 1.2 9.2 16.3 -12.2 -23.1 -34.1
128 ASF.R5 -2.8 5.2 12.3 -2.3 -14.5 -26.7
130 Alliance -6.8 1.2 8.3 7.4 -6.4 -19.0
131 Na'Vi -3.1 4.9 12.4 3.4 -10.4 -23.0
132 Alliance -7.1 0.9 8.4 12.0 -3.7 -16.5
135 Fnatic.eu -5.8 2.4 10.1 8.0 -7.7 -20.5
137 Na'Vi -3.1 5.3 12.9 4.0 -11.7 -24.5
140 CastersEN -7.1 1.3 8.9 8.8 -6.1 -18.7
141 mouz -4.7 3.9 11.6 4.8 -10.1 -22.7
142 Alliance -8.7 -0.1 7.6 10.0 -5.3 -18.0
144 mouz -12.7 -4.1 3.6 15.4 -0.3 -13.1
145 Alliance -9.5 -0.8 6.8 11.4 -4.3 -17.1
146 Liquid -7.1 1.7 9.6 7.4 -8.3 -21.1
147 4FC -11.1 -2.3 5.6 12.9 -2.8 -15.4
148 Empire -8.4 0.6 8.7 8.9 -6.8 -19.4
150 Fnatic.eu -8.4 0.6 8.7 8.9 -6.8 -19.4
151 EG -12.4 -3.4 4.7 18.4 1.5 -11.4
152 Alliance -9.4 -0.2 7.9 14.4 -2.5 -15.4
153 Liquid -13.4 -4.2 3.9 21.2 5.0 -7.8
154 VP -10.9 -1.8 6.3 17.2 1.0 -11.8
155 iG -8.9 0.5 8.8 13.2 -3.0 -15.8
157 Fnatic.eu -6.6 2.8 11.1 9.2 -7.0 -19.8
158 WH?Dota2 -6.6 2.8 11.1 9.2 -7.0 -19.8
159 VP -10.6 -1.2 7.1 17.2 0.1 -13.8
161 Empire -14.6 -5.2 3.1 22.8 5.6 -8.4
162 rox.KIS -12.7 -3.3 5.1 18.8 1.6 -12.4
163 Lounge -10.1 -0.6 8.0 14.8 -2.4 -16.4
164 Dignitas -8.9 0.9 9.7 10.8 -6.4 -20.4
165 eN.Legs -7.1 2.8 12.0 6.8 -10.4 -24.4
166 Fnatic.eu -5.1 4.9 14.3 2.8 -14.4 -28.4
172 Liquid -3.5 6.5 16.0 -1.2 -18.4 -32.4
173 VP -1.5 8.8 18.5 -5.2 -22.4 -36.4
176 Alliance 0.9 11.7 21.6 -9.2 -26.4 -40.4
178 Dignitas 3.5 15.0 25.0 -13.2 -30.4 -44.4
179 Liquid -0.5 11.0 21.0 -3.4 -21.6 -36.3
180 Empire -4.5 7.0 17.0 8.9 -12.0 -28.0
182 Empire -2.1 9.7 19.9 4.9 -16.0 -32.0
183 Fnatic.eu -6.1 5.7 15.9 12.4 -9.5 -25.7
184 WH?Dota2 -2.9 9.2 19.4 8.4 -13.5 -29.7
185 LGD.int -1.6 10.7 21.1 4.4 -17.5 -33.7
186 Alliance 0.1 12.6 23.1 0.4 -21.5 -37.7
187 VP -3.9 8.6 19.1 7.4 -15.0 -31.8
188 LGD.cn -7.9 4.6 15.1 12.4 -9.7 -26.5
189 Dignitas -11.9 0.6 11.1 19.1 -3.4 -20.7
190 Alliance -15.9 -3.4 7.1 24.9 2.1 -15.2
191 Liquid -19.9 -7.4 3.1 30.0 7.6 -9.8
192 VP -23.9 -11.4 -0.9 34.8 11.9 -5.7
193 VP -27.9 -15.4 -4.9 40.3 17.2 -0.6
194 Alliance -26.2 -13.5 -2.9 36.3 13.2 -4.6
195 Dignitas -30.2 -17.5 -6.9 41.9 19.5 3.1
196 Orange -34.2 -21.5 -10.9 51.1 28.1 11.2
198 iG -32.9 -19.9 -9.0 47.1 24.1 7.2
199 Dignitas -36.9 -23.9 -13.0 52.2 29.2 12.3
200 VP -33.1 -20.3 -9.4 48.2 25.2 8.3
201 Orange -30.1 -17.0 -5.9 44.2 21.2 4.3
202 Alliance -27.5 -14.3 -3.1 40.2 17.2 0.3
203 Alliance -24.2 -10.9 0.4 36.2 13.2 -3.7
204 Fnatic.eu -28.2 -14.9 -3.6 40.4 17.6 0.7
205 Fnatic.eu -32.2 -18.9 -7.6 46.2 23.4 6.4
206 LGD.cn -30.4 -17.1 -5.7 42.2 19.4 2.4
207 Alliance -28.6 -15.1 -3.4 38.2 15.4 -1.6
209 Liquid -27.0 -13.2 -1.2 34.2 11.4 -5.6
210 LGD.cn -24.1 -10.6 1.4 30.2 7.4 -9.6
211 Liquid -21.5 -7.6 4.6 26.2 3.4 -13.6
212 Dignitas -25.5 -11.6 0.6 32.3 9.6 -7.6
213 DK -29.5 -15.6 -3.4 41.2 18.5 0.9
214 Dignitas -25.9 -11.7 0.5 37.2 14.5 -3.1
215 Liquid -23.6 -9.2 3.0 33.2 10.5 -7.1
216 Liquid -27.6 -13.2 -1.0 40.6 17.3 -0.4
217 DK -24.2 -10.3 1.8 36.6 13.3 -4.4
218 Fnatic.eu -22.0 -8.2 4.0 32.6 9.3 -8.4
219 Dignitas -20.3 -6.4 6.0 28.6 5.3 -12.4
220 Fnatic.eu -18.6 -4.6 8.0 24.6 1.3 -16.4
221 Alliance -17.0 -2.8 10.0 20.6 -2.7 -20.4
222 Dignitas -17.0 -2.8 10.0 20.6 -2.7 -20.4
224 mouz -21.0 -6.8 6.0 29.9 6.4 -12.2
227 Kaipi -25.0 -10.8 2.0 39.0 14.6 -5.1
229 Liquid -29.0 -14.8 -2.0 49.2 23.4 2.8
230 VP -26.8 -12.3 0.7 45.2 19.4 -1.2
231 Na'Vi -25.3 -10.7 2.5 41.2 15.4 -5.2
232 Alliance -22.6 -7.8 5.6 37.2 11.4 -9.2
233 mouz -21.0 -6.1 7.5 33.2 7.4 -13.2
234 rox.KIS -19.5 -4.4 9.3 29.2 3.4 -17.2
237 Na'Vi -17.8 -2.6 11.2 25.2 -0.6 -21.2
238 rox.KIS -15.2 0.1 14.1 21.2 -4.6 -25.2
239 Na'Vi -13.8 1.7 15.9 17.2 -8.6 -29.2
242 EG -17.8 -2.3 11.9 25.6 -0.5 -21.5
243 Alliance -15.4 0.3 14.7 21.6 -4.5 -25.5
244 Alliance -13.5 2.5 17.4 17.6 -8.5 -29.5
247 Dignitas -10.8 5.9 21.0 13.6 -12.5 -33.5
248 Liquid -9.2 7.6 22.8 9.6 -16.5 -37.5
249 Fnatic.eu -6.2 10.4 25.7 5.6 -20.5 -41.5
250 Alliance -10.2 6.4 21.7 12.8 -13.2 -34.8
251 Alliance -8.7 8.1 23.5 8.8 -17.2 -38.8
252 VP -12.7 4.1 19.5 15.6 -11.3 -33.3
254 EG -16.7 0.1 15.5 23.4 -4.0 -26.8
255 Na'Vi -15.0 2.0 17.7 19.4 -8.0 -30.8
256 Alliance -13.4 3.9 19.7 15.4 -12.0 -34.8
257 Liquid -10.1 7.4 23.3 11.4 -16.0 -38.8
258 Alliance -8.6 9.1 25.2 7.4 -20.0 -42.8
259 Liquid -5.5 12.4 28.7 3.4 -24.0 -46.8
260 Alliance -3.9 14.2 30.6 -0.6 -28.0 -50.8
261 Liquid -1.6 16.8 33.3 -4.6 -32.0 -54.8
263 Prodota.ru -5.6 12.8 29.3 -0.6 -27.9 -50.8
264 Lounge -9.6 8.8 25.3 5.0 -22.5 -45.5
265 Lounge -9.6 8.8 25.3 5.0 -22.5 -45.5
267 mouz -6.2 12.6 29.2 1.0 -26.5 -49.5
269 EG -10.2 8.6 25.2 7.1 -20.9 -44.1
270 Liquid -8.7 10.3 27.1 3.1 -24.9 -48.1
274 Liquid -7.3 12.0 29.0 -0.9 -28.9 -52.1
277 Na'Vi -5.6 14.0 31.4 -4.9 -32.9 -56.1
279 Dignitas -4.2 15.7 33.4 -8.9 -36.9 -60.1
281 EG -8.2 11.7 29.4 -0.8 -29.9 -53.9
284 Liquid -6.1 14.1 32.0 -4.8 -33.9 -57.9
285 rox.KIS -3.1 17.3 35.4 -8.8 -37.9 -61.9
286 Dignitas -1.6 18.9 37.1 -12.8 -41.9 -65.9
289 Dignitas 0.3 21.2 39.5 -16.8 -45.9 -69.9
290 Na'Vi 2.5 23.5 42.0 -20.8 -49.9 -73.9
291 Alliance 3.9 25.1 43.9 -24.8 -53.9 -77.9
292 rox.KIS -0.1 21.1 39.9 -16.4 -46.5 -71.1
295 Quantic -4.1 17.1 35.9 -11.5 -41.0 -65.6
296 Quantic -1.2 20.2 39.1 -15.5 -45.0 -69.6
297 rox.KIS 0.3 22.0 41.1 -19.5 -49.0 -73.6
298 Zenith 2.2 24.0 43.3 -23.5 -53.0 -77.6
299 rox.KIS 4.2 26.1 45.5 -27.5 -57.0 -81.6
302 EG 6.1 28.3 48.0 -31.5 -61.0 -85.6
303 QPandas 2.1 24.3 44.0 -25.3 -55.3 -80.4
305 mouz 4.1 26.5 46.4 -29.3 -59.3 -84.4
307 rox.KIS 0.1 22.5 42.4 -21.0 -52.7 -78.7
308 Quantic -3.9 18.5 38.4 -15.2 -47.7 -74.0
311 Quantic -7.9 14.5 34.4 -11.1 -43.0 -69.3
312 mouz -11.9 10.5 30.4 -5.5 -37.5 -63.7
313 mouz -15.9 6.5 26.4 1.0 -31.2 -57.8
314 VP -14.5 8.1 28.2 -3.0 -35.2 -61.8
315 Liquid -12.8 9.9 30.1 -7.0 -39.2 -65.8
317 FD -16.8 5.9 26.1 5.8 -29.2 -57.3
318 mouz -13.9 9.1 29.4 1.8 -33.2 -61.3
320 EG -17.9 5.1 25.4 6.3 -28.6 -56.9
322 RS -16.4 6.9 27.5 2.3 -32.6 -60.9
323 TongFu -20.4 2.9 23.5 7.8 -27.1 -55.4
325 RS -17.9 5.8 26.5 3.8 -31.1 -59.4
326 PR -21.9 1.8 22.5 13.9 -21.7 -50.8
327 rox.KIS -25.9 -2.2 18.5 23.9 -13.0 -42.9
328 4FC -29.9 -6.2 14.5 30.2 -6.9 -37.1
329 RAT -26.8 -2.4 18.4 26.2 -10.9 -41.1
331 EG -30.8 -6.4 14.4 34.9 -2.7 -33.5
332 RStars -28.2 -3.3 18.0 30.9 -6.7 -37.5
333 VG -26.8 -1.6 20.0 26.9 -10.7 -41.5
334 VP -25.4 0.2 22.1 22.9 -14.7 -45.5
335 VP -29.4 -3.8 18.1 27.7 -10.4 -41.1
336 MiTH -26.5 -0.5 21.8 23.7 -14.4 -45.1
339 RStars -24.2 2.6 25.0 19.7 -18.4 -49.1
342 Alliance -21.4 5.1 27.6 15.7 -22.4 -53.1
343 Orange -25.4 1.1 23.6 19.4 -18.3 -48.7
344 LGD.cn -29.4 -2.9 19.6 30.0 -8.5 -40.0
345 LGD.cn -27.6 -1.1 21.5 26.0 -12.5 -44.0
347 Orange -31.6 -5.1 17.5 34.3 -6.1 -38.2
348 Na'Vi -30.2 -3.4 19.3 30.3 -10.1 -42.2
349 Quantic -27.2 -0.1 23.0 26.3 -14.1 -46.2
351 Alliance -25.2 2.1 25.3 22.3 -18.1 -50.2
353 iG -23.5 4.0 27.4 18.3 -22.1 -54.2
354 Alliance -19.7 7.6 31.0 14.3 -26.1 -58.2
355 DK -23.7 3.6 27.0 23.2 -16.4 -49.1
357 LGD.cn -22.0 5.4 28.9 19.2 -20.4 -53.1
358 Alliance -20.0 7.5 31.1 15.2 -24.4 -57.1
359 DK -24.0 3.5 27.1 19.4 -19.8 -52.4
360 mouz -22.2 5.4 29.3 15.4 -23.8 -56.4
361 Orange -26.2 1.4 25.3 20.1 -19.4 -52.1
363 Alliance -24.1 3.5 27.4 16.1 -23.4 -56.1
365 rox.KIS -28.1 -0.5 23.4 24.4 -16.1 -49.8
366 Dignitas -32.1 -4.5 19.4 33.1 -7.2 -41.7
368 mouz -30.7 -2.9 21.3 29.1 -11.2 -45.7
369 iCCup -34.7 -6.9 17.3 40.0 -0.8 -36.1
370 iCCup -32.4 -4.2 20.3 36.0 -4.8 -40.1
372 Quantic -36.4 -8.2 16.3 44.5 3.1 -33.3
374 Dignitas -40.4 -12.2 12.3 50.0 8.5 -28.4
375 VG -38.7 -10.2 14.4 46.0 4.5 -32.4
378 VP -37.2 -8.6 16.2 42.0 0.5 -36.4
380 4FC -34.5 -5.6 19.4 38.0 -3.5 -40.4
381 RS -31.5 -2.5 22.6 34.0 -7.5 -44.4
382 Fnatic.eu -35.5 -6.5 18.6 42.4 -0.4 -38.0
383 RS -39.5 -10.5 14.6 51.7 8.8 -29.3
385 Alliance -37.2 -7.5 18.2 47.7 4.8 -33.3
386 TM -34.2 -3.9 22.0 43.7 0.8 -37.3
390 Na'Vi -32.8 -2.3 23.8 39.7 -3.2 -41.3
391 mouz -29.0 1.1 27.2 35.7 -7.2 -45.3
393 Kaipi -33.0 -2.9 23.2 44.9 2.7 -36.8
394 MX -30.8 -0.5 25.9 40.9 -1.3 -40.8
395 LGD.cn -27.5 2.7 29.2 36.9 -5.3 -44.8
397 rox.KIS -25.0 4.8 31.4 32.9 -9.3 -48.8
399 VP -29.0 0.8 27.4 41.3 -1.3 -41.1
400 VP -33.0 -3.2 23.4 45.6 3.5 -36.4
402 DK -37.0 -7.2 19.4 51.7 10.8 -29.3
403 RStars -41.0 -11.2 15.4 63.1 21.4 -20.3
404 MiTH -39.3 -9.3 17.5 59.1 17.4 -24.3
405 mouz -43.3 -13.3 13.5 63.7 22.3 -19.4
407 PR -41.5 -11.0 16.3 59.7 18.3 -23.4
408 TM -39.8 -9.1 18.5 55.7 14.3 -27.4
411 Quantic -43.8 -13.1 14.5 61.1 19.3 -22.7
412 mouz -41.9 -11.0 16.8 57.1 15.3 -26.7
418 VP -40.1 -9.2 18.9 53.1 11.3 -30.7
420 Na'Vi -44.1 -13.2 14.9 60.1 16.7 -25.8
421 Na'Vi -42.6 -11.6 16.7 56.1 12.7 -29.8
422 Liquid -46.6 -15.6 12.7 60.7 17.3 -25.4
423 Quantic -44.0 -13.0 15.5 56.7 13.3 -29.4
424 Kaipi -48.0 -17.0 11.5 67.5 24.1 -19.6
425 mouz -46.1 -14.9 13.8 63.5 20.1 -23.6
426 Artyk -44.2 -12.5 16.6 59.5 16.1 -27.6
428 Kaipi -42.6 -10.5 19.0 55.5 12.1 -31.6
429 Liquid -40.0 -8.0 21.6 51.5 8.1 -35.6
432 Kaipi -38.4 -6.6 23.2 47.5 4.1 -39.6
434 EG -34.9 -3.1 26.6 43.5 0.1 -43.6
436 EG -31.5 0.2 29.9 39.5 -3.9 -47.6
438 Na'Vi -29.5 2.1 31.9 35.5 -7.9 -51.6
440 Orange -27.5 4.6 34.6 31.5 -11.9 -55.6
442 Kaipi -25.4 6.5 36.6 27.5 -15.9 -59.6
444 Artyk -29.4 2.5 32.6 38.4 -5.7 -50.3
448 VP -33.4 -1.5 28.6 49.5 4.0 -41.9
449 VP -31.9 0.4 30.8 45.5 1.06581410364e-14 -45.9
452 EG -30.3 2.2 32.8 41.5 -4.0 -49.9
454 Kaipi -34.3 -1.8 28.8 48.1 1.6 -44.8
455 EG -31.5 1.2 31.8 44.1 -2.4 -48.8
456 Fnatic.eu -35.5 -2.8 27.8 50.1 3.7 -43.1
457 Alliance -33.7 -0.8 29.9 46.1 -0.3 -47.1
458 EG -37.7 -4.8 25.9 50.7 4.6 -42.6
459 Alliance -36.1 -3.0 27.9 46.7 0.6 -46.6
460 Kaipi -40.1 -7.0 23.9 53.1 6.4 -41.1
463 VP -37.4 -4.5 26.6 49.1 2.4 -45.1
464 Fnatic.eu -35.9 -3.0 28.2 45.1 -1.6 -49.1
466 iCCup -34.0 -1.0 30.5 41.1 -5.6 -53.1
467 Na'Vi -32.2 1.1 32.8 37.1 -9.6 -57.1
468 Quantic -30.7 2.6 34.5 33.1 -13.6 -61.1
469 Alliance -29.1 4.2 36.3 29.1 -17.6 -65.1
470 mouz -26.4 6.9 39.2 25.1 -21.6 -69.1
476 Na'Vi -24.9 8.5 41.0 21.1 -25.6 -73.1
477 mouz -22.2 11.5 44.1 17.1 -29.6 -77.1
478 rox.KIS -18.7 14.5 47.2 13.1 -33.6 -81.1
481 TM -17.4 16.2 49.2 9.1 -37.6 -85.1
482 Smeagol -15.6 18.5 51.6 5.1 -41.6 -89.1
483 paiN -19.6 14.5 47.6 13.7 -33.1 -82.0
487 Kaipi -17.4 17.1 50.5 9.7 -37.1 -86.0
489 LGD.int -15.8 18.7 52.4 5.7 -41.1 -90.0
490 paiN.int -13.1 21.8 55.8 1.7 -45.1 -94.0
491 TM -11.8 23.5 57.7 -2.3 -49.1 -98.0
492 iCCup -10.5 25.1 59.5 -6.3 -53.1 -102.0
495 Artyk -9.3 26.7 61.5 -10.3 -57.1 -106.0
496 TongFu -7.3 29.1 64.1 -14.3 -61.1 -110.0
497 DK -11.3 25.1 60.1 -8.8 -55.9 -105.0
500 Liquid -15.3 21.1 56.1 -2.6 -48.9 -98.3
501 eLPride -19.3 17.1 52.1 3.0 -42.5 -91.8
504 VP -17.6 18.9 54.2 -1.0 -46.5 -95.8
509 Keita -14.6 21.3 56.5 -5.0 -50.5 -99.8
510 Fnatic.eu -18.6 17.3 52.5 -0.1 -45.8 -95.6
511 Alliance -16.5 19.6 55.0 -4.1 -49.8 -99.6
515 Alliance -15.0 21.5 57.2 -8.1 -53.8 -103.6
516 Quantic -11.5 25.3 61.3 -12.1 -57.8 -107.6
517 Alliance -10.0 27.1 63.4 -16.1 -61.8 -111.6
518 Alliance -8.0 29.5 66.0 -20.1 -65.8 -115.6
519 FSid3 -6.0 31.9 68.7 -24.1 -69.8 -119.6
521 LGD.int -10.0 27.9 64.7 -14.2 -61.5 -112.2
523 Na'Vi -8.3 29.7 66.7 -18.2 -65.5 -116.2
525 LGD.cn -6.4 31.7 69.0 -22.2 -69.5 -120.2
530 Orange -3.2 35.7 73.3 -26.2 -73.5 -124.2
534 EG -0.4 38.5 76.0 -30.2 -77.5 -128.2
539 Quantic 3.0 41.8 79.4 -34.2 -81.5 -132.2
540 EG 5.6 44.3 82.0 -38.2 -85.5 -136.2
542 Alliance 7.1 45.9 83.8 -42.2 -89.5 -140.2
543 VP 9.7 48.2 86.4 -46.2 -93.5 -144.2
544 EG 5.7 44.2 82.4 -36.0 -83.8 -135.1
545 Alliance 7.2 46.1 84.6 -40.0 -87.8 -139.1
546 Orange 9.7 48.2 86.7 -44.0 -91.8 -143.1
547 iG 11.6 50.0 88.6 -48.0 -95.8 -147.1
548 Liquid 14.7 53.1 91.9 -52.0 -99.8 -151.1
550 Kaipi 10.7 49.1 87.9 -41.8 -89.3 -141.4
556 Fnatic.eu 6.7 45.1 83.9 -36.9 -85.0 -137.4
557 Liquid 2.7 41.1 79.9 -26.4 -76.0 -129.3
558 rox.KIS 4.4 42.9 81.9 -30.4 -80.0 -133.3
559 mouz 7.8 46.6 85.8 -34.4 -84.0 -137.3
561 Orange 3.8 42.6 81.8 -29.8 -78.7 -132.0
562 TongFu 5.5 44.4 83.7 -33.8 -82.7 -136.0
563 iG 8.8 48.2 87.7 -37.8 -86.7 -140.0
564 EG 4.8 44.2 83.7 -30.9 -80.1 -133.9
565 Dignitas 0.8 40.2 79.7 -25.9 -75.6 -129.8
567 mouz 3.8 43.4 83.1 -29.9 -79.6 -133.8
568 Liquid 6.5 46.0 85.8 -33.9 -83.6 -137.8
570 VP 2.5 42.0 81.8 -29.9 -79.5 -133.6
571 DK -1.5 38.0 77.8 -22.5 -72.4 -126.8
573 VP -5.5 34.0 73.8 -10.1 -62.2 -118.1
574 Fnatic.eu -9.5 30.0 69.8 1.8 -51.8 -109.3
575 TongFu -13.5 26.0 65.8 7.3 -46.5 -104.3
576 iCCup -17.5 22.0 61.8 19.7 -36.6 -95.8
577 rox.KIS -15.5 24.1 64.3 15.7 -40.6 -99.8
579 Alliance -12.8 26.9 67.3 11.7 -44.6 -103.8
581 LGD.cn -10.4 29.7 70.4 7.7 -48.6 -107.8
583 iCCup -14.4 25.7 66.4 12.1 -44.2 -103.7
584 Alliance -12.4 28.2 69.1 8.1 -48.2 -107.7
585 VP -10.9 30.0 71.0 4.1 -52.2 -111.7
586 EG -14.9 26.0 67.0 8.7 -47.4 -107.0
588 Zenith -18.9 22.0 63.0 16.1 -39.8 -100.1
589 Alliance -16.9 24.1 65.4 12.1 -43.8 -104.1
590 Na'Vi -15.0 25.9 67.3 8.1 -47.8 -108.1
591 LGD.cn -12.3 28.8 70.3 4.1 -51.8 -112.1
592 Fnatic.eu -10.5 30.8 72.4 0.1 -55.8 -116.1
593 Quantic -8.0 33.3 75.0 -3.9 -59.8 -120.1
594 mouz -4.8 36.6 78.5 -7.9 -63.8 -124.1
595 Alliance -3.2 38.3 80.4 -11.9 -67.8 -128.1
596 mouz -0.4 41.3 83.3 -15.9 -71.8 -132.1
597 Alliance 1.4 43.2 85.3 -19.9 -75.8 -136.1
598 LGD.cn 2.9 44.9 87.2 -23.9 -79.8 -140.1
599 Na'Vi 6.4 47.9 90.1 -27.9 -83.8 -144.1
602 Alliance 8.0 49.7 92.0 -31.9 -87.8 -148.1
605 LGD.int 9.8 51.4 93.9 -35.9 -91.8 -152.1
607 Kaipi 5.8 47.4 89.9 -27.0 -83.2 -144.5
608 Alliance 7.1 48.9 91.6 -31.0 -87.2 -148.5
610 LGD.cn 10.9 52.2 94.9 -35.0 -91.2 -152.5
611 Denial 12.9 54.6 97.6 -39.0 -95.2 -156.5
612 Na'Vi 16.1 57.5 100.4 -43.0 -99.2 -160.5
613 Fnatic.eu 18.9 60.3 103.2 -47.0 -103.2 -164.5
614 EG 22.4 63.7 106.8 -51.0 -107.2 -168.5
616 TongFu 24.2 65.9 109.4 -55.0 -111.2 -172.5
617 VP 25.6 67.5 111.2 -59.0 -115.2 -176.5
619 iG 21.6 63.5 107.2 -53.7 -110.1 -171.5
620 DK 17.6 59.5 103.2 -49.1 -104.5 -165.4
622 Fnatic.eu 19.9 61.6 105.3 -53.1 -108.5 -169.4
623 Alliance 21.5 63.4 107.3 -57.1 -112.5 -173.4
624 Liquid 23.0 65.1 109.2 -61.1 -116.5 -177.4
625 TongFu 19.0 61.1 105.2 -55.4 -111.4 -172.7
626 iCCup 15.0 57.1 101.2 -44.6 -101.9 -164.5
627 EG 16.8 58.8 103.1 -48.6 -105.9 -168.5
629 LGD.cn 12.8 54.8 99.1 -41.7 -98.6 -161.7
630 iG 14.8 56.9 101.4 -45.7 -102.6 -165.7
632 mouz 16.3 58.6 103.3 -49.7 -106.6 -169.7
633 Liquid 19.9 62.2 107.1 -53.7 -110.6 -173.7
634 Na'Vi 22.8 65.0 109.9 -57.7 -114.6 -177.7
635 Dignitas 24.2 66.5 111.7 -61.7 -118.6 -181.7
638 Na'Vi 26.9 69.1 114.4 -65.7 -122.6 -185.7
639 4FC 30.2 71.9 117.2 -69.7 -126.6 -189.7
641 mouz 32.3 74.5 120.0 -73.7 -130.6 -193.7
643 iG 34.6 76.6 122.3 -77.7 -134.6 -197.7
644 rox.KIS 30.6 72.6 118.3 -66.9 -124.5 -188.9
645 VP 26.6 68.6 114.3 -58.4 -116.2 -181.4
646 Fnatic.eu 29.0 70.7 116.5 -62.4 -120.2 -185.4
648 VP 30.7 72.8 118.9 -66.4 -124.2 -189.4
649 Fnatic.eu 34.1 76.2 122.5 -70.4 -128.2 -193.4
650 Fnatic.eu 30.1 72.2 118.5 -66.0 -123.6 -188.7
652 DK 26.1 68.2 114.5 -60.1 -118.0 -183.3
654 DK 28.1 70.8 117.7 -64.1 -122.0 -187.3
657 mouz 29.7 72.7 119.8 -68.1 -126.0 -191.3
659 Na'Vi 31.3 74.3 121.5 -72.1 -130.0 -195.3
661 iG 27.3 70.3 117.5 -66.6 -125.0 -190.6
662 DK 29.0 72.2 119.7 -70.6 -129.0 -194.6
663 RS 25.0 68.2 115.7 -66.1 -124.1 -190.2
665 Orange 27.4 70.8 118.7 -70.1 -128.1 -194.2
666 LGD.cn 29.7 73.5 121.6 -74.1 -132.1 -198.2
667 DK 31.5 75.4 123.8 -78.1 -136.1 -202.2
669 iNfernity 33.8 78.0 127.0 -82.1 -140.1 -206.2
672 Orange 35.4 79.7 128.9 -86.1 -144.1 -210.2
673 LGD.cn 38.4 83.0 132.4 -90.1 -148.1 -214.2
675 EG 34.4 79.0 128.4 -83.7 -141.9 -208.3
676 LGD.cn 36.2 80.9 130.6 -87.7 -145.9 -212.3
677 mouz 38.2 82.9 132.6 -91.7 -149.9 -216.3
679 Fnatic.eu 34.2 78.9 128.6 -82.0 -141.3 -208.5
680 Liquid 30.2 74.9 124.6 -75.4 -134.6 -202.8
681 Quantic 26.2 70.9 120.6 -68.7 -128.7 -197.4
682 mouz 22.2 66.9 116.6 -62.4 -122.8 -192.1
683 rox.KIS 18.2 62.9 112.6 -56.0 -117.1 -186.9
684 VP 22.0 66.5 116.4 -60.0 -121.1 -190.9
685 mouz 24.6 69.5 119.7 -64.0 -125.1 -194.9
686 VP 26.4 71.4 121.8 -68.0 -129.1 -198.9
687 VP 22.4 67.4 117.8 -62.4 -123.9 -193.8
688 VP 24.4 69.5 120.2 -66.4 -127.9 -197.8
689 Kaipi 20.4 65.5 116.2 -62.1 -123.8 -193.6
690 EG 22.3 67.9 118.8 -66.1 -127.8 -197.6
691 Liquid 24.5 70.3 121.4 -70.1 -131.8 -201.6
692 Na'Vi 26.1 71.9 123.2 -74.1 -135.8 -205.6
693 Alliance 27.7 73.6 125.1 -78.1 -139.8 -209.6
695 Alliance 29.7 75.8 127.5 -82.1 -143.8 -213.6
696 Fnatic.eu 31.3 77.4 129.3 -86.1 -147.8 -217.6
697 Kaipi 32.9 79.0 131.1 -90.1 -151.8 -221.6
701 VG 28.9 75.0 127.1 -84.0 -145.6 -215.8
704 EG 24.9 71.0 123.1 -76.0 -138.6 -209.5
706 RS 20.9 67.0 119.1 -70.5 -133.3 -204.3
707 Orange 22.8 68.9 121.2 -74.5 -137.3 -208.3
708 iCCup 18.8 64.9 117.2 -64.6 -128.4 -200.3
709 Kaipi 21.8 68.0 120.5 -68.6 -132.4 -204.3
710 VP 25.0 71.1 123.7 -72.6 -136.4 -208.3
711 mouz 27.7 74.3 127.1 -76.6 -140.4 -212.3
713 MiTH 29.4 76.2 129.3 -80.6 -144.4 -216.3
714 Dreamz 32.3 78.9 132.2 -84.6 -148.4 -220.3
715 mouz 33.8 80.6 134.1 -88.6 -152.4 -224.3
716 mouz 35.9 83.0 136.8 -92.6 -156.4 -228.3
717 mouz 38.8 86.0 139.9 -96.6 -160.4 -232.3
719 Mski 40.9 87.8 141.8 -100.6 -164.4 -236.3
720 MiTH 42.7 89.6 143.8 -104.6 -168.4 -240.3
721 Mski 38.7 85.6 139.8 -95.2 -158.3 -231.1
722 iCCup 40.6 87.6 142.1 -99.2 -162.3 -235.1
724 Kaipi 44.1 91.3 145.9 -103.2 -166.3 -239.1
725 Romania 45.8 93.3 148.2 -107.2 -170.3 -243.1
726 RS 41.8 89.3 144.2 -100.3 -163.3 -236.8
731 iG 43.4 91.2 146.3 -104.3 -167.3 -240.8
734 TongFu 46.4 94.5 149.7 -108.3 -171.3 -244.8
735 Dignitas 49.8 97.6 152.7 -112.3 -175.3 -248.8
737 Na'Vi 52.0 100.0 155.3 -116.3 -179.3 -252.8
741 TongFu 53.5 101.8 157.8 -120.3 -183.3 -256.8
743 Fnatic.eu 57.1 104.9 160.9 -124.3 -187.3 -260.8
744 Alliance 59.6 107.5 163.7 -128.3 -191.3 -264.8
750 Orange 62.2 110.6 166.9 -132.3 -195.3 -268.8
756 Dignitas 58.2 106.6 162.9 -126.9 -190.5 -264.3
757 Alliance 59.8 108.1 164.4 -130.9 -194.5 -268.3
758 iG 61.3 109.9 166.2 -134.9 -198.5 -272.3
759 Orange 62.9 111.7 168.2 -138.9 -202.5 -276.3
762 Na'Vi 65.0 113.7 170.4 -142.9 -206.5 -280.3
770 LGD.cn 66.6 115.4 172.2 -146.9 -210.5 -284.3
772 DK 62.6 111.4 168.2 -141.4 -204.6 -278.9
774 TongFu 58.6 107.4 164.2 -134.8 -198.4 -273.2
775 Liquid 61.5 110.3 167.2 -138.8 -202.4 -277.2
778 DK 62.9 112.1 169.2 -142.8 -206.4 -281.2
782 iG 65.4 114.8 172.1 -146.8 -210.4 -285.2
785 LGD.cn 67.4 117.1 174.6 -150.8 -214.4 -289.2
787 TongFu 70.6 121.0 178.7 -154.8 -218.4 -293.2
788 Dignitas 73.0 123.4 181.3 -158.8 -222.4 -297.2
789 LGD.int 69.0 119.4 177.3 -154.4 -217.8 -292.8
790 AllStarsA 65.0 115.4 173.3 -149.7 -212.5 -287.8
791 Orange 66.7 117.3 175.3 -153.7 -216.5 -291.8
792 Fnatic.eu 69.3 119.8 178.0 -157.7 -220.5 -295.8
794 DK 65.3 115.8 174.0 -153.5 -216.0 -291.5
796 Zenith 67.2 117.8 176.3 -157.5 -220.0 -295.5
798 iG 69.1 119.8 178.5 -161.5 -224.0 -299.5
801 Orange 71.8 122.8 181.7 -165.5 -228.0 -303.5
802 iG 73.9 125.1 184.3 -169.5 -232.0 -307.5
803 Orange 69.9 121.1 180.3 -157.6 -222.4 -299.3
804 TongFu 73.3 125.0 184.3 -161.6 -226.4 -303.3
805 Alliance 76.7 129.0 188.5 -165.6 -230.4 -307.3
806 Orange 72.7 125.0 184.5 -158.5 -224.2 -301.6
807 Na'Vi 74.3 126.7 186.4 -162.5 -228.2 -305.6
808 Alliance 76.7 129.5 189.3 -166.5 -232.2 -309.6
811 RStars 77.9 131.0 191.1 -170.5 -236.2 -313.6
814 Kaipi 79.4 132.8 193.2 -174.5 -240.2 -317.6
817 Lounge 81.4 134.8 195.5 -178.5 -244.2 -321.6
823 GL.eu 82.8 136.4 197.4 -182.5 -248.2 -325.6
825 WARDGS 84.5 138.1 199.4 -186.5 -252.2 -329.6
826 EVOPLAY 86.2 139.6 201.3 -190.5 -256.2 -333.6
827 TS 82.2 135.6 197.3 -185.4 -249.3 -327.1
828 EVOPLAY 84.1 137.5 199.4 -189.4 -253.3 -331.1
830 DUZA 80.1 133.5 195.4 -181.7 -245.7 -323.7
831 Awake 82.0 135.4 197.4 -185.7 -249.7 -327.7
834 Aspera 85.6 138.8 201.0 -189.7 -253.7 -331.7
835 Poseidon 88.5 141.3 203.4 -193.7 -257.7 -335.7
836 Poseidon 90.3 143.4 205.8 -197.7 -261.7 -339.7
837 Next.kz 86.3 139.4 201.8 -191.9 -255.4 -333.7
838 Kaipi 87.9 141.2 204.1 -195.9 -259.4 -337.7
840 TS 91.1 144.4 207.4 -199.9 -263.4 -341.7
842 Menace 87.1 140.4 203.4 -190.5 -254.4 -333.0
843 Empire 89.0 142.1 205.2 -194.5 -258.4 -337.0
845 DUZA 85.0 138.1 201.2 -185.4 -249.9 -329.4
846 Next.kz 88.1 141.4 204.6 -189.4 -253.9 -333.4
847 4FC 84.1 137.4 200.6 -184.8 -248.8 -328.1
848 DUZA 80.1 133.4 196.6 -177.9 -242.3 -322.3
849 Poseidon 83.4 136.8 200.3 -181.9 -246.3 -326.3
854 Life 79.4 132.8 196.3 -177.3 -240.6 -320.8
855 Imp 81.6 135.1 198.8 -181.3 -244.6 -324.8
856 Empire 83.1 136.6 200.5 -185.3 -248.6 -328.8
857 Next.kz 84.9 138.4 202.4 -189.3 -252.6 -332.8
858 FSid3 86.8 140.4 204.8 -193.3 -256.6 -336.8
859 FSid3 82.8 136.4 200.8 -183.5 -245.9 -327.0
860 Bambang 78.8 132.4 196.8 -175.9 -237.7 -319.6
861 Aspera 81.1 134.4 198.9 -179.9 -241.7 -323.6
863 Next.kz 77.1 130.4 194.9 -175.3 -236.7 -318.9
868 GxGaming 73.1 126.4 190.9 -170.3 -230.9 -313.5
869 SFEC 69.1 122.4 186.9 -164.9 -226.0 -309.0
872 Aspera 65.1 118.4 182.9 -156.2 -218.0 -301.7
874 VP 68.4 121.6 186.4 -160.2 -222.0 -305.7
875 Imp 64.4 117.6 182.4 -155.4 -217.2 -301.1
876 MSIEvoGT 66.4 119.9 185.1 -159.4 -221.2 -305.1
879 Empire 69.2 123.0 188.4 -163.4 -225.2 -309.1
880 Empire 65.2 119.0 184.4 -154.5 -216.5 -301.2
881 Quantic 61.2 115.0 180.4 -145.9 -208.9 -294.5
882 rox.KIS 61.2 115.0 180.4 -145.9 -208.9 -294.5
885 Aspera 62.9 116.7 182.3 -149.9 -212.9 -298.5
886 Fnatic.eu 64.3 118.2 184.1 -153.9 -216.9 -302.5
887 MSIEvoGT 60.3 114.2 180.1 -147.5 -211.3 -297.3
888 Mski 62.2 116.2 182.4 -151.5 -215.3 -301.3
890 GL.eu 64.5 118.9 185.3 -155.5 -219.3 -305.3
891 Menace 66.4 120.7 187.3 -159.5 -223.3 -309.3
892 Kaipi 68.4 123.0 189.9 -163.5 -227.3 -313.3
893 Menace 64.4 119.0 185.9 -153.3 -217.2 -304.4
894 Life 66.9 122.0 189.3 -157.3 -221.2 -308.4
895 Next.kz 70.4 125.7 192.9 -161.3 -225.2 -312.4
896 Life 66.4 121.7 188.9 -153.1 -216.2 -303.5
897 Kaipi 68.0 123.6 191.1 -157.1 -220.2 -307.5
898 Mski 69.6 125.3 193.0 -161.1 -224.2 -311.5
900 VP 65.6 121.3 189.0 -154.1 -217.6 -305.5
902 Kaipi 67.8 123.5 191.4 -158.1 -221.6 -309.5
904 SAfrica 63.8 119.5 187.4 -152.6 -216.1 -304.3
907 NoLove 67.4 123.3 191.4 -156.6 -220.1 -308.3
909 VG 68.9 125.2 193.7 -160.6 -224.1 -312.3
910 Empire 64.9 121.2 189.7 -156.5 -220.0 -308.2
912 Kaipi 60.9 117.2 185.7 -152.0 -215.1 -303.5
913 Joiker 56.9 113.2 181.7 -144.4 -208.1 -297.4
914 StayFree 59.2 115.6 184.5 -148.4 -212.1 -301.4
917 Menace 55.2 111.6 180.5 -137.5 -201.2 -291.9
918 DUZA 51.2 107.6 176.5 -132.3 -196.7 -287.6
922 PR 47.2 103.6 172.5 -124.7 -189.8 -281.0
923 DUZA 49.0 105.4 174.6 -128.7 -193.8 -285.0
924 ONE.dota 52.3 108.9 178.6 -132.7 -197.8 -289.0
926 Empire 53.7 110.5 180.3 -136.7 -201.8 -293.0
928 LGD.cn 49.7 106.5 176.3 -132.1 -197.1 -288.2
929 Dreamz 45.7 102.5 172.3 -127.4 -193.0 -284.2
930 MiTH 48.4 104.8 174.7 -131.4 -197.0 -288.2
932 Fnatic.eu 50.4 107.2 177.3 -135.4 -201.0 -292.2
933 Empire 52.7 109.5 179.8 -139.4 -205.0 -296.2
938 Mski 54.5 111.0 181.5 -143.4 -209.0 -300.2
939 Poseidon 57.3 114.4 185.2 -147.4 -213.0 -304.2
940 Next.kz 53.3 110.4 181.2 -142.0 -207.9 -299.3
942 Quantic 49.3 106.4 177.2 -137.5 -202.7 -294.4
948 Empire 51.5 108.7 179.7 -141.5 -206.7 -298.4
953 Kaipi 53.2 110.8 182.2 -145.5 -210.7 -302.4
955 DUZA 57.2 114.2 185.5 -149.5 -214.7 -306.4
961 Life 59.4 117.1 188.8 -153.5 -218.7 -310.4
962 iG 62.6 120.5 192.4 -157.5 -222.7 -314.4
966 TongFu 66.1 123.3 195.1 -161.5 -226.7 -318.4
967 mouz 67.5 124.8 196.8 -165.5 -230.7 -322.4
970 Joiker 70.3 127.7 199.9 -169.5 -234.7 -326.4
971 iG 72.3 130.2 202.7 -173.5 -238.7 -330.4
973 DUZA 68.3 126.2 198.7 -168.6 -233.5 -325.3
974 Fnatic.eu 71.1 128.6 201.2 -172.6 -237.5 -329.3
976 StayFree 72.5 130.3 203.2 -176.6 -241.5 -333.3
977 Na'Vi 74.0 132.0 205.2 -180.6 -245.5 -337.3
978 rox.KIS 70.0 128.0 201.2 -173.5 -237.0 -329.5
979 PR 72.6 130.3 203.6 -177.5 -241.0 -333.5
981 PR 74.6 132.3 205.8 -181.5 -245.0 -337.5
983 Fnatic.eu 76.4 134.0 207.6 -185.5 -249.0 -341.5
984 nAra 72.4 130.0 203.6 -180.1 -243.7 -336.8
985 Inv.kwnku 74.2 132.1 206.0 -184.1 -247.7 -340.8
987 Fnatic.eu 75.8 133.9 208.0 -188.1 -251.7 -344.8
988 4FC 71.8 129.9 204.0 -178.5 -241.6 -335.8
991 Empire 67.8 125.9 200.0 -167.6 -232.2 -327.9
992 PBS 63.8 121.9 196.0 -157.3 -223.9 -320.1
993 SFEC 59.8 117.9 192.0 -148.6 -215.7 -312.8
994 Next.kz 55.8 113.9 188.0 -142.6 -210.0 -307.4
995 Inv.kwnku 57.5 116.0 190.6 -146.6 -214.0 -311.4
996 rox.KIS 60.2 118.4 193.1 -150.6 -218.0 -315.4
998 Mski 63.3 121.2 196.1 -154.6 -222.0 -319.4
999 Empire 65.2 123.6 198.8 -158.6 -226.0 -323.4
1000 Inv.kwnku 66.9 125.5 200.9 -162.6 -230.0 -327.4
1001 FD 68.6 127.5 203.4 -166.6 -234.0 -331.4
1002 Empire 70.1 129.3 205.6 -170.6 -238.0 -335.4
1003 Kaipi 73.3 133.3 209.8 -174.6 -242.0 -339.4
1004 EG 74.9 135.0 211.7 -178.6 -246.0 -343.4
1005 Dignitas 70.9 131.0 207.7 -166.5 -236.1 -335.0
1007 rox.KIS 74.0 133.9 210.8 -170.5 -240.1 -339.0
1010 Aspera 70.0 129.9 206.8 -163.1 -233.1 -332.4
1011 Imp 66.0 125.9 202.8 -159.1 -228.2 -327.8
1012 DK 67.3 127.4 204.6 -163.1 -232.2 -331.8
1013 Empire 67.3 127.4 204.6 -163.1 -232.2 -331.8
1014 Na'Vi 63.3 123.4 200.6 -158.3 -228.0 -327.8
1015 StayFree 65.0 125.8 203.3 -162.3 -232.0 -331.8
1019 Empire 66.9 128.2 206.0 -166.3 -236.0 -335.8
1020 Na'Vi 68.6 129.9 207.9 -170.3 -240.0 -339.8
1023 VG 70.6 132.1 210.1 -174.3 -244.0 -343.8
1024 LGD.cn 72.9 134.1 212.1 -178.3 -248.0 -347.8
1026 PBS 76.3 138.1 216.0 -182.3 -252.0 -351.8
1027 Next.kz 72.3 134.1 212.0 -176.2 -244.4 -344.5
1029 rox.KIS 74.9 137.2 215.3 -180.2 -248.4 -348.5
1031 Empire 77.7 139.9 218.1 -184.2 -252.4 -352.5
1033 LGD.cn 81.3 143.4 221.6 -188.2 -256.4 -356.5
1036 4FC 77.3 139.4 217.6 -182.1 -250.4 -351.1
1037 VP 73.3 135.4 213.6 -170.1 -241.2 -343.2
1038 Aspera 69.3 131.4 209.6 -165.6 -236.7 -338.6
1040 PBS 70.7 133.4 211.9 -169.6 -240.7 -342.6
1042 Empire 72.2 135.1 213.8 -173.6 -244.7 -346.6
1044 Quantic 74.2 137.7 216.5 -177.6 -248.7 -350.6
1047 EG 70.2 133.7 212.5 -168.7 -240.7 -344.1
1048 MiTH 71.8 135.4 214.5 -172.7 -244.7 -348.1
1049 Dreamz 73.7 137.6 217.0 -176.7 -248.7 -352.1
1052 DK 75.3 139.5 219.1 -180.7 -252.7 -356.1
1053 Kaipi 71.3 135.5 215.1 -175.1 -247.3 -350.8
1054 TR 75.0 138.9 218.5 -179.1 -251.3 -354.8
1058 UR 71.0 134.9 214.5 -174.2 -246.7 -350.5
1059 TongFu 72.8 136.4 216.1 -178.2 -250.7 -354.5
1060 LGD.int 75.0 138.7 218.6 -182.2 -254.7 -358.5
1061 RS.int 76.5 140.5 220.7 -186.2 -258.7 -362.5
1062 MiTH 78.2 142.2 222.6 -190.2 -262.7 -366.5
1067 Hearts 79.7 143.8 224.4 -194.2 -266.7 -370.5
1068 rox.KIS 81.6 145.8 226.7 -198.2 -270.7 -374.5
1069 Poseidon 77.6 141.8 222.7 -191.4 -263.2 -367.0
1070 Quantic 73.6 137.8 218.7 -181.1 -253.9 -358.6
1071 Quantic 75.4 139.4 220.5 -185.1 -257.9 -362.6
1073 Titan 76.9 140.9 222.1 -189.1 -261.9 -366.6
1078 VP 79.2 143.2 224.6 -193.1 -265.9 -370.6
1080 SYF 81.7 145.2 226.7 -197.1 -269.9 -374.6
1084 Arcanys 77.7 141.2 222.7 -192.7 -264.1 -369.0
1086 MVP 73.7 137.2 218.7 -187.4 -258.5 -363.5
1087 UR 75.6 139.2 220.8 -191.4 -262.5 -367.5
1093 Lowyat 71.6 135.2 216.8 -185.6 -256.7 -362.0
1094 DK 73.9 137.8 219.8 -189.6 -260.7 -366.0
1098 Lowyat 69.9 133.8 215.8 -179.0 -250.5 -357.3
1099 rox.KIS 72.1 136.1 218.3 -183.0 -254.5 -361.3
1100 Aspera 76.1 139.0 221.1 -187.0 -258.5 -365.3
1103 FD 76.1 139.0 221.1 -187.0 -258.5 -365.3
1107 Rain 72.1 135.0 217.1 -181.8 -253.7 -360.7
1108 eN.Legs 73.6 137.0 219.5 -185.8 -257.7 -364.7
1110 bvd.dotA 75.7 139.4 222.3 -189.8 -261.7 -368.7
1113 Imp 77.6 142.1 225.4 -193.8 -265.7 -372.7
1116 NJ&Kids 73.6 138.1 221.4 -188.7 -259.4 -366.5
1119 FD 69.6 134.1 217.4 -181.9 -253.0 -360.6
1120 Ahead.kz 70.9 135.6 219.2 -185.9 -257.0 -364.6
1124 bvd.dotA 72.9 137.4 221.0 -189.9 -261.0 -368.6
1125 Empire 74.5 139.0 222.6 -193.9 -265.0 -372.6
1127 EG 76.8 141.5 225.4 -197.9 -269.0 -376.6
1128 TakeFive 80.0 145.9 230.1 -201.9 -273.0 -380.6
1130 TongFu 81.6 147.7 232.1 -205.9 -277.0 -384.6
1133 MUFC 77.6 143.7 228.1 -195.6 -267.6 -376.1
1134 PR 73.6 139.7 224.1 -191.3 -263.6 -372.1
1136 Empire 75.0 141.3 225.9 -195.3 -267.6 -376.1
1138 CSW 77.7 144.3 229.2 -199.3 -271.6 -380.1
1139 VT 79.7 146.7 231.9 -203.3 -275.6 -384.1
1140 SYM 75.7 142.7 227.9 -197.2 -269.0 -377.6
1141 EOT 77.0 144.9 230.5 -201.2 -273.0 -381.6
1142 SYF 80.5 148.1 233.6 -205.2 -277.0 -385.6
1145 Fnatic.eu 83.2 150.4 236.0 -209.2 -281.0 -389.6
1148 HR 84.9 152.6 238.6 -213.2 -285.0 -393.6
1150 Speed 86.9 155.8 242.3 -217.2 -289.0 -397.6
1154 Alliance 86.9 155.8 242.3 -217.2 -289.0 -397.6
1160 Na'Vi 82.9 151.8 238.3 -209.2 -283.5 -392.6
1161 FD 84.7 153.8 240.3 -213.2 -287.5 -396.6
1164 Titan 80.7 149.8 236.3 -206.3 -279.4 -388.7
1166 CSW 84.2 152.7 239.2 -210.3 -283.4 -392.7
1167 EOT 86.1 154.6 241.4 -214.3 -287.4 -396.7
1168 LGD.cn 87.9 156.4 243.4 -218.3 -291.4 -400.7
1170 VG 90.0 158.5 245.7 -222.3 -295.4 -404.7
1173 Empire 91.7 160.2 247.6 -226.3 -299.4 -408.7
1176 LGD.cn 87.7 156.2 243.6 -214.6 -289.8 -400.5
1177 TongFu 89.2 157.6 245.2 -218.6 -293.8 -404.5
1179 RStars 85.2 153.6 241.2 -209.5 -285.2 -396.8
1180 Empire 81.2 149.6 237.2 -204.3 -280.7 -392.7
1182 Fnatic.eu 85.1 152.6 240.1 -208.3 -284.7 -396.7
1186 iG 87.3 155.4 242.9 -212.3 -288.7 -400.7
1187 StayFree 83.3 151.4 238.9 -207.4 -283.5 -395.2
1193 Speed 79.3 147.4 234.9 -202.9 -278.4 -390.1
1194 Dignitas 80.8 148.9 236.6 -206.9 -282.4 -394.1
1197 CSW 82.2 150.6 238.4 -210.9 -286.4 -398.1
1198 Aspera 85.2 153.5 241.5 -214.9 -290.4 -402.1
1199 Menace 86.9 155.4 243.7 -218.9 -294.4 -406.1
1201 Aspera 82.9 151.4 239.7 -214.1 -289.7 -401.8
1207 mouz 78.9 147.4 235.7 -207.8 -283.4 -395.9
1208 Imp 74.9 143.4 231.7 -199.3 -273.9 -386.9
1209 MiTH 70.9 139.4 227.7 -192.3 -267.6 -381.1
1211 mouz 66.9 135.4 223.7 -186.6 -262.3 -376.0
1212 Fnatic.eu 68.8 137.6 226.2 -190.6 -266.3 -380.0
1213 Poseidon 64.8 133.6 222.2 -183.3 -258.2 -372.2
1214 VG 60.8 129.6 218.2 -177.1 -250.9 -365.4
1216 LGD.cn 62.2 131.4 220.4 -181.1 -254.9 -369.4
1217 Speed 58.2 127.4 216.4 -171.1 -245.6 -361.1
1218 CSW 54.2 123.4 212.4 -164.7 -239.8 -355.9
1219 NoX 50.2 119.4 208.4 -159.9 -235.1 -351.5
1220 Empire 51.5 121.0 210.3 -163.9 -239.1 -355.5
1221 iG 47.5 117.0 206.3 -152.6 -230.2 -348.5
1222 LGD.cn 49.4 118.6 208.0 -156.6 -234.2 -352.5
1227 Empire 51.2 120.8 210.4 -160.6 -238.2 -356.5
1229 StayFree 47.2 116.8 206.4 -153.9 -232.6 -351.7
1230 Property 43.2 112.8 202.4 -141.2 -222.2 -343.1
1231 TTD 39.2 108.8 198.4 -133.9 -213.5 -335.2
1234 VG 41.1 111.0 201.0 -137.9 -217.5 -339.2
1236 Speed 41.1 111.0 201.0 -137.9 -217.5 -339.2
1237 FSid3 37.1 107.0 197.0 -127.5 -208.0 -330.8
1239 RStars 38.5 109.0 199.5 -131.5 -212.0 -334.8
1240 Na'Vi 40.2 110.8 201.5 -135.5 -216.0 -338.8
1242 mouz 41.8 112.8 203.8 -139.5 -220.0 -342.8
1244 Sigma.int 43.5 115.4 207.1 -143.5 -224.0 -346.8
1246 Liquid 46.1 118.2 210.1 -147.5 -228.0 -350.8
1249 Alliance 42.1 114.2 206.1 -143.5 -223.9 -346.6
1251 UR 43.6 116.1 208.2 -147.5 -227.9 -350.6
1254 Startale 43.6 116.1 208.2 -147.5 -227.9 -350.6
1255 Empire 45.6 118.2 210.5 -151.5 -231.9 -354.6
1257 mouz 41.6 114.2 206.5 -139.7 -222.1 -346.2
1259 Sigma.int 43.6 116.9 209.5 -143.7 -226.1 -350.2
1260 Sigma.int 39.6 112.9 205.5 -139.5 -221.6 -345.8
1261 mouz 35.6 108.9 201.5 -131.5 -215.7 -340.3
1265 Fnatic.eu 31.6 104.9 197.5 -123.4 -208.2 -333.7
1267 Na'Vi 33.0 106.5 199.3 -127.4 -212.2 -337.7
1270 MiTH 35.7 108.8 201.9 -131.4 -216.2 -341.7
1271 SYF 38.0 111.4 205.0 -135.4 -220.2 -345.7
1272 iG 40.0 113.9 207.8 -139.4 -224.2 -349.7
1274 LGD.cn 41.5 115.4 209.4 -143.4 -228.2 -353.7
1275 FXopen 43.2 117.4 211.5 -147.4 -232.2 -357.7
1276 CSW 44.7 119.1 213.4 -151.4 -236.2 -361.7
1277 Mski 40.7 115.1 209.4 -146.8 -232.4 -358.1
1280 MiTH 40.7 115.1 209.4 -146.8 -232.4 -358.1
1281 Speed 43.5 118.1 212.6 -150.8 -236.4 -362.1
1286 LGD.int 45.6 120.7 215.3 -154.8 -240.4 -366.1
1288 Alliance 47.4 122.6 217.2 -158.8 -244.4 -370.1
1289 Titan 43.4 118.6 213.2 -153.7 -239.4 -365.2
1290 Lowyat 39.4 114.6 209.2 -147.6 -233.8 -359.8
1291 PR 42.8 117.2 211.9 -151.6 -237.8 -363.8
1292 SSD 38.8 113.2 207.9 -143.2 -228.4 -354.8
1295 Fnatic.eu 34.8 109.2 203.9 -138.3 -223.7 -350.4
1296 mouz 36.5 111.0 205.9 -142.3 -227.7 -354.4
1297 EG 38.9 113.3 208.5 -146.3 -231.7 -358.4
1298 Titan 41.6 116.3 211.9 -150.3 -235.7 -362.4
1300 4FC 43.6 118.4 214.3 -154.3 -239.7 -366.4
1301 Hearts 44.9 120.0 216.1 -158.3 -243.7 -370.4
1302 DK 47.1 122.5 218.8 -162.3 -247.7 -374.4
1304 Empire 50.5 125.4 221.5 -166.3 -251.7 -378.4
1309 4FC 52.7 127.3 223.6 -170.3 -255.7 -382.4
1311 Sleisel 48.7 123.3 219.6 -166.3 -251.4 -378.2
1312 Arteezy 50.7 125.3 221.8 -170.3 -255.4 -382.2
1313 EG 46.7 121.3 217.8 -164.7 -249.5 -376.8
1319 Empire 48.8 122.9 219.4 -168.7 -253.5 -380.8
1320 Orange 52.5 125.7 222.0 -172.7 -257.5 -384.8
1325 Kawai 48.5 121.7 218.0 -160.6 -247.6 -375.5
1328 Dignitas 50.2 123.4 219.8 -164.6 -251.6 -379.5
1330 Na'Vi 52.2 125.2 221.8 -168.6 -255.6 -383.5
1334 iG 53.7 127.0 224.0 -172.6 -259.6 -387.5
1337 Startale 56.2 129.4 226.7 -176.6 -263.6 -391.5
1338 Liquid 57.6 130.9 228.4 -180.6 -267.6 -395.5
1343 Fnatic.eu 53.6 126.9 224.4 -172.6 -258.5 -387.0
1349 Alliance 49.6 122.9 220.4 -168.7 -254.4 -382.6
1350 Fnatic.eu 45.6 118.9 216.4 -163.1 -248.5 -376.6
1353 Alliance 47.3 120.6 218.3 -167.1 -252.5 -380.6
1358 VP 43.3 116.6 214.3 -161.2 -246.9 -375.3
1363 Speed 45.4 118.6 216.7 -165.2 -250.9 -379.3
1364 Na'Vi 47.2 120.5 218.7 -169.2 -254.9 -383.3
1367 Liquid 48.8 122.4 220.9 -173.2 -258.9 -387.3
1370 LGD.int 44.8 118.4 216.9 -164.0 -248.5 -377.8
1374 VP 48.3 122.2 220.6 -168.0 -252.5 -381.8
1375 Startale 44.3 118.2 216.6 -157.5 -245.9 -376.3
1377 LGD.cn 45.8 119.8 218.4 -161.5 -249.9 -380.3
1378 Imp 48.6 123.3 222.1 -165.5 -253.9 -384.3
1383 LGD.cn 50.1 125.1 224.1 -169.5 -257.9 -388.3
1385 Na'Vi 46.1 121.1 220.1 -163.4 -252.7 -383.6
1386 StayFree 42.1 117.1 216.1 -153.0 -242.6 -374.6
1387 LGD.cn 45.2 120.3 219.4 -157.0 -246.6 -378.6
1392 EG 48.1 123.7 222.8 -161.0 -250.6 -382.6
1393 Fnatic.eu 51.4 126.4 225.5 -165.0 -254.6 -386.6
1394 LGD.cn 55.0 130.5 229.4 -169.0 -258.6 -390.6
1395 iG 58.4 133.3 232.3 -173.0 -262.6 -394.6
1398 Alliance 54.4 129.3 228.3 -168.4 -258.0 -390.0
1400 VP 56.3 131.5 230.9 -172.4 -262.0 -394.0
1401 Alliance 58.1 133.2 232.8 -176.4 -266.0 -398.0
1402 Liquid 60.2 135.4 235.1 -180.4 -270.0 -402.0
1406 EG 56.2 131.4 231.1 -171.9 -262.7 -395.9
1408 Liquid 57.9 133.3 233.2 -175.9 -266.7 -399.9
1409 Liquid 53.9 129.3 229.2 -170.9 -261.7 -395.1
1416 Liquid 55.7 131.1 231.1 -174.9 -265.7 -399.1
1420 FD 59.2 134.0 234.3 -178.9 -269.7 -403.1
1421 Na'Vi 60.7 135.6 236.2 -182.9 -273.7 -407.1
1422 EG 56.7 131.6 232.2 -178.9 -269.4 -402.8
1426 Speed 58.1 133.1 233.9 -182.9 -273.4 -406.8
1428 EG 54.1 129.1 229.9 -175.4 -265.0 -398.6
1433 iG 50.1 125.1 225.9 -168.4 -259.0 -393.3
1434 MiTH 53.2 127.9 228.7 -172.4 -263.0 -397.3
1435 mouz 56.7 131.0 231.7 -176.4 -267.0 -401.3
1437 Liquid 58.7 133.2 234.1 -180.4 -271.0 -405.3
1440 Alliance 61.2 135.9 237.1 -184.4 -275.0 -409.3
1441 PR 57.2 131.9 233.1 -176.5 -267.0 -401.5
1444 Fnatic.eu 53.2 127.9 229.1 -172.1 -263.0 -397.6
1445 Speed 55.0 130.3 231.8 -176.1 -267.0 -401.6
1446 mouz 51.0 126.3 227.8 -168.8 -260.7 -395.8
1447 FD 47.0 122.3 223.8 -160.6 -253.0 -388.6
1448 MiTH 43.0 118.3 219.8 -154.4 -246.2 -382.2
1449 Titan 44.9 120.0 221.6 -158.4 -250.2 -386.2
1453 Liquid 47.3 122.7 224.4 -162.4 -254.2 -390.2
1456 Liquid 48.8 124.5 226.4 -166.4 -258.2 -394.2
1459 Na'Vi 50.5 126.0 228.1 -170.4 -262.2 -398.2
1461 rox.KIS 46.5 122.0 224.1 -160.8 -253.4 -390.1
1462 rox.KIS 48.0 123.5 225.8 -164.8 -257.4 -394.1
1463 Na'Vi 50.1 125.4 227.8 -168.8 -261.4 -398.1
1465 DK 51.6 126.9 229.4 -172.8 -265.4 -402.1
1467 Sigma.int 47.6 122.9 225.4 -167.8 -259.8 -396.6
1468 Alliance 49.4 124.8 227.4 -171.8 -263.8 -400.6
1469 Alliance 49.4 124.8 227.4 -171.8 -263.8 -400.6
1471 Mts 45.4 120.8 223.4 -163.0 -257.2 -395.2
1472 rox.KIS 41.4 116.8 219.4 -154.6 -251.2 -390.0
1475 TongFu3 43.2 118.5 221.3 -158.6 -255.2 -394.0
1480 Na'Vi 44.9 120.0 222.9 -162.6 -259.2 -398.0
1481 DK 40.9 116.0 218.9 -153.3 -251.0 -391.3
1484 DK 42.8 118.2 221.4 -157.3 -255.0 -395.3
1485 EG 38.8 114.2 217.4 -150.0 -248.3 -388.9
1486 Sigma.int 34.8 110.2 213.4 -145.8 -243.3 -383.8
1487 VG 36.9 112.6 216.1 -149.8 -247.3 -387.8
1488 Imp 38.7 114.6 218.6 -153.8 -251.3 -391.8
1489 Na'Vi 40.4 116.3 220.5 -157.8 -255.3 -395.8
1491 Fnatic.eu 43.6 119.7 224.2 -161.8 -259.3 -399.8
1493 Sigma.int 39.6 115.7 220.2 -156.9 -253.7 -394.2
1496 Sigma.int 41.5 118.0 222.9 -160.9 -257.7 -398.2
1502 DK 44.8 122.0 227.1 -164.9 -261.7 -402.2
1503 Speed 47.3 124.1 229.5 -168.9 -265.7 -406.2
1504 Sigma.int 50.3 127.3 232.8 -172.9 -269.7 -410.2
1505 Na'Vi 46.3 123.3 228.8 -168.5 -265.3 -406.1
1507 DK 48.0 125.0 230.5 -172.5 -269.3 -410.1
1509 Speed 51.4 128.6 234.2 -176.5 -273.3 -414.1
1510 Na'Vi 52.9 130.2 236.0 -180.5 -277.3 -418.1
1514 Fnatic.eu 48.9 126.2 232.0 -174.6 -271.5 -412.2
1516 DK 44.9 122.2 228.0 -170.4 -266.4 -407.1
1517 Speed 48.0 125.3 231.2 -174.4 -270.4 -411.1
1518 Speed 44.0 121.3 227.2 -164.7 -262.0 -403.5
1519 Orange 47.3 123.9 229.8 -168.7 -266.0 -407.5
1520 Titan 49.9 126.4 232.4 -172.7 -270.0 -411.5
1521 Next.kz 51.7 128.5 234.9 -176.7 -274.0 -415.5
1522 Next.kz 47.7 124.5 230.9 -170.3 -267.8 -409.9
1524 Aspera 49.1 126.3 232.9 -174.3 -271.8 -413.9
1525 mouz 51.9 129.0 235.7 -178.3 -275.8 -417.9
1526 TongFu3 54.3 131.5 238.5 -182.3 -279.8 -421.9
1530 Empire 55.8 133.2 240.4 -186.3 -283.8 -425.9
1531 Aspera 57.2 134.7 242.1 -190.3 -287.8 -429.9
1532 Poseidon 53.2 130.7 238.1 -185.1 -282.5 -425.2
1534 Poseidon 55.1 132.6 240.2 -189.1 -286.5 -429.2
1535 Venum 57.1 135.1 243.0 -193.1 -290.5 -433.2
1536 Hearts 60.8 138.2 246.1 -197.1 -294.5 -437.2
1537 FL 56.8 134.2 242.1 -187.3 -283.3 -427.6
1538 NoX 52.8 130.2 238.1 -179.8 -274.9 -419.8
1539 Next.kz 55.5 132.5 240.5 -183.8 -278.9 -423.8
1540 Next.kz 58.1 135.2 243.5 -187.8 -282.9 -427.8
1541 PR 54.1 131.2 239.5 -181.1 -276.8 -422.3
1542 rox.KIS 56.4 133.7 242.4 -185.1 -280.8 -426.3
1543 Fnatic.eu 59.0 136.1 244.9 -189.1 -284.8 -430.3
1544 SSD 60.7 138.0 247.0 -193.1 -288.8 -434.3
1545 LGD.cn 62.2 139.8 249.2 -197.1 -292.8 -438.3
1547 Fnatic.eu 58.2 135.8 245.2 -187.2 -282.6 -428.7
1548 Na'Vi 59.8 137.4 247.0 -191.2 -286.6 -432.7
1553 Fnatic.eu 55.8 133.4 243.0 -181.9 -277.8 -425.1
1554 Alliance 57.7 135.2 244.9 -185.9 -281.8 -429.1
1555 Mski 61.4 139.1 248.8 -189.9 -285.8 -433.1
1556 LGD.cn 64.9 142.7 252.5 -193.9 -289.8 -437.1
1557 LGD.int 60.9 138.7 248.5 -185.2 -280.3 -428.6
1558 FD 56.9 134.7 244.5 -179.6 -275.3 -423.9
1559 Na'Vi 56.9 134.7 244.5 -179.6 -275.3 -423.9
1560 EOT 58.9 136.7 246.7 -183.6 -279.3 -427.9
1561 Na'Vi 61.6 139.2 249.3 -187.6 -283.3 -431.9
1562 VG 57.6 135.2 245.3 -180.6 -273.6 -422.8
1563 FL 60.6 138.2 248.7 -184.6 -277.6 -426.8
1564 Mski 64.1 141.1 251.6 -188.6 -281.6 -430.8
1565 NSG 60.1 137.1 247.6 -183.9 -275.7 -424.9
1569 Next.kz 56.1 133.1 243.6 -177.8 -268.9 -418.6
1570 SSD 52.1 129.1 239.6 -173.8 -264.4 -413.9
1571 PR 54.9 131.8 242.4 -177.8 -268.4 -417.9
1573 iG 56.7 133.7 244.7 -181.8 -272.4 -421.9
1575 iG 52.7 129.7 240.7 -177.4 -268.0 -417.5
1576 5inQ 54.2 131.6 243.0 -181.4 -272.0 -421.5
1577 MVP.P 57.5 134.5 245.8 -185.4 -276.0 -425.5
1578 VG 53.5 130.5 241.8 -176.2 -267.1 -417.2
1583 Sigma.int 54.9 132.2 243.8 -180.2 -271.1 -421.2
1584 SSD 57.3 135.0 246.7 -184.2 -275.1 -425.2
1586 Fnatic.eu 53.3 131.0 242.7 -174.6 -265.7 -415.9
1587 Idol 54.8 132.8 245.0 -178.6 -269.7 -419.9
1588 LGD.cn 50.8 128.8 241.0 -174.3 -263.9 -413.6
1591 VG 46.8 124.8 237.0 -170.2 -259.6 -409.3
1592 VG 50.5 128.5 240.9 -174.2 -263.6 -413.3
1594 FD 46.5 124.5 236.9 -165.4 -253.6 -404.1
1595 Idol 42.5 120.5 232.9 -159.3 -245.7 -396.0
1596 Kawai 38.5 116.5 228.9 -155.0 -241.2 -391.3
1597 Empire 40.3 118.3 230.7 -159.0 -245.2 -395.3
1599 OsG 36.3 114.3 226.7 -150.2 -237.4 -388.2
1600 TR 32.3 110.3 222.7 -139.3 -229.0 -381.1
1601 SSD 35.6 113.2 225.6 -143.3 -233.0 -385.1
1602 VP 37.3 115.1 227.6 -147.3 -237.0 -389.1
1604 Sigma.int 33.3 111.1 223.6 -136.9 -226.2 -379.0
1605 VG 35.7 114.0 226.8 -140.9 -230.2 -383.0
1606 CSW 31.7 110.0 222.8 -136.4 -226.5 -379.1
1608 VP 27.7 106.0 218.8 -126.5 -217.6 -371.6
1609 Empire 32.0 109.5 222.2 -130.5 -221.6 -375.6
1610 VP 35.3 113.2 226.1 -134.5 -225.6 -379.6
1612 Fnatic.eu 37.2 115.1 228.3 -138.5 -229.6 -383.6
1615 Speed 40.1 117.9 231.4 -142.5 -233.6 -387.6
1617 Siltherin 42.1 120.2 234.0 -146.5 -237.6 -391.6
1618 FD 43.7 121.9 236.1 -150.5 -241.6 -395.6
1619 XctN 46.0 124.5 238.9 -154.5 -245.6 -399.6
1620 VP 47.5 125.9 240.5 -158.5 -249.6 -403.6
1622 Aspera 43.5 121.9 236.5 -152.4 -243.2 -397.6
1623 SSD 45.4 123.8 238.5 -156.4 -247.2 -401.6
1624 PR 47.0 125.6 240.5 -160.4 -251.2 -405.6
1625 Idol 43.0 121.6 236.5 -151.3 -242.4 -397.9
1627 MVP 45.0 123.3 238.3 -155.3 -246.4 -401.9
1630 Na'Vi 47.6 125.6 240.8 -159.3 -250.4 -405.9
1632 Fnatic.eu 43.6 121.6 236.8 -153.6 -244.6 -400.1
1633 Startale 47.1 124.3 239.3 -157.6 -248.6 -404.1
1635 VG 43.1 120.3 235.3 -152.5 -241.4 -396.4
1637 Na'Vi 45.0 122.1 237.2 -156.5 -245.4 -400.4
1638 VG 48.0 126.4 241.9 -160.5 -249.4 -404.4
1639 Fnatic.eu 44.0 122.4 237.9 -154.7 -243.6 -399.2
1640 FD 47.1 126.0 241.5 -158.7 -247.6 -403.2
1641 RRQ 43.1 122.0 237.5 -149.5 -237.6 -393.6
1642 MiTH 44.8 124.1 239.7 -153.5 -241.6 -397.6
1643 VG 47.2 127.2 243.1 -157.5 -245.6 -401.6
1644 iG 43.2 123.2 239.1 -151.5 -240.1 -396.3
1645 RRQ 45.6 125.5 241.5 -155.5 -244.1 -400.3
1646 RRQ 41.6 121.5 237.5 -151.2 -239.2 -395.1
1647 MiTH 37.6 117.5 233.5 -145.5 -234.0 -390.6
1648 Poseidon 33.6 113.5 229.5 -137.1 -225.6 -382.5
1649 VP 37.3 117.5 233.4 -141.1 -229.6 -386.5
1650 VP 39.2 119.7 235.6 -145.1 -233.6 -390.5
1651 rox.KIS 40.9 121.4 237.5 -149.1 -237.6 -394.5
1653 mouz 42.5 123.0 239.3 -153.1 -241.6 -398.5
1655 RRQ 45.0 124.9 241.2 -157.1 -245.6 -402.5
1656 HR 41.0 120.9 237.2 -148.1 -235.0 -392.7
1659 Alliance 37.0 116.9 233.2 -143.8 -230.3 -388.1
1661 Alliance 39.7 119.7 236.2 -147.8 -234.3 -392.1
1666 Lowyat 35.7 115.7 232.2 -141.1 -228.6 -387.0
1667 Fnatic.eu 37.2 117.1 233.8 -145.1 -232.6 -391.0
1669 Neon 33.2 113.1 229.8 -136.4 -224.5 -384.0
1670 MiTH 37.3 116.9 233.1 -140.4 -228.5 -388.0
1671 Neon 40.7 120.2 236.6 -144.4 -232.5 -392.0
1672 MiTH 42.6 122.1 238.7 -148.4 -236.5 -396.0
1673 rox.KIS 45.4 125.4 242.4 -152.4 -240.5 -400.0
1675 Empire 49.0 129.2 246.3 -156.4 -244.5 -404.0
1679 Speed 50.7 130.9 248.2 -160.4 -248.5 -408.0
1680 Mski 54.0 133.8 251.1 -164.4 -252.5 -412.0
1683 rox.KIS 55.3 135.4 253.0 -168.4 -256.5 -416.0
1690 Mski 57.3 136.9 254.5 -172.4 -260.5 -420.0
1702 DK 60.8 140.3 257.9 -176.4 -264.5 -424.0
1703 DK 56.8 136.3 253.9 -171.1 -259.6 -419.3
1704 Alliance 59.5 139.0 256.8 -175.1 -263.6 -423.3
1705 Next.kz 61.2 140.9 259.0 -179.1 -267.6 -427.3
1709 iG 62.6 142.5 261.0 -183.1 -271.6 -431.3
1709 iG 64.0 144.1 263.0 -187.1 -275.6 -435.3
1710 Speed 60.0 140.1 259.0 -181.0 -269.4 -429.4
1710 Speed 56.0 136.1 255.0 -174.5 -262.9 -423.5
1712 VP 57.7 137.8 256.8 -178.5 -266.9 -427.5
1712 VP 59.6 139.4 258.5 -182.5 -270.9 -431.5
1713 Alliance 61.2 141.0 260.2 -186.5 -274.9 -435.5
1713 Sigma.int 63.0 142.4 261.9 -190.5 -278.9 -439.5
1715 Poseidon 59.0 138.4 257.9 -184.8 -273.5 -434.2
1715 Poseidon 55.0 134.4 253.9 -180.3 -268.9 -430.2
1716 rox.KIS 57.4 137.1 256.7 -184.3 -272.9 -434.2
1716 rox.KIS 60.0 139.7 259.6 -188.3 -276.9 -438.2
1717 VP 63.7 143.2 263.1 -192.3 -280.9 -442.2
1717 VP 68.0 146.8 266.5 -196.3 -284.9 -446.2
1718 Fnatic.eu 64.0 142.8 262.5 -189.9 -278.0 -440.4
1718 Fnatic.eu 60.0 138.8 258.5 -183.0 -271.4 -434.6
1719 HR 61.8 140.3 260.1 -187.0 -275.4 -438.6
1719 HR 63.6 141.8 261.7 -191.0 -279.4 -442.6
1723 Mski 65.3 143.4 263.3 -195.0 -283.4 -446.6
1724 LGD.cn 66.9 145.1 265.2 -199.0 -287.4 -450.6
1729 Sigma.int 66.9 145.1 265.2 -199.0 -287.4 -450.6
1732 rox.KIS 62.9 141.1 261.2 -193.1 -280.1 -443.3
1733 PR 58.9 137.1 257.2 -182.2 -269.6 -433.6
1734 PR 62.4 140.7 260.9 -186.2 -273.6 -437.6
1736 Lowyat 58.4 136.7 256.9 -177.0 -264.6 -429.7
1737 MiTH 54.4 132.7 252.9 -172.1 -258.5 -423.9
1738 Lowyat 56.5 134.5 254.8 -176.1 -262.5 -427.9
1739 5inQ 52.5 130.5 250.8 -168.3 -254.7 -421.5
1740 LGD.cn 48.5 126.5 246.8 -161.9 -249.1 -416.7
1741 VP 52.3 130.3 250.5 -165.9 -253.1 -420.7
1742 Na'Vi 53.8 132.3 252.7 -169.9 -257.1 -424.7
1743 Na'Vi 55.5 134.4 255.1 -173.9 -261.1 -428.7
1748 Idol 51.5 130.4 251.1 -169.6 -256.0 -423.7
1749 FD 47.5 126.4 247.1 -165.3 -250.9 -418.3
1756 TongFu 43.5 122.4 243.1 -157.5 -244.0 -412.6
1757 iG 47.0 126.0 247.0 -161.5 -248.0 -416.6
1758 DK 48.6 127.8 249.1 -165.5 -252.0 -420.6
1759 FD 51.7 131.3 253.0 -169.5 -256.0 -424.6
1760 Duskbin 47.7 127.3 249.0 -160.0 -245.4 -414.7
1762 TR 43.7 123.3 245.0 -150.6 -237.1 -407.5
1767 rox.KIS 46.4 126.4 248.5 -154.6 -241.1 -411.5
1768 QPandas 42.4 122.4 244.5 -144.2 -231.3 -403.0
1769 XctN 38.4 118.4 240.5 -139.2 -225.6 -397.5
1770 5inQ 40.1 121.0 243.5 -143.2 -229.6 -401.5
1773 FD 42.2 122.8 245.5 -147.2 -233.6 -405.5
1775 RRQ 38.2 118.8 241.5 -141.6 -228.7 -401.0
1777 PR 39.7 120.4 243.3 -145.6 -232.7 -405.0
1778 FSid3 35.7 116.4 239.3 -139.6 -226.1 -398.5
1779 Fnatic.eu 37.5 117.9 240.9 -143.6 -230.1 -402.5
1780 Titan 38.9 119.5 242.7 -147.6 -234.1 -406.5
1781 FD 40.6 121.4 244.8 -151.6 -238.1 -410.5
1782 Mski 44.4 124.9 248.3 -155.6 -242.1 -414.5
1784 LGD.cn 46.0 126.5 250.3 -159.6 -246.1 -418.5
1787 Sigma.int 48.5 129.0 252.9 -163.6 -250.1 -422.5
1789 Na'Vi 51.4 131.7 255.7 -167.6 -254.1 -426.5
1791 Revenge 47.4 127.7 251.7 -158.2 -242.6 -414.9
1792 Empire 43.4 123.7 247.7 -150.3 -234.9 -408.0
1794 Mski 39.4 119.7 243.7 -145.2 -229.3 -402.7
1795 Empire 41.0 121.5 245.5 -149.2 -233.3 -406.7
1796 Titan 43.5 124.2 248.1 -153.2 -237.3 -410.7
1797 TR 39.5 120.2 244.1 -143.8 -227.5 -401.2
1798 OsG 41.8 122.9 246.9 -147.8 -231.5 -405.2
1799 VP 37.8 118.9 242.9 -139.1 -224.8 -399.4
1800 Empire 39.4 120.5 244.7 -143.1 -228.8 -403.4
1801 Na'Vi 41.1 121.9 246.3 -147.1 -232.8 -407.4
1806 DT 42.8 123.5 248.1 -151.1 -236.8 -411.4
1810 TR 38.8 119.5 244.1 -146.3 -231.6 -406.2
1813 DK 41.1 122.0 246.8 -150.3 -235.6 -410.2
1816 TongFu 37.1 118.0 242.8 -144.7 -230.5 -405.8
1818 FD 39.3 120.1 244.9 -148.7 -234.5 -409.8
1819 rox.KIS 41.7 122.4 247.4 -152.7 -238.5 -413.8
1823 SSD 43.4 124.0 249.1 -156.7 -242.5 -417.8
1824 Empire 46.6 127.2 252.6 -160.7 -246.5 -421.8
1825 DK 48.2 129.0 254.7 -164.7 -250.5 -425.8
1829 Sigma.int 49.5 130.7 256.7 -168.7 -254.5 -429.8
1830 mouz 51.7 132.9 258.9 -172.7 -258.5 -433.8
1831 rox.KIS 47.7 128.9 254.9 -163.7 -251.0 -426.8
1832 TR 51.1 132.1 258.3 -167.7 -255.0 -430.8
1835 iG 47.1 128.1 254.3 -163.8 -250.8 -426.2
1836 DK 48.5 129.7 256.1 -167.8 -254.8 -430.2
1837 Titan 50.1 131.2 257.8 -171.8 -258.8 -434.2
1838 Titan 46.1 127.2 253.8 -165.5 -252.1 -427.7
1839 Sigma.int 42.1 123.2 249.8 -156.7 -243.6 -419.8
1841 SSD 43.9 125.2 252.0 -160.7 -247.6 -423.8
1842 DK 45.2 126.8 253.8 -164.7 -251.6 -427.8
1843 iG 47.2 129.2 256.4 -168.7 -255.6 -431.8
1844 VG 43.2 125.2 252.4 -162.9 -250.6 -427.1
1845 DK 45.1 127.4 253.6 -166.9 -254.6 -431.1
1848 TongFu 46.8 129.5 256.0 -170.9 -258.6 -435.1
1849 PBS 48.5 131.7 258.6 -174.9 -262.6 -439.1
1852 SSD 50.2 133.3 260.3 -178.9 -266.6 -443.1
1854 SSD 46.2 129.3 256.3 -172.0 -258.4 -435.3
1858 Empire 48.5 132.0 257.7 -176.0 -262.4 -439.3
1864 Revenge 50.8 134.5 260.5 -180.0 -266.4 -443.3
1866 Sigma.int 52.7 136.8 262.1 -184.0 -270.4 -447.3
1869 FSid3 48.7 132.8 258.1 -176.2 -262.9 -441.0
1870 FSid3 44.7 128.8 254.1 -166.5 -251.4 -429.7
1871 Relax 46.4 130.6 256.3 -170.5 -255.4 -433.7
1872 rox.KIS 42.4 126.6 252.3 -165.9 -250.6 -429.0
1873 PBS 38.4 122.6 248.3 -159.6 -244.0 -425.5
1875 iG 40.0 124.3 250.2 -163.6 -248.0 -429.5
1876 GB 41.8 126.2 252.4 -167.6 -252.0 -433.5
1877 FD 43.4 127.9 253.7 -171.6 -256.0 -437.5
1880 VG 39.4 123.9 249.7 -165.0 -248.6 -430.4
1881 LGD.cn 42.7 127.7 251.6 -169.0 -252.6 -434.4
1882 Swage 46.4 131.6 254.3 -173.0 -256.6 -438.4
1883 iG 42.4 127.6 250.3 -164.6 -249.1 -428.7
1887 Lowyat 43.7 129.0 251.7 -168.6 -253.1 -432.7
1888 SMM 46.9 131.9 254.8 -172.6 -257.1 -436.7
1890 LGD.cn 42.9 127.9 250.8 -166.1 -251.2 -431.2
1891 Lowyat 38.9 123.9 246.8 -161.5 -246.6 -426.7
1892 nAra 34.9 119.9 242.8 -153.7 -239.8 -418.3
1895 Fnatic.eu 30.9 115.9 238.8 -149.1 -235.9 -409.6
1896 XctN 26.9 111.9 234.8 -143.7 -230.0 -404.1
1897 Idol 22.9 107.9 230.8 -137.8 -224.0 -398.4
1899 LGD.cn 25.4 110.5 232.8 -141.8 -228.0 -402.4
1900 PBS 27.6 112.9 235.4 -145.8 -232.0 -406.4
1902 Idol 23.6 108.9 231.4 -141.1 -227.4 -402.3
1903 Titan 25.6 111.3 232.7 -145.1 -231.4 -406.3
1904 Mastery 21.6 107.3 228.7 -138.6 -225.1 -398.8
1905 Swage 17.6 103.3 224.7 -131.0 -218.4 -392.8
1907 EOT 20.5 106.6 227.0 -135.0 -222.4 -396.8
1908 Sigma.int 16.5 102.6 223.0 -130.1 -217.0 -391.2
1909 Mski 19.6 106.2 225.7 -134.1 -221.0 -395.2
1910 FD 21.5 108.4 227.2 -138.1 -225.0 -399.2
1912 Orange 23.6 110.4 229.2 -142.1 -229.0 -403.2
1914 rox.KIS 25.4 112.2 231.2 -146.1 -233.0 -407.2
1917 Orange 27.4 113.8 232.9 -150.1 -237.0 -411.2
1918 Orange 29.5 115.7 234.8 -154.1 -241.0 -415.2
1920 Mski 25.5 111.7 230.8 -145.8 -234.5 -409.2
1921 VP 28.0 114.1 233.1 -149.8 -238.5 -413.2
1922 VP 24.0 110.1 229.1 -144.9 -233.7 -408.8
1923 VP 25.5 111.8 230.9 -148.9 -237.7 -412.8
1924 Sigma.int 27.8 114.5 232.6 -152.9 -241.7 -416.8
1925 PR 29.5 116.1 234.0 -156.9 -245.7 -420.8
1926 PR 32.1 118.2 236.2 -160.9 -249.7 -424.8
1930 Alliance 34.2 120.3 238.6 -164.9 -253.7 -428.8
1931 Swage 30.2 116.3 234.6 -156.9 -246.4 -422.2
1932 Empire 30.2 116.3 234.6 -156.9 -246.4 -422.2
1933 Alliance 32.4 118.5 237.0 -160.9 -250.4 -426.2
1936 Alliance 34.2 120.5 238.7 -164.9 -254.4 -430.2
1937 Na'Vi 36.0 122.5 240.9 -168.9 -258.4 -434.2
1938 DK 38.5 125.2 243.8 -172.9 -262.4 -438.2
1939 Na'Vi 40.2 127.1 245.2 -176.9 -266.4 -442.2
1940 Na'Vi 36.2 123.1 241.2 -171.7 -262.1 -437.9
1941 Zephyr 38.3 125.7 242.4 -175.7 -266.1 -441.9
1942 VP 41.7 128.6 245.3 -179.7 -270.1 -445.9
1943 PR 43.6 130.5 247.5 -183.7 -274.1 -449.9
1944 VP 45.5 132.6 249.0 -187.7 -278.1 -453.9
1946 PR 41.5 128.6 245.0 -181.1 -271.0 -447.3
1947 Relax 37.5 124.6 241.0 -174.1 -264.1 -441.2
1949 EOT.Ham. 33.5 120.6 237.0 -163.2 -254.8 -433.2
1955 Life 36.3 124.1 238.7 -167.2 -258.8 -437.2
1956 rox.KIS 37.9 125.5 240.2 -171.2 -262.8 -441.2
1960 Empire 39.6 127.3 242.4 -175.2 -266.8 -445.2
1962 Fnatic.eu 41.9 129.7 244.8 -179.2 -270.8 -449.2
1963 Life 37.9 125.7 240.8 -169.8 -261.2 -442.3
1965 Relax 39.6 127.7 242.4 -173.8 -265.2 -446.3
1966 Speed 42.4 131.0 246.1 -177.8 -269.2 -450.3
1968 Denial 44.7 133.6 249.0 -181.8 -273.2 -454.3
1969 hehe 47.6 137.0 252.7 -185.8 -277.2 -458.3
1970 hehe 49.7 139.1 254.6 -189.8 -281.2 -462.3
1972 PR 45.7 135.1 250.6 -179.8 -272.7 -446.8
1974 bvd.dotA 41.7 131.1 246.6 -174.6 -267.8 -443.5
1976 Relax 37.7 127.1 242.6 -169.4 -263.0 -436.5
1977 Empire 33.7 123.1 238.6 -164.5 -258.1 -432.0
1978 eHug 36.6 126.5 240.1 -168.5 -262.1 -436.0
1979 Empire 38.9 129.3 243.2 -172.5 -266.1 -440.0
1980 Empire 42.3 133.5 247.7 -176.5 -270.1 -444.0
1983 SADBOYS 38.3 129.5 243.7 -169.4 -261.5 -435.4
1986 eHug 34.3 125.5 239.7 -163.3 -255.4 -429.5
1987 Empire 30.3 121.5 235.7 -157.0 -249.9 -421.5
1988 Liquid 26.3 117.5 231.7 -149.5 -243.3 -414.9
1991 PR 28.3 119.6 233.9 -153.5 -247.3 -418.9
1993 Liquid 31.4 123.0 237.6 -157.5 -251.3 -422.9
1994 Fnatic.eu 27.4 119.0 233.6 -153.0 -247.3 -419.0
1995 SADBOYS 28.9 121.0 236.1 -157.0 -251.3 -423.0
1996 TR 24.9 117.0 232.1 -149.0 -243.8 -416.1
2000 UG 20.9 113.0 228.1 -143.9 -238.9 -410.7
2002 Swage 23.8 116.1 229.7 -147.9 -242.9 -414.7
2003 Empire 19.8 112.1 225.7 -141.7 -237.5 -406.2
2004 Empire 22.7 115.0 229.1 -145.7 -241.5 -410.2
2005 5inQ 25.3 117.9 230.6 -149.7 -245.5 -414.2
2006 Empire 21.3 113.9 226.6 -145.6 -241.5 -408.2
2008 SADBOYS 17.3 109.9 222.6 -138.3 -234.4 -401.1
2009 Fnatic.eu 18.8 111.6 223.9 -142.3 -238.4 -405.1
2010 Na'Vi 20.3 113.2 225.5 -146.3 -242.4 -409.1
2011 PR 16.3 109.2 221.5 -140.7 -237.7 -404.6
2013 Empire 18.6 111.5 223.8 -144.7 -241.7 -408.6
2016 Revenge 20.5 113.5 225.9 -148.7 -245.7 -412.6
2018 Fnatic.eu 16.5 109.5 221.9 -139.8 -236.2 -403.8
2020 PR 18.3 111.4 223.9 -143.8 -240.2 -407.8
2025 D4D 21.4 114.6 226.2 -147.8 -244.2 -411.8
2026 Execration 23.4 116.9 228.8 -151.8 -248.2 -415.8
2028 Next.kz 19.4 112.9 224.8 -143.4 -240.6 -408.8
2030 Empire 22.9 116.3 228.3 -147.4 -244.6 -412.8
2031 Sigma.int 18.9 112.3 224.3 -141.0 -238.1 -406.2
2033 eHug 14.9 108.3 220.3 -134.5 -231.4 -399.6
2034 Denial 10.9 104.3 216.3 -124.2 -221.5 -389.2
2036 Zephyr 13.9 107.6 219.8 -128.2 -225.5 -393.2
2038 SADBOYS 18.0 111.8 223.1 -132.2 -229.5 -397.2
2039 Speed 14.0 107.8 219.1 -125.8 -223.1 -390.7
2043 Liquid 16.5 110.4 220.4 -129.8 -227.1 -394.7
2044 Arrow 18.8 113.2 221.8 -133.8 -231.1 -398.7
2046 Empire 22.3 116.7 225.4 -137.8 -235.1 -402.7
2047 Empire 24.0 118.7 226.7 -141.8 -239.1 -406.7
2048 Arrow 25.7 120.8 227.7 -145.8 -243.1 -410.7
2049 GL 27.8 123.1 229.3 -149.8 -247.1 -414.7
2051 Nullis 29.8 125.2 231.6 -153.8 -251.1 -418.7
2052 Nullis 25.8 121.2 227.6 -146.0 -244.0 -409.8
2056 bvd.dotA 27.3 122.9 229.7 -150.0 -248.0 -413.8
2057 Aura 29.5 125.3 232.3 -154.0 -252.0 -417.8
2060 Fnatic.eu 25.5 121.3 228.3 -149.4 -247.8 -413.8
2062 PR 21.5 117.3 224.3 -142.9 -241.6 -407.9
2069 VP 17.5 113.3 220.3 -136.6 -235.8 -401.9
2070 rox.KIS 13.5 109.3 216.3 -129.5 -229.3 -392.2
2071 Cloud9 16.6 112.7 218.4 -133.5 -233.3 -396.2
2072 About 12.6 108.7 214.4 -126.1 -226.2 -388.5
2073 4FC 14.4 110.8 215.9 -130.1 -230.2 -392.5
2074 vhoul 10.4 106.8 211.9 -119.7 -220.5 -385.6
2075 Liquid 6.4 102.8 207.9 -112.5 -214.5 -376.5
2078 Empire 8.9 105.4 209.9 -116.5 -218.5 -380.5
2079 Empire 10.5 107.3 212.0 -120.5 -222.5 -384.5
2084 hehe 6.5 103.3 208.0 -115.9 -217.7 -380.0
2085 Next.kz 9.6 106.3 212.7 -119.9 -221.7 -384.0
2086 PssT 5.6 102.3 208.7 -112.6 -215.9 -375.4
2088 SADBOYS 8.7 106.0 211.1 -116.6 -219.9 -379.4
2091 Zephyr 11.5 108.9 214.2 -120.6 -223.9 -383.4
2092 Empire 7.5 104.9 210.2 -116.3 -219.5 -379.1
2093 rox.KIS 9.3 106.8 211.4 -120.3 -223.5 -383.1
2094 Insane 5.3 102.8 207.4 -112.5 -216.5 -376.9
2096 neXt! 1.3 98.8 203.4 -106.7 -211.1 -372.5
2099 rox.KIS 3.3 100.7 205.3 -110.7 -215.1 -376.5
2101 ZR 6.4 104.3 207.4 -114.7 -219.1 -380.5
2102 MYM 8.0 106.0 209.3 -118.7 -223.1 -384.5
2103 JnRun 4.0 102.0 205.3 -114.0 -218.3 -379.6
2104 Arrow 2.84217094304e-14 98.0 201.3 -105.0 -209.4 -371.7
2105 Mongolz 3.5 101.6 203.8 -109.0 -213.4 -375.7
2106 Panthers 6.0 104.3 206.9 -113.0 -217.4 -379.7
2112 DUZA 8.5 106.9 209.5 -117.0 -221.4 -383.7
2113 TCN 10.1 108.9 210.6 -121.0 -225.4 -387.7
2114 VP 12.8 111.9 213.8 -125.0 -229.4 -391.7
2115 Mongolz 8.8 107.9 209.8 -118.6 -222.6 -385.3
2117 Titan 10.9 110.4 211.3 -122.6 -226.6 -389.3
2122 4FC 14.2 113.6 214.2 -126.6 -230.6 -393.3
2124 neXt! 10.2 109.6 210.2 -120.2 -223.7 -386.1
2126 ZR 12.4 111.9 212.3 -124.2 -227.7 -390.1
2128 Alliance 14.0 113.6 213.9 -128.2 -231.7 -394.1
2129 vhoul 16.5 116.3 215.7 -132.2 -235.7 -398.1
2132 Fnatic.eu 18.2 118.0 217.3 -136.2 -239.7 -402.1
2135 rox.KIS 20.2 120.2 219.8 -140.2 -243.7 -406.1
2136 Swage 21.9 122.1 221.6 -144.2 -247.7 -410.1
2137 Revenge 23.6 123.9 222.8 -148.2 -251.7 -414.1
2139 eHug 25.3 125.7 224.3 -152.2 -255.7 -418.1
2140 PssT 21.3 121.7 220.3 -144.8 -247.7 -410.8
2141 WWD 22.8 123.2 222.1 -148.8 -251.7 -414.8
2142 MVP.P 26.3 126.0 224.9 -152.8 -255.7 -418.8
2143 MiTH 27.8 127.5 226.2 -156.8 -259.7 -422.8
2146 Fnatic.eu 29.7 129.6 227.9 -160.8 -263.7 -426.8
2149 Sigma.int 31.3 131.3 229.8 -164.8 -267.7 -430.8
2150 VP 27.3 127.3 225.8 -160.0 -263.2 -425.7
2151 Insane 23.3 123.3 221.8 -155.2 -258.1 -420.4
2152 Relax 19.3 119.3 217.8 -145.0 -248.4 -410.7
2154 ZR 15.3 115.3 213.8 -139.3 -242.9 -405.8
2155 MYM 17.0 116.9 215.7 -143.3 -246.9 -409.8
2158 Denial 13.0 112.9 211.7 -133.5 -237.6 -397.8
2160 Dog 14.4 114.7 213.7 -137.5 -241.6 -401.8
2161 Osiris 10.4 110.7 209.7 -129.7 -234.6 -397.9
2164 Puck 6.4 106.7 205.7 -123.4 -227.6 -391.1
2166 DUZA 2.4 102.7 201.7 -116.0 -220.6 -384.6
2167 Scythe 5.2 105.9 203.4 -120.0 -224.6 -388.6
2168 Dignotoss 8.1 109.5 207.2 -124.0 -228.6 -392.6
2169 WWD 10.4 112.2 208.5 -128.0 -232.6 -396.6
2170 ZR 6.4 108.2 204.5 -118.9 -222.9 -387.7
2171 Relax 8.2 110.0 206.3 -122.9 -226.9 -391.7
2176 neXt! 4.2 106.0 202.3 -116.5 -221.1 -386.2
2177 Dog 5.6 107.8 204.7 -120.5 -225.1 -390.2
2179 PR 8.0 110.4 206.5 -124.5 -229.1 -394.2
2180 Puck 4.0 106.4 202.5 -117.6 -223.0 -385.8
2182 MM 6.7 109.3 204.1 -121.6 -227.0 -389.8
2183 4N 2.7 105.3 200.1 -116.7 -222.1 -385.1
2184 Swage -1.3 101.3 196.1 -112.1 -218.4 -380.0
2186 RRQ -5.3 97.3 192.1 -106.4 -213.4 -372.2
2189 Dignotoss -9.3 93.3 188.1 -101.6 -208.8 -366.2
2191 Orange -7.2 95.4 190.2 -105.6 -212.8 -370.2
2192 PR -11.2 91.4 186.2 -98.7 -206.6 -365.0
2193 Na'Vi -9.3 93.1 187.9 -102.7 -210.6 -369.0
2194 Zephyr -6.6 95.9 190.2 -106.7 -214.6 -373.0
2196 Dog -10.6 91.9 186.2 -103.0 -209.8 -367.7
2201 eN.Legs -8.4 94.1 188.4 -107.0 -213.8 -371.7
2202 neXt! -6.0 96.6 190.7 -111.0 -217.8 -375.7
2203 BIP -3.4 99.6 192.4 -115.0 -221.8 -379.7
2204 Osiris -7.4 95.6 188.4 -105.7 -212.2 -370.7
2206 Mski -7.4 95.6 188.4 -105.7 -212.2 -370.7
2207 PR -11.4 91.6 184.4 -101.2 -207.6 -366.4
2209 DT.NGC -15.4 87.6 180.4 -95.9 -202.5 -362.1
2215 ADN -19.4 83.6 176.4 -86.8 -192.8 -355.3
2216 Alliance -17.9 85.3 178.1 -90.8 -196.8 -359.3
2218 VP -21.9 81.3 174.1 -81.3 -188.6 -351.6
2219 rox.KIS -25.9 77.3 170.1 -75.9 -183.4 -346.5
2223 Sigma.int -22.1 81.0 174.0 -79.9 -187.4 -350.5
2225 Empire -26.1 77.0 170.0 -74.2 -180.0 -342.8
2226 Empire -30.1 73.0 166.0 -64.3 -170.1 -336.4
2230 Orange -27.9 75.1 168.2 -68.3 -174.1 -340.4
2231 Arrow -25.9 77.5 169.9 -72.3 -178.1 -344.4
2232 Relax -22.2 80.5 172.7 -76.3 -182.1 -348.4
2233 CIS -19.5 83.5 175.4 -80.3 -186.1 -352.4
2234 5inQ -16.9 85.6 177.6 -84.3 -190.1 -356.4
2237 Execration -15.3 87.2 179.3 -88.3 -194.1 -360.4
2238 FD -13.8 88.9 180.8 -92.3 -198.1 -364.4
2239 Orange -17.8 84.9 176.8 -80.2 -189.0 -356.6
2240 Spirit -21.8 80.9 172.8 -72.4 -181.2 -347.5
2245 MYM -19.0 83.9 176.1 -76.4 -185.2 -351.5
2246 Execration -15.1 87.8 179.0 -80.4 -189.2 -355.5
2247 Cloud9 -11.9 91.5 181.0 -84.4 -193.2 -359.5
2248 DT.NGC -10.2 93.5 183.4 -88.4 -197.2 -363.5
2250 Execration -14.2 89.5 179.4 -83.5 -192.2 -359.0
2252 FD -11.9 91.9 181.3 -87.5 -196.2 -363.0
2254 Fnatic.eu -9.0 94.9 184.5 -91.5 -200.2 -367.0
2255 rox.KIS -6.5 97.3 186.9 -95.5 -204.2 -371.0
2258 Arrow -10.5 93.3 182.9 -87.2 -197.4 -365.3
2259 VG -7.8 96.1 184.7 -91.2 -201.4 -369.3
2262 Mski -5.8 98.3 186.4 -95.2 -205.4 -373.3
2263 Cloud9 -3.6 100.9 189.3 -99.2 -209.4 -377.3
2269 Na'Vi -1.8 102.8 191.0 -103.2 -213.4 -381.3
2270 RRQ -5.8 98.8 187.0 -95.8 -206.1 -374.3
2271 Titan -4.0 100.7 188.8 -99.8 -210.1 -378.3
2272 Arrow -1.0 104.3 192.8 -103.8 -214.1 -382.3
2274 LGD.cn 0.9 106.6 194.1 -107.8 -218.1 -386.3
2279 DUZA 2.4 108.2 195.4 -111.8 -222.1 -390.3
2281 Titan 5.0 110.3 197.4 -115.8 -226.1 -394.3
2283 Fnatic.eu 6.7 112.2 199.3 -119.8 -230.1 -398.3
2286 Cloud9 9.4 114.8 202.8 -123.8 -234.1 -402.3
2287 VG 5.4 110.8 198.8 -118.2 -228.5 -398.6
2288 EG 1.4 106.8 194.8 -108.7 -218.8 -390.8
2289 DT.NGC -2.6 102.8 190.8 -98.2 -207.3 -384.9
2290 Orange -6.6 98.8 186.8 -89.0 -198.9 -377.1
2291 Na'Vi -4.2 101.2 189.9 -93.0 -202.9 -381.1
