0 0 0.0 0.0 0.0 0.0 0.0 0.0
14 Alliance -4.0 -4.0 -4.0 4.7 4.7 4.1
16 Empire -8.0 -8.0 -8.0 9.3 9.6 9.1
22 Dignitas -4.5 -4.6 -4.4 5.3 5.6 5.1
33 Dignitas -8.5 -8.6 -8.4 9.5 9.3 9.5
36 Next.kz -8.5 -8.6 -8.4 9.5 9.3 9.5
37 mouz -12.5 -12.6 -12.4 14.2 13.3 13.8
46 GU.pe -9.0 -8.8 -8.4 10.2 9.3 9.8
47 VP -13.0 -12.8 -12.4 14.9 13.8 13.6
52 Fnatic.eu -17.0 -16.8 -16.4 19.0 18.1 17.9
55 mouz -13.2 -13.3 -12.6 15.0 14.1 13.9
64 iM`Bashers -9.3 -9.5 -8.8 11.0 10.1 9.9
65 VnR.Alpha -5.6 -6.0 -5.4 7.0 6.1 5.9
67 Ptd.Bravo -9.6 -10.0 -9.4 11.7 11.3 10.5
78 Fnatic.eu -13.6 -14.0 -13.4 16.4 15.9 15.1
83 s4 -17.6 -18.0 -17.4 20.2 21.1 20.5
84 Liquid -21.6 -22.0 -21.4 24.6 25.7 24.6
85 Fnatic.eu -18.3 -18.7 -18.0 20.6 21.7 20.6
90 VP -22.3 -22.7 -22.0 25.1 25.9 25.3
92 Ptd.Bravo -22.3 -22.7 -22.0 25.1 25.9 25.3
94 Fnatic.eu -18.6 -18.9 -18.1 21.1 21.9 21.3
103 Fnatic.eu -14.8 -15.4 -14.7 17.1 17.9 17.3
120 Na'Vi -11.4 -11.7 -10.9 13.1 13.9 13.3
122 mouz -7.9 -8.0 -7.4 9.1 9.9 9.3
131 Na'Vi -4.2 -4.3 -3.3 5.1 5.9 5.3
142 Alliance -8.2 -8.3 -7.3 10.3 10.7 10.0
145 Alliance -5.0 -5.0 -4.1 6.3 6.7 6.0
150 Fnatic.eu -5.0 -5.0 -4.1 6.3 6.7 6.0
158 WH?Dota2 -5.0 -5.0 -4.1 6.3 6.7 6.0
184 WH?Dota2 -1.8 -1.5 -0.6 2.3 2.7 2.0
192 VP -5.8 -5.5 -4.6 7.1 7.0 6.1
200 VP -2.0 -1.9 -1.0 3.1 3.0 2.1
201 Orange 1.0 1.4 2.5 -0.9 -1.0 -1.9
203 Alliance 4.3 4.8 6.0 -4.9 -5.0 -5.9
204 Fnatic.eu 0.3 0.8 2.0 -0.7 -0.6 -1.5
214 Dignitas 3.9 4.7 5.9 -4.7 -4.6 -5.5
222 Dignitas 3.9 4.7 5.9 -4.7 -4.6 -5.5
247 Dignitas 6.6 8.1 9.5 -8.7 -8.6 -9.5
257 Liquid 9.9 11.6 13.1 -12.7 -12.6 -13.5
259 Liquid 13.0 14.9 16.6 -16.7 -16.6 -17.5
263 Prodota.ru 9.0 10.9 12.6 -12.7 -12.5 -13.5
265 Lounge 9.0 10.9 12.6 -12.7 -12.5 -13.5
267 mouz 12.4 14.7 16.5 -16.7 -16.5 -17.5
285 rox.KIS 15.4 17.9 19.9 -20.7 -20.5 -21.5
311 Quantic 11.4 13.9 15.9 -16.6 -15.8 -16.8
320 EG 7.4 9.9 11.9 -12.1 -11.2 -12.4
329 RAT 10.5 13.7 15.8 -16.1 -15.2 -16.4
335 VP 6.5 9.7 11.8 -11.3 -10.9 -12.0
336 MiTH 9.4 13.0 15.5 -15.3 -14.9 -16.0
343 Orange 5.4 9.0 11.5 -11.6 -10.8 -11.6
349 Quantic 8.4 12.3 15.2 -15.6 -14.8 -15.6
354 Alliance 12.2 15.9 18.8 -19.6 -18.8 -19.6
359 DK 8.2 11.9 14.8 -15.4 -14.2 -14.9
361 Orange 4.2 7.9 10.8 -10.7 -9.8 -10.6
386 TM 7.2 11.5 14.6 -14.7 -13.8 -14.6
391 mouz 11.0 14.9 18.0 -18.7 -17.8 -18.6
395 LGD.cn 14.3 18.1 21.3 -22.7 -21.8 -22.6
400 VP 10.3 14.1 17.3 -18.4 -17.0 -17.9
405 mouz 6.3 10.1 13.3 -13.8 -12.1 -13.0
422 Liquid 2.3 6.1 9.3 -9.2 -7.5 -8.6
434 EG 5.8 9.6 12.7 -13.2 -11.5 -12.6
436 EG 9.2 12.9 16.0 -17.2 -15.5 -16.6
458 EG 5.2 8.9 12.0 -12.6 -10.6 -12.1
478 rox.KIS 8.7 11.9 15.1 -16.6 -14.6 -16.1
510 Fnatic.eu 4.7 7.9 11.1 -11.7 -9.9 -11.9
516 Quantic 8.2 11.7 15.2 -15.7 -13.9 -15.9
530 Orange 11.4 15.7 19.5 -19.7 -17.9 -19.9
539 Quantic 14.8 19.0 22.9 -23.7 -21.9 -23.9
556 Fnatic.eu 10.8 15.0 18.9 -18.8 -17.6 -19.9
559 mouz 14.2 18.7 22.8 -22.8 -21.6 -23.9
563 iG 17.5 22.5 26.8 -26.8 -25.6 -27.9
565 Dignitas 13.5 18.5 22.8 -21.8 -21.1 -23.8
567 mouz 16.5 21.7 26.2 -25.8 -25.1 -27.8
570 VP 12.5 17.7 22.2 -21.8 -21.0 -23.6
583 iCCup 8.5 13.7 18.2 -17.4 -16.6 -19.5
586 EG 4.5 9.7 14.2 -12.8 -11.8 -14.8
594 mouz 7.7 13.0 17.7 -16.8 -15.8 -18.8
599 Na'Vi 11.2 16.0 20.6 -20.8 -19.8 -22.8
610 LGD.cn 15.0 19.3 23.9 -24.8 -23.8 -26.8
614 EG 18.5 22.7 27.5 -28.8 -27.8 -30.8
633 Liquid 22.1 26.3 31.3 -32.8 -31.8 -34.8
649 Fnatic.eu 25.5 29.7 34.9 -36.8 -35.8 -38.8
650 Fnatic.eu 21.5 25.7 30.9 -32.4 -31.2 -34.1
663 RS 17.5 21.7 26.9 -27.9 -26.3 -29.7
673 LGD.cn 20.5 25.0 30.4 -31.9 -30.3 -33.7
684 VP 24.3 28.6 34.2 -35.9 -34.3 -37.7
689 Kaipi 20.3 24.6 30.2 -31.6 -30.2 -33.5
710 VP 23.5 27.7 33.4 -35.6 -34.2 -37.5
724 Kaipi 27.0 31.4 37.2 -39.6 -38.2 -41.5
735 Dignitas 30.4 34.5 40.2 -43.6 -42.2 -45.5
743 Fnatic.eu 34.0 37.6 43.3 -47.6 -46.2 -49.5
787 TongFu 37.2 41.5 47.4 -51.6 -50.2 -53.5
789 LGD.int 33.2 37.5 43.4 -47.2 -45.6 -49.1
794 DK 29.2 33.5 39.4 -43.0 -41.1 -44.8
804 TongFu 32.6 37.4 43.4 -47.0 -45.1 -48.8
805 Alliance 36.0 41.4 47.6 -51.0 -49.1 -52.8
834 Aspera 39.6 44.8 51.2 -55.0 -53.1 -56.8
840 TS 42.8 48.0 54.5 -59.0 -57.1 -60.8
846 Next.kz 45.9 51.3 57.9 -63.0 -61.1 -64.8
849 Poseidon 49.2 54.7 61.6 -67.0 -65.1 -68.8
863 Next.kz 45.2 50.7 57.6 -62.4 -60.1 -64.1
869 SFEC 41.2 46.7 53.6 -57.0 -55.2 -59.6
874 VP 44.5 49.9 57.1 -61.0 -59.2 -63.6
875 Imp 40.5 45.9 53.1 -56.2 -54.4 -59.0
882 rox.KIS 40.5 45.9 53.1 -56.2 -54.4 -59.0
895 Next.kz 44.0 49.6 56.7 -60.2 -58.4 -63.0
907 NoLove 47.6 53.4 60.7 -64.2 -62.4 -67.0
910 Empire 43.6 49.4 56.7 -60.1 -58.3 -62.9
912 Kaipi 39.6 45.4 52.7 -55.6 -53.4 -58.2
918 DUZA 35.6 41.4 48.7 -50.4 -48.9 -53.9
924 ONE.dota 38.9 44.9 52.7 -54.4 -52.9 -57.9
928 LGD.cn 34.9 40.9 48.7 -49.8 -48.2 -53.1
929 Dreamz 30.9 36.9 44.7 -45.1 -44.1 -49.1
939 Poseidon 33.7 40.3 48.4 -49.1 -48.1 -53.1
942 Quantic 29.7 36.3 44.4 -44.6 -42.9 -48.2
955 DUZA 33.7 39.7 47.7 -48.6 -46.9 -52.2
962 iG 36.9 43.1 51.3 -52.6 -50.9 -56.2
1003 Kaipi 40.1 47.1 55.5 -56.6 -54.9 -60.2
1011 Imp 36.1 43.1 51.5 -52.6 -50.0 -55.6
1013 Empire 36.1 43.1 51.5 -52.6 -50.0 -55.6
1014 Na'Vi 32.1 39.1 47.5 -47.8 -45.8 -51.6
1026 PBS 35.5 43.1 51.4 -51.8 -49.8 -55.6
1033 LGD.cn 39.1 46.6 54.9 -55.8 -53.8 -59.6
1038 Aspera 35.1 42.6 50.9 -51.3 -49.3 -55.0
1054 TR 38.8 46.0 54.3 -55.3 -53.3 -59.0
1058 UR 34.8 42.0 50.3 -50.4 -48.7 -54.7
1100 Aspera 38.8 44.9 53.1 -54.4 -52.7 -58.7
1103 FD 38.8 44.9 53.1 -54.4 -52.7 -58.7
1107 Rain 34.8 40.9 49.1 -49.2 -47.9 -54.1
1128 TakeFive 38.0 45.3 53.8 -53.2 -51.9 -58.1
1134 PR 34.0 41.3 49.8 -48.9 -47.9 -54.1
1142 SYF 37.5 44.5 52.9 -52.9 -51.9 -58.1
1154 Alliance 37.5 44.5 52.9 -52.9 -51.9 -58.1
1180 Empire 33.5 40.5 48.9 -47.7 -47.4 -54.0
1182 Fnatic.eu 37.4 43.5 51.8 -51.7 -51.4 -58.0
1193 Speed 33.4 39.5 47.8 -47.2 -46.3 -52.9
1201 Aspera 29.4 35.5 43.8 -42.4 -41.6 -48.6
1219 NoX 25.4 31.5 39.8 -37.6 -36.9 -44.2
1236 Speed 25.4 31.5 39.8 -37.6 -36.9 -44.2
1249 Alliance 21.4 27.5 35.8 -33.6 -32.8 -40.0
1254 Startale 21.4 27.5 35.8 -33.6 -32.8 -40.0
1260 Sigma.int 17.4 23.5 31.8 -29.4 -28.3 -35.6
1277 Mski 13.4 19.5 27.8 -24.8 -24.5 -32.0
1280 MiTH 13.4 19.5 27.8 -24.8 -24.5 -32.0
1295 Fnatic.eu 9.4 15.5 23.8 -19.9 -19.8 -27.6
1311 Sleisel 5.4 11.5 19.8 -15.9 -15.5 -23.4
1349 Alliance 1.4 7.5 15.8 -12.0 -11.4 -19.0
1374 VP 4.9 11.3 19.5 -16.0 -15.4 -23.0
1378 Imp 7.7 14.8 23.2 -20.0 -19.4 -27.0
1394 LGD.cn 11.3 18.9 27.1 -24.0 -23.4 -31.0
1398 Alliance 7.3 14.9 23.1 -19.4 -18.8 -26.4
1420 FD 10.8 17.8 26.3 -23.4 -22.8 -30.4
1422 EG 6.8 13.8 22.3 -19.4 -18.5 -26.1
1435 mouz 10.3 16.9 25.3 -23.4 -22.5 -30.1
1444 Fnatic.eu 6.3 12.9 21.3 -19.0 -18.5 -26.2
1469 Alliance 6.3 12.9 21.3 -19.0 -18.5 -26.2
1486 Sigma.int 2.3 8.9 17.3 -14.8 -13.5 -21.1
1491 Fnatic.eu 5.5 12.3 21.0 -18.8 -17.5 -25.1
1502 DK 8.8 16.3 25.2 -22.8 -21.5 -29.1
1505 Na'Vi 4.8 12.3 21.2 -18.4 -17.1 -25.0
1509 Speed 8.2 15.9 24.9 -22.4 -21.1 -29.0
1516 DK 4.2 11.9 20.9 -18.2 -16.0 -23.9
1536 Hearts 7.9 15.0 24.0 -22.2 -20.0 -27.9
1555 Mski 11.6 18.9 27.9 -26.2 -24.0 -31.9
1556 LGD.cn 15.1 22.5 31.6 -30.2 -28.0 -35.9
1559 Na'Vi 15.1 22.5 31.6 -30.2 -28.0 -35.9
1570 SSD 11.1 18.5 27.6 -26.2 -23.5 -31.2
1575 iG 7.1 14.5 23.6 -21.8 -19.1 -26.8
1588 LGD.cn 3.1 10.5 19.6 -17.5 -13.3 -20.5
1591 VG -0.9 6.5 15.6 -13.4 -9.0 -16.2
1592 VG 2.8 10.2 19.5 -17.4 -13.0 -20.2
1596 Kawai -1.2 6.2 15.5 -13.1 -8.5 -15.5
1606 CSW -5.2 2.2 11.5 -8.6 -4.8 -11.6
1609 Empire -0.9 5.7 14.9 -12.6 -8.8 -15.6
1610 VP 2.4 9.4 18.8 -16.6 -12.8 -19.6
1638 VG 5.4 13.7 23.5 -20.6 -16.8 -23.6
1640 FD 8.5 17.3 27.1 -24.6 -20.8 -27.6
1646 RRQ 4.5 13.3 23.1 -20.3 -15.9 -22.4
1649 VP 8.2 17.3 27.0 -24.3 -19.9 -26.4
1659 Alliance 4.2 13.3 23.0 -20.0 -15.2 -21.8
1670 MiTH 8.3 17.1 26.3 -24.0 -19.2 -25.8
1671 Neon 11.7 20.4 29.8 -28.0 -23.2 -29.8
1675 Empire 15.3 24.2 33.7 -32.0 -27.2 -33.8
1702 DK 18.8 27.6 37.1 -36.0 -31.2 -37.8
1715 Poseidon 14.8 23.6 33.1 -31.5 -26.6 -33.8
1717 VP 18.5 27.1 36.6 -35.5 -30.6 -37.8
1717 VP 22.8 30.7 40.0 -39.5 -34.6 -41.8
1729 Sigma.int 22.8 30.7 40.0 -39.5 -34.6 -41.8
1734 PR 26.3 34.3 43.7 -43.5 -38.6 -45.8
1741 VP 30.1 38.1 47.4 -47.5 -42.6 -49.8
1748 Idol 26.1 34.1 43.4 -43.2 -37.5 -44.8
1749 FD 22.1 30.1 39.4 -38.9 -32.4 -39.4
1757 iG 25.6 33.7 43.3 -42.9 -36.4 -43.4
1759 FD 28.7 37.2 47.2 -46.9 -40.4 -47.4
1782 Mski 32.5 40.7 50.7 -50.9 -44.4 -51.4
1824 Empire 35.7 43.9 54.2 -54.9 -48.4 -55.4
1832 TR 39.1 47.1 57.6 -58.9 -52.4 -59.4
1835 iG 35.1 43.1 53.6 -55.0 -48.2 -54.8
1872 rox.KIS 31.1 39.1 49.6 -50.4 -43.4 -50.1
1882 Swage 34.8 43.0 52.3 -54.4 -47.4 -54.1
1891 Lowyat 30.8 39.0 48.3 -49.8 -42.8 -49.6
1902 Idol 26.8 35.0 44.3 -45.1 -38.2 -45.5
1922 VP 22.8 31.0 40.3 -40.2 -33.4 -41.1
1932 Empire 22.8 31.0 40.3 -40.2 -33.4 -41.1
1940 Na'Vi 18.8 27.0 36.3 -35.0 -29.1 -36.8
1969 hehe 21.7 30.4 40.0 -39.0 -33.1 -40.8
1974 bvd.dotA 17.7 26.4 36.0 -33.8 -28.2 -37.5
1977 Empire 13.7 22.4 32.0 -28.9 -23.3 -33.0
1980 Empire 17.1 26.6 36.5 -32.9 -27.3 -37.0
1993 Liquid 20.2 30.0 40.2 -36.9 -31.3 -41.0
1994 Fnatic.eu 16.2 26.0 36.2 -32.4 -27.3 -37.1
2006 Empire 12.2 22.0 32.2 -28.3 -23.3 -31.1
2030 Empire 15.7 25.4 35.7 -32.3 -27.3 -35.1
2036 Zephyr 18.7 28.7 39.2 -36.3 -31.3 -39.1
2038 SADBOYS 22.8 32.9 42.5 -40.3 -35.3 -43.1
2046 Empire 26.3 36.4 46.1 -44.3 -39.3 -47.1
2060 Fnatic.eu 22.3 32.4 42.1 -39.7 -35.1 -43.1
2084 hehe 18.3 28.4 38.1 -35.1 -30.3 -38.6
2085 Next.kz 21.4 31.4 42.8 -39.1 -34.3 -42.6
2092 Empire 17.4 27.4 38.8 -34.8 -29.9 -38.3
2103 JnRun 13.4 23.4 34.8 -30.1 -25.1 -33.4
2105 Mongolz 16.9 27.0 37.3 -34.1 -29.1 -37.4
2122 4FC 20.2 30.2 40.2 -38.1 -33.1 -41.4
2142 MVP.P 23.7 33.0 43.0 -42.1 -37.1 -45.4
2150 VP 19.7 29.0 39.0 -37.3 -32.6 -40.3
2151 Insane 15.7 25.0 35.0 -32.5 -27.5 -35.0
2168 Dignotoss 18.6 28.6 38.8 -36.5 -31.5 -39.0
2183 4N 14.6 24.6 34.8 -31.6 -26.6 -34.3
2184 Swage 10.6 20.6 30.8 -27.0 -22.9 -29.2
2196 Dog 6.6 16.6 26.8 -23.3 -18.1 -23.9
2206 Mski 6.6 16.6 26.8 -23.3 -18.1 -23.9
2207 PR 2.6 12.6 22.8 -18.8 -13.5 -19.6
2209 DT.NGC -1.4 8.6 18.8 -13.5 -8.4 -15.3
2223 Sigma.int 2.4 12.3 22.7 -17.5 -12.4 -19.3
2232 Relax 6.1 15.3 25.5 -21.5 -16.4 -23.3
2246 Execration 10.0 19.2 28.4 -25.5 -20.4 -27.3
2250 Execration 6.0 15.2 24.4 -20.6 -15.4 -22.8
2272 Arrow 9.0 18.8 28.4 -24.6 -19.4 -26.8
2287 VG 5.0 14.8 24.4 -19.0 -13.8 -23.1
