0 0 0.0 0.0 0.0 0.0 0.0 0.0
14 Alliance -4.0 -4.0 -4.0 4.7 4.7 4.1
15 Fnatic -0.5 -0.5 -1.5 0.7 0.7 0.1
16 Empire -4.5 -4.5 -5.5 5.3 5.6 5.1
17 Turtle -1.9 -2.0 -2.7 1.3 1.6 1.1
22 Dignitas 1.6 1.4 0.9 -2.7 -2.4 -2.9
33 Dignitas -2.4 -2.6 -3.1 1.5 1.3 1.5
36 Next.kz -2.4 -2.6 -3.1 1.5 1.3 1.5
37 mouz -6.4 -6.6 -7.1 6.2 5.3 5.8
39 VP -10.4 -10.6 -11.1 12.1 11.4 11.3
42 Liquid -14.4 -14.6 -15.1 17.8 17.0 16.2
46 GU.pe -10.9 -10.8 -11.1 13.8 13.0 12.2
47 VP -14.9 -14.8 -15.1 18.5 17.5 16.0
52 Fnatic.eu -18.9 -18.8 -19.1 22.6 21.8 20.3
54 4FC -16.3 -15.6 -15.6 18.6 17.8 16.3
55 mouz -12.5 -12.1 -11.8 14.6 13.8 12.3
63 EG -16.5 -16.1 -15.8 20.2 18.7 17.2
64 iM`Bashers -12.6 -12.3 -12.0 16.2 14.7 13.2
65 VnR.Alpha -8.9 -8.8 -8.6 12.2 10.7 9.2
67 Ptd.Bravo -12.9 -12.8 -12.6 16.9 15.9 13.8
69 Dignitas -10.2 -10.0 -9.8 12.9 11.9 9.8
70 Quantic -7.1 -7.2 -6.6 8.9 7.9 5.8
72 Neo.int -11.1 -11.2 -10.6 13.8 13.3 10.7
74 Dignitas -15.1 -15.2 -14.6 20.5 19.4 16.8
76 eN.Legs -12.7 -12.0 -11.2 16.5 15.4 12.8
77 VnR.Alpha -10.1 -10.1 -8.5 12.5 11.4 8.8
78 Fnatic.eu -14.1 -14.1 -12.5 17.2 16.0 13.4
79 Na'Vi -11.1 -11.1 -9.6 13.2 12.0 9.4
83 s4 -15.1 -15.1 -13.6 17.0 17.2 14.8
84 Liquid -19.1 -19.1 -17.6 21.4 21.8 18.9
85 Fnatic.eu -15.8 -15.8 -14.2 17.4 17.8 14.9
88 Liquid -19.8 -19.8 -18.2 23.1 23.4 20.1
90 VP -23.8 -23.8 -22.2 27.6 27.6 24.8
91 Liquid -20.5 -20.9 -19.4 23.6 23.6 20.8
92 Ptd.Bravo -20.5 -20.9 -19.4 23.6 23.6 20.8
94 Fnatic.eu -16.8 -17.1 -15.5 19.6 19.6 16.8
99 VP -14.1 -14.2 -12.3 15.6 15.6 12.8
101 3D -11.7 -11.2 -9.2 11.6 11.6 8.8
102 Dignitas -15.7 -15.2 -13.2 17.0 17.1 14.4
103 Fnatic.eu -11.9 -11.7 -9.8 13.0 13.1 10.4
105 Liquid -9.2 -9.0 -6.9 9.0 9.1 6.4
106 Dignitas -6.9 -6.5 -4.1 5.0 5.1 2.4
107 iM`Bashers -4.7 -3.6 -1.2 1.0 1.1 -1.6
114 Fnatic.eu -8.7 -7.6 -5.2 7.0 6.7 4.2
120 Na'Vi -5.3 -3.9 -1.4 3.0 2.7 0.2
122 mouz -1.8 -0.2 2.1 -1.0 -1.3 -3.8
125 Empire 0.7 2.4 4.9 -5.0 -5.3 -7.8
131 Na'Vi 4.4 6.1 9.0 -9.0 -9.3 -11.8
137 Na'Vi 7.1 9.0 11.8 -13.0 -13.3 -15.8
140 CastersEN 3.1 5.0 7.8 -8.2 -7.7 -10.0
141 mouz 5.5 7.6 10.5 -12.2 -11.7 -14.0
142 Alliance 1.5 3.6 6.5 -7.0 -6.9 -9.3
144 mouz -2.5 -0.4 2.5 -1.6 -1.9 -4.4
145 Alliance 0.7 2.9 5.7 -5.6 -5.9 -8.4
146 Liquid 3.1 5.4 8.5 -9.6 -9.9 -12.4
147 4FC -0.9 1.4 4.5 -4.1 -4.4 -6.7
148 Empire 1.8 4.3 7.6 -8.1 -8.4 -10.7
150 Fnatic.eu 1.8 4.3 7.6 -8.1 -8.4 -10.7
152 Alliance 4.8 7.5 10.8 -12.1 -12.4 -14.7
154 VP 7.3 9.9 13.2 -16.1 -16.4 -18.7
158 WH?Dota2 7.3 9.9 13.2 -16.1 -16.4 -18.7
161 Empire 3.3 5.9 9.2 -10.5 -10.9 -13.3
163 Lounge 5.9 8.6 12.1 -14.5 -14.9 -17.3
176 Alliance 8.3 11.5 15.2 -18.5 -18.9 -21.3
178 Dignitas 10.9 14.8 18.6 -22.5 -22.9 -25.3
182 Empire 13.3 17.5 21.5 -26.5 -26.9 -29.3
184 WH?Dota2 16.5 21.0 25.0 -30.5 -30.9 -33.3
187 VP 12.5 17.0 21.0 -23.5 -24.4 -27.4
188 LGD.cn 8.5 13.0 17.0 -18.5 -19.1 -22.1
189 Dignitas 4.5 9.0 13.0 -11.8 -12.8 -16.3
190 Alliance 0.5 5.0 9.0 -6.0 -7.3 -10.8
191 Liquid -3.5 1.0 5.0 -0.9 -1.8 -5.4
192 VP -7.5 -3.0 1.0 3.9 2.5 -1.3
193 VP -11.5 -7.0 -3.0 9.4 7.8 3.8
195 Dignitas -15.5 -11.0 -7.0 15.0 14.1 11.5
199 Dignitas -19.5 -15.0 -11.0 20.1 19.2 16.6
200 VP -15.7 -11.4 -7.4 16.1 15.2 12.6
201 Orange -12.7 -8.1 -3.9 12.1 11.2 8.6
202 Alliance -10.1 -5.4 -1.1 8.1 7.2 4.6
203 Alliance -6.8 -2.0 2.4 4.1 3.2 0.6
204 Fnatic.eu -10.8 -6.0 -1.6 8.3 7.6 5.0
205 Fnatic.eu -14.8 -10.0 -5.6 14.1 13.4 10.7
210 LGD.cn -11.9 -7.4 -3.0 10.1 9.4 6.7
211 Liquid -9.3 -4.4 0.2 6.1 5.4 2.7
212 Dignitas -13.3 -8.4 -3.8 12.2 11.6 8.7
214 Dignitas -9.7 -4.5 0.1 8.2 7.6 4.7
215 Liquid -7.4 -2.0 2.6 4.2 3.6 0.7
217 DK -4.0 0.9 5.4 0.2 -0.4 -3.3
222 Dignitas -4.0 0.9 5.4 0.2 -0.4 -3.3
230 VP -1.8 3.4 8.1 -3.8 -4.4 -7.3
232 Alliance 0.9 6.3 11.2 -7.8 -8.4 -11.3
238 rox.KIS 3.5 9.0 14.1 -11.8 -12.4 -15.3
243 Alliance 5.9 11.6 16.9 -15.8 -16.4 -19.3
247 Dignitas 8.6 15.0 20.5 -19.8 -20.4 -23.3
249 Fnatic.eu 11.6 17.8 23.4 -23.8 -24.4 -27.3
252 VP 7.6 13.8 19.4 -17.0 -18.5 -21.8
257 Liquid 10.9 17.3 23.0 -21.0 -22.5 -25.8
259 Liquid 14.0 20.6 26.5 -25.0 -26.5 -29.8
261 Liquid 16.3 23.2 29.2 -29.0 -30.5 -33.8
263 Prodota.ru 12.3 19.2 25.2 -25.0 -26.4 -29.8
264 Lounge 8.3 15.2 21.2 -19.4 -21.0 -24.5
265 Lounge 8.3 15.2 21.2 -19.4 -21.0 -24.5
267 mouz 11.7 19.0 25.1 -23.4 -25.0 -28.5
269 EG 7.7 15.0 21.1 -17.3 -19.4 -23.1
284 Liquid 9.8 17.4 23.7 -21.3 -23.4 -27.1
285 rox.KIS 12.8 20.6 27.1 -25.3 -27.4 -31.1
295 Quantic 8.8 16.6 23.1 -20.4 -21.9 -25.6
296 Quantic 11.7 19.7 26.3 -24.4 -25.9 -29.6
303 QPandas 7.7 15.7 22.3 -18.2 -20.2 -24.4
308 Quantic 3.7 11.7 18.3 -12.4 -15.2 -19.7
311 Quantic -0.3 7.7 14.3 -8.3 -10.5 -15.0
312 mouz -4.3 3.7 10.3 -2.7 -5.0 -9.4
313 mouz -8.3 -0.3 6.3 3.8 1.3 -3.5
318 mouz -5.4 2.9 9.6 -0.2 -2.7 -7.5
320 EG -9.4 -1.1 5.6 4.3 1.9 -3.1
323 TongFu -13.4 -5.1 1.6 9.8 7.4 2.4
325 RS -10.9 -2.2 4.6 5.8 3.4 -1.6
328 4FC -14.9 -6.2 0.6 12.1 9.5 4.2
329 RAT -11.8 -2.4 4.5 8.1 5.5 0.2
332 RStars -9.2 0.7 8.1 4.1 1.5 -3.8
335 VP -13.2 -3.3 4.1 8.9 5.8 0.6
336 MiTH -10.3 -1.33226762955e-15 7.8 4.9 1.8 -3.4
339 RStars -8.0 3.1 11.0 0.9 -2.2 -7.4
342 Alliance -5.2 5.6 13.6 -3.1 -6.2 -11.4
343 Orange -9.2 1.6 9.6 0.6 -2.1 -7.0
349 Quantic -6.2 4.9 13.3 -3.4 -6.1 -11.0
354 Alliance -2.4 8.5 16.9 -7.4 -10.1 -15.0
359 DK -6.4 4.5 12.9 -3.2 -5.5 -10.3
361 Orange -10.4 0.5 8.9 1.5 -1.1 -6.0
370 iCCup -8.1 3.2 11.9 -2.5 -5.1 -10.0
374 Dignitas -12.1 -0.8 7.9 3.0 0.3 -5.1
380 4FC -9.4 2.2 11.1 -1.0 -3.7 -9.1
381 RS -6.4 5.3 14.3 -5.0 -7.7 -13.1
385 Alliance -4.1 8.3 17.9 -9.0 -11.7 -17.1
386 TM -1.1 11.9 21.7 -13.0 -15.7 -21.1
391 mouz 2.7 15.3 25.1 -17.0 -19.7 -25.1
394 MX 4.9 17.7 27.8 -21.0 -23.7 -29.1
395 LGD.cn 8.2 20.9 31.1 -25.0 -27.7 -33.1
400 VP 4.2 16.9 27.1 -20.7 -22.9 -28.4
405 mouz 0.2 12.9 23.1 -16.1 -18.0 -23.5
411 Quantic -3.8 8.9 19.1 -10.7 -13.0 -18.8
420 Na'Vi -7.8 4.9 15.1 -3.7 -7.6 -13.9
422 Liquid -11.8 0.9 11.1 0.9 -3.0 -9.5
423 Quantic -9.2 3.5 13.9 -3.1 -7.0 -13.5
426 Artyk -7.3 5.9 16.7 -7.1 -11.0 -17.5
429 Liquid -4.7 8.4 19.3 -11.1 -15.0 -21.5
434 EG -1.2 11.9 22.7 -15.1 -19.0 -25.5
436 EG 2.2 15.2 26.0 -19.1 -23.0 -29.5
454 Kaipi -1.8 11.2 22.0 -12.5 -17.4 -24.4
455 EG 1.0 14.2 25.0 -16.5 -21.4 -28.4
456 Fnatic.eu -3.0 10.2 21.0 -10.5 -15.3 -22.7
458 EG -7.0 6.2 17.0 -5.9 -10.4 -18.2
460 Kaipi -11.0 2.2 13.0 0.5 -4.6 -12.7
463 VP -8.3 4.7 15.7 -3.5 -8.6 -16.7
470 mouz -5.6 7.4 18.6 -7.5 -12.6 -20.7
477 mouz -2.9 10.4 21.7 -11.5 -16.6 -24.7
478 rox.KIS 0.6 13.4 24.8 -15.5 -20.6 -28.7
487 Kaipi 2.8 16.0 27.7 -19.5 -24.6 -32.7
490 paiN.int 5.5 19.1 31.1 -23.5 -28.6 -36.7
497 DK 1.5 15.1 27.1 -18.0 -23.4 -31.7
500 Liquid -2.5 11.1 23.1 -11.8 -16.4 -25.0
501 eLPride -6.5 7.1 19.1 -6.2 -10.0 -18.5
509 Keita -3.5 9.5 21.4 -10.2 -14.0 -22.5
510 Fnatic.eu -7.5 5.5 17.4 -5.3 -9.3 -18.3
516 Quantic -4.0 9.3 21.5 -9.3 -13.3 -22.3
530 Orange -0.8 13.3 25.8 -13.3 -17.3 -26.3
534 EG 2.0 16.1 28.5 -17.3 -21.3 -30.3
539 Quantic 5.4 19.4 31.9 -21.3 -25.3 -34.3
540 EG 8.0 21.9 34.5 -25.3 -29.3 -38.3
543 VP 10.6 24.2 37.1 -29.3 -33.3 -42.3
548 Liquid 13.7 27.3 40.4 -33.3 -37.3 -46.3
556 Fnatic.eu 9.7 23.3 36.4 -28.4 -33.0 -42.3
559 mouz 13.1 27.0 40.3 -32.4 -37.0 -46.3
561 Orange 9.1 23.0 36.3 -27.8 -31.7 -41.0
563 iG 12.4 26.8 40.3 -31.8 -35.7 -45.0
564 EG 8.4 22.8 36.3 -24.9 -29.1 -38.9
565 Dignitas 4.4 18.8 32.3 -19.9 -24.6 -34.8
567 mouz 7.4 22.0 35.7 -23.9 -28.6 -38.8
568 Liquid 10.1 24.6 38.4 -27.9 -32.6 -42.8
570 VP 6.1 20.6 34.4 -23.9 -28.5 -38.6
575 TongFu 2.1 16.6 30.4 -18.4 -23.2 -33.6
579 Alliance 4.8 19.4 33.4 -22.4 -27.2 -37.6
581 LGD.cn 7.2 22.2 36.5 -26.4 -31.2 -41.6
583 iCCup 3.2 18.2 32.5 -22.0 -26.8 -37.5
586 EG -0.8 14.2 28.5 -17.4 -22.0 -32.8
591 LGD.cn 1.9 17.1 31.5 -21.4 -26.0 -36.8
593 Quantic 4.4 19.6 34.1 -25.4 -30.0 -40.8
594 mouz 7.6 22.9 37.6 -29.4 -34.0 -44.8
596 mouz 10.4 25.9 40.5 -33.4 -38.0 -48.8
599 Na'Vi 13.9 28.9 43.4 -37.4 -42.0 -52.8
610 LGD.cn 17.7 32.2 46.7 -41.4 -46.0 -56.8
612 Na'Vi 20.9 35.1 49.5 -45.4 -50.0 -60.8
613 Fnatic.eu 23.7 37.9 52.3 -49.4 -54.0 -64.8
614 EG 27.2 41.3 55.9 -53.4 -58.0 -68.8
619 iG 23.2 37.3 51.9 -48.1 -52.9 -63.8
620 DK 19.2 33.3 47.9 -43.5 -47.3 -57.7
625 TongFu 15.2 29.3 43.9 -37.8 -42.2 -53.0
633 Liquid 18.8 32.9 47.7 -41.8 -46.2 -57.0
634 Na'Vi 21.7 35.7 50.5 -45.8 -50.2 -61.0
638 Na'Vi 24.4 38.3 53.2 -49.8 -54.2 -65.0
639 4FC 27.7 41.1 56.0 -53.8 -58.2 -69.0
641 mouz 29.8 43.7 58.8 -57.8 -62.2 -73.0
649 Fnatic.eu 33.2 47.1 62.4 -61.8 -66.2 -77.0
650 Fnatic.eu 29.2 43.1 58.4 -57.4 -61.6 -72.3
652 DK 25.2 39.1 54.4 -51.5 -56.0 -66.9
654 DK 27.2 41.7 57.6 -55.5 -60.0 -70.9
661 iG 23.2 37.7 53.6 -50.0 -55.0 -66.2
663 RS 19.2 33.7 49.6 -45.5 -50.1 -61.8
665 Orange 21.6 36.3 52.6 -49.5 -54.1 -65.8
666 LGD.cn 23.9 39.0 55.5 -53.5 -58.1 -69.8
669 iNfernity 26.2 41.6 58.7 -57.5 -62.1 -73.8
673 LGD.cn 29.2 44.9 62.2 -61.5 -66.1 -77.8
675 EG 25.2 40.9 58.2 -55.1 -59.9 -71.9
680 Liquid 21.2 36.9 54.2 -48.5 -53.2 -66.2
681 Quantic 17.2 32.9 50.2 -41.8 -47.3 -60.8
682 mouz 13.2 28.9 46.2 -35.5 -41.4 -55.5
683 rox.KIS 9.2 24.9 42.2 -29.1 -35.7 -50.3
684 VP 13.0 28.5 46.0 -33.1 -39.7 -54.3
685 mouz 15.6 31.5 49.3 -37.1 -43.7 -58.3
687 VP 11.6 27.5 45.3 -31.5 -38.5 -53.2
689 Kaipi 7.6 23.5 41.3 -27.2 -34.4 -49.0
701 VG 3.6 19.5 37.3 -21.1 -28.2 -43.2
706 RS -0.4 15.5 33.3 -15.6 -22.9 -38.0
709 Kaipi 2.6 18.6 36.6 -19.6 -26.9 -42.0
710 VP 5.8 21.7 39.8 -23.6 -30.9 -46.0
711 mouz 8.5 24.9 43.2 -27.6 -34.9 -50.0
714 Dreamz 11.4 27.6 46.1 -31.6 -38.9 -54.0
717 mouz 14.3 30.6 49.2 -35.6 -42.9 -58.0
724 Kaipi 17.8 34.3 53.0 -39.6 -46.9 -62.0
734 TongFu 20.8 37.6 56.4 -43.6 -50.9 -66.0
735 Dignitas 24.2 40.7 59.4 -47.6 -54.9 -70.0
737 Na'Vi 26.4 43.1 62.0 -51.6 -58.9 -74.0
743 Fnatic.eu 30.0 46.2 65.1 -55.6 -62.9 -78.0
744 Alliance 32.5 48.8 67.9 -59.6 -66.9 -82.0
750 Orange 35.1 51.9 71.1 -63.6 -70.9 -86.0
756 Dignitas 31.1 47.9 67.1 -58.2 -66.1 -81.5
772 DK 27.1 43.9 63.1 -52.7 -60.2 -76.1
774 TongFu 23.1 39.9 59.1 -46.1 -54.0 -70.4
775 Liquid 26.0 42.8 62.1 -50.1 -58.0 -74.4
782 iG 28.5 45.5 65.0 -54.1 -62.0 -78.4
787 TongFu 31.7 49.4 69.1 -58.1 -66.0 -82.4
788 Dignitas 34.1 51.8 71.7 -62.1 -70.0 -86.4
789 LGD.int 30.1 47.8 67.7 -57.7 -65.4 -82.0
790 AllStarsA 26.1 43.8 63.7 -53.0 -60.1 -77.0
792 Fnatic.eu 28.7 46.3 66.4 -57.0 -64.1 -81.0
794 DK 24.7 42.3 62.4 -52.8 -59.6 -76.7
801 Orange 27.4 45.3 65.6 -56.8 -63.6 -80.7
804 TongFu 30.8 49.2 69.6 -60.8 -67.6 -84.7
805 Alliance 34.2 53.2 73.8 -64.8 -71.6 -88.7
806 Orange 30.2 49.2 69.8 -57.7 -65.4 -83.0
808 Alliance 32.6 52.0 72.7 -61.7 -69.4 -87.0
827 TS 28.6 48.0 68.7 -56.6 -62.5 -80.5
834 Aspera 32.2 51.4 72.3 -60.6 -66.5 -84.5
835 Poseidon 35.1 53.9 74.7 -64.6 -70.5 -88.5
837 Next.kz 31.1 49.9 70.7 -58.8 -64.2 -82.5
840 TS 34.3 53.1 74.0 -62.8 -68.2 -86.5
846 Next.kz 37.4 56.4 77.4 -66.8 -72.2 -90.5
847 4FC 33.4 52.4 73.4 -62.2 -67.1 -85.2
848 DUZA 29.4 48.4 69.4 -55.3 -60.6 -79.4
849 Poseidon 32.7 51.8 73.1 -59.3 -64.6 -83.4
854 Life 28.7 47.8 69.1 -54.7 -58.9 -77.9
863 Next.kz 24.7 43.8 65.1 -50.1 -53.9 -73.2
868 GxGaming 20.7 39.8 61.1 -45.1 -48.1 -67.8
869 SFEC 16.7 35.8 57.1 -39.7 -43.2 -63.3
874 VP 20.0 39.0 60.6 -43.7 -47.2 -67.3
875 Imp 16.0 35.0 56.6 -38.9 -42.4 -62.7
879 Empire 18.8 38.1 59.9 -42.9 -46.4 -66.7
882 rox.KIS 18.8 38.1 59.9 -42.9 -46.4 -66.7
887 MSIEvoGT 14.8 34.1 55.9 -36.5 -40.8 -61.5
890 GL.eu 17.1 36.8 58.8 -40.5 -44.8 -65.5
894 Life 19.6 39.8 62.2 -44.5 -48.8 -69.5
895 Next.kz 23.1 43.5 65.8 -48.5 -52.8 -73.5
900 VP 19.1 39.5 61.8 -41.5 -46.2 -67.5
904 SAfrica 15.1 35.5 57.8 -36.0 -40.7 -62.3
907 NoLove 18.7 39.3 61.8 -40.0 -44.7 -66.3
910 Empire 14.7 35.3 57.8 -35.9 -40.6 -62.2
912 Kaipi 10.7 31.3 53.8 -31.4 -35.7 -57.5
914 StayFree 13.0 33.7 56.6 -35.4 -39.7 -61.5
918 DUZA 9.0 29.7 52.6 -30.2 -35.2 -57.2
924 ONE.dota 12.3 33.2 56.6 -34.2 -39.2 -61.2
928 LGD.cn 8.3 29.2 52.6 -29.6 -34.5 -56.4
929 Dreamz 4.3 25.2 48.6 -24.9 -30.4 -52.4
930 MiTH 7.0 27.5 51.0 -28.9 -34.4 -56.4
939 Poseidon 9.8 30.9 54.7 -32.9 -38.4 -60.4
940 Next.kz 5.8 26.9 50.7 -27.5 -33.3 -55.5
942 Quantic 1.8 22.9 46.7 -23.0 -28.1 -50.6
955 DUZA 5.8 26.3 50.0 -27.0 -32.1 -54.6
961 Life 8.0 29.2 53.3 -31.0 -36.1 -58.6
962 iG 11.2 32.6 56.9 -35.0 -40.1 -62.6
966 TongFu 14.7 35.4 59.6 -39.0 -44.1 -66.6
970 Joiker 17.5 38.3 62.7 -43.0 -48.1 -70.6
971 iG 19.5 40.8 65.5 -47.0 -52.1 -74.6
973 DUZA 15.5 36.8 61.5 -42.1 -46.9 -69.5
974 Fnatic.eu 18.3 39.2 64.0 -46.1 -50.9 -73.5
979 PR 20.9 41.5 66.4 -50.1 -54.9 -77.5
984 nAra 16.9 37.5 62.4 -44.7 -49.6 -72.8
994 Next.kz 12.9 33.5 58.4 -38.7 -43.9 -67.4
996 rox.KIS 15.6 35.9 60.9 -42.7 -47.9 -71.4
998 Mski 18.7 38.7 63.9 -46.7 -51.9 -75.4
1003 Kaipi 21.9 42.7 68.1 -50.7 -55.9 -79.4
1007 rox.KIS 25.0 45.6 71.2 -54.7 -59.9 -83.4
1011 Imp 21.0 41.6 67.2 -50.7 -55.0 -78.8
1013 Empire 21.0 41.6 67.2 -50.7 -55.0 -78.8
1014 Na'Vi 17.0 37.6 63.2 -45.9 -50.8 -74.8
1026 PBS 20.4 41.6 67.1 -49.9 -54.8 -78.8
1029 rox.KIS 23.0 44.7 70.4 -53.9 -58.8 -82.8
1031 Empire 25.8 47.4 73.2 -57.9 -62.8 -86.8
1033 LGD.cn 29.4 50.9 76.7 -61.9 -66.8 -90.8
1036 4FC 25.4 46.9 72.7 -55.8 -60.8 -85.4
1038 Aspera 21.4 42.9 68.7 -51.3 -56.3 -80.8
1053 Kaipi 17.4 38.9 64.7 -45.7 -50.9 -75.5
1054 TR 21.1 42.3 68.1 -49.7 -54.9 -79.5
1058 UR 17.1 38.3 64.1 -44.8 -50.3 -75.2
1084 Arcanys 13.1 34.3 60.1 -40.4 -44.5 -69.6
1086 MVP 9.1 30.3 56.1 -35.1 -38.9 -64.1
1093 Lowyat 5.1 26.3 52.1 -29.3 -33.1 -58.6
1094 DK 7.4 28.9 55.1 -33.3 -37.1 -62.6
1100 Aspera 11.4 31.8 57.9 -37.3 -41.1 -66.6
1103 FD 11.4 31.8 57.9 -37.3 -41.1 -66.6
1107 Rain 7.4 27.8 53.9 -32.1 -36.3 -62.0
1110 bvd.dotA 9.5 30.2 56.7 -36.1 -40.3 -66.0
1116 NJ&Kids 5.5 26.2 52.7 -31.0 -34.0 -59.8
1119 FD 1.5 22.2 48.7 -24.2 -27.6 -53.9
1127 EG 3.8 24.7 51.5 -28.2 -31.6 -57.9
1128 TakeFive 7.0 29.1 56.2 -32.2 -35.6 -61.9
1134 PR 3.0 25.1 52.2 -27.9 -31.6 -57.9
1138 CSW 5.7 28.1 55.5 -31.9 -35.6 -61.9
1140 SYM 1.7 24.1 51.5 -25.8 -29.0 -55.4
1142 SYF 5.2 27.3 54.6 -29.8 -33.0 -59.4
1145 Fnatic.eu 7.9 29.6 57.0 -33.8 -37.0 -63.4
1150 Speed 9.9 32.8 60.7 -37.8 -41.0 -67.4
1154 Alliance 9.9 32.8 60.7 -37.8 -41.0 -67.4
1160 Na'Vi 5.9 28.8 56.7 -29.8 -35.5 -62.4
1166 CSW 9.4 31.7 59.6 -33.8 -39.5 -66.4
1180 Empire 5.4 27.7 55.6 -28.6 -35.0 -62.3
1182 Fnatic.eu 9.3 30.7 58.5 -32.6 -39.0 -66.3
1186 iG 11.5 33.5 61.3 -36.6 -43.0 -70.3
1187 StayFree 7.5 29.5 57.3 -31.7 -37.8 -64.8
1193 Speed 3.5 25.5 53.3 -27.2 -32.7 -59.7
1198 Aspera 6.5 28.4 56.4 -31.2 -36.7 -63.7
1201 Aspera 2.5 24.4 52.4 -26.4 -32.0 -59.4
1207 mouz -1.5 20.4 48.4 -20.1 -25.7 -53.5
1209 MiTH -5.5 16.4 44.4 -13.1 -19.4 -47.7
1211 mouz -9.5 12.4 40.4 -7.4 -14.1 -42.6
1214 VG -13.5 8.4 36.4 -1.2 -6.8 -35.8
1218 CSW -17.5 4.4 32.4 5.2 -1.0 -30.6
1219 NoX -21.5 0.4 28.4 10.0 3.7 -26.2
1229 StayFree -25.5 -3.6 24.4 16.7 9.3 -21.4
1236 Speed -25.5 -3.6 24.4 16.7 9.3 -21.4
1244 Sigma.int -23.8 -1.0 27.7 12.7 5.3 -25.4
1246 Liquid -21.2 1.8 30.7 8.7 1.3 -29.4
1249 Alliance -25.2 -2.2 26.7 12.7 5.4 -25.2
1254 Startale -25.2 -2.2 26.7 12.7 5.4 -25.2
1259 Sigma.int -23.2 0.5 29.7 8.7 1.4 -29.2
1260 Sigma.int -27.2 -3.5 25.7 12.9 5.9 -24.8
1261 mouz -31.2 -7.5 21.7 20.9 11.8 -19.3
1270 MiTH -28.5 -5.2 24.3 16.9 7.8 -23.3
1271 SYF -26.2 -2.6 27.4 12.9 3.8 -27.3
1277 Mski -30.2 -6.6 23.4 17.5 7.6 -23.7
1280 MiTH -30.2 -6.6 23.4 17.5 7.6 -23.7
1281 Speed -27.4 -3.6 26.6 13.5 3.6 -27.7
1286 LGD.int -25.3 -1.0 29.3 9.5 -0.4 -31.7
1289 Titan -29.3 -5.0 25.3 14.6 4.6 -26.8
1290 Lowyat -33.3 -9.0 21.3 20.7 10.2 -21.4
1291 PR -29.9 -6.4 24.0 16.7 6.2 -25.4
1295 Fnatic.eu -33.9 -10.4 20.0 21.6 10.9 -21.0
1297 EG -31.5 -8.1 22.6 17.6 6.9 -25.0
1298 Titan -28.8 -5.1 26.0 13.6 2.9 -29.0
1302 DK -26.6 -2.6 28.7 9.6 -1.1 -33.0
1304 Empire -23.2 0.3 31.4 5.6 -5.1 -37.0
1311 Sleisel -27.2 -3.7 27.4 9.6 -0.8 -32.8
1313 EG -31.2 -7.7 23.4 15.2 5.1 -27.4
1320 Orange -27.5 -4.9 26.0 11.2 1.1 -31.4
1337 Startale -25.0 -2.5 28.7 7.2 -2.9 -35.4
1349 Alliance -29.0 -6.5 24.7 11.1 1.2 -31.0
1350 Fnatic.eu -33.0 -10.5 20.7 16.7 7.1 -25.0
1358 VP -37.0 -14.5 16.7 22.6 12.7 -19.7
1374 VP -33.5 -10.7 20.4 18.6 8.7 -23.7
1378 Imp -30.7 -7.2 24.1 14.6 4.7 -27.7
1385 Na'Vi -34.7 -11.2 20.1 20.7 9.9 -23.0
1387 LGD.cn -31.6 -8.0 23.4 16.7 5.9 -27.0
1392 EG -28.7 -4.6 26.8 12.7 1.9 -31.0
1393 Fnatic.eu -25.4 -1.9 29.5 8.7 -2.1 -35.0
1394 LGD.cn -21.8 2.2 33.4 4.7 -6.1 -39.0
1395 iG -18.4 5.0 36.3 0.7 -10.1 -43.0
1398 Alliance -22.4 1.0 32.3 5.3 -5.5 -38.4
1409 Liquid -26.4 -3.0 28.3 10.3 -0.5 -33.6
1420 FD -22.9 -0.1 31.5 6.3 -4.5 -37.6
1422 EG -26.9 -4.1 27.5 10.3 -0.2 -33.3
1433 iG -30.9 -8.1 23.5 17.3 5.8 -28.0
1434 MiTH -27.8 -5.3 26.3 13.3 1.8 -32.0
1435 mouz -24.3 -2.2 29.3 9.3 -2.2 -36.0
1440 Alliance -21.8 0.5 32.3 5.3 -6.2 -40.0
1444 Fnatic.eu -25.8 -3.5 28.3 9.7 -2.2 -36.1
1446 mouz -29.8 -7.5 24.3 17.0 4.1 -30.3
1448 MiTH -33.8 -11.5 20.3 23.2 10.9 -23.9
1453 Liquid -31.4 -8.8 23.1 19.2 6.9 -27.9
1467 Sigma.int -35.4 -12.8 19.1 24.2 12.5 -22.4
1469 Alliance -35.4 -12.8 19.1 24.2 12.5 -22.4
1486 Sigma.int -39.4 -16.8 15.1 28.4 17.5 -17.3
1491 Fnatic.eu -36.2 -13.4 18.8 24.4 13.5 -21.3
1493 Sigma.int -40.2 -17.4 14.8 29.3 19.1 -15.7
1502 DK -36.9 -13.4 19.0 25.3 15.1 -19.7
1503 Speed -34.4 -11.3 21.4 21.3 11.1 -23.7
1504 Sigma.int -31.4 -8.1 24.7 17.3 7.1 -27.7
1505 Na'Vi -35.4 -12.1 20.7 21.7 11.5 -23.6
1509 Speed -32.0 -8.5 24.4 17.7 7.5 -27.6
1514 Fnatic.eu -36.0 -12.5 20.4 23.6 13.3 -21.7
1516 DK -40.0 -16.5 16.4 27.8 18.4 -16.6
1517 Speed -36.9 -13.4 19.6 23.8 14.4 -20.6
1519 Orange -33.6 -10.8 22.2 19.8 10.4 -24.6
1520 Titan -31.0 -8.3 24.8 15.8 6.4 -28.6
1522 Next.kz -35.0 -12.3 20.8 22.2 12.6 -23.0
1525 mouz -32.2 -9.6 23.6 18.2 8.6 -27.0
1526 TongFu3 -29.8 -7.1 26.4 14.2 4.6 -31.0
1532 Poseidon -33.8 -11.1 22.4 19.4 9.9 -26.3
1536 Hearts -30.1 -8.0 25.5 15.4 5.9 -30.3
1539 Next.kz -27.4 -5.7 27.9 11.4 1.9 -34.3
1540 Next.kz -24.8 -3.0 30.9 7.4 -2.1 -38.3
1541 PR -28.8 -7.0 26.9 14.1 4.0 -32.8
1542 rox.KIS -26.5 -4.5 29.8 10.1 5.3290705182e-15 -36.8
1543 Fnatic.eu -23.9 -2.1 32.3 6.1 -4.0 -40.8
1555 Mski -20.2 1.8 36.2 2.1 -8.0 -44.8
1556 LGD.cn -16.7 5.4 39.9 -1.9 -12.0 -48.8
1558 FD -20.7 1.4 35.9 3.7 -7.0 -44.1
1559 Na'Vi -20.7 1.4 35.9 3.7 -7.0 -44.1
1561 Na'Vi -18.0 3.9 38.5 -0.3 -11.0 -48.1
1563 FL -15.0 6.9 41.9 -4.3 -15.0 -52.1
1564 Mski -11.5 9.8 44.8 -8.3 -19.0 -56.1
1565 NSG -15.5 5.8 40.8 -3.6 -13.1 -50.2
1569 Next.kz -19.5 1.8 36.8 2.5 -6.3 -43.9
1570 SSD -23.5 -2.2 32.8 6.5 -1.8 -39.2
1571 PR -20.7 0.5 35.6 2.5 -5.8 -43.2
1575 iG -24.7 -3.5 31.6 6.9 -1.4 -38.8
1577 MVP.P -21.4 -0.6 34.4 2.9 -5.4 -42.8
1584 SSD -19.0 2.2 37.3 -1.1 -9.4 -46.8
1588 LGD.cn -23.0 -1.8 33.3 3.2 -3.6 -40.5
1591 VG -27.0 -5.8 29.3 7.3 0.7 -36.2
1592 VG -23.3 -2.1 33.2 3.3 -3.3 -40.2
1596 Kawai -27.3 -6.1 29.2 7.6 1.2 -35.5
1601 SSD -24.0 -3.2 32.1 3.6 -2.8 -39.5
1605 VG -21.6 -0.3 35.3 -0.4 -6.8 -43.5
1606 CSW -25.6 -4.3 31.3 4.1 -3.1 -39.6
1609 Empire -21.3 -0.8 34.7 0.1 -7.1 -43.6
1610 VP -18.0 2.9 38.6 -3.9 -11.1 -47.6
1615 Speed -15.1 5.7 41.7 -7.9 -15.1 -51.6
1619 XctN -12.8 8.3 44.5 -11.9 -19.1 -55.6
1622 Aspera -16.8 4.3 40.5 -5.8 -12.7 -49.6
1630 Na'Vi -14.2 6.6 43.0 -9.8 -16.7 -53.6
1632 Fnatic.eu -18.2 2.6 39.0 -4.1 -10.9 -47.8
1633 Startale -14.7 5.3 41.5 -8.1 -14.9 -51.8
1635 VG -18.7 1.3 37.5 -3.0 -7.7 -44.1
1638 VG -15.7 5.6 42.2 -7.0 -11.7 -48.1
1639 Fnatic.eu -19.7 1.6 38.2 -1.2 -5.9 -42.9
1640 FD -16.6 5.2 41.8 -5.2 -9.9 -46.9
1643 VG -14.2 8.3 45.2 -9.2 -13.9 -50.9
1644 iG -18.2 4.3 41.2 -3.2 -8.4 -45.6
1646 RRQ -22.2 0.3 37.2 1.1 -3.5 -40.4
1647 MiTH -26.2 -3.7 33.2 6.8 1.7 -35.9
1649 VP -22.5 0.3 37.1 2.8 -2.3 -39.9
1659 Alliance -26.5 -3.7 33.1 7.1 2.4 -35.3
1661 Alliance -23.8 -0.9 36.1 3.1 -1.6 -39.3
1666 Lowyat -27.8 -4.9 32.1 9.8 4.1 -34.2
1670 MiTH -23.7 -1.1 35.4 5.8 0.1 -38.2
1671 Neon -20.3 2.2 38.9 1.8 -3.9 -42.2
1673 rox.KIS -17.5 5.5 42.6 -2.2 -7.9 -46.2
1675 Empire -13.9 9.3 46.5 -6.2 -11.9 -50.2
1680 Mski -10.6 12.2 49.4 -10.2 -15.9 -54.2
1702 DK -7.1 15.6 52.8 -14.2 -19.9 -58.2
1703 DK -11.1 11.6 48.8 -8.9 -15.0 -53.5
1704 Alliance -8.4 14.3 51.7 -12.9 -19.0 -57.5
1710 Speed -12.4 10.3 47.7 -6.8 -12.8 -51.6
1710 Speed -16.4 6.3 43.7 -0.3 -6.3 -45.7
1715 Poseidon -20.4 2.3 39.7 5.4 -0.9 -40.4
1715 Poseidon -24.4 -1.7 35.7 9.9 3.7 -36.4
1716 rox.KIS -22.0 1.0 38.5 5.9 -0.3 -40.4
1716 rox.KIS -19.4 3.6 41.4 1.9 -4.3 -44.4
1717 VP -15.7 7.1 44.9 -2.1 -8.3 -48.4
1717 VP -11.4 10.7 48.3 -6.1 -12.3 -52.4
1718 Fnatic.eu -15.4 6.7 44.3 0.3 -5.4 -46.6
1718 Fnatic.eu -19.4 2.7 40.3 7.2 1.2 -40.8
1729 Sigma.int -19.4 2.7 40.3 7.2 1.2 -40.8
1732 rox.KIS -23.4 -1.3 36.3 13.1 8.5 -33.5
1734 PR -19.9 2.3 40.0 9.1 4.5 -37.5
1737 MiTH -23.9 -1.7 36.0 14.0 10.6 -31.7
1740 LGD.cn -27.9 -5.7 32.0 20.4 16.2 -26.9
1741 VP -24.1 -1.9 35.7 16.4 12.2 -30.9
1748 Idol -28.1 -5.9 31.7 20.7 17.3 -25.9
1749 FD -32.1 -9.9 27.7 25.0 22.4 -20.5
1757 iG -28.6 -6.3 31.6 21.0 18.4 -24.5
1759 FD -25.5 -2.8 35.5 17.0 14.4 -28.5
1767 rox.KIS -22.8 0.3 39.0 13.0 10.4 -32.5
1769 XctN -26.8 -3.7 35.0 18.0 16.1 -27.0
1775 RRQ -30.8 -7.7 31.0 23.6 21.0 -22.5
1778 FSid3 -34.8 -11.7 27.0 29.6 27.6 -16.0
1782 Mski -31.0 -8.2 30.5 25.6 23.6 -20.0
1787 Sigma.int -28.5 -5.7 33.1 21.6 19.6 -24.0
1789 Na'Vi -25.6 -3.0 35.9 17.6 15.6 -28.0
1794 Mski -29.6 -7.0 31.9 22.7 21.2 -22.7
1796 Titan -27.1 -4.3 34.5 18.7 17.2 -26.7
1798 OsG -24.8 -1.6 37.3 14.7 13.2 -30.7
1810 TR -28.8 -5.6 33.3 19.5 18.4 -25.5
1813 DK -26.5 -3.1 36.0 15.5 14.4 -29.5
1816 TongFu -30.5 -7.1 32.0 21.1 19.5 -25.1
1819 rox.KIS -28.1 -4.8 34.5 17.1 15.5 -29.1
1824 Empire -24.9 -1.6 38.0 13.1 11.5 -33.1
1832 TR -21.5 1.6 41.4 9.1 7.5 -37.1
1835 iG -25.5 -2.4 37.4 13.0 11.7 -32.5
1838 Titan -29.5 -6.4 33.4 19.3 18.4 -26.0
1844 VG -33.5 -10.4 29.4 25.1 23.4 -21.3
1864 Revenge -31.2 -7.9 32.2 21.1 19.4 -25.3
1872 rox.KIS -35.2 -11.9 28.2 25.7 24.2 -20.6
1873 PBS -39.2 -15.9 24.2 32.0 30.8 -17.1
1881 LGD.cn -35.9 -12.1 26.1 28.0 26.8 -21.1
1882 Swage -32.2 -8.2 28.8 24.0 22.8 -25.1
1888 SMM -29.0 -5.3 31.9 20.0 18.8 -29.1
1890 LGD.cn -33.0 -9.3 27.9 26.5 24.7 -23.6
1891 Lowyat -37.0 -13.3 23.9 31.1 29.3 -19.1
1895 Fnatic.eu -41.0 -17.3 19.9 35.7 33.2 -10.4
1896 XctN -45.0 -21.3 15.9 41.1 39.1 -4.9
1897 Idol -49.0 -25.3 11.9 47.0 45.1 0.8
1902 Idol -53.0 -29.3 7.9 51.7 49.7 4.9
1907 EOT -50.1 -26.0 10.2 47.7 45.7 0.9
1908 Sigma.int -54.1 -30.0 6.2 52.6 51.1 6.5
1909 Mski -51.0 -26.4 8.9 48.6 47.1 2.5
1921 VP -48.5 -24.0 11.2 44.6 43.1 -1.5
1922 VP -52.5 -28.0 7.2 49.5 47.9 2.9
1926 PR -49.9 -25.9 9.4 45.5 43.9 -1.1
1932 Empire -49.9 -25.9 9.4 45.5 43.9 -1.1
1938 DK -47.4 -23.2 12.3 41.5 39.9 -5.1
1940 Na'Vi -51.4 -27.2 8.3 46.7 44.2 -0.8
1942 VP -48.0 -24.3 11.2 42.7 40.2 -4.8
1955 Life -45.2 -20.8 12.9 38.7 36.2 -8.8
1966 Speed -42.4 -17.5 16.6 34.7 32.2 -12.8
1968 Denial -40.1 -14.9 19.5 30.7 28.2 -16.8
1969 hehe -37.2 -11.5 23.2 26.7 24.2 -20.8
1974 bvd.dotA -41.2 -15.5 19.2 31.9 29.1 -17.5
1976 Relax -45.2 -19.5 15.2 37.1 33.9 -10.5
1977 Empire -49.2 -23.5 11.2 42.0 38.8 -6.0
1978 eHug -46.3 -20.1 12.7 38.0 34.8 -10.0
1979 Empire -44.0 -17.3 15.8 34.0 30.8 -14.0
1980 Empire -40.6 -13.1 20.3 30.0 26.8 -18.0
1986 eHug -44.6 -17.1 16.3 36.1 32.9 -12.1
1993 Liquid -41.5 -13.7 20.0 32.1 28.9 -16.1
1994 Fnatic.eu -45.5 -17.7 16.0 36.6 32.9 -12.2
2000 UG -49.5 -21.7 12.0 41.7 37.8 -6.8
2002 Swage -46.6 -18.6 13.6 37.7 33.8 -10.8
2004 Empire -43.7 -15.7 17.0 33.7 29.8 -14.8
2006 Empire -47.7 -19.7 13.0 37.8 33.8 -8.8
2011 PR -51.7 -23.7 9.0 43.4 38.5 -4.3
2025 D4D -48.6 -20.5 11.3 39.4 34.5 -8.3
2030 Empire -45.1 -17.1 14.8 35.4 30.5 -12.3
2031 Sigma.int -49.1 -21.1 10.8 41.8 37.0 -5.7
2033 eHug -53.1 -25.1 6.8 48.3 43.7 0.9
2036 Zephyr -50.1 -21.8 10.3 44.3 39.7 -3.1
2038 SADBOYS -46.0 -17.6 13.6 40.3 35.7 -7.1
2039 Speed -50.0 -21.6 9.6 46.7 42.1 -0.6
2046 Empire -46.5 -18.1 13.2 42.7 38.1 -4.6
2060 Fnatic.eu -50.5 -22.1 9.2 47.3 42.3 -0.6
2062 PR -54.5 -26.1 5.2 53.8 48.5 5.3
2069 VP -58.5 -30.1 1.2 60.1 54.3 11.3
2071 Cloud9 -55.4 -26.7 3.3 56.1 50.3 7.3
2078 Empire -52.9 -24.1 5.3 52.1 46.3 3.3
2084 hehe -56.9 -28.1 1.3 56.7 51.1 7.8
2085 Next.kz -53.8 -25.1 6.0 52.7 47.1 3.8
2088 SADBOYS -50.7 -21.4 8.4 48.7 43.1 -0.2
2091 Zephyr -47.9 -18.5 11.5 44.7 39.1 -4.2
2092 Empire -51.9 -22.5 7.5 49.0 43.5 0.1
2096 neXt! -55.9 -26.5 3.5 54.8 48.9 4.5
2101 ZR -52.8 -22.9 5.6 50.8 44.9 0.5
2103 JnRun -56.8 -26.9 1.6 55.5 49.7 5.4
2105 Mongolz -53.3 -23.3 4.1 51.5 45.7 1.4
2106 Panthers -50.8 -20.6 7.2 47.5 41.7 -2.6
2112 DUZA -48.3 -18.0 9.8 43.5 37.7 -6.6
2114 VP -45.6 -15.0 13.0 39.5 33.7 -10.6
2115 Mongolz -49.6 -19.0 9.0 45.9 40.5 -4.2
2122 4FC -46.3 -15.8 11.9 41.9 36.5 -8.2
2142 MVP.P -42.8 -13.0 14.7 37.9 32.5 -12.2
2150 VP -46.8 -17.0 10.7 42.7 37.0 -7.1
2151 Insane -50.8 -21.0 6.7 47.5 42.1 -1.8
2154 ZR -54.8 -25.0 2.7 53.2 47.6 3.1
2161 Osiris -58.8 -29.0 -1.3 61.0 54.6 7.0
2164 Puck -62.8 -33.0 -5.3 67.3 61.6 13.8
2168 Dignotoss -59.9 -29.4 -1.5 63.3 57.6 9.8
2176 neXt! -63.9 -33.4 -5.5 69.7 63.4 15.3
2182 MM -61.2 -30.5 -3.9 65.7 59.4 11.3
2183 4N -65.2 -34.5 -7.9 70.6 64.3 16.0
2184 Swage -69.2 -38.5 -11.9 75.2 68.0 21.1
2186 RRQ -73.2 -42.5 -15.9 80.9 73.0 28.9
2189 Dignotoss -77.2 -46.5 -19.9 85.7 77.6 34.9
2192 PR -81.2 -50.5 -23.9 92.6 83.8 40.1
2194 Zephyr -78.5 -47.7 -21.6 88.6 79.8 36.1
2196 Dog -82.5 -51.7 -25.6 92.3 84.6 41.4
2202 neXt! -80.1 -49.2 -23.3 88.3 80.6 37.4
2206 Mski -80.1 -49.2 -23.3 88.3 80.6 37.4
2207 PR -84.1 -53.2 -27.3 92.8 85.2 41.7
2209 DT.NGC -88.1 -57.2 -31.3 98.1 90.3 46.0
2219 rox.KIS -92.1 -61.2 -35.3 103.5 95.5 51.1
2223 Sigma.int -88.3 -57.5 -31.4 99.5 91.5 47.1
2225 Empire -92.3 -61.5 -35.4 105.2 98.9 54.8
2232 Relax -88.6 -58.5 -32.6 101.2 94.9 50.8
2233 CIS -85.9 -55.5 -29.9 97.2 90.9 46.8
2234 5inQ -83.3 -53.4 -27.7 93.2 86.9 42.8
2245 MYM -80.5 -50.4 -24.4 89.2 82.9 38.8
2246 Execration -76.6 -46.5 -21.5 85.2 78.9 34.8
2247 Cloud9 -73.4 -42.8 -19.5 81.2 74.9 30.8
2250 Execration -77.4 -46.8 -23.5 86.1 79.9 35.3
2254 Fnatic.eu -74.5 -43.8 -20.3 82.1 75.9 31.3
2255 rox.KIS -72.0 -41.4 -17.9 78.1 71.9 27.3
2263 Cloud9 -69.8 -38.8 -15.0 74.1 67.9 23.3
2272 Arrow -66.8 -35.2 -11.0 70.1 63.9 19.3
2286 Cloud9 -64.1 -32.6 -7.5 66.1 59.9 15.3
2287 VG -68.1 -36.6 -11.5 71.7 65.5 19.0
2291 Na'Vi -65.7 -34.2 -8.4 67.7 61.5 15.0
