0 0 0.0 0.0 0.0 0.0 0.0 0.0
14 Alliance -4.0 -4.0 -4.0 4.7 4.7 4.1
15 Fnatic -0.5 -0.5 -1.5 0.7 0.7 0.1
16 Empire -4.5 -4.5 -5.5 5.3 5.6 5.1
17 Turtle -1.9 -2.0 -2.7 1.3 1.6 1.1
19 Empire -0.4 -0.1 -0.8 -2.7 -2.4 -2.9
22 Dignitas 3.1 3.3 2.8 -6.7 -6.4 -6.9
26 Empire -0.9 -0.7 -1.2 3.7 2.1 0.9
28 Quantic -4.9 -4.7 -5.2 10.3 9.2 7.5
31 Liquid -3.2 -2.8 -3.1 6.3 5.2 3.5
33 Dignitas -7.2 -6.8 -7.1 10.5 8.9 7.9
34 EG -11.2 -10.8 -11.1 18.7 15.8 14.4
36 Next.kz -11.2 -10.8 -11.1 18.7 15.8 14.4
37 mouz -15.2 -14.8 -15.1 23.4 19.8 18.7
39 VP -19.2 -18.8 -19.1 29.3 25.9 24.2
40 Fnatic.eu -17.8 -16.8 -17.1 25.3 21.9 20.2
42 Liquid -21.8 -20.8 -21.1 31.0 27.5 25.1
43 mouz -20.2 -18.9 -19.2 27.0 23.5 21.1
44 Quantic -18.8 -17.0 -17.1 23.0 19.5 17.1
45 Quantic -16.8 -14.6 -14.8 19.0 15.5 13.1
46 GU.pe -13.3 -10.8 -10.8 15.0 11.5 9.1
47 VP -17.3 -14.8 -14.8 19.7 16.0 12.9
48 VP -15.9 -13.2 -12.7 15.7 12.0 8.9
51 Liquid -19.9 -17.2 -16.7 26.8 21.6 16.5
52 Fnatic.eu -23.9 -21.2 -20.7 30.9 25.9 20.8
53 VP -27.9 -25.2 -24.7 41.5 34.6 28.9
54 4FC -25.3 -22.0 -21.2 37.5 30.6 24.9
55 mouz -21.5 -18.5 -17.4 33.5 26.6 20.9
57 Dignitas -19.8 -16.3 -15.0 29.5 22.6 16.9
59 VP -23.8 -20.3 -19.0 40.9 31.5 25.2
63 EG -27.8 -24.3 -23.0 46.5 36.4 30.1
64 iM`Bashers -23.9 -20.5 -19.2 42.5 32.4 26.1
65 VnR.Alpha -20.2 -17.0 -15.8 38.5 28.4 22.1
67 Ptd.Bravo -24.2 -21.0 -19.8 43.2 33.6 26.7
69 Dignitas -21.5 -18.2 -17.0 39.2 29.6 22.7
70 Quantic -18.4 -15.4 -13.8 35.2 25.6 18.7
71 Liquid -17.0 -13.8 -11.9 31.2 21.6 14.7
72 Neo.int -21.0 -17.8 -15.9 36.1 27.0 19.6
74 Dignitas -25.0 -21.8 -19.9 42.8 33.1 25.7
76 eN.Legs -22.6 -18.6 -16.5 38.8 29.1 21.7
77 VnR.Alpha -20.0 -16.7 -13.8 34.8 25.1 17.7
78 Fnatic.eu -24.0 -20.7 -17.8 39.5 29.7 22.3
79 Na'Vi -21.0 -17.7 -14.9 35.5 25.7 18.3
80 Liquid -25.0 -21.7 -18.9 43.0 33.6 24.4
81 Neo.int -22.5 -19.7 -16.6 39.0 29.6 20.4
82 Orange -26.5 -23.7 -20.6 46.7 37.2 27.6
83 s4 -30.5 -27.7 -24.6 50.5 42.4 33.0
84 Liquid -34.5 -31.7 -28.6 54.9 47.0 37.1
85 Fnatic.eu -31.2 -28.4 -25.2 50.9 43.0 33.1
88 Liquid -35.2 -32.4 -29.2 56.6 48.6 38.3
89 Liquid -33.7 -30.7 -27.4 52.6 44.6 34.3
90 VP -37.7 -34.7 -31.4 57.1 48.8 39.0
91 Liquid -34.4 -31.8 -28.6 53.1 44.8 35.0
92 Ptd.Bravo -34.4 -31.8 -28.6 53.1 44.8 35.0
93 Na'Vi -32.8 -30.0 -26.6 49.1 40.8 31.0
94 Fnatic.eu -29.1 -26.2 -22.7 45.1 36.8 27.0
95 Na'Vi -27.4 -24.3 -20.6 41.1 32.8 23.0
96 Empire -25.2 -22.0 -18.1 37.1 28.8 19.0
99 VP -22.5 -19.1 -14.9 33.1 24.8 15.0
100 Liquid -20.4 -16.9 -12.5 29.1 20.8 11.0
101 3D -18.0 -13.9 -9.4 25.1 16.8 7.0
102 Dignitas -22.0 -17.9 -13.4 30.5 22.3 12.6
103 Fnatic.eu -18.2 -14.4 -10.0 26.5 18.3 8.6
104 PtD.Alpha -16.5 -12.5 -8.0 22.5 14.3 4.6
105 Liquid -13.8 -9.8 -5.1 18.5 10.3 0.6
106 Dignitas -11.5 -7.3 -2.3 14.5 6.3 -3.4
107 iM`Bashers -9.3 -4.4 0.6 10.5 2.3 -7.4
111 Fnatic.eu -7.3 -1.9 3.2 6.5 -1.7 -11.4
113 Fnatic.eu -5.7 -0.2 5.5 2.5 -5.7 -15.4
114 Fnatic.eu -9.7 -4.2 1.5 8.5 -0.1 -9.6
120 Na'Vi -6.3 -0.5 5.3 4.5 -4.1 -13.6
121 eN.Legs -4.8 1.3 7.6 0.5 -8.1 -17.6
122 mouz -1.3 5.0 11.1 -3.5 -12.1 -21.6
125 Empire 1.2 7.6 13.9 -7.5 -16.1 -25.6
126 rox.KIS -2.8 3.6 9.9 -0.3 -9.0 -19.6
128 ASF.R5 -6.8 -0.4 5.9 9.6 -0.4 -12.2
130 Alliance -10.8 -4.4 1.9 19.3 7.7 -4.5
131 Na'Vi -7.1 -0.7 6.0 15.3 3.7 -8.5
132 Alliance -11.1 -4.7 2.0 23.9 10.4 -2.0
137 Na'Vi -8.4 -1.8 4.8 19.9 6.4 -6.0
140 CastersEN -12.4 -5.8 0.8 24.7 12.0 -0.2
141 mouz -10.0 -3.2 3.5 20.7 8.0 -4.2
142 Alliance -14.0 -7.2 -0.5 25.9 12.8 0.5
144 mouz -18.0 -11.2 -4.5 31.3 17.8 5.4
145 Alliance -14.8 -7.9 -1.3 27.3 13.8 1.4
146 Liquid -12.4 -5.4 1.5 23.3 9.8 -2.6
147 4FC -16.4 -9.4 -2.5 28.8 15.3 3.1
148 Empire -13.7 -6.5 0.6 24.8 11.3 -0.9
150 Fnatic.eu -13.7 -6.5 0.6 24.8 11.3 -0.9
151 EG -17.7 -10.5 -3.4 34.3 19.6 7.1
152 Alliance -14.7 -7.3 -0.2 30.3 15.6 3.1
153 Liquid -18.7 -11.3 -4.2 37.1 23.1 10.7
154 VP -16.2 -8.9 -1.8 33.1 19.1 6.7
155 iG -14.2 -6.6 0.7 29.1 15.1 2.7
157 Fnatic.eu -11.9 -4.3 3.0 25.1 11.1 -1.3
158 WH?Dota2 -11.9 -4.3 3.0 25.1 11.1 -1.3
159 VP -15.9 -8.3 -1.0 33.1 18.2 4.7
161 Empire -19.9 -12.3 -5.0 38.7 23.7 10.1
162 rox.KIS -18.0 -10.4 -3.0 34.7 19.7 6.1
163 Lounge -15.4 -7.7 -0.1 30.7 15.7 2.1
165 eN.Legs -13.6 -5.8 2.2 26.7 11.7 -1.9
166 Fnatic.eu -11.6 -3.7 4.5 22.7 7.7 -5.9
172 Liquid -10.0 -2.1 6.2 18.7 3.7 -9.9
173 VP -8.0 0.2 8.7 14.7 -0.3 -13.9
176 Alliance -5.6 3.1 11.8 10.7 -4.3 -17.9
178 Dignitas -3.0 6.4 15.2 6.7 -8.3 -21.9
179 Liquid -7.0 2.4 11.2 16.5 0.5 -13.8
182 Empire -4.6 5.1 14.1 12.5 -3.5 -17.8
183 Fnatic.eu -8.6 1.1 10.1 20.0 3.0 -11.5
184 WH?Dota2 -5.4 4.6 13.6 16.0 -1.0 -15.5
186 Alliance -3.7 6.5 15.6 12.0 -5.0 -19.5
187 VP -7.7 2.5 11.6 19.0 1.5 -13.6
188 LGD.cn -11.7 -1.5 7.6 24.0 6.8 -8.3
189 Dignitas -15.7 -5.5 3.6 30.7 13.1 -2.5
190 Alliance -19.7 -9.5 -0.4 36.5 18.6 3.0
191 Liquid -23.7 -13.5 -4.4 41.6 24.1 8.4
192 VP -27.7 -17.5 -8.4 46.4 28.4 12.5
193 VP -31.7 -21.5 -12.4 51.9 33.7 17.6
194 Alliance -30.0 -19.6 -10.4 47.9 29.7 13.6
195 Dignitas -34.0 -23.6 -14.4 53.5 36.0 21.3
196 Orange -38.0 -27.6 -18.4 62.7 44.6 29.4
199 Dignitas -42.0 -31.6 -22.4 67.8 49.7 34.5
200 VP -38.2 -28.0 -18.8 63.8 45.7 30.5
201 Orange -35.2 -24.7 -15.3 59.8 41.7 26.5
202 Alliance -32.6 -22.0 -12.5 55.8 37.7 22.5
203 Alliance -29.3 -18.6 -9.0 51.8 33.7 18.5
204 Fnatic.eu -33.3 -22.6 -13.0 56.0 38.1 22.9
205 Fnatic.eu -37.3 -26.6 -17.0 61.8 43.9 28.6
206 LGD.cn -35.5 -24.8 -15.1 57.8 39.9 24.6
207 Alliance -33.7 -22.8 -12.8 53.8 35.9 20.6
209 Liquid -32.1 -20.9 -10.6 49.8 31.9 16.6
210 LGD.cn -29.2 -18.3 -8.0 45.8 27.9 12.6
211 Liquid -26.6 -15.3 -4.8 41.8 23.9 8.6
212 Dignitas -30.6 -19.3 -8.8 47.9 30.1 14.6
213 DK -34.6 -23.3 -12.8 56.8 39.0 23.1
214 Dignitas -31.0 -19.4 -8.9 52.8 35.0 19.1
215 Liquid -28.7 -16.9 -6.4 48.8 31.0 15.1
216 Liquid -32.7 -20.9 -10.4 56.2 37.8 21.8
217 DK -29.3 -18.0 -7.6 52.2 33.8 17.8
218 Fnatic.eu -27.1 -15.9 -5.4 48.2 29.8 13.8
219 Dignitas -25.4 -14.1 -3.4 44.2 25.8 9.8
220 Fnatic.eu -23.7 -12.3 -1.4 40.2 21.8 5.8
221 Alliance -22.1 -10.5 0.6 36.2 17.8 1.8
222 Dignitas -22.1 -10.5 0.6 36.2 17.8 1.8
224 mouz -26.1 -14.5 -3.4 45.5 26.9 10.0
227 Kaipi -30.1 -18.5 -7.4 54.6 35.1 17.1
229 Liquid -34.1 -22.5 -11.4 64.8 43.9 25.0
230 VP -31.9 -20.0 -8.7 60.8 39.9 21.0
231 Na'Vi -30.4 -18.4 -6.9 56.8 35.9 17.0
232 Alliance -27.7 -15.5 -3.8 52.8 31.9 13.0
233 mouz -26.1 -13.8 -1.9 48.8 27.9 9.0
234 rox.KIS -24.6 -12.1 -0.1 44.8 23.9 5.0
237 Na'Vi -22.9 -10.3 1.8 40.8 19.9 1.0
238 rox.KIS -20.3 -7.6 4.7 36.8 15.9 -3.0
242 EG -24.3 -11.6 0.7 45.2 24.0 4.7
243 Alliance -21.9 -9.0 3.5 41.2 20.0 0.7
244 Alliance -20.0 -6.8 6.2 37.2 16.0 -3.3
247 Dignitas -17.3 -3.4 9.8 33.2 12.0 -7.3
248 Liquid -15.7 -1.7 11.6 29.2 8.0 -11.3
249 Fnatic.eu -12.7 1.1 14.5 25.2 4.0 -15.3
250 Alliance -16.7 -2.9 10.5 32.4 11.3 -8.6
251 Alliance -15.2 -1.2 12.3 28.4 7.3 -12.6
252 VP -19.2 -5.2 8.3 35.2 13.2 -7.1
254 EG -23.2 -9.2 4.3 43.0 20.5 -0.6
255 Na'Vi -21.5 -7.3 6.5 39.0 16.5 -4.6
256 Alliance -19.9 -5.4 8.5 35.0 12.5 -8.6
257 Liquid -16.6 -1.9 12.1 31.0 8.5 -12.6
258 Alliance -15.1 -0.2 14.0 27.0 4.5 -16.6
259 Liquid -12.0 3.1 17.5 23.0 0.5 -20.6
260 Alliance -10.4 4.9 19.4 19.0 -3.5 -24.6
261 Liquid -8.1 7.5 22.1 15.0 -7.5 -28.6
263 Prodota.ru -12.1 3.5 18.1 19.0 -3.4 -24.6
264 Lounge -16.1 -0.5 14.1 24.6 2.0 -19.3
265 Lounge -16.1 -0.5 14.1 24.6 2.0 -19.3
267 mouz -12.7 3.3 18.0 20.6 -2.0 -23.3
269 EG -16.7 -0.7 14.0 26.7 3.6 -17.9
270 Liquid -15.2 1.0 15.9 22.7 -0.4 -21.9
274 Liquid -13.8 2.7 17.8 18.7 -4.4 -25.9
277 Na'Vi -12.1 4.7 20.2 14.7 -8.4 -29.9
279 Dignitas -10.7 6.4 22.2 10.7 -12.4 -33.9
281 EG -14.7 2.4 18.2 18.8 -5.4 -27.7
284 Liquid -12.6 4.8 20.8 14.8 -9.4 -31.7
285 rox.KIS -9.6 8.0 24.2 10.8 -13.4 -35.7
289 Dignitas -7.7 10.3 26.6 6.8 -17.4 -39.7
290 Na'Vi -5.5 12.6 29.1 2.8 -21.4 -43.7
292 rox.KIS -9.5 8.6 25.1 11.2 -14.0 -36.9
295 Quantic -13.5 4.6 21.1 16.1 -8.5 -31.4
296 Quantic -10.6 7.7 24.3 12.1 -12.5 -35.4
297 rox.KIS -9.1 9.5 26.3 8.1 -16.5 -39.4
298 Zenith -7.2 11.5 28.5 4.1 -20.5 -43.4
299 rox.KIS -5.2 13.6 30.7 0.1 -24.5 -47.4
302 EG -3.3 15.8 33.2 -3.9 -28.5 -51.4
303 QPandas -7.3 11.8 29.2 2.3 -22.8 -46.2
305 mouz -5.3 14.0 31.6 -1.7 -26.8 -50.2
307 rox.KIS -9.3 10.0 27.6 6.6 -20.2 -44.5
308 Quantic -13.3 6.0 23.6 12.4 -15.2 -39.8
311 Quantic -17.3 2.0 19.6 16.5 -10.5 -35.1
312 mouz -21.3 -2.0 15.6 22.1 -5.0 -29.5
313 mouz -25.3 -6.0 11.6 28.6 1.3 -23.6
315 Liquid -23.6 -4.2 13.5 24.6 -2.7 -27.6
318 mouz -20.7 -1.0 16.8 20.6 -6.7 -31.6
320 EG -24.7 -5.0 12.8 25.1 -2.1 -27.2
322 RS -23.2 -3.2 14.9 21.1 -6.1 -31.2
323 TongFu -27.2 -7.2 10.9 26.6 -0.6 -25.7
325 RS -24.7 -4.3 13.9 22.6 -4.6 -29.7
326 PR -28.7 -8.3 9.9 32.7 4.8 -21.1
327 rox.KIS -32.7 -12.3 5.9 42.7 13.5 -13.2
328 4FC -36.7 -16.3 1.9 49.0 19.6 -7.4
329 RAT -33.6 -12.5 5.8 45.0 15.6 -11.4
331 EG -37.6 -16.5 1.8 53.7 23.8 -3.8
332 RStars -35.0 -13.4 5.4 49.7 19.8 -7.8
333 VG -33.6 -11.7 7.4 45.7 15.8 -11.8
334 VP -32.2 -9.9 9.5 41.7 11.8 -15.8
335 VP -36.2 -13.9 5.5 46.5 16.1 -11.4
336 MiTH -33.3 -10.6 9.2 42.5 12.1 -15.4
339 RStars -31.0 -7.5 12.4 38.5 8.1 -19.4
342 Alliance -28.2 -5.0 15.0 34.5 4.1 -23.4
343 Orange -32.2 -9.0 11.0 38.2 8.2 -19.0
345 LGD.cn -30.4 -7.2 12.9 34.2 4.2 -23.0
347 Orange -34.4 -11.2 8.9 42.5 10.6 -17.2
349 Quantic -31.4 -7.9 12.6 38.5 6.6 -21.2
351 Alliance -29.4 -5.7 14.9 34.5 2.6 -25.2
353 iG -27.7 -3.8 17.0 30.5 -1.4 -29.2
354 Alliance -23.9 -0.2 20.6 26.5 -5.4 -33.2
355 DK -27.9 -4.2 16.6 35.4 4.3 -24.1
357 LGD.cn -26.2 -2.4 18.5 31.4 0.3 -28.1
358 Alliance -24.2 -0.3 20.7 27.4 -3.7 -32.1
359 DK -28.2 -4.3 16.7 31.6 0.9 -27.4
360 mouz -26.4 -2.4 18.9 27.6 -3.1 -31.4
361 Orange -30.4 -6.4 14.9 32.3 1.3 -27.1
363 Alliance -28.3 -4.3 17.0 28.3 -2.7 -31.1
365 rox.KIS -32.3 -8.3 13.0 36.6 4.6 -24.8
366 Dignitas -36.3 -12.3 9.0 45.3 13.5 -16.7
370 iCCup -34.0 -9.6 12.0 41.3 9.5 -20.7
372 Quantic -38.0 -13.6 8.0 49.8 17.4 -13.9
374 Dignitas -42.0 -17.6 4.0 55.3 22.8 -9.0
375 VG -40.3 -15.6 6.1 51.3 18.8 -13.0
378 VP -38.8 -14.0 7.9 47.3 14.8 -17.0
380 4FC -36.1 -11.0 11.1 43.3 10.8 -21.0
381 RS -33.1 -7.9 14.3 39.3 6.8 -25.0
382 Fnatic.eu -37.1 -11.9 10.3 47.7 13.9 -18.6
383 RS -41.1 -15.9 6.3 57.0 23.1 -9.9
385 Alliance -38.8 -12.9 9.9 53.0 19.1 -13.9
386 TM -35.8 -9.3 13.7 49.0 15.1 -17.9
391 mouz -32.0 -5.9 17.1 45.0 11.1 -21.9
393 Kaipi -36.0 -9.9 13.1 54.2 21.0 -13.4
394 MX -33.8 -7.5 15.8 50.2 17.0 -17.4
395 LGD.cn -30.5 -4.3 19.1 46.2 13.0 -21.4
397 rox.KIS -28.0 -2.2 21.3 42.2 9.0 -25.4
399 VP -32.0 -6.2 17.3 50.6 17.0 -17.7
400 VP -36.0 -10.2 13.3 54.9 21.8 -13.0
402 DK -40.0 -14.2 9.3 61.0 29.1 -5.9
404 MiTH -38.3 -12.3 11.4 57.0 25.1 -9.9
405 mouz -42.3 -16.3 7.4 61.6 30.0 -5.0
407 PR -40.5 -14.0 10.2 57.6 26.0 -9.0
408 TM -38.8 -12.1 12.4 53.6 22.0 -13.0
411 Quantic -42.8 -16.1 8.4 59.0 27.0 -8.3
412 mouz -40.9 -14.0 10.7 55.0 23.0 -12.3
418 VP -39.1 -12.2 12.8 51.0 19.0 -16.3
420 Na'Vi -43.1 -16.2 8.8 58.0 24.4 -11.4
422 Liquid -47.1 -20.2 4.8 62.6 29.0 -7.0
423 Quantic -44.5 -17.6 7.6 58.6 25.0 -11.0
425 mouz -42.6 -15.5 9.9 54.6 21.0 -15.0
426 Artyk -40.7 -13.1 12.7 50.6 17.0 -19.0
428 Kaipi -39.1 -11.1 15.1 46.6 13.0 -23.0
429 Liquid -36.5 -8.6 17.7 42.6 9.0 -27.0
434 EG -33.0 -5.1 21.1 38.6 5.0 -31.0
436 EG -29.6 -1.8 24.4 34.6 1.0 -35.0
438 Na'Vi -27.6 0.1 26.4 30.6 -3.0 -39.0
440 Orange -25.6 2.6 29.1 26.6 -7.0 -43.0
442 Kaipi -23.5 4.5 31.1 22.6 -11.0 -47.0
449 VP -22.0 6.4 33.3 18.6 -15.0 -51.0
452 EG -20.4 8.2 35.3 14.6 -19.0 -55.0
454 Kaipi -24.4 4.2 31.3 21.2 -13.4 -49.9
455 EG -21.6 7.2 34.3 17.2 -17.4 -53.9
456 Fnatic.eu -25.6 3.2 30.3 23.2 -11.3 -48.2
457 Alliance -23.8 5.2 32.4 19.2 -15.3 -52.2
458 EG -27.8 1.2 28.4 23.8 -10.4 -47.7
459 Alliance -26.2 3.0 30.4 19.8 -14.4 -51.7
460 Kaipi -30.2 -1.0 26.4 26.2 -8.6 -46.2
463 VP -27.5 1.5 29.1 22.2 -12.6 -50.2
466 iCCup -25.6 3.5 31.4 18.2 -16.6 -54.2
467 Na'Vi -23.8 5.6 33.7 14.2 -20.6 -58.2
469 Alliance -22.2 7.2 35.5 10.2 -24.6 -62.2
470 mouz -19.5 9.9 38.4 6.2 -28.6 -66.2
477 mouz -16.8 12.9 41.5 2.2 -32.6 -70.2
478 rox.KIS -13.3 15.9 44.6 -1.8 -36.6 -74.2
481 TM -12.0 17.6 46.6 -5.8 -40.6 -78.2
482 Smeagol -10.2 19.9 49.0 -9.8 -44.6 -82.2
483 paiN -14.2 15.9 45.0 -1.2 -36.1 -75.1
487 Kaipi -12.0 18.5 47.9 -5.2 -40.1 -79.1
489 LGD.int -10.4 20.1 49.8 -9.2 -44.1 -83.1
490 paiN.int -7.7 23.2 53.2 -13.2 -48.1 -87.1
496 TongFu -5.7 25.6 55.8 -17.2 -52.1 -91.1
497 DK -9.7 21.6 51.8 -11.7 -46.9 -86.1
500 Liquid -13.7 17.6 47.8 -5.5 -39.9 -79.4
501 eLPride -17.7 13.6 43.8 0.1 -33.5 -72.9
504 VP -16.0 15.4 45.9 -3.9 -37.5 -76.9
509 Keita -13.0 17.8 48.2 -7.9 -41.5 -80.9
510 Fnatic.eu -17.0 13.8 44.2 -3.0 -36.8 -76.7
511 Alliance -14.9 16.1 46.7 -7.0 -40.8 -80.7
515 Alliance -13.4 18.0 48.9 -11.0 -44.8 -84.7
516 Quantic -9.9 21.8 53.0 -15.0 -48.8 -88.7
517 Alliance -8.4 23.6 55.1 -19.0 -52.8 -92.7
518 Alliance -6.4 26.0 57.7 -23.0 -56.8 -96.7
519 FSid3 -4.4 28.4 60.4 -27.0 -60.8 -100.7
521 LGD.int -8.4 24.4 56.4 -17.1 -52.5 -93.3
523 Na'Vi -6.7 26.2 58.4 -21.1 -56.5 -97.3
525 LGD.cn -4.8 28.2 60.7 -25.1 -60.5 -101.3
530 Orange -1.6 32.2 65.0 -29.1 -64.5 -105.3
534 EG 1.2 35.0 67.7 -33.1 -68.5 -109.3
539 Quantic 4.6 38.3 71.1 -37.1 -72.5 -113.3
540 EG 7.2 40.8 73.7 -41.1 -76.5 -117.3
543 VP 9.8 43.1 76.3 -45.1 -80.5 -121.3
545 Alliance 11.3 45.0 78.5 -49.1 -84.5 -125.3
546 Orange 13.8 47.1 80.6 -53.1 -88.5 -129.3
547 iG 15.7 48.9 82.5 -57.1 -92.5 -133.3
548 Liquid 18.8 52.0 85.8 -61.1 -96.5 -137.3
556 Fnatic.eu 14.8 48.0 81.8 -56.2 -92.2 -133.3
557 Liquid 10.8 44.0 77.8 -45.7 -83.2 -125.2
558 rox.KIS 12.5 45.8 79.8 -49.7 -87.2 -129.2
559 mouz 15.9 49.5 83.7 -53.7 -91.2 -133.2
561 Orange 11.9 45.5 79.7 -49.1 -85.9 -127.9
562 TongFu 13.6 47.3 81.6 -53.1 -89.9 -131.9
563 iG 16.9 51.1 85.6 -57.1 -93.9 -135.9
564 EG 12.9 47.1 81.6 -50.2 -87.3 -129.8
565 Dignitas 8.9 43.1 77.6 -45.2 -82.8 -125.7
567 mouz 11.9 46.3 81.0 -49.2 -86.8 -129.7
568 Liquid 14.6 48.9 83.7 -53.2 -90.8 -133.7
570 VP 10.6 44.9 79.7 -49.2 -86.7 -129.5
571 DK 6.6 40.9 75.7 -41.8 -79.6 -122.7
575 TongFu 2.6 36.9 71.7 -36.3 -74.3 -117.7
577 rox.KIS 4.6 39.0 74.2 -40.3 -78.3 -121.7
579 Alliance 7.3 41.8 77.2 -44.3 -82.3 -125.7
581 LGD.cn 9.7 44.6 80.3 -48.3 -86.3 -129.7
583 iCCup 5.7 40.6 76.3 -43.9 -81.9 -125.6
584 Alliance 7.7 43.1 79.0 -47.9 -85.9 -129.6
585 VP 9.2 44.9 80.9 -51.9 -89.9 -133.6
586 EG 5.2 40.9 76.9 -47.3 -85.1 -128.9
588 Zenith 1.2 36.9 72.9 -39.9 -77.5 -122.0
589 Alliance 3.2 39.0 75.3 -43.9 -81.5 -126.0
590 Na'Vi 5.1 40.8 77.2 -47.9 -85.5 -130.0
591 LGD.cn 7.8 43.7 80.2 -51.9 -89.5 -134.0
592 Fnatic.eu 9.6 45.7 82.3 -55.9 -93.5 -138.0
593 Quantic 12.1 48.2 84.9 -59.9 -97.5 -142.0
594 mouz 15.3 51.5 88.4 -63.9 -101.5 -146.0
595 Alliance 16.9 53.2 90.3 -67.9 -105.5 -150.0
596 mouz 19.7 56.2 93.2 -71.9 -109.5 -154.0
597 Alliance 21.5 58.1 95.2 -75.9 -113.5 -158.0
598 LGD.cn 23.0 59.8 97.1 -79.9 -117.5 -162.0
599 Na'Vi 26.5 62.8 100.0 -83.9 -121.5 -166.0
602 Alliance 28.1 64.6 101.9 -87.9 -125.5 -170.0
605 LGD.int 29.9 66.3 103.8 -91.9 -129.5 -174.0
607 Kaipi 25.9 62.3 99.8 -83.0 -120.9 -166.4
610 LGD.cn 29.7 65.6 103.1 -87.0 -124.9 -170.4
611 Denial 31.7 68.0 105.8 -91.0 -128.9 -174.4
612 Na'Vi 34.9 70.9 108.6 -95.0 -132.9 -178.4
613 Fnatic.eu 37.7 73.7 111.4 -99.0 -136.9 -182.4
614 EG 41.2 77.1 115.0 -103.0 -140.9 -186.4
616 TongFu 43.0 79.3 117.6 -107.0 -144.9 -190.4
619 iG 39.0 75.3 113.6 -101.7 -139.8 -185.4
620 DK 35.0 71.3 109.6 -97.1 -134.2 -179.3
622 Fnatic.eu 37.3 73.4 111.7 -101.1 -138.2 -183.3
623 Alliance 38.9 75.2 113.7 -105.1 -142.2 -187.3
624 Liquid 40.4 76.9 115.6 -109.1 -146.2 -191.3
625 TongFu 36.4 72.9 111.6 -103.4 -141.1 -186.6
626 iCCup 32.4 68.9 107.6 -92.6 -131.6 -178.4
627 EG 34.2 70.6 109.5 -96.6 -135.6 -182.4
629 LGD.cn 30.2 66.6 105.5 -89.7 -128.3 -175.6
630 iG 32.2 68.7 107.8 -93.7 -132.3 -179.6
632 mouz 33.7 70.4 109.7 -97.7 -136.3 -183.6
633 Liquid 37.3 74.0 113.5 -101.7 -140.3 -187.6
634 Na'Vi 40.2 76.8 116.3 -105.7 -144.3 -191.6
638 Na'Vi 42.9 79.4 119.0 -109.7 -148.3 -195.6
639 4FC 46.2 82.2 121.8 -113.7 -152.3 -199.6
641 mouz 48.3 84.8 124.6 -117.7 -156.3 -203.6
643 iG 50.6 86.9 126.9 -121.7 -160.3 -207.6
645 VP 46.6 82.9 122.9 -113.2 -152.0 -200.1
646 Fnatic.eu 49.0 85.0 125.1 -117.2 -156.0 -204.1
648 VP 50.7 87.1 127.5 -121.2 -160.0 -208.1
649 Fnatic.eu 54.1 90.5 131.1 -125.2 -164.0 -212.1
650 Fnatic.eu 50.1 86.5 127.1 -120.8 -159.4 -207.4
652 DK 46.1 82.5 123.1 -114.9 -153.8 -202.0
654 DK 48.1 85.1 126.3 -118.9 -157.8 -206.0
657 mouz 49.7 87.0 128.4 -122.9 -161.8 -210.0
661 iG 45.7 83.0 124.4 -117.4 -156.8 -205.3
662 DK 47.4 84.9 126.6 -121.4 -160.8 -209.3
663 RS 43.4 80.9 122.6 -116.9 -155.9 -204.9
665 Orange 45.8 83.5 125.6 -120.9 -159.9 -208.9
666 LGD.cn 48.1 86.2 128.5 -124.9 -163.9 -212.9
667 DK 49.9 88.1 130.7 -128.9 -167.9 -216.9
669 iNfernity 52.2 90.7 133.9 -132.9 -171.9 -220.9
672 Orange 53.8 92.4 135.8 -136.9 -175.9 -224.9
673 LGD.cn 56.8 95.7 139.3 -140.9 -179.9 -228.9
675 EG 52.8 91.7 135.3 -134.5 -173.7 -223.0
676 LGD.cn 54.6 93.6 137.5 -138.5 -177.7 -227.0
677 mouz 56.6 95.6 139.5 -142.5 -181.7 -231.0
679 Fnatic.eu 52.6 91.6 135.5 -132.8 -173.1 -223.2
680 Liquid 48.6 87.6 131.5 -126.2 -166.4 -217.5
681 Quantic 44.6 83.6 127.5 -119.5 -160.5 -212.1
682 mouz 40.6 79.6 123.5 -113.2 -154.6 -206.8
683 rox.KIS 36.6 75.6 119.5 -106.8 -148.9 -201.6
684 VP 40.4 79.2 123.3 -110.8 -152.9 -205.6
685 mouz 43.0 82.2 126.6 -114.8 -156.9 -209.6
686 VP 44.8 84.1 128.7 -118.8 -160.9 -213.6
687 VP 40.8 80.1 124.7 -113.2 -155.7 -208.5
688 VP 42.8 82.2 127.1 -117.2 -159.7 -212.5
689 Kaipi 38.8 78.2 123.1 -112.9 -155.6 -208.3
690 EG 40.7 80.6 125.7 -116.9 -159.6 -212.3
691 Liquid 42.9 83.0 128.3 -120.9 -163.6 -216.3
693 Alliance 44.5 84.7 130.2 -124.9 -167.6 -220.3
695 Alliance 46.5 86.9 132.6 -128.9 -171.6 -224.3
696 Fnatic.eu 48.1 88.5 134.4 -132.9 -175.6 -228.3
697 Kaipi 49.7 90.1 136.2 -136.9 -179.6 -232.3
701 VG 45.7 86.1 132.2 -130.8 -173.4 -226.5
704 EG 41.7 82.1 128.2 -122.8 -166.4 -220.2
706 RS 37.7 78.1 124.2 -117.3 -161.1 -215.0
707 Orange 39.6 80.0 126.3 -121.3 -165.1 -219.0
708 iCCup 35.6 76.0 122.3 -111.4 -156.2 -211.0
709 Kaipi 38.6 79.1 125.6 -115.4 -160.2 -215.0
710 VP 41.8 82.2 128.8 -119.4 -164.2 -219.0
711 mouz 44.5 85.4 132.2 -123.4 -168.2 -223.0
713 MiTH 46.2 87.3 134.4 -127.4 -172.2 -227.0
714 Dreamz 49.1 90.0 137.3 -131.4 -176.2 -231.0
715 mouz 50.6 91.7 139.2 -135.4 -180.2 -235.0
716 mouz 52.7 94.1 141.9 -139.4 -184.2 -239.0
717 mouz 55.6 97.1 145.0 -143.4 -188.2 -243.0
719 Mski 57.7 98.9 146.9 -147.4 -192.2 -247.0
720 MiTH 59.5 100.7 148.9 -151.4 -196.2 -251.0
722 iCCup 61.4 102.7 151.2 -155.4 -200.2 -255.0
724 Kaipi 64.9 106.4 155.0 -159.4 -204.2 -259.0
725 Romania 66.6 108.4 157.3 -163.4 -208.2 -263.0
726 RS 62.6 104.4 153.3 -156.5 -201.2 -256.7
731 iG 64.2 106.3 155.4 -160.5 -205.2 -260.7
734 TongFu 67.2 109.6 158.8 -164.5 -209.2 -264.7
735 Dignitas 70.6 112.7 161.8 -168.5 -213.2 -268.7
737 Na'Vi 72.8 115.1 164.4 -172.5 -217.2 -272.7
741 TongFu 74.3 116.9 166.9 -176.5 -221.2 -276.7
743 Fnatic.eu 77.9 120.0 170.0 -180.5 -225.2 -280.7
744 Alliance 80.4 122.6 172.8 -184.5 -229.2 -284.7
750 Orange 83.0 125.7 176.0 -188.5 -233.2 -288.7
756 Dignitas 79.0 121.7 172.0 -183.1 -228.4 -284.2
759 Orange 80.6 123.5 174.0 -187.1 -232.4 -288.2
762 Na'Vi 82.7 125.5 176.2 -191.1 -236.4 -292.2
772 DK 78.7 121.5 172.2 -185.6 -230.5 -286.8
774 TongFu 74.7 117.5 168.2 -179.0 -224.3 -281.1
775 Liquid 77.6 120.4 171.2 -183.0 -228.3 -285.1
778 DK 79.0 122.2 173.2 -187.0 -232.3 -289.1
782 iG 81.5 124.9 176.1 -191.0 -236.3 -293.1
785 LGD.cn 83.5 127.2 178.6 -195.0 -240.3 -297.1
787 TongFu 86.7 131.1 182.7 -199.0 -244.3 -301.1
788 Dignitas 89.1 133.5 185.3 -203.0 -248.3 -305.1
789 LGD.int 85.1 129.5 181.3 -198.6 -243.7 -300.7
790 AllStarsA 81.1 125.5 177.3 -193.9 -238.4 -295.7
791 Orange 82.8 127.4 179.3 -197.9 -242.4 -299.7
792 Fnatic.eu 85.4 129.9 182.0 -201.9 -246.4 -303.7
794 DK 81.4 125.9 178.0 -197.7 -241.9 -299.4
796 Zenith 83.3 127.9 180.3 -201.7 -245.9 -303.4
798 iG 85.2 129.9 182.5 -205.7 -249.9 -307.4
801 Orange 87.9 132.9 185.7 -209.7 -253.9 -311.4
802 iG 90.0 135.2 188.3 -213.7 -257.9 -315.4
804 TongFu 93.4 139.1 192.3 -217.7 -261.9 -319.4
805 Alliance 96.8 143.1 196.5 -221.7 -265.9 -323.4
806 Orange 92.8 139.1 192.5 -214.6 -259.7 -317.7
807 Na'Vi 94.4 140.8 194.4 -218.6 -263.7 -321.7
808 Alliance 96.8 143.6 197.3 -222.6 -267.7 -325.7
814 Kaipi 98.3 145.4 199.4 -226.6 -271.7 -329.7
817 Lounge 100.3 147.4 201.7 -230.6 -275.7 -333.7
823 GL.eu 101.7 149.0 203.6 -234.6 -279.7 -337.7
825 WARDGS 103.4 150.7 205.6 -238.6 -283.7 -341.7
826 EVOPLAY 105.1 152.2 207.5 -242.6 -287.7 -345.7
827 TS 101.1 148.2 203.5 -237.5 -280.8 -339.2
828 EVOPLAY 103.0 150.1 205.6 -241.5 -284.8 -343.2
830 DUZA 99.0 146.1 201.6 -233.8 -277.2 -335.8
831 Awake 100.9 148.0 203.6 -237.8 -281.2 -339.8
834 Aspera 104.5 151.4 207.2 -241.8 -285.2 -343.8
835 Poseidon 107.4 153.9 209.6 -245.8 -289.2 -347.8
836 Poseidon 109.2 156.0 212.0 -249.8 -293.2 -351.8
837 Next.kz 105.2 152.0 208.0 -244.0 -286.9 -345.8
838 Kaipi 106.8 153.8 210.3 -248.0 -290.9 -349.8
840 TS 110.0 157.0 213.6 -252.0 -294.9 -353.8
842 Menace 106.0 153.0 209.6 -242.6 -285.9 -345.1
843 Empire 107.9 154.7 211.4 -246.6 -289.9 -349.1
845 DUZA 103.9 150.7 207.4 -237.5 -281.4 -341.5
846 Next.kz 107.0 154.0 210.8 -241.5 -285.4 -345.5
847 4FC 103.0 150.0 206.8 -236.9 -280.3 -340.2
848 DUZA 99.0 146.0 202.8 -230.0 -273.8 -334.4
849 Poseidon 102.3 149.4 206.5 -234.0 -277.8 -338.4
854 Life 98.3 145.4 202.5 -229.4 -272.1 -332.9
855 Imp 100.5 147.7 205.0 -233.4 -276.1 -336.9
857 Next.kz 102.3 149.5 206.9 -237.4 -280.1 -340.9
858 FSid3 104.2 151.5 209.3 -241.4 -284.1 -344.9
860 Bambang 100.2 147.5 205.3 -233.8 -275.9 -337.5
861 Aspera 102.5 149.5 207.4 -237.8 -279.9 -341.5
863 Next.kz 98.5 145.5 203.4 -233.2 -274.9 -336.8
868 GxGaming 94.5 141.5 199.4 -228.2 -269.1 -331.4
869 SFEC 90.5 137.5 195.4 -222.8 -264.2 -326.9
872 Aspera 86.5 133.5 191.4 -214.1 -256.2 -319.6
874 VP 89.8 136.7 194.9 -218.1 -260.2 -323.6
875 Imp 85.8 132.7 190.9 -213.3 -255.4 -319.0
876 MSIEvoGT 87.8 135.0 193.6 -217.3 -259.4 -323.0
879 Empire 90.6 138.1 196.9 -221.3 -263.4 -327.0
880 Empire 86.6 134.1 192.9 -212.4 -254.7 -319.1
881 Quantic 82.6 130.1 188.9 -203.8 -247.1 -312.4
882 rox.KIS 82.6 130.1 188.9 -203.8 -247.1 -312.4
885 Aspera 84.3 131.8 190.8 -207.8 -251.1 -316.4
887 MSIEvoGT 80.3 127.8 186.8 -201.4 -245.5 -311.2
888 Mski 82.2 129.8 189.1 -205.4 -249.5 -315.2
890 GL.eu 84.5 132.5 192.0 -209.4 -253.5 -319.2
891 Menace 86.4 134.3 194.0 -213.4 -257.5 -323.2
892 Kaipi 88.4 136.6 196.6 -217.4 -261.5 -327.2
894 Life 90.9 139.6 200.0 -221.4 -265.5 -331.2
895 Next.kz 94.4 143.3 203.6 -225.4 -269.5 -335.2
896 Life 90.4 139.3 199.6 -217.2 -260.5 -326.3
897 Kaipi 92.0 141.2 201.8 -221.2 -264.5 -330.3
898 Mski 93.6 142.9 203.7 -225.2 -268.5 -334.3
900 VP 89.6 138.9 199.7 -218.2 -261.9 -328.3
902 Kaipi 91.8 141.1 202.1 -222.2 -265.9 -332.3
904 SAfrica 87.8 137.1 198.1 -216.7 -260.4 -327.1
907 NoLove 91.4 140.9 202.1 -220.7 -264.4 -331.1
909 VG 92.9 142.8 204.4 -224.7 -268.4 -335.1
910 Empire 88.9 138.8 200.4 -220.6 -264.3 -331.0
912 Kaipi 84.9 134.8 196.4 -216.1 -259.4 -326.3
913 Joiker 80.9 130.8 192.4 -208.5 -252.4 -320.2
914 StayFree 83.2 133.2 195.2 -212.5 -256.4 -324.2
918 DUZA 79.2 129.2 191.2 -207.3 -251.9 -319.9
922 PR 75.2 125.2 187.2 -199.7 -245.0 -313.3
923 DUZA 77.0 127.0 189.3 -203.7 -249.0 -317.3
924 ONE.dota 80.3 130.5 193.3 -207.7 -253.0 -321.3
928 LGD.cn 76.3 126.5 189.3 -203.1 -248.3 -316.5
929 Dreamz 72.3 122.5 185.3 -198.4 -244.2 -312.5
930 MiTH 75.0 124.8 187.7 -202.4 -248.2 -316.5
932 Fnatic.eu 77.0 127.2 190.3 -206.4 -252.2 -320.5
933 Empire 79.3 129.5 192.8 -210.4 -256.2 -324.5
938 Mski 81.1 131.0 194.5 -214.4 -260.2 -328.5
939 Poseidon 83.9 134.4 198.2 -218.4 -264.2 -332.5
940 Next.kz 79.9 130.4 194.2 -213.0 -259.1 -327.6
942 Quantic 75.9 126.4 190.2 -208.5 -253.9 -322.7
948 Empire 78.1 128.7 192.7 -212.5 -257.9 -326.7
953 Kaipi 79.8 130.8 195.2 -216.5 -261.9 -330.7
955 DUZA 83.8 134.2 198.5 -220.5 -265.9 -334.7
961 Life 86.0 137.1 201.8 -224.5 -269.9 -338.7
962 iG 89.2 140.5 205.4 -228.5 -273.9 -342.7
966 TongFu 92.7 143.3 208.1 -232.5 -277.9 -346.7
970 Joiker 95.5 146.2 211.2 -236.5 -281.9 -350.7
971 iG 97.5 148.7 214.0 -240.5 -285.9 -354.7
973 DUZA 93.5 144.7 210.0 -235.6 -280.7 -349.6
974 Fnatic.eu 96.3 147.1 212.5 -239.6 -284.7 -353.6
976 StayFree 97.7 148.8 214.5 -243.6 -288.7 -357.6
977 Na'Vi 99.2 150.5 216.5 -247.6 -292.7 -361.6
978 rox.KIS 95.2 146.5 212.5 -240.5 -284.2 -353.8
979 PR 97.8 148.8 214.9 -244.5 -288.2 -357.8
981 PR 99.8 150.8 217.1 -248.5 -292.2 -361.8
983 Fnatic.eu 101.6 152.5 218.9 -252.5 -296.2 -365.8
984 nAra 97.6 148.5 214.9 -247.1 -290.9 -361.1
985 Inv.kwnku 99.4 150.6 217.3 -251.1 -294.9 -365.1
987 Fnatic.eu 101.0 152.4 219.3 -255.1 -298.9 -369.1
992 PBS 97.0 148.4 215.3 -244.8 -290.6 -361.3
993 SFEC 93.0 144.4 211.3 -236.1 -282.4 -354.0
994 Next.kz 89.0 140.4 207.3 -230.1 -276.7 -348.6
995 Inv.kwnku 90.7 142.5 209.9 -234.1 -280.7 -352.6
996 rox.KIS 93.4 144.9 212.4 -238.1 -284.7 -356.6
998 Mski 96.5 147.7 215.4 -242.1 -288.7 -360.6
999 Empire 98.4 150.1 218.1 -246.1 -292.7 -364.6
1000 Inv.kwnku 100.1 152.0 220.2 -250.1 -296.7 -368.6
1001 FD 101.8 154.0 222.7 -254.1 -300.7 -372.6
1002 Empire 103.3 155.8 224.9 -258.1 -304.7 -376.6
1003 Kaipi 106.5 159.8 229.1 -262.1 -308.7 -380.6
1004 EG 108.1 161.5 231.0 -266.1 -312.7 -384.6
1007 rox.KIS 111.2 164.4 234.1 -270.1 -316.7 -388.6
1010 Aspera 107.2 160.4 230.1 -262.7 -309.7 -382.0
1011 Imp 103.2 156.4 226.1 -258.7 -304.8 -377.4
1013 Empire 103.2 156.4 226.1 -258.7 -304.8 -377.4
1014 Na'Vi 99.2 152.4 222.1 -253.9 -300.6 -373.4
1015 StayFree 100.9 154.8 224.8 -257.9 -304.6 -377.4
1019 Empire 102.8 157.2 227.5 -261.9 -308.6 -381.4
1020 Na'Vi 104.5 158.9 229.4 -265.9 -312.6 -385.4
1023 VG 106.5 161.1 231.6 -269.9 -316.6 -389.4
1024 LGD.cn 108.8 163.1 233.6 -273.9 -320.6 -393.4
1026 PBS 112.2 167.1 237.5 -277.9 -324.6 -397.4
1027 Next.kz 108.2 163.1 233.5 -271.8 -317.0 -390.1
1029 rox.KIS 110.8 166.2 236.8 -275.8 -321.0 -394.1
1031 Empire 113.6 168.9 239.6 -279.8 -325.0 -398.1
1033 LGD.cn 117.2 172.4 243.1 -283.8 -329.0 -402.1
1036 4FC 113.2 168.4 239.1 -277.7 -323.0 -396.7
1038 Aspera 109.2 164.4 235.1 -273.2 -318.5 -392.1
1040 PBS 110.6 166.4 237.4 -277.2 -322.5 -396.1
1042 Empire 112.1 168.1 239.3 -281.2 -326.5 -400.1
1044 Quantic 114.1 170.7 242.0 -285.2 -330.5 -404.1
1047 EG 110.1 166.7 238.0 -276.3 -322.5 -397.6
1048 MiTH 111.7 168.4 240.0 -280.3 -326.5 -401.6
1049 Dreamz 113.6 170.6 242.5 -284.3 -330.5 -405.6
1052 DK 115.2 172.5 244.6 -288.3 -334.5 -409.6
1053 Kaipi 111.2 168.5 240.6 -282.7 -329.1 -404.3
1054 TR 114.9 171.9 244.0 -286.7 -333.1 -408.3
1058 UR 110.9 167.9 240.0 -281.8 -328.5 -404.0
1059 TongFu 112.7 169.4 241.6 -285.8 -332.5 -408.0
1060 LGD.int 114.9 171.7 244.1 -289.8 -336.5 -412.0
1061 RS.int 116.4 173.5 246.2 -293.8 -340.5 -416.0
1062 MiTH 118.1 175.2 248.1 -297.8 -344.5 -420.0
1068 rox.KIS 120.0 177.2 250.4 -301.8 -348.5 -424.0
1069 Poseidon 116.0 173.2 246.4 -295.0 -341.0 -416.5
1070 Quantic 112.0 169.2 242.4 -284.7 -331.7 -408.1
1071 Quantic 113.8 170.8 244.2 -288.7 -335.7 -412.1
1078 VP 116.1 173.1 246.7 -292.7 -339.7 -416.1
1080 SYF 118.6 175.1 248.8 -296.7 -343.7 -420.1
1084 Arcanys 114.6 171.1 244.8 -292.3 -337.9 -414.5
1086 MVP 110.6 167.1 240.8 -287.0 -332.3 -409.0
1087 UR 112.5 169.1 242.9 -291.0 -336.3 -413.0
1093 Lowyat 108.5 165.1 238.9 -285.2 -330.5 -407.5
1094 DK 110.8 167.7 241.9 -289.2 -334.5 -411.5
1099 rox.KIS 113.0 170.0 244.4 -293.2 -338.5 -415.5
1100 Aspera 117.0 172.9 247.2 -297.2 -342.5 -419.5
1103 FD 117.0 172.9 247.2 -297.2 -342.5 -419.5
1107 Rain 113.0 168.9 243.2 -292.0 -337.7 -414.9
1108 eN.Legs 114.5 170.9 245.6 -296.0 -341.7 -418.9
1110 bvd.dotA 116.6 173.3 248.4 -300.0 -345.7 -422.9
1113 Imp 118.5 176.0 251.5 -304.0 -349.7 -426.9
1116 NJ&Kids 114.5 172.0 247.5 -298.9 -343.4 -420.7
1119 FD 110.5 168.0 243.5 -292.1 -337.0 -414.8
1124 bvd.dotA 112.5 169.8 245.3 -296.1 -341.0 -418.8
1127 EG 114.8 172.3 248.1 -300.1 -345.0 -422.8
1128 TakeFive 118.0 176.7 252.8 -304.1 -349.0 -426.8
1130 TongFu 119.6 178.5 254.8 -308.1 -353.0 -430.8
1133 MUFC 115.6 174.5 250.8 -297.8 -343.6 -422.3
1134 PR 111.6 170.5 246.8 -293.5 -339.6 -418.3
1138 CSW 114.3 173.5 250.1 -297.5 -343.6 -422.3
1139 VT 116.3 175.9 252.8 -301.5 -347.6 -426.3
1140 SYM 112.3 171.9 248.8 -295.4 -341.0 -419.8
1141 EOT 113.6 174.1 251.4 -299.4 -345.0 -423.8
1142 SYF 117.1 177.3 254.5 -303.4 -349.0 -427.8
1145 Fnatic.eu 119.8 179.6 256.9 -307.4 -353.0 -431.8
1148 HR 121.5 181.8 259.5 -311.4 -357.0 -435.8
1150 Speed 123.5 185.0 263.2 -315.4 -361.0 -439.8
1154 Alliance 123.5 185.0 263.2 -315.4 -361.0 -439.8
1160 Na'Vi 119.5 181.0 259.2 -307.4 -355.5 -434.8
1161 FD 121.3 183.0 261.2 -311.4 -359.5 -438.8
1164 Titan 117.3 179.0 257.2 -304.5 -351.4 -430.9
1166 CSW 120.8 181.9 260.1 -308.5 -355.4 -434.9
1167 EOT 122.7 183.8 262.3 -312.5 -359.4 -438.9
1168 LGD.cn 124.5 185.6 264.3 -316.5 -363.4 -442.9
1170 VG 126.6 187.7 266.6 -320.5 -367.4 -446.9
1173 Empire 128.3 189.4 268.5 -324.5 -371.4 -450.9
1179 RStars 124.3 185.4 264.5 -315.4 -362.8 -443.2
1180 Empire 120.3 181.4 260.5 -310.2 -358.3 -439.1
1182 Fnatic.eu 124.2 184.4 263.4 -314.2 -362.3 -443.1
1186 iG 126.4 187.2 266.2 -318.2 -366.3 -447.1
1187 StayFree 122.4 183.2 262.2 -313.3 -361.1 -441.6
1193 Speed 118.4 179.2 258.2 -308.8 -356.0 -436.5
1198 Aspera 121.4 182.1 261.3 -312.8 -360.0 -440.5
1199 Menace 123.1 184.0 263.5 -316.8 -364.0 -444.5
1201 Aspera 119.1 180.0 259.5 -312.0 -359.3 -440.2
1207 mouz 115.1 176.0 255.5 -305.7 -353.0 -434.3
1208 Imp 111.1 172.0 251.5 -297.2 -343.5 -425.3
1209 MiTH 107.1 168.0 247.5 -290.2 -337.2 -419.5
1211 mouz 103.1 164.0 243.5 -284.5 -331.9 -414.4
1212 Fnatic.eu 105.0 166.2 246.0 -288.5 -335.9 -418.4
1213 Poseidon 101.0 162.2 242.0 -281.2 -327.8 -410.6
1214 VG 97.0 158.2 238.0 -275.0 -320.5 -403.8
1216 LGD.cn 98.4 160.0 240.2 -279.0 -324.5 -407.8
1217 Speed 94.4 156.0 236.2 -269.0 -315.2 -399.5
1218 CSW 90.4 152.0 232.2 -262.6 -309.4 -394.3
1219 NoX 86.4 148.0 228.2 -257.8 -304.7 -389.9
1221 iG 82.4 144.0 224.2 -246.5 -295.8 -382.9
1222 LGD.cn 84.3 145.6 225.9 -250.5 -299.8 -386.9
1227 Empire 86.1 147.8 228.3 -254.5 -303.8 -390.9
1229 StayFree 82.1 143.8 224.3 -247.8 -298.2 -386.1
1231 TTD 78.1 139.8 220.3 -240.5 -289.5 -378.2
1234 VG 80.0 142.0 222.9 -244.5 -293.5 -382.2
1236 Speed 80.0 142.0 222.9 -244.5 -293.5 -382.2
1237 FSid3 76.0 138.0 218.9 -234.1 -284.0 -373.8
1239 RStars 77.4 140.0 221.4 -238.1 -288.0 -377.8
1240 Na'Vi 79.1 141.8 223.4 -242.1 -292.0 -381.8
1242 mouz 80.7 143.8 225.7 -246.1 -296.0 -385.8
1244 Sigma.int 82.4 146.4 229.0 -250.1 -300.0 -389.8
1246 Liquid 85.0 149.2 232.0 -254.1 -304.0 -393.8
1249 Alliance 81.0 145.2 228.0 -250.1 -299.9 -389.6
1251 UR 82.5 147.1 230.1 -254.1 -303.9 -393.6
1254 Startale 82.5 147.1 230.1 -254.1 -303.9 -393.6
1255 Empire 84.5 149.2 232.4 -258.1 -307.9 -397.6
1259 Sigma.int 86.5 151.9 235.4 -262.1 -311.9 -401.6
1260 Sigma.int 82.5 147.9 231.4 -257.9 -307.4 -397.2
1261 mouz 78.5 143.9 227.4 -249.9 -301.5 -391.7
1265 Fnatic.eu 74.5 139.9 223.4 -241.8 -294.0 -385.1
1270 MiTH 77.2 142.2 226.0 -245.8 -298.0 -389.1
1271 SYF 79.5 144.8 229.1 -249.8 -302.0 -393.1
1272 iG 81.5 147.3 231.9 -253.8 -306.0 -397.1
1275 FXopen 83.2 149.3 234.0 -257.8 -310.0 -401.1
1276 CSW 84.7 151.0 235.9 -261.8 -314.0 -405.1
1277 Mski 80.7 147.0 231.9 -257.2 -310.2 -401.5
1280 MiTH 80.7 147.0 231.9 -257.2 -310.2 -401.5
1281 Speed 83.5 150.0 235.1 -261.2 -314.2 -405.5
1286 LGD.int 85.6 152.6 237.8 -265.2 -318.2 -409.5
1288 Alliance 87.4 154.5 239.7 -269.2 -322.2 -413.5
1289 Titan 83.4 150.5 235.7 -264.1 -317.2 -408.6
1290 Lowyat 79.4 146.5 231.7 -258.0 -311.6 -403.2
1291 PR 82.8 149.1 234.4 -262.0 -315.6 -407.2
1292 SSD 78.8 145.1 230.4 -253.6 -306.2 -398.2
1295 Fnatic.eu 74.8 141.1 226.4 -248.7 -301.5 -393.8
1296 mouz 76.5 142.9 228.4 -252.7 -305.5 -397.8
1297 EG 78.9 145.2 231.0 -256.7 -309.5 -401.8
1298 Titan 81.6 148.2 234.4 -260.7 -313.5 -405.8
1300 4FC 83.6 150.3 236.8 -264.7 -317.5 -409.8
1302 DK 85.8 152.8 239.5 -268.7 -321.5 -413.8
1304 Empire 89.2 155.7 242.2 -272.7 -325.5 -417.8
1309 4FC 91.4 157.6 244.3 -276.7 -329.5 -421.8
1311 Sleisel 87.4 153.6 240.3 -272.7 -325.2 -417.6
1312 Arteezy 89.4 155.6 242.5 -276.7 -329.2 -421.6
1313 EG 85.4 151.6 238.5 -271.1 -323.3 -416.2
1319 Empire 87.5 153.2 240.1 -275.1 -327.3 -420.2
1320 Orange 91.2 156.0 242.7 -279.1 -331.3 -424.2
1328 Dignitas 92.9 157.7 244.5 -283.1 -335.3 -428.2
1330 Na'Vi 94.9 159.5 246.5 -287.1 -339.3 -432.2
1334 iG 96.4 161.3 248.7 -291.1 -343.3 -436.2
1337 Startale 98.9 163.7 251.4 -295.1 -347.3 -440.2
1343 Fnatic.eu 94.9 159.7 247.4 -287.1 -338.2 -431.7
1349 Alliance 90.9 155.7 243.4 -283.2 -334.1 -427.3
1350 Fnatic.eu 86.9 151.7 239.4 -277.6 -328.2 -421.3
1353 Alliance 88.6 153.4 241.3 -281.6 -332.2 -425.3
1358 VP 84.6 149.4 237.3 -275.7 -326.6 -420.0
1363 Speed 86.7 151.4 239.7 -279.7 -330.6 -424.0
1364 Na'Vi 88.5 153.3 241.7 -283.7 -334.6 -428.0
1367 Liquid 90.1 155.2 243.9 -287.7 -338.6 -432.0
1374 VP 93.6 159.0 247.6 -291.7 -342.6 -436.0
1375 Startale 89.6 155.0 243.6 -281.2 -336.0 -430.5
1378 Imp 92.4 158.5 247.3 -285.2 -340.0 -434.5
1383 LGD.cn 93.9 160.3 249.3 -289.2 -344.0 -438.5
1385 Na'Vi 89.9 156.3 245.3 -283.1 -338.8 -433.8
1387 LGD.cn 93.0 159.5 248.6 -287.1 -342.8 -437.8
1392 EG 95.9 162.9 252.0 -291.1 -346.8 -441.8
1393 Fnatic.eu 99.2 165.6 254.7 -295.1 -350.8 -445.8
1394 LGD.cn 102.8 169.7 258.6 -299.1 -354.8 -449.8
1395 iG 106.2 172.5 261.5 -303.1 -358.8 -453.8
1398 Alliance 102.2 168.5 257.5 -298.5 -354.2 -449.2
1400 VP 104.1 170.7 260.1 -302.5 -358.2 -453.2
1401 Alliance 105.9 172.4 262.0 -306.5 -362.2 -457.2
1402 Liquid 108.0 174.6 264.3 -310.5 -366.2 -461.2
1406 EG 104.0 170.6 260.3 -302.0 -358.9 -455.1
1408 Liquid 105.7 172.5 262.4 -306.0 -362.9 -459.1
1409 Liquid 101.7 168.5 258.4 -301.0 -357.9 -454.3
1416 Liquid 103.5 170.3 260.3 -305.0 -361.9 -458.3
1420 FD 107.0 173.2 263.5 -309.0 -365.9 -462.3
1421 Na'Vi 108.5 174.8 265.4 -313.0 -369.9 -466.3
1422 EG 104.5 170.8 261.4 -309.0 -365.6 -462.0
1428 EG 100.5 166.8 257.4 -301.5 -357.2 -453.8
1433 iG 96.5 162.8 253.4 -294.5 -351.2 -448.5
1434 MiTH 99.6 165.6 256.2 -298.5 -355.2 -452.5
1435 mouz 103.1 168.7 259.2 -302.5 -359.2 -456.5
1437 Liquid 105.1 170.9 261.6 -306.5 -363.2 -460.5
1440 Alliance 107.6 173.6 264.6 -310.5 -367.2 -464.5
1441 PR 103.6 169.6 260.6 -302.6 -359.2 -456.7
1444 Fnatic.eu 99.6 165.6 256.6 -298.2 -355.2 -452.8
1445 Speed 101.4 168.0 259.3 -302.2 -359.2 -456.8
1446 mouz 97.4 164.0 255.3 -294.9 -352.9 -451.0
1447 FD 93.4 160.0 251.3 -286.7 -345.2 -443.8
1448 MiTH 89.4 156.0 247.3 -280.5 -338.4 -437.4
1449 Titan 91.3 157.7 249.1 -284.5 -342.4 -441.4
1453 Liquid 93.7 160.4 251.9 -288.5 -346.4 -445.4
1456 Liquid 95.2 162.2 253.9 -292.5 -350.4 -449.4
1461 rox.KIS 91.2 158.2 249.9 -282.9 -341.6 -441.3
1463 Na'Vi 93.3 160.1 251.9 -286.9 -345.6 -445.3
1467 Sigma.int 89.3 156.1 247.9 -281.9 -340.0 -439.8
1468 Alliance 91.1 158.0 249.9 -285.9 -344.0 -443.8
1469 Alliance 91.1 158.0 249.9 -285.9 -344.0 -443.8
1471 Mts 87.1 154.0 245.9 -277.1 -337.4 -438.4
1472 rox.KIS 83.1 150.0 241.9 -268.7 -331.4 -433.2
1475 TongFu3 84.9 151.7 243.8 -272.7 -335.4 -437.2
1481 DK 80.9 147.7 239.8 -263.4 -327.2 -430.5
1484 DK 82.8 149.9 242.3 -267.4 -331.2 -434.5
1485 EG 78.8 145.9 238.3 -260.1 -324.5 -428.1
1486 Sigma.int 74.8 141.9 234.3 -255.9 -319.5 -423.0
1487 VG 76.9 144.3 237.0 -259.9 -323.5 -427.0
1488 Imp 78.7 146.3 239.5 -263.9 -327.5 -431.0
1489 Na'Vi 80.4 148.0 241.4 -267.9 -331.5 -435.0
1491 Fnatic.eu 83.6 151.4 245.1 -271.9 -335.5 -439.0
1493 Sigma.int 79.6 147.4 241.1 -267.0 -329.9 -433.4
1496 Sigma.int 81.5 149.7 243.8 -271.0 -333.9 -437.4
1502 DK 84.8 153.7 248.0 -275.0 -337.9 -441.4
1503 Speed 87.3 155.8 250.4 -279.0 -341.9 -445.4
1504 Sigma.int 90.3 159.0 253.7 -283.0 -345.9 -449.4
1505 Na'Vi 86.3 155.0 249.7 -278.6 -341.5 -445.3
1507 DK 88.0 156.7 251.4 -282.6 -345.5 -449.3
1509 Speed 91.4 160.3 255.1 -286.6 -349.5 -453.3
1514 Fnatic.eu 87.4 156.3 251.1 -280.7 -343.7 -447.4
1516 DK 83.4 152.3 247.1 -276.5 -338.6 -442.3
1517 Speed 86.5 155.4 250.3 -280.5 -342.6 -446.3
1518 Speed 82.5 151.4 246.3 -270.8 -334.2 -438.7
1519 Orange 85.8 154.0 248.9 -274.8 -338.2 -442.7
1520 Titan 88.4 156.5 251.5 -278.8 -342.2 -446.7
1521 Next.kz 90.2 158.6 254.0 -282.8 -346.2 -450.7
1522 Next.kz 86.2 154.6 250.0 -276.4 -340.0 -445.1
1524 Aspera 87.6 156.4 252.0 -280.4 -344.0 -449.1
1525 mouz 90.4 159.1 254.8 -284.4 -348.0 -453.1
1526 TongFu3 92.8 161.6 257.6 -288.4 -352.0 -457.1
1530 Empire 94.3 163.3 259.5 -292.4 -356.0 -461.1
1532 Poseidon 90.3 159.3 255.5 -287.2 -350.7 -456.4
1534 Poseidon 92.2 161.2 257.6 -291.2 -354.7 -460.4
1535 Venum 94.2 163.7 260.4 -295.2 -358.7 -464.4
1536 Hearts 97.9 166.8 263.5 -299.2 -362.7 -468.4
1538 NoX 93.9 162.8 259.5 -291.7 -354.3 -460.6
1539 Next.kz 96.6 165.1 261.9 -295.7 -358.3 -464.6
1540 Next.kz 99.2 167.8 264.9 -299.7 -362.3 -468.6
1541 PR 95.2 163.8 260.9 -293.0 -356.2 -463.1
1542 rox.KIS 97.5 166.3 263.8 -297.0 -360.2 -467.1
1543 Fnatic.eu 100.1 168.7 266.3 -301.0 -364.2 -471.1
1544 SSD 101.8 170.6 268.4 -305.0 -368.2 -475.1
1545 LGD.cn 103.3 172.4 270.6 -309.0 -372.2 -479.1
1548 Na'Vi 104.9 174.0 272.4 -313.0 -376.2 -483.1
1553 Fnatic.eu 100.9 170.0 268.4 -303.7 -367.4 -475.5
1554 Alliance 102.8 171.8 270.3 -307.7 -371.4 -479.5
1555 Mski 106.5 175.7 274.2 -311.7 -375.4 -483.5
1556 LGD.cn 110.0 179.3 277.9 -315.7 -379.4 -487.5
1557 LGD.int 106.0 175.3 273.9 -307.0 -369.9 -479.0
1558 FD 102.0 171.3 269.9 -301.4 -364.9 -474.3
1559 Na'Vi 102.0 171.3 269.9 -301.4 -364.9 -474.3
1560 EOT 104.0 173.3 272.1 -305.4 -368.9 -478.3
1561 Na'Vi 106.7 175.8 274.7 -309.4 -372.9 -482.3
1562 VG 102.7 171.8 270.7 -302.4 -363.2 -473.2
1563 FL 105.7 174.8 274.1 -306.4 -367.2 -477.2
1564 Mski 109.2 177.7 277.0 -310.4 -371.2 -481.2
1565 NSG 105.2 173.7 273.0 -305.7 -365.3 -475.3
1569 Next.kz 101.2 169.7 269.0 -299.6 -358.5 -469.0
1570 SSD 97.2 165.7 265.0 -295.6 -354.0 -464.3
1571 PR 100.0 168.4 267.8 -299.6 -358.0 -468.3
1573 iG 101.8 170.3 270.1 -303.6 -362.0 -472.3
1575 iG 97.8 166.3 266.1 -299.2 -357.6 -467.9
1576 5inQ 99.3 168.2 268.4 -303.2 -361.6 -471.9
1577 MVP.P 102.6 171.1 271.2 -307.2 -365.6 -475.9
1578 VG 98.6 167.1 267.2 -298.0 -356.7 -467.6
1583 Sigma.int 100.0 168.8 269.2 -302.0 -360.7 -471.6
1584 SSD 102.4 171.6 272.1 -306.0 -364.7 -475.6
1586 Fnatic.eu 98.4 167.6 268.1 -296.4 -355.3 -466.3
1587 Idol 99.9 169.4 270.4 -300.4 -359.3 -470.3
1588 LGD.cn 95.9 165.4 266.4 -296.1 -353.5 -464.0
1591 VG 91.9 161.4 262.4 -292.0 -349.2 -459.7
1592 VG 95.6 165.1 266.3 -296.0 -353.2 -463.7
1594 FD 91.6 161.1 262.3 -287.2 -343.2 -454.5
1595 Idol 87.6 157.1 258.3 -281.1 -335.3 -446.4
1596 Kawai 83.6 153.1 254.3 -276.8 -330.8 -441.7
1597 Empire 85.4 154.9 256.1 -280.8 -334.8 -445.7
1599 OsG 81.4 150.9 252.1 -272.0 -327.0 -438.6
1600 TR 77.4 146.9 248.1 -261.1 -318.6 -431.5
1601 SSD 80.7 149.8 251.0 -265.1 -322.6 -435.5
1602 VP 82.4 151.7 253.0 -269.1 -326.6 -439.5
1605 VG 84.8 154.6 256.2 -273.1 -330.6 -443.5
1606 CSW 80.8 150.6 252.2 -268.6 -326.9 -439.6
1608 VP 76.8 146.6 248.2 -258.7 -318.0 -432.1
1609 Empire 81.1 150.1 251.6 -262.7 -322.0 -436.1
1610 VP 84.4 153.8 255.5 -266.7 -326.0 -440.1
1612 Fnatic.eu 86.3 155.7 257.7 -270.7 -330.0 -444.1
1615 Speed 89.2 158.5 260.8 -274.7 -334.0 -448.1
1617 Siltherin 91.2 160.8 263.4 -278.7 -338.0 -452.1
1618 FD 92.8 162.5 265.5 -282.7 -342.0 -456.1
1619 XctN 95.1 165.1 268.3 -286.7 -346.0 -460.1
1622 Aspera 91.1 161.1 264.3 -280.6 -339.6 -454.1
1623 SSD 93.0 163.0 266.3 -284.6 -343.6 -458.1
1624 PR 94.6 164.8 268.3 -288.6 -347.6 -462.1
1625 Idol 90.6 160.8 264.3 -279.5 -338.8 -454.4
1627 MVP 92.6 162.5 266.1 -283.5 -342.8 -458.4
1630 Na'Vi 95.2 164.8 268.6 -287.5 -346.8 -462.4
1632 Fnatic.eu 91.2 160.8 264.6 -281.8 -341.0 -456.6
1633 Startale 94.7 163.5 267.1 -285.8 -345.0 -460.6
1635 VG 90.7 159.5 263.1 -280.7 -337.8 -452.9
1637 Na'Vi 92.6 161.3 265.0 -284.7 -341.8 -456.9
1638 VG 95.6 165.6 269.7 -288.7 -345.8 -460.9
1639 Fnatic.eu 91.6 161.6 265.7 -282.9 -340.0 -455.7
1640 FD 94.7 165.2 269.3 -286.9 -344.0 -459.7
1641 RRQ 90.7 161.2 265.3 -277.7 -334.0 -450.1
1642 MiTH 92.4 163.3 267.5 -281.7 -338.0 -454.1
1643 VG 94.8 166.4 270.9 -285.7 -342.0 -458.1
1644 iG 90.8 162.4 266.9 -279.7 -336.5 -452.8
1645 RRQ 93.2 164.7 269.3 -283.7 -340.5 -456.8
1646 RRQ 89.2 160.7 265.3 -279.4 -335.6 -451.6
1647 MiTH 85.2 156.7 261.3 -273.7 -330.4 -447.1
1648 Poseidon 81.2 152.7 257.3 -265.3 -322.0 -439.0
1649 VP 84.9 156.7 261.2 -269.3 -326.0 -443.0
1650 VP 86.8 158.9 263.4 -273.3 -330.0 -447.0
1651 rox.KIS 88.5 160.6 265.3 -277.3 -334.0 -451.0
1653 mouz 90.1 162.2 267.1 -281.3 -338.0 -455.0
1655 RRQ 92.6 164.1 269.0 -285.3 -342.0 -459.0
1659 Alliance 88.6 160.1 265.0 -281.0 -337.3 -454.4
1661 Alliance 91.3 162.9 268.0 -285.0 -341.3 -458.4
1666 Lowyat 87.3 158.9 264.0 -278.3 -335.6 -453.3
1669 Neon 83.3 154.9 260.0 -269.6 -327.5 -446.3
1670 MiTH 87.4 158.7 263.3 -273.6 -331.5 -450.3
1671 Neon 90.8 162.0 266.8 -277.6 -335.5 -454.3
1672 MiTH 92.7 163.9 268.9 -281.6 -339.5 -458.3
1673 rox.KIS 95.5 167.2 272.6 -285.6 -343.5 -462.3
1675 Empire 99.1 171.0 276.5 -289.6 -347.5 -466.3
1679 Speed 100.8 172.7 278.4 -293.6 -351.5 -470.3
1680 Mski 104.1 175.6 281.3 -297.6 -355.5 -474.3
1690 Mski 106.1 177.1 282.8 -301.6 -359.5 -478.3
1702 DK 109.6 180.5 286.2 -305.6 -363.5 -482.3
1703 DK 105.6 176.5 282.2 -300.3 -358.6 -477.6
1704 Alliance 108.3 179.2 285.1 -304.3 -362.6 -481.6
1705 Next.kz 110.0 181.1 287.3 -308.3 -366.6 -485.6
1710 Speed 106.0 177.1 283.3 -302.2 -360.4 -479.7
1710 Speed 102.0 173.1 279.3 -295.7 -353.9 -473.8
1712 VP 103.7 174.8 281.1 -299.7 -357.9 -477.8
1712 VP 105.6 176.4 282.8 -303.7 -361.9 -481.8
1713 Sigma.int 107.4 177.8 284.5 -307.7 -365.9 -485.8
1715 Poseidon 103.4 173.8 280.5 -302.0 -360.5 -480.5
1715 Poseidon 99.4 169.8 276.5 -297.5 -355.9 -476.5
1716 rox.KIS 101.8 172.5 279.3 -301.5 -359.9 -480.5
1716 rox.KIS 104.4 175.1 282.2 -305.5 -363.9 -484.5
1717 VP 108.1 178.6 285.7 -309.5 -367.9 -488.5
1717 VP 112.4 182.2 289.1 -313.5 -371.9 -492.5
1718 Fnatic.eu 108.4 178.2 285.1 -307.1 -365.0 -486.7
1718 Fnatic.eu 104.4 174.2 281.1 -300.2 -358.4 -480.9
1719 HR 106.2 175.7 282.7 -304.2 -362.4 -484.9
1719 HR 108.0 177.2 284.3 -308.2 -366.4 -488.9
1723 Mski 109.7 178.8 285.9 -312.2 -370.4 -492.9
1724 LGD.cn 111.3 180.5 287.8 -316.2 -374.4 -496.9
1729 Sigma.int 111.3 180.5 287.8 -316.2 -374.4 -496.9
1732 rox.KIS 107.3 176.5 283.8 -310.3 -367.1 -489.6
1734 PR 110.8 180.1 287.5 -314.3 -371.1 -493.6
1736 Lowyat 106.8 176.1 283.5 -305.1 -362.1 -485.7
1737 MiTH 102.8 172.1 279.5 -300.2 -356.0 -479.9
1738 Lowyat 104.9 173.9 281.4 -304.2 -360.0 -483.9
1739 5inQ 100.9 169.9 277.4 -296.4 -352.2 -477.5
1740 LGD.cn 96.9 165.9 273.4 -290.0 -346.6 -472.7
1741 VP 100.7 169.7 277.1 -294.0 -350.6 -476.7
1742 Na'Vi 102.2 171.7 279.3 -298.0 -354.6 -480.7
1743 Na'Vi 103.9 173.8 281.7 -302.0 -358.6 -484.7
1748 Idol 99.9 169.8 277.7 -297.7 -353.5 -479.7
1749 FD 95.9 165.8 273.7 -293.4 -348.4 -474.3
1756 TongFu 91.9 161.8 269.7 -285.6 -341.5 -468.6
1757 iG 95.4 165.4 273.6 -289.6 -345.5 -472.6
1758 DK 97.0 167.2 275.7 -293.6 -349.5 -476.6
1759 FD 100.1 170.7 279.6 -297.6 -353.5 -480.6
1762 TR 96.1 166.7 275.6 -288.2 -345.2 -473.4
1767 rox.KIS 98.8 169.8 279.1 -292.2 -349.2 -477.4
1769 XctN 94.8 165.8 275.1 -287.2 -343.5 -471.9
1770 5inQ 96.5 168.4 278.1 -291.2 -347.5 -475.9
1773 FD 98.6 170.2 280.1 -295.2 -351.5 -479.9
1775 RRQ 94.6 166.2 276.1 -289.6 -346.6 -475.4
1778 FSid3 90.6 162.2 272.1 -283.6 -340.0 -468.9
1779 Fnatic.eu 92.4 163.7 273.7 -287.6 -344.0 -472.9
1781 FD 94.1 165.6 275.8 -291.6 -348.0 -476.9
1782 Mski 97.9 169.1 279.3 -295.6 -352.0 -480.9
1784 LGD.cn 99.5 170.7 281.3 -299.6 -356.0 -484.9
1787 Sigma.int 102.0 173.2 283.9 -303.6 -360.0 -488.9
1789 Na'Vi 104.9 175.9 286.7 -307.6 -364.0 -492.9
1792 Empire 100.9 171.9 282.7 -299.7 -356.3 -486.0
1794 Mski 96.9 167.9 278.7 -294.6 -350.7 -480.7
1795 Empire 98.5 169.7 280.5 -298.6 -354.7 -484.7
1796 Titan 101.0 172.4 283.1 -302.6 -358.7 -488.7
1797 TR 97.0 168.4 279.1 -293.2 -348.9 -479.2
1798 OsG 99.3 171.1 281.9 -297.2 -352.9 -483.2
1799 VP 95.3 167.1 277.9 -288.5 -346.2 -477.4
1800 Empire 96.9 168.7 279.7 -292.5 -350.2 -481.4
1806 DT 98.6 170.3 281.5 -296.5 -354.2 -485.4
1810 TR 94.6 166.3 277.5 -291.7 -349.0 -480.2
1813 DK 96.9 168.8 280.2 -295.7 -353.0 -484.2
1816 TongFu 92.9 164.8 276.2 -290.1 -347.9 -479.8
1818 FD 95.1 166.9 278.3 -294.1 -351.9 -483.8
1819 rox.KIS 97.5 169.2 280.8 -298.1 -355.9 -487.8
1823 SSD 99.2 170.8 282.5 -302.1 -359.9 -491.8
1824 Empire 102.4 174.0 286.0 -306.1 -363.9 -495.8
1825 DK 104.0 175.8 288.1 -310.1 -367.9 -499.8
1830 mouz 106.2 178.0 290.3 -314.1 -371.9 -503.8
1831 rox.KIS 102.2 174.0 286.3 -305.1 -364.4 -496.8
1832 TR 105.6 177.2 289.7 -309.1 -368.4 -500.8
1835 iG 101.6 173.2 285.7 -305.2 -364.2 -496.2
1838 Titan 97.6 169.2 281.7 -298.9 -357.5 -489.7
1839 Sigma.int 93.6 165.2 277.7 -290.1 -349.0 -481.8
1841 SSD 95.4 167.2 279.9 -294.1 -353.0 -485.8
1843 iG 97.4 169.6 282.5 -298.1 -357.0 -489.8
1844 VG 93.4 165.6 278.5 -292.3 -352.0 -485.1
1845 DK 95.3 167.8 279.7 -296.3 -356.0 -489.1
1848 TongFu 97.0 169.9 282.1 -300.3 -360.0 -493.1
1849 PBS 98.7 172.1 284.7 -304.3 -364.0 -497.1
1852 SSD 100.4 173.7 286.4 -308.3 -368.0 -501.1
1854 SSD 96.4 169.7 282.4 -301.4 -359.8 -493.3
1858 Empire 98.7 172.4 283.8 -305.4 -363.8 -497.3
1864 Revenge 101.0 174.9 286.6 -309.4 -367.8 -501.3
1866 Sigma.int 102.9 177.2 288.2 -313.4 -371.8 -505.3
1869 FSid3 98.9 173.2 284.2 -305.6 -364.3 -499.0
1871 Relax 100.6 175.0 286.4 -309.6 -368.3 -503.0
1872 rox.KIS 96.6 171.0 282.4 -305.0 -363.5 -498.3
1873 PBS 92.6 167.0 278.4 -298.7 -356.9 -494.8
1875 iG 94.2 168.7 280.3 -302.7 -360.9 -498.8
1876 GB 96.0 170.6 282.5 -306.7 -364.9 -502.8
1880 VG 92.0 166.6 278.5 -300.1 -357.5 -495.7
1881 LGD.cn 95.3 170.4 280.4 -304.1 -361.5 -499.7
1882 Swage 99.0 174.3 283.1 -308.1 -365.5 -503.7
1883 iG 95.0 170.3 279.1 -299.7 -358.0 -494.0
1888 SMM 98.2 173.2 282.2 -303.7 -362.0 -498.0
1890 LGD.cn 94.2 169.2 278.2 -297.2 -356.1 -492.5
1891 Lowyat 90.2 165.2 274.2 -292.6 -351.5 -488.0
1892 nAra 86.2 161.2 270.2 -284.8 -344.7 -479.6
1895 Fnatic.eu 82.2 157.2 266.2 -280.2 -340.8 -470.9
1896 XctN 78.2 153.2 262.2 -274.8 -334.9 -465.4
1897 Idol 74.2 149.2 258.2 -268.9 -328.9 -459.7
1899 LGD.cn 76.7 151.8 260.2 -272.9 -332.9 -463.7
1900 PBS 78.9 154.2 262.8 -276.9 -336.9 -467.7
1902 Idol 74.9 150.2 258.8 -272.2 -332.3 -463.6
1903 Titan 76.9 152.6 260.1 -276.2 -336.3 -467.6
1904 Mastery 72.9 148.6 256.1 -269.7 -330.0 -460.1
1905 Swage 68.9 144.6 252.1 -262.1 -323.3 -454.1
1907 EOT 71.8 147.9 254.4 -266.1 -327.3 -458.1
1908 Sigma.int 67.8 143.9 250.4 -261.2 -321.9 -452.5
1909 Mski 70.9 147.5 253.1 -265.2 -325.9 -456.5
1910 FD 72.8 149.7 254.6 -269.2 -329.9 -460.5
1912 Orange 74.9 151.7 256.6 -273.2 -333.9 -464.5
1914 rox.KIS 76.7 153.5 258.6 -277.2 -337.9 -468.5
1917 Orange 78.7 155.1 260.3 -281.2 -341.9 -472.5
1918 Orange 80.8 157.0 262.2 -285.2 -345.9 -476.5
1920 Mski 76.8 153.0 258.2 -276.9 -339.4 -470.5
1921 VP 79.3 155.4 260.5 -280.9 -343.4 -474.5
1922 VP 75.3 151.4 256.5 -276.0 -338.6 -470.1
1924 Sigma.int 77.6 154.1 258.2 -280.0 -342.6 -474.1
1926 PR 80.2 156.2 260.4 -284.0 -346.6 -478.1
1930 Alliance 82.3 158.3 262.8 -288.0 -350.6 -482.1
1931 Swage 78.3 154.3 258.8 -280.0 -343.3 -475.5
1932 Empire 78.3 154.3 258.8 -280.0 -343.3 -475.5
1933 Alliance 80.5 156.5 261.2 -284.0 -347.3 -479.5
1936 Alliance 82.3 158.5 262.9 -288.0 -351.3 -483.5
1937 Na'Vi 84.1 160.5 265.1 -292.0 -355.3 -487.5
1938 DK 86.6 163.2 268.0 -296.0 -359.3 -491.5
1939 Na'Vi 88.3 165.1 269.4 -300.0 -363.3 -495.5
1940 Na'Vi 84.3 161.1 265.4 -294.8 -359.0 -491.2
1941 Zephyr 86.4 163.7 266.6 -298.8 -363.0 -495.2
1942 VP 89.8 166.6 269.5 -302.8 -367.0 -499.2
1943 PR 91.7 168.5 271.7 -306.8 -371.0 -503.2
1944 VP 93.6 170.6 273.2 -310.8 -375.0 -507.2
1946 PR 89.6 166.6 269.2 -304.2 -367.9 -500.6
1947 Relax 85.6 162.6 265.2 -297.2 -361.0 -494.5
1955 Life 88.4 166.1 266.9 -301.2 -365.0 -498.5
1960 Empire 90.1 167.9 269.1 -305.2 -369.0 -502.5
1962 Fnatic.eu 92.4 170.3 271.5 -309.2 -373.0 -506.5
1963 Life 88.4 166.3 267.5 -299.8 -363.4 -499.6
1965 Relax 90.1 168.3 269.1 -303.8 -367.4 -503.6
1966 Speed 92.9 171.6 272.8 -307.8 -371.4 -507.6
1968 Denial 95.2 174.2 275.7 -311.8 -375.4 -511.6
1969 hehe 98.1 177.6 279.4 -315.8 -379.4 -515.6
1970 hehe 100.2 179.7 281.3 -319.8 -383.4 -519.6
1974 bvd.dotA 96.2 175.7 277.3 -314.6 -378.5 -516.3
1976 Relax 92.2 171.7 273.3 -309.4 -373.7 -509.3
1977 Empire 88.2 167.7 269.3 -304.5 -368.8 -504.8
1978 eHug 91.1 171.1 270.8 -308.5 -372.8 -508.8
1979 Empire 93.4 173.9 273.9 -312.5 -376.8 -512.8
1980 Empire 96.8 178.1 278.4 -316.5 -380.8 -516.8
1983 SADBOYS 92.8 174.1 274.4 -309.4 -372.2 -508.2
1986 eHug 88.8 170.1 270.4 -303.3 -366.1 -502.3
1987 Empire 84.8 166.1 266.4 -297.0 -360.6 -494.3
1988 Liquid 80.8 162.1 262.4 -289.5 -354.0 -487.7
1991 PR 82.8 164.2 264.6 -293.5 -358.0 -491.7
1993 Liquid 85.9 167.6 268.3 -297.5 -362.0 -495.7
1994 Fnatic.eu 81.9 163.6 264.3 -293.0 -358.0 -491.8
1995 SADBOYS 83.4 165.6 266.8 -297.0 -362.0 -495.8
1996 TR 79.4 161.6 262.8 -289.0 -354.5 -488.9
2000 UG 75.4 157.6 258.8 -283.9 -349.6 -483.5
2002 Swage 78.3 160.7 260.4 -287.9 -353.6 -487.5
2003 Empire 74.3 156.7 256.4 -281.7 -348.2 -479.0
2004 Empire 77.2 159.6 259.8 -285.7 -352.2 -483.0
2005 5inQ 79.8 162.5 261.3 -289.7 -356.2 -487.0
2006 Empire 75.8 158.5 257.3 -285.6 -352.2 -481.0
2008 SADBOYS 71.8 154.5 253.3 -278.3 -345.1 -473.9
2011 PR 67.8 150.5 249.3 -272.7 -340.4 -469.4
2013 Empire 70.1 152.8 251.6 -276.7 -344.4 -473.4
2016 Revenge 72.0 154.8 253.7 -280.7 -348.4 -477.4
2018 Fnatic.eu 68.0 150.8 249.7 -271.8 -338.9 -468.6
2020 PR 69.8 152.7 251.7 -275.8 -342.9 -472.6
2025 D4D 72.9 155.9 254.0 -279.8 -346.9 -476.6
2026 Execration 74.9 158.2 256.6 -283.8 -350.9 -480.6
2028 Next.kz 70.9 154.2 252.6 -275.4 -343.3 -473.6
2030 Empire 74.4 157.6 256.1 -279.4 -347.3 -477.6
2031 Sigma.int 70.4 153.6 252.1 -273.0 -340.8 -471.0
2033 eHug 66.4 149.6 248.1 -266.5 -334.1 -464.4
2036 Zephyr 69.4 152.9 251.6 -270.5 -338.1 -468.4
2038 SADBOYS 73.5 157.1 254.9 -274.5 -342.1 -472.4
2039 Speed 69.5 153.1 250.9 -268.1 -335.7 -465.9
2043 Liquid 72.0 155.7 252.2 -272.1 -339.7 -469.9
2044 Arrow 74.3 158.5 253.6 -276.1 -343.7 -473.9
2046 Empire 77.8 162.0 257.2 -280.1 -347.7 -477.9
2047 Empire 79.5 164.0 258.5 -284.1 -351.7 -481.9
2049 GL 81.6 166.3 260.1 -288.1 -355.7 -485.9
2051 Nullis 83.6 168.4 262.4 -292.1 -359.7 -489.9
2052 Nullis 79.6 164.4 258.4 -284.3 -352.6 -481.0
2056 bvd.dotA 81.1 166.1 260.5 -288.3 -356.6 -485.0
2057 Aura 83.3 168.5 263.1 -292.3 -360.6 -489.0
2060 Fnatic.eu 79.3 164.5 259.1 -287.7 -356.4 -485.0
2062 PR 75.3 160.5 255.1 -281.2 -350.2 -479.1
2069 VP 71.3 156.5 251.1 -274.9 -344.4 -473.1
2070 rox.KIS 67.3 152.5 247.1 -267.8 -337.9 -463.4
2071 Cloud9 70.4 155.9 249.2 -271.8 -341.9 -467.4
2072 About 66.4 151.9 245.2 -264.4 -334.8 -459.7
2073 4FC 68.2 154.0 246.7 -268.4 -338.8 -463.7
2074 vhoul 64.2 150.0 242.7 -258.0 -329.1 -456.8
2075 Liquid 60.2 146.0 238.7 -250.8 -323.1 -447.7
2078 Empire 62.7 148.6 240.7 -254.8 -327.1 -451.7
2079 Empire 64.3 150.5 242.8 -258.8 -331.1 -455.7
2084 hehe 60.3 146.5 238.8 -254.2 -326.3 -451.2
2085 Next.kz 63.4 149.5 243.5 -258.2 -330.3 -455.2
2086 PssT 59.4 145.5 239.5 -250.9 -324.5 -446.6
2088 SADBOYS 62.5 149.2 241.9 -254.9 -328.5 -450.6
2091 Zephyr 65.3 152.1 245.0 -258.9 -332.5 -454.6
2092 Empire 61.3 148.1 241.0 -254.6 -328.1 -450.3
2093 rox.KIS 63.1 150.0 242.2 -258.6 -332.1 -454.3
2094 Insane 59.1 146.0 238.2 -250.8 -325.1 -448.1
2096 neXt! 55.1 142.0 234.2 -245.0 -319.7 -443.7
2099 rox.KIS 57.1 143.9 236.1 -249.0 -323.7 -447.7
2101 ZR 60.2 147.5 238.2 -253.0 -327.7 -451.7
2102 MYM 61.8 149.2 240.1 -257.0 -331.7 -455.7
2103 JnRun 57.8 145.2 236.1 -252.3 -326.9 -450.8
2104 Arrow 53.8 141.2 232.1 -243.3 -318.0 -442.9
2105 Mongolz 57.3 144.8 234.6 -247.3 -322.0 -446.9
2106 Panthers 59.8 147.5 237.7 -251.3 -326.0 -450.9
2112 DUZA 62.3 150.1 240.3 -255.3 -330.0 -454.9
2114 VP 65.0 153.1 243.5 -259.3 -334.0 -458.9
2115 Mongolz 61.0 149.1 239.5 -252.9 -327.2 -452.5
2117 Titan 63.1 151.6 241.0 -256.9 -331.2 -456.5
2122 4FC 66.4 154.8 243.9 -260.9 -335.2 -460.5
2124 neXt! 62.4 150.8 239.9 -254.5 -328.3 -453.3
2126 ZR 64.6 153.1 242.0 -258.5 -332.3 -457.3
2128 Alliance 66.2 154.8 243.6 -262.5 -336.3 -461.3
2129 vhoul 68.7 157.5 245.4 -266.5 -340.3 -465.3
2132 Fnatic.eu 70.4 159.2 247.0 -270.5 -344.3 -469.3
2135 rox.KIS 72.4 161.4 249.5 -274.5 -348.3 -473.3
2136 Swage 74.1 163.3 251.3 -278.5 -352.3 -477.3
2137 Revenge 75.8 165.1 252.5 -282.5 -356.3 -481.3
2139 eHug 77.5 166.9 254.0 -286.5 -360.3 -485.3
2140 PssT 73.5 162.9 250.0 -279.1 -352.3 -478.0
2142 MVP.P 77.0 165.7 252.8 -283.1 -356.3 -482.0
2146 Fnatic.eu 78.9 167.8 254.5 -287.1 -360.3 -486.0
2149 Sigma.int 80.5 169.5 256.4 -291.1 -364.3 -490.0
2150 VP 76.5 165.5 252.4 -286.3 -359.8 -484.9
2151 Insane 72.5 161.5 248.4 -281.5 -354.7 -479.6
2154 ZR 68.5 157.5 244.4 -275.8 -349.2 -474.7
2155 MYM 70.2 159.1 246.3 -279.8 -353.2 -478.7
2161 Osiris 66.2 155.1 242.3 -272.0 -346.2 -474.8
2164 Puck 62.2 151.1 238.3 -265.7 -339.2 -468.0
2166 DUZA 58.2 147.1 234.3 -258.3 -332.2 -461.5
2167 Scythe 61.0 150.3 236.0 -262.3 -336.2 -465.5
2168 Dignotoss 63.9 153.9 239.8 -266.3 -340.2 -469.5
2169 WWD 66.2 156.6 241.1 -270.3 -344.2 -473.5
2170 ZR 62.2 152.6 237.1 -261.2 -334.5 -464.6
2171 Relax 64.0 154.4 238.9 -265.2 -338.5 -468.6
2176 neXt! 60.0 150.4 234.9 -258.8 -332.7 -463.1
2177 Dog 61.4 152.2 237.3 -262.8 -336.7 -467.1
2179 PR 63.8 154.8 239.1 -266.8 -340.7 -471.1
2180 Puck 59.8 150.8 235.1 -259.9 -334.6 -462.7
2182 MM 62.5 153.7 236.7 -263.9 -338.6 -466.7
2183 4N 58.5 149.7 232.7 -259.0 -333.7 -462.0
2184 Swage 54.5 145.7 228.7 -254.4 -330.0 -456.9
2186 RRQ 50.5 141.7 224.7 -248.7 -325.0 -449.1
2189 Dignotoss 46.5 137.7 220.7 -243.9 -320.4 -443.1
2191 Orange 48.6 139.8 222.8 -247.9 -324.4 -447.1
2192 PR 44.6 135.8 218.8 -241.0 -318.2 -441.9
2193 Na'Vi 46.5 137.5 220.5 -245.0 -322.2 -445.9
2194 Zephyr 49.2 140.3 222.8 -249.0 -326.2 -449.9
2196 Dog 45.2 136.3 218.8 -245.3 -321.4 -444.6
2201 eN.Legs 47.4 138.5 221.0 -249.3 -325.4 -448.6
2202 neXt! 49.8 141.0 223.3 -253.3 -329.4 -452.6
2203 BIP 52.4 144.0 225.0 -257.3 -333.4 -456.6
2204 Osiris 48.4 140.0 221.0 -248.0 -323.8 -447.6
2206 Mski 48.4 140.0 221.0 -248.0 -323.8 -447.6
2207 PR 44.4 136.0 217.0 -243.5 -319.2 -443.3
2209 DT.NGC 40.4 132.0 213.0 -238.2 -314.1 -439.0
2215 ADN 36.4 128.0 209.0 -229.1 -304.4 -432.2
2218 VP 32.4 124.0 205.0 -219.6 -296.2 -424.5
2219 rox.KIS 28.4 120.0 201.0 -214.2 -291.0 -419.4
2223 Sigma.int 32.2 123.7 204.9 -218.2 -295.0 -423.4
2225 Empire 28.2 119.7 200.9 -212.5 -287.6 -415.7
2226 Empire 24.2 115.7 196.9 -202.6 -277.7 -409.3
2230 Orange 26.4 117.8 199.1 -206.6 -281.7 -413.3
2231 Arrow 28.4 120.2 200.8 -210.6 -285.7 -417.3
2232 Relax 32.1 123.2 203.6 -214.6 -289.7 -421.3
2233 CIS 34.8 126.2 206.3 -218.6 -293.7 -425.3
2234 5inQ 37.4 128.3 208.5 -222.6 -297.7 -429.3
2240 Spirit 33.4 124.3 204.5 -214.8 -289.9 -420.2
2245 MYM 36.2 127.3 207.8 -218.8 -293.9 -424.2
2246 Execration 40.1 131.2 210.7 -222.8 -297.9 -428.2
2247 Cloud9 43.3 134.9 212.7 -226.8 -301.9 -432.2
2248 DT.NGC 45.0 136.9 215.1 -230.8 -305.9 -436.2
2250 Execration 41.0 132.9 211.1 -225.9 -300.9 -431.7
2252 FD 43.3 135.3 213.0 -229.9 -304.9 -435.7
2254 Fnatic.eu 46.2 138.3 216.2 -233.9 -308.9 -439.7
2255 rox.KIS 48.7 140.7 218.6 -237.9 -312.9 -443.7
2258 Arrow 44.7 136.7 214.6 -229.6 -306.1 -438.0
2259 VG 47.4 139.5 216.4 -233.6 -310.1 -442.0
2262 Mski 49.4 141.7 218.1 -237.6 -314.1 -446.0
2263 Cloud9 51.6 144.3 221.0 -241.6 -318.1 -450.0
2269 Na'Vi 53.4 146.2 222.7 -245.6 -322.1 -454.0
2270 RRQ 49.4 142.2 218.7 -238.2 -314.8 -447.0
2271 Titan 51.2 144.1 220.5 -242.2 -318.8 -451.0
2272 Arrow 54.2 147.7 224.5 -246.2 -322.8 -455.0
2274 LGD.cn 56.1 150.0 225.8 -250.2 -326.8 -459.0
2281 Titan 58.7 152.1 227.8 -254.2 -330.8 -463.0
2283 Fnatic.eu 60.4 154.0 229.7 -258.2 -334.8 -467.0
2286 Cloud9 63.1 156.6 233.2 -262.2 -338.8 -471.0
2287 VG 59.1 152.6 229.2 -256.6 -333.2 -467.3
2288 EG 55.1 148.6 225.2 -247.1 -323.5 -459.5
2289 DT.NGC 51.1 144.6 221.2 -236.6 -312.0 -453.6
2290 Orange 47.1 140.6 217.2 -227.4 -303.6 -445.8
2291 Na'Vi 49.5 143.0 220.3 -231.4 -307.6 -449.8
