0 0 0.0 0.0 0.0 0.0 0.0 0.0
14 Alliance -4.0 -4.0 -4.0 4.7 4.7 4.1
15 Fnatic -0.5 -0.5 -1.5 0.7 0.7 0.1
16 Empire -4.5 -4.5 -5.5 5.3 5.6 5.1
17 Turtle -1.9 -2.0 -2.7 1.3 1.6 1.1
22 Dignitas 1.6 1.4 0.9 -2.7 -2.4 -2.9
28 Quantic -2.4 -2.6 -3.1 3.9 4.7 3.7
33 Dignitas -6.4 -6.6 -7.1 8.1 8.4 8.1
34 EG -10.4 -10.6 -11.1 16.3 15.3 14.6
36 Next.kz -10.4 -10.6 -11.1 16.3 15.3 14.6
37 mouz -14.4 -14.6 -15.1 21.0 19.3 18.9
39 VP -18.4 -18.6 -19.1 26.9 25.4 24.4
42 Liquid -22.4 -22.6 -23.1 32.6 31.0 29.3
45 Quantic -20.4 -20.2 -20.8 28.6 27.0 25.3
46 GU.pe -16.9 -16.4 -16.8 24.6 23.0 21.3
47 VP -20.9 -20.4 -20.8 29.3 27.5 25.1
52 Fnatic.eu -24.9 -24.4 -24.8 33.4 31.8 29.4
54 4FC -22.3 -21.2 -21.3 29.4 27.8 25.4
55 mouz -18.5 -17.7 -17.5 25.4 23.8 21.4
63 EG -22.5 -21.7 -21.5 31.0 28.7 26.3
64 iM`Bashers -18.6 -17.9 -17.7 27.0 24.7 22.3
65 VnR.Alpha -14.9 -14.4 -14.3 23.0 20.7 18.3
67 Ptd.Bravo -18.9 -18.4 -18.3 27.7 25.9 22.9
69 Dignitas -16.2 -15.6 -15.5 23.7 21.9 18.9
70 Quantic -13.1 -12.8 -12.3 19.7 17.9 14.9
72 Neo.int -17.1 -16.8 -16.3 24.6 23.3 19.8
74 Dignitas -21.1 -20.8 -20.3 31.3 29.4 25.9
76 eN.Legs -18.7 -17.6 -16.9 27.3 25.4 21.9
77 VnR.Alpha -16.1 -15.7 -14.2 23.3 21.4 17.9
78 Fnatic.eu -20.1 -19.7 -18.2 28.0 26.0 22.5
79 Na'Vi -17.1 -16.7 -15.3 24.0 22.0 18.5
80 Liquid -21.1 -20.7 -19.3 31.5 29.9 24.6
81 Neo.int -18.6 -18.7 -17.0 27.5 25.9 20.6
83 s4 -22.6 -22.7 -21.0 31.3 31.1 26.0
84 Liquid -26.6 -26.7 -25.0 35.7 35.7 30.1
85 Fnatic.eu -23.3 -23.4 -21.6 31.7 31.7 26.1
88 Liquid -27.3 -27.4 -25.6 37.4 37.3 31.3
90 VP -31.3 -31.4 -29.6 41.9 41.5 36.0
91 Liquid -28.0 -28.5 -26.8 37.9 37.5 32.0
92 Ptd.Bravo -28.0 -28.5 -26.8 37.9 37.5 32.0
94 Fnatic.eu -24.3 -24.7 -22.9 33.9 33.5 28.0
96 Empire -22.1 -22.4 -20.4 29.9 29.5 24.0
99 VP -19.4 -19.5 -17.2 25.9 25.5 20.0
100 Liquid -17.3 -17.3 -14.8 21.9 21.5 16.0
101 3D -14.9 -14.3 -11.7 17.9 17.5 12.0
102 Dignitas -18.9 -18.3 -15.7 23.3 23.0 17.6
103 Fnatic.eu -15.1 -14.8 -12.3 19.3 19.0 13.6
105 Liquid -12.4 -12.1 -9.4 15.3 15.0 9.6
106 Dignitas -10.1 -9.6 -6.6 11.3 11.0 5.6
107 iM`Bashers -7.9 -6.7 -3.7 7.3 7.0 1.6
111 Fnatic.eu -5.9 -4.2 -1.1 3.3 3.0 -2.4
114 Fnatic.eu -9.9 -8.2 -5.1 9.3 8.6 3.4
120 Na'Vi -6.5 -4.5 -1.3 5.3 4.6 -0.6
122 mouz -3.0 -0.8 2.2 1.3 0.6 -4.6
125 Empire -0.5 1.8 5.0 -2.7 -3.4 -8.6
126 rox.KIS -4.5 -2.2 1.0 4.5 3.7 -2.6
131 Na'Vi -0.8 1.5 5.1 0.5 -0.3 -6.6
132 Alliance -4.8 -2.5 1.1 9.1 6.4 -0.1
137 Na'Vi -2.1 0.4 3.9 5.1 2.4 -4.1
140 CastersEN -6.1 -3.6 -0.1 9.9 8.0 1.7
141 mouz -3.7 -1.0 2.6 5.9 4.0 -2.3
142 Alliance -7.7 -5.0 -1.4 11.1 8.8 2.4
144 mouz -11.7 -9.0 -5.4 16.5 13.8 7.3
145 Alliance -8.5 -5.7 -2.2 12.5 9.8 3.3
146 Liquid -6.1 -3.2 0.6 8.5 5.8 -0.7
147 4FC -10.1 -7.2 -3.4 14.0 11.3 5.0
148 Empire -7.4 -4.3 -0.3 10.0 7.3 1.0
150 Fnatic.eu -7.4 -4.3 -0.3 10.0 7.3 1.0
152 Alliance -4.4 -1.1 2.9 6.0 3.3 -3.0
154 VP -1.9 1.3 5.3 2.0 -0.7 -7.0
155 iG 0.1 3.6 7.8 -2.0 -4.7 -11.0
157 Fnatic.eu 2.4 5.9 10.1 -6.0 -8.7 -15.0
158 WH?Dota2 2.4 5.9 10.1 -6.0 -8.7 -15.0
159 VP -1.6 1.9 6.1 2.0 -1.6 -9.0
161 Empire -5.6 -2.1 2.1 7.6 3.9 -3.6
163 Lounge -3.0 0.6 5.0 3.6 -0.1 -7.6
173 VP -1.0 2.9 7.5 -0.4 -4.1 -11.6
176 Alliance 1.4 5.8 10.6 -4.4 -8.1 -15.6
178 Dignitas 4.0 9.1 14.0 -8.4 -12.1 -19.6
182 Empire 6.4 11.8 16.9 -12.4 -16.1 -23.6
183 Fnatic.eu 2.4 7.8 12.9 -4.9 -9.6 -17.3
184 WH?Dota2 5.6 11.3 16.4 -8.9 -13.6 -21.3
187 VP 1.6 7.3 12.4 -1.9 -7.1 -15.4
188 LGD.cn -2.4 3.3 8.4 3.1 -1.8 -10.1
189 Dignitas -6.4 -0.7 4.4 9.8 4.5 -4.3
190 Alliance -10.4 -4.7 0.4 15.6 10.0 1.2
191 Liquid -14.4 -8.7 -3.6 20.7 15.5 6.6
192 VP -18.4 -12.7 -7.6 25.5 19.8 10.7
193 VP -22.4 -16.7 -11.6 31.0 25.1 15.8
195 Dignitas -26.4 -20.7 -15.6 36.6 31.4 23.5
199 Dignitas -30.4 -24.7 -19.6 41.7 36.5 28.6
200 VP -26.6 -21.1 -16.0 37.7 32.5 24.6
201 Orange -23.6 -17.8 -12.5 33.7 28.5 20.6
202 Alliance -21.0 -15.1 -9.7 29.7 24.5 16.6
203 Alliance -17.7 -11.7 -6.2 25.7 20.5 12.6
204 Fnatic.eu -21.7 -15.7 -10.2 29.9 24.9 17.0
205 Fnatic.eu -25.7 -19.7 -14.2 35.7 30.7 22.7
210 LGD.cn -22.8 -17.1 -11.6 31.7 26.7 18.7
211 Liquid -20.2 -14.1 -8.4 27.7 22.7 14.7
212 Dignitas -24.2 -18.1 -12.4 33.8 28.9 20.7
214 Dignitas -20.6 -14.2 -8.5 29.8 24.9 16.7
215 Liquid -18.3 -11.7 -6.0 25.8 20.9 12.7
216 Liquid -22.3 -15.7 -10.0 33.2 27.7 19.4
217 DK -18.9 -12.8 -7.2 29.2 23.7 15.4
218 Fnatic.eu -16.7 -10.7 -5.0 25.2 19.7 11.4
222 Dignitas -16.7 -10.7 -5.0 25.2 19.7 11.4
230 VP -14.5 -8.2 -2.3 21.2 15.7 7.4
232 Alliance -11.8 -5.3 0.8 17.2 11.7 3.4
238 rox.KIS -9.2 -2.6 3.7 13.2 7.7 -0.6
243 Alliance -6.8 -4.4408920985e-16 6.5 9.2 3.7 -4.6
244 Alliance -4.9 2.2 9.2 5.2 -0.3 -8.6
247 Dignitas -2.2 5.6 12.8 1.2 -4.3 -12.6
249 Fnatic.eu 0.8 8.4 15.7 -2.8 -8.3 -16.6
250 Alliance -3.2 4.4 11.7 4.4 -1.0 -9.9
252 VP -7.2 0.4 7.7 11.2 4.9 -4.4
254 EG -11.2 -3.6 3.7 19.0 12.2 2.1
257 Liquid -7.9 -0.1 7.3 15.0 8.2 -1.9
259 Liquid -4.8 3.2 10.8 11.0 4.2 -5.9
261 Liquid -2.5 5.8 13.5 7.0 0.2 -9.9
263 Prodota.ru -6.5 1.8 9.5 11.0 4.3 -5.9
264 Lounge -10.5 -2.2 5.5 16.6 9.7 -0.6
265 Lounge -10.5 -2.2 5.5 16.6 9.7 -0.6
267 mouz -7.1 1.6 9.4 12.6 5.7 -4.6
269 EG -11.1 -2.4 5.4 18.7 11.3 0.8
281 EG -15.1 -6.4 1.4 26.8 18.3 7.0
284 Liquid -13.0 -4.0 4.0 22.8 14.3 3.0
285 rox.KIS -10.0 -0.8 7.4 18.8 10.3 -1.0
289 Dignitas -8.1 1.5 9.8 14.8 6.3 -5.0
290 Na'Vi -5.9 3.8 12.3 10.8 2.3 -9.0
295 Quantic -9.9 -0.2 8.3 15.7 7.8 -3.5
296 Quantic -7.0 2.9 11.5 11.7 3.8 -7.5
303 QPandas -11.0 -1.1 7.5 17.9 9.5 -2.3
307 rox.KIS -15.0 -5.1 3.5 26.2 16.1 3.4
308 Quantic -19.0 -9.1 -0.5 32.0 21.1 8.1
311 Quantic -23.0 -13.1 -4.5 36.1 25.8 12.8
312 mouz -27.0 -17.1 -8.5 41.7 31.3 18.4
313 mouz -31.0 -21.1 -12.5 48.2 37.6 24.3
318 mouz -28.1 -17.9 -9.2 44.2 33.6 20.3
320 EG -32.1 -21.9 -13.2 48.7 38.2 24.7
323 TongFu -36.1 -25.9 -17.2 54.2 43.7 30.2
325 RS -33.6 -23.0 -14.2 50.2 39.7 26.2
328 4FC -37.6 -27.0 -18.2 56.5 45.8 32.0
329 RAT -34.5 -23.2 -14.3 52.5 41.8 28.0
332 RStars -31.9 -20.1 -10.7 48.5 37.8 24.0
335 VP -35.9 -24.1 -14.7 53.3 42.1 28.4
336 MiTH -33.0 -20.8 -11.0 49.3 38.1 24.4
339 RStars -30.7 -17.7 -7.8 45.3 34.1 20.4
342 Alliance -27.9 -15.2 -5.2 41.3 30.1 16.4
343 Orange -31.9 -19.2 -9.2 45.0 34.2 20.8
347 Orange -35.9 -23.2 -13.2 53.3 40.6 26.6
349 Quantic -32.9 -19.9 -9.5 49.3 36.6 22.6
351 Alliance -30.9 -17.7 -7.2 45.3 32.6 18.6
354 Alliance -27.1 -14.1 -3.6 41.3 28.6 14.6
359 DK -31.1 -18.1 -7.6 45.5 33.2 19.3
361 Orange -35.1 -22.1 -11.6 50.2 37.6 23.6
370 iCCup -32.8 -19.4 -8.6 46.2 33.6 19.6
374 Dignitas -36.8 -23.4 -12.6 51.7 39.0 24.5
380 4FC -34.1 -20.4 -9.4 47.7 35.0 20.5
381 RS -31.1 -17.3 -6.2 43.7 31.0 16.5
382 Fnatic.eu -35.1 -21.3 -10.2 52.1 38.1 22.9
385 Alliance -32.8 -18.3 -6.6 48.1 34.1 18.9
386 TM -29.8 -14.7 -2.8 44.1 30.1 14.9
391 mouz -26.0 -11.3 0.6 40.1 26.1 10.9
394 MX -23.8 -8.9 3.3 36.1 22.1 6.9
395 LGD.cn -20.5 -5.7 6.6 32.1 18.1 2.9
397 rox.KIS -18.0 -3.6 8.8 28.1 14.1 -1.1
400 VP -22.0 -7.6 4.8 32.4 18.9 3.6
402 DK -26.0 -11.6 0.8 38.5 26.2 10.7
405 mouz -30.0 -15.6 -3.2 43.1 31.1 15.6
407 PR -28.2 -13.3 -0.4 39.1 27.1 11.6
411 Quantic -32.2 -17.3 -4.4 44.5 32.1 16.3
420 Na'Vi -36.2 -21.3 -8.4 51.5 37.5 21.2
422 Liquid -40.2 -25.3 -12.4 56.1 42.1 25.6
423 Quantic -37.6 -22.7 -9.6 52.1 38.1 21.6
426 Artyk -35.7 -20.3 -6.8 48.1 34.1 17.6
429 Liquid -33.1 -17.8 -4.2 44.1 30.1 13.6
434 EG -29.6 -14.3 -0.8 40.1 26.1 9.6
436 EG -26.2 -11.0 2.5 36.1 22.1 5.6
440 Orange -24.2 -8.5 5.2 32.1 18.1 1.6
454 Kaipi -28.2 -12.5 1.2 38.7 23.7 6.7
455 EG -25.4 -9.5 4.2 34.7 19.7 2.7
456 Fnatic.eu -29.4 -13.5 0.2 40.7 25.8 8.4
458 EG -33.4 -17.5 -3.8 45.3 30.7 12.9
460 Kaipi -37.4 -21.5 -7.8 51.7 36.5 18.4
463 VP -34.7 -19.0 -5.1 47.7 32.5 14.4
470 mouz -32.0 -16.3 -2.2 43.7 28.5 10.4
477 mouz -29.3 -13.3 0.9 39.7 24.5 6.4
478 rox.KIS -25.8 -10.3 4.0 35.7 20.5 2.4
487 Kaipi -23.6 -7.7 6.9 31.7 16.5 -1.6
490 paiN.int -20.9 -4.6 10.3 27.7 12.5 -5.6
496 TongFu -18.9 -2.2 12.9 23.7 8.5 -9.6
497 DK -22.9 -6.2 8.9 29.2 13.7 -4.6
500 Liquid -26.9 -10.2 4.9 35.4 20.7 2.1
501 eLPride -30.9 -14.2 0.9 41.0 27.1 8.6
509 Keita -27.9 -11.8 3.2 37.0 23.1 4.6
510 Fnatic.eu -31.9 -15.8 -0.8 41.9 27.8 8.8
511 Alliance -29.8 -13.5 1.7 37.9 23.8 4.8
516 Quantic -26.3 -9.7 5.8 33.9 19.8 0.8
518 Alliance -24.3 -7.3 8.4 29.9 15.8 -3.2
519 FSid3 -22.3 -4.9 11.1 25.9 11.8 -7.2
530 Orange -19.1 -0.9 15.4 21.9 7.8 -11.2
534 EG -16.3 1.9 18.1 17.9 3.8 -15.2
539 Quantic -12.9 5.2 21.5 13.9 -0.2 -19.2
540 EG -10.3 7.7 24.1 9.9 -4.2 -23.2
543 VP -7.7 10.0 26.7 5.9 -8.2 -27.2
546 Orange -5.2 12.1 28.8 1.9 -12.2 -31.2
548 Liquid -2.1 15.2 32.1 -2.1 -16.2 -35.2
556 Fnatic.eu -6.1 11.2 28.1 2.8 -11.9 -31.2
559 mouz -2.7 14.9 32.0 -1.2 -15.9 -35.2
561 Orange -6.7 10.9 28.0 3.4 -10.6 -29.9
563 iG -3.4 14.7 32.0 -0.6 -14.6 -33.9
564 EG -7.4 10.7 28.0 6.3 -8.0 -27.8
565 Dignitas -11.4 6.7 24.0 11.3 -3.5 -23.7
567 mouz -8.4 9.9 27.4 7.3 -7.5 -27.7
568 Liquid -5.7 12.5 30.1 3.3 -11.5 -31.7
570 VP -9.7 8.5 26.1 7.3 -7.4 -27.5
571 DK -13.7 4.5 22.1 14.7 -0.3 -20.7
575 TongFu -17.7 0.5 18.1 20.2 5.0 -15.7
577 rox.KIS -15.7 2.6 20.6 16.2 1.0 -19.7
579 Alliance -13.0 5.4 23.6 12.2 -3.0 -23.7
581 LGD.cn -10.6 8.2 26.7 8.2 -7.0 -27.7
583 iCCup -14.6 4.2 22.7 12.6 -2.6 -23.6
584 Alliance -12.6 6.7 25.4 8.6 -6.6 -27.6
586 EG -16.6 2.7 21.4 13.2 -1.8 -22.9
591 LGD.cn -13.9 5.6 24.4 9.2 -5.8 -26.9
593 Quantic -11.4 8.1 27.0 5.2 -9.8 -30.9
594 mouz -8.2 11.4 30.5 1.2 -13.8 -34.9
596 mouz -5.4 14.4 33.4 -2.8 -17.8 -38.9
599 Na'Vi -1.9 17.4 36.3 -6.8 -21.8 -42.9
610 LGD.cn 1.9 20.7 39.6 -10.8 -25.8 -46.9
611 Denial 3.9 23.1 42.3 -14.8 -29.8 -50.9
612 Na'Vi 7.1 26.0 45.1 -18.8 -33.8 -54.9
613 Fnatic.eu 9.9 28.8 47.9 -22.8 -37.8 -58.9
614 EG 13.4 32.2 51.5 -26.8 -41.8 -62.9
619 iG 9.4 28.2 47.5 -21.5 -36.7 -57.9
620 DK 5.4 24.2 43.5 -16.9 -31.1 -51.8
622 Fnatic.eu 7.7 26.3 45.6 -20.9 -35.1 -55.8
625 TongFu 3.7 22.3 41.6 -15.2 -30.0 -51.1
629 LGD.cn -0.3 18.3 37.6 -8.3 -22.7 -44.3
633 Liquid 3.3 21.9 41.4 -12.3 -26.7 -48.3
634 Na'Vi 6.2 24.7 44.2 -16.3 -30.7 -52.3
638 Na'Vi 8.9 27.3 46.9 -20.3 -34.7 -56.3
639 4FC 12.2 30.1 49.7 -24.3 -38.7 -60.3
641 mouz 14.3 32.7 52.5 -28.3 -42.7 -64.3
643 iG 16.6 34.8 54.8 -32.3 -46.7 -68.3
646 Fnatic.eu 19.0 36.9 57.0 -36.3 -50.7 -72.3
649 Fnatic.eu 22.4 40.3 60.6 -40.3 -54.7 -76.3
650 Fnatic.eu 18.4 36.3 56.6 -35.9 -50.1 -71.6
652 DK 14.4 32.3 52.6 -30.0 -44.5 -66.2
654 DK 16.4 34.9 55.8 -34.0 -48.5 -70.2
661 iG 12.4 30.9 51.8 -28.5 -43.5 -65.5
663 RS 8.4 26.9 47.8 -24.0 -38.6 -61.1
665 Orange 10.8 29.5 50.8 -28.0 -42.6 -65.1
666 LGD.cn 13.1 32.2 53.7 -32.0 -46.6 -69.1
669 iNfernity 15.4 34.8 56.9 -36.0 -50.6 -73.1
673 LGD.cn 18.4 38.1 60.4 -40.0 -54.6 -77.1
675 EG 14.4 34.1 56.4 -33.6 -48.4 -71.2
680 Liquid 10.4 30.1 52.4 -27.0 -41.7 -65.5
681 Quantic 6.4 26.1 48.4 -20.3 -35.8 -60.1
682 mouz 2.4 22.1 44.4 -14.0 -29.9 -54.8
683 rox.KIS -1.6 18.1 40.4 -7.6 -24.2 -49.6
684 VP 2.2 21.7 44.2 -11.6 -28.2 -53.6
685 mouz 4.8 24.7 47.5 -15.6 -32.2 -57.6
687 VP 0.8 20.7 43.5 -10.0 -27.0 -52.5
689 Kaipi -3.2 16.7 39.5 -5.7 -22.9 -48.3
690 EG -1.3 19.1 42.1 -9.7 -26.9 -52.3
691 Liquid 0.9 21.5 44.7 -13.7 -30.9 -56.3
701 VG -3.1 17.5 40.7 -7.6 -24.7 -50.5
704 EG -7.1 13.5 36.7 0.4 -17.7 -44.2
706 RS -11.1 9.5 32.7 5.9 -12.4 -39.0
709 Kaipi -8.1 12.6 36.0 1.9 -16.4 -43.0
710 VP -4.9 15.7 39.2 -2.1 -20.4 -47.0
711 mouz -2.2 18.9 42.6 -6.1 -24.4 -51.0
714 Dreamz 0.7 21.6 45.5 -10.1 -28.4 -55.0
716 mouz 2.8 24.0 48.2 -14.1 -32.4 -59.0
717 mouz 5.7 27.0 51.3 -18.1 -36.4 -63.0
724 Kaipi 9.2 30.7 55.1 -22.1 -40.4 -67.0
726 RS 5.2 26.7 51.1 -15.2 -33.4 -60.7
734 TongFu 8.2 30.0 54.5 -19.2 -37.4 -64.7
735 Dignitas 11.6 33.1 57.5 -23.2 -41.4 -68.7
737 Na'Vi 13.8 35.5 60.1 -27.2 -45.4 -72.7
743 Fnatic.eu 17.4 38.6 63.2 -31.2 -49.4 -76.7
744 Alliance 19.9 41.2 66.0 -35.2 -53.4 -80.7
750 Orange 22.5 44.3 69.2 -39.2 -57.4 -84.7
756 Dignitas 18.5 40.3 65.2 -33.8 -52.6 -80.2
772 DK 14.5 36.3 61.2 -28.3 -46.7 -74.8
774 TongFu 10.5 32.3 57.2 -21.7 -40.5 -69.1
775 Liquid 13.4 35.2 60.2 -25.7 -44.5 -73.1
782 iG 15.9 37.9 63.1 -29.7 -48.5 -77.1
785 LGD.cn 17.9 40.2 65.6 -33.7 -52.5 -81.1
787 TongFu 21.1 44.1 69.7 -37.7 -56.5 -85.1
788 Dignitas 23.5 46.5 72.3 -41.7 -60.5 -89.1
789 LGD.int 19.5 42.5 68.3 -37.3 -55.9 -84.7
790 AllStarsA 15.5 38.5 64.3 -32.6 -50.6 -79.7
792 Fnatic.eu 18.1 41.0 67.0 -36.6 -54.6 -83.7
794 DK 14.1 37.0 63.0 -32.4 -50.1 -79.4
801 Orange 16.8 40.0 66.2 -36.4 -54.1 -83.4
802 iG 18.9 42.3 68.8 -40.4 -58.1 -87.4
804 TongFu 22.3 46.2 72.8 -44.4 -62.1 -91.4
805 Alliance 25.7 50.2 77.0 -48.4 -66.1 -95.4
806 Orange 21.7 46.2 73.0 -41.3 -59.9 -89.7
808 Alliance 24.1 49.0 75.9 -45.3 -63.9 -93.7
827 TS 20.1 45.0 71.9 -40.2 -57.0 -87.2
834 Aspera 23.7 48.4 75.5 -44.2 -61.0 -91.2
835 Poseidon 26.6 50.9 77.9 -48.2 -65.0 -95.2
837 Next.kz 22.6 46.9 73.9 -42.4 -58.7 -89.2
840 TS 25.8 50.1 77.2 -46.4 -62.7 -93.2
846 Next.kz 28.9 53.4 80.6 -50.4 -66.7 -97.2
847 4FC 24.9 49.4 76.6 -45.8 -61.6 -91.9
848 DUZA 20.9 45.4 72.6 -38.9 -55.1 -86.1
849 Poseidon 24.2 48.8 76.3 -42.9 -59.1 -90.1
854 Life 20.2 44.8 72.3 -38.3 -53.4 -84.6
855 Imp 22.4 47.1 74.8 -42.3 -57.4 -88.6
863 Next.kz 18.4 43.1 70.8 -37.7 -52.4 -83.9
868 GxGaming 14.4 39.1 66.8 -32.7 -46.6 -78.5
869 SFEC 10.4 35.1 62.8 -27.3 -41.7 -74.0
874 VP 13.7 38.3 66.3 -31.3 -45.7 -78.0
875 Imp 9.7 34.3 62.3 -26.5 -40.9 -73.4
876 MSIEvoGT 11.7 36.6 65.0 -30.5 -44.9 -77.4
879 Empire 14.5 39.7 68.3 -34.5 -48.9 -81.4
882 rox.KIS 14.5 39.7 68.3 -34.5 -48.9 -81.4
887 MSIEvoGT 10.5 35.7 64.3 -28.1 -43.3 -76.2
890 GL.eu 12.8 38.4 67.2 -32.1 -47.3 -80.2
892 Kaipi 14.8 40.7 69.8 -36.1 -51.3 -84.2
894 Life 17.3 43.7 73.2 -40.1 -55.3 -88.2
895 Next.kz 20.8 47.4 76.8 -44.1 -59.3 -92.2
900 VP 16.8 43.4 72.8 -37.1 -52.7 -86.2
902 Kaipi 19.0 45.6 75.2 -41.1 -56.7 -90.2
904 SAfrica 15.0 41.6 71.2 -35.6 -51.2 -85.0
907 NoLove 18.6 45.4 75.2 -39.6 -55.2 -89.0
910 Empire 14.6 41.4 71.2 -35.5 -51.1 -84.9
912 Kaipi 10.6 37.4 67.2 -31.0 -46.2 -80.2
913 Joiker 6.6 33.4 63.2 -23.4 -39.2 -74.1
914 StayFree 8.9 35.8 66.0 -27.4 -43.2 -78.1
918 DUZA 4.9 31.8 62.0 -22.2 -38.7 -73.8
922 PR 0.9 27.8 58.0 -14.6 -31.8 -67.2
924 ONE.dota 4.2 31.3 62.0 -18.6 -35.8 -71.2
928 LGD.cn 0.2 27.3 58.0 -14.0 -31.1 -66.4
929 Dreamz -3.8 23.3 54.0 -9.3 -27.0 -62.4
930 MiTH -1.1 25.6 56.4 -13.3 -31.0 -66.4
932 Fnatic.eu 0.9 28.0 59.0 -17.3 -35.0 -70.4
933 Empire 3.2 30.3 61.5 -21.3 -39.0 -74.4
939 Poseidon 6.0 33.7 65.2 -25.3 -43.0 -78.4
940 Next.kz 2.0 29.7 61.2 -19.9 -37.9 -73.5
942 Quantic -2.0 25.7 57.2 -15.4 -32.7 -68.6
948 Empire 0.2 28.0 59.7 -19.4 -36.7 -72.6
955 DUZA 4.2 31.4 63.0 -23.4 -40.7 -76.6
961 Life 6.4 34.3 66.3 -27.4 -44.7 -80.6
962 iG 9.6 37.7 69.9 -31.4 -48.7 -84.6
966 TongFu 13.1 40.5 72.6 -35.4 -52.7 -88.6
970 Joiker 15.9 43.4 75.7 -39.4 -56.7 -92.6
971 iG 17.9 45.9 78.5 -43.4 -60.7 -96.6
973 DUZA 13.9 41.9 74.5 -38.5 -55.5 -91.5
974 Fnatic.eu 16.7 44.3 77.0 -42.5 -59.5 -95.5
979 PR 19.3 46.6 79.4 -46.5 -63.5 -99.5
984 nAra 15.3 42.6 75.4 -41.1 -58.2 -94.8
994 Next.kz 11.3 38.6 71.4 -35.1 -52.5 -89.4
996 rox.KIS 14.0 41.0 73.9 -39.1 -56.5 -93.4
998 Mski 17.1 43.8 76.9 -43.1 -60.5 -97.4
999 Empire 19.0 46.2 79.6 -47.1 -64.5 -101.4
1003 Kaipi 22.2 50.2 83.8 -51.1 -68.5 -105.4
1007 rox.KIS 25.3 53.1 86.9 -55.1 -72.5 -109.4
1010 Aspera 21.3 49.1 82.9 -47.7 -65.5 -102.8
1011 Imp 17.3 45.1 78.9 -43.7 -60.6 -98.2
1013 Empire 17.3 45.1 78.9 -43.7 -60.6 -98.2
1014 Na'Vi 13.3 41.1 74.9 -38.9 -56.4 -94.2
1015 StayFree 15.0 43.5 77.6 -42.9 -60.4 -98.2
1019 Empire 16.9 45.9 80.3 -46.9 -64.4 -102.2
1026 PBS 20.3 49.9 84.2 -50.9 -68.4 -106.2
1027 Next.kz 16.3 45.9 80.2 -44.8 -60.8 -98.9
1029 rox.KIS 18.9 49.0 83.5 -48.8 -64.8 -102.9
1031 Empire 21.7 51.7 86.3 -52.8 -68.8 -106.9
1033 LGD.cn 25.3 55.2 89.8 -56.8 -72.8 -110.9
1036 4FC 21.3 51.2 85.8 -50.7 -66.8 -105.5
1038 Aspera 17.3 47.2 81.8 -46.2 -62.3 -100.9
1044 Quantic 19.3 49.8 84.5 -50.2 -66.3 -104.9
1053 Kaipi 15.3 45.8 80.5 -44.6 -60.9 -99.6
1054 TR 19.0 49.2 83.9 -48.6 -64.9 -103.6
1058 UR 15.0 45.2 79.9 -43.7 -60.3 -99.3
1060 LGD.int 17.2 47.5 82.4 -47.7 -64.3 -103.3
1069 Poseidon 13.2 43.5 78.4 -40.9 -56.8 -95.8
1078 VP 15.5 45.8 80.9 -44.9 -60.8 -99.8
1080 SYF 18.0 47.8 83.0 -48.9 -64.8 -103.8
1084 Arcanys 14.0 43.8 79.0 -44.5 -59.0 -98.2
1086 MVP 10.0 39.8 75.0 -39.2 -53.4 -92.7
1093 Lowyat 6.0 35.8 71.0 -33.4 -47.6 -87.2
1094 DK 8.3 38.4 74.0 -37.4 -51.6 -91.2
1099 rox.KIS 10.5 40.7 76.5 -41.4 -55.6 -95.2
1100 Aspera 14.5 43.6 79.3 -45.4 -59.6 -99.2
1103 FD 14.5 43.6 79.3 -45.4 -59.6 -99.2
1107 Rain 10.5 39.6 75.3 -40.2 -54.8 -94.6
1110 bvd.dotA 12.6 42.0 78.1 -44.2 -58.8 -98.6
1113 Imp 14.5 44.7 81.2 -48.2 -62.8 -102.6
1116 NJ&Kids 10.5 40.7 77.2 -43.1 -56.5 -96.4
1119 FD 6.5 36.7 73.2 -36.3 -50.1 -90.5
1127 EG 8.8 39.2 76.0 -40.3 -54.1 -94.5
1128 TakeFive 12.0 43.6 80.7 -44.3 -58.1 -98.5
1134 PR 8.0 39.6 76.7 -40.0 -54.1 -94.5
1138 CSW 10.7 42.6 80.0 -44.0 -58.1 -98.5
1139 VT 12.7 45.0 82.7 -48.0 -62.1 -102.5
1140 SYM 8.7 41.0 78.7 -41.9 -55.5 -96.0
1142 SYF 12.2 44.2 81.8 -45.9 -59.5 -100.0
1145 Fnatic.eu 14.9 46.5 84.2 -49.9 -63.5 -104.0
1150 Speed 16.9 49.7 87.9 -53.9 -67.5 -108.0
1154 Alliance 16.9 49.7 87.9 -53.9 -67.5 -108.0
1160 Na'Vi 12.9 45.7 83.9 -45.9 -62.0 -103.0
1166 CSW 16.4 48.6 86.8 -49.9 -66.0 -107.0
1180 Empire 12.4 44.6 82.8 -44.7 -61.5 -102.9
1182 Fnatic.eu 16.3 47.6 85.7 -48.7 -65.5 -106.9
1186 iG 18.5 50.4 88.5 -52.7 -69.5 -110.9
1187 StayFree 14.5 46.4 84.5 -47.8 -64.3 -105.4
1193 Speed 10.5 42.4 80.5 -43.3 -59.2 -100.3
1198 Aspera 13.5 45.3 83.6 -47.3 -63.2 -104.3
1201 Aspera 9.5 41.3 79.6 -42.5 -58.5 -100.0
1207 mouz 5.5 37.3 75.6 -36.2 -52.2 -94.1
1209 MiTH 1.5 33.3 71.6 -29.2 -45.9 -88.3
1211 mouz -2.5 29.3 67.6 -23.5 -40.6 -83.2
1212 Fnatic.eu -0.6 31.5 70.1 -27.5 -44.6 -87.2
1214 VG -4.6 27.5 66.1 -21.3 -37.3 -80.4
1218 CSW -8.6 23.5 62.1 -14.9 -31.5 -75.2
1219 NoX -12.6 19.5 58.1 -10.1 -26.8 -70.8
1229 StayFree -16.6 15.5 54.1 -3.4 -21.2 -66.0
1234 VG -14.7 17.7 56.7 -7.4 -25.2 -70.0
1236 Speed -14.7 17.7 56.7 -7.4 -25.2 -70.0
1244 Sigma.int -13.0 20.3 60.0 -11.4 -29.2 -74.0
1246 Liquid -10.4 23.1 63.0 -15.4 -33.2 -78.0
1249 Alliance -14.4 19.1 59.0 -11.4 -29.1 -73.8
1254 Startale -14.4 19.1 59.0 -11.4 -29.1 -73.8
1259 Sigma.int -12.4 21.8 62.0 -15.4 -33.1 -77.8
1260 Sigma.int -16.4 17.8 58.0 -11.2 -28.6 -73.4
1261 mouz -20.4 13.8 54.0 -3.2 -22.7 -67.9
1270 MiTH -17.7 16.1 56.6 -7.2 -26.7 -71.9
1271 SYF -15.4 18.7 59.7 -11.2 -30.7 -75.9
1272 iG -13.4 21.2 62.5 -15.2 -34.7 -79.9
1277 Mski -17.4 17.2 58.5 -10.6 -30.9 -76.3
1280 MiTH -17.4 17.2 58.5 -10.6 -30.9 -76.3
1281 Speed -14.6 20.2 61.7 -14.6 -34.9 -80.3
1286 LGD.int -12.5 22.8 64.4 -18.6 -38.9 -84.3
1289 Titan -16.5 18.8 60.4 -13.5 -33.9 -79.4
1290 Lowyat -20.5 14.8 56.4 -7.4 -28.3 -74.0
1291 PR -17.1 17.4 59.1 -11.4 -32.3 -78.0
1295 Fnatic.eu -21.1 13.4 55.1 -6.5 -27.6 -73.6
1297 EG -18.7 15.7 57.7 -10.5 -31.6 -77.6
1298 Titan -16.0 18.7 61.1 -14.5 -35.6 -81.6
1302 DK -13.8 21.2 63.8 -18.5 -39.6 -85.6
1304 Empire -10.4 24.1 66.5 -22.5 -43.6 -89.6
1311 Sleisel -14.4 20.1 62.5 -18.5 -39.3 -85.4
1313 EG -18.4 16.1 58.5 -12.9 -33.4 -80.0
1320 Orange -14.7 18.9 61.1 -16.9 -37.4 -84.0
1337 Startale -12.2 21.3 63.8 -20.9 -41.4 -88.0
1349 Alliance -16.2 17.3 59.8 -17.0 -37.3 -83.6
1350 Fnatic.eu -20.2 13.3 55.8 -11.4 -31.4 -77.6
1358 VP -24.2 9.3 51.8 -5.5 -25.8 -72.3
1374 VP -20.7 13.1 55.5 -9.5 -29.8 -76.3
1378 Imp -17.9 16.6 59.2 -13.5 -33.8 -80.3
1385 Na'Vi -21.9 12.6 55.2 -7.4 -28.6 -75.6
1387 LGD.cn -18.8 15.8 58.5 -11.4 -32.6 -79.6
1392 EG -15.9 19.2 61.9 -15.4 -36.6 -83.6
1393 Fnatic.eu -12.6 21.9 64.6 -19.4 -40.6 -87.6
1394 LGD.cn -9.0 26.0 68.5 -23.4 -44.6 -91.6
1395 iG -5.6 28.8 71.4 -27.4 -48.6 -95.6
1398 Alliance -9.6 24.8 67.4 -22.8 -44.0 -91.0
1400 VP -7.7 27.0 70.0 -26.8 -48.0 -95.0
1402 Liquid -5.6 29.2 72.3 -30.8 -52.0 -99.0
1409 Liquid -9.6 25.2 68.3 -25.8 -47.0 -94.2
1420 FD -6.1 28.1 71.5 -29.8 -51.0 -98.2
1422 EG -10.1 24.1 67.5 -25.8 -46.7 -93.9
1433 iG -14.1 20.1 63.5 -18.8 -40.7 -88.6
1434 MiTH -11.0 22.9 66.3 -22.8 -44.7 -92.6
1435 mouz -7.5 26.0 69.3 -26.8 -48.7 -96.6
1440 Alliance -5.0 28.7 72.3 -30.8 -52.7 -100.6
1444 Fnatic.eu -9.0 24.7 68.3 -26.4 -48.7 -96.7
1445 Speed -7.2 27.1 71.0 -30.4 -52.7 -100.7
1446 mouz -11.2 23.1 67.0 -23.1 -46.4 -94.9
1448 MiTH -15.2 19.1 63.0 -16.9 -39.6 -88.5
1453 Liquid -12.8 21.8 65.8 -20.9 -43.6 -92.5
1467 Sigma.int -16.8 17.8 61.8 -15.9 -38.0 -87.0
1469 Alliance -16.8 17.8 61.8 -15.9 -38.0 -87.0
1471 Mts -20.8 13.8 57.8 -7.1 -31.4 -81.6
1472 rox.KIS -24.8 9.8 53.8 1.3 -25.4 -76.4
1485 EG -28.8 5.8 49.8 8.6 -18.7 -70.0
1486 Sigma.int -32.8 1.8 45.8 12.8 -13.7 -64.9
1487 VG -30.7 4.2 48.5 8.8 -17.7 -68.9
1491 Fnatic.eu -27.5 7.6 52.2 4.8 -21.7 -72.9
1493 Sigma.int -31.5 3.6 48.2 9.7 -16.1 -67.3
1502 DK -28.2 7.6 52.4 5.7 -20.1 -71.3
1503 Speed -25.7 9.7 54.8 1.7 -24.1 -75.3
1504 Sigma.int -22.7 12.9 58.1 -2.3 -28.1 -79.3
1505 Na'Vi -26.7 8.9 54.1 2.1 -23.7 -75.2
1509 Speed -23.3 12.5 57.8 -1.9 -27.7 -79.2
1514 Fnatic.eu -27.3 8.5 53.8 4.0 -21.9 -73.3
1516 DK -31.3 4.5 49.8 8.2 -16.8 -68.2
1517 Speed -28.2 7.6 53.0 4.2 -20.8 -72.2
1519 Orange -24.9 10.2 55.6 0.2 -24.8 -76.2
1520 Titan -22.3 12.7 58.2 -3.8 -28.8 -80.2
1522 Next.kz -26.3 8.7 54.2 2.6 -22.6 -74.6
1525 mouz -23.5 11.4 57.0 -1.4 -26.6 -78.6
1526 TongFu3 -21.1 13.9 59.8 -5.4 -30.6 -82.6
1532 Poseidon -25.1 9.9 55.8 -0.2 -25.3 -77.9
1535 Venum -23.1 12.4 58.6 -4.2 -29.3 -81.9
1536 Hearts -19.4 15.5 61.7 -8.2 -33.3 -85.9
1539 Next.kz -16.7 17.8 64.1 -12.2 -37.3 -89.9
1540 Next.kz -14.1 20.5 67.1 -16.2 -41.3 -93.9
1541 PR -18.1 16.5 63.1 -9.5 -35.2 -88.4
1542 rox.KIS -15.8 19.0 66.0 -13.5 -39.2 -92.4
1543 Fnatic.eu -13.2 21.4 68.5 -17.5 -43.2 -96.4
1555 Mski -9.5 25.3 72.4 -21.5 -47.2 -100.4
1556 LGD.cn -6.0 28.9 76.1 -25.5 -51.2 -104.4
1558 FD -10.0 24.9 72.1 -19.9 -46.2 -99.7
1559 Na'Vi -10.0 24.9 72.1 -19.9 -46.2 -99.7
1561 Na'Vi -7.3 27.4 74.7 -23.9 -50.2 -103.7
1563 FL -4.3 30.4 78.1 -27.9 -54.2 -107.7
1564 Mski -0.8 33.3 81.0 -31.9 -58.2 -111.7
1565 NSG -4.8 29.3 77.0 -27.2 -52.3 -105.8
1569 Next.kz -8.8 25.3 73.0 -21.1 -45.5 -99.5
1570 SSD -12.8 21.3 69.0 -17.1 -41.0 -94.8
1571 PR -10.0 24.0 71.8 -21.1 -45.0 -98.8
1575 iG -14.0 20.0 67.8 -16.7 -40.6 -94.4
1577 MVP.P -10.7 22.9 70.6 -20.7 -44.6 -98.4
1584 SSD -8.3 25.7 73.5 -24.7 -48.6 -102.4
1588 LGD.cn -12.3 21.7 69.5 -20.4 -42.8 -96.1
1591 VG -16.3 17.7 65.5 -16.3 -38.5 -91.8
1592 VG -12.6 21.4 69.4 -20.3 -42.5 -95.8
1595 Idol -16.6 17.4 65.4 -14.2 -34.6 -87.7
1596 Kawai -20.6 13.4 61.4 -9.9 -30.1 -83.0
1601 SSD -17.3 16.3 64.3 -13.9 -34.1 -87.0
1605 VG -14.9 19.2 67.5 -17.9 -38.1 -91.0
1606 CSW -18.9 15.2 63.5 -13.4 -34.4 -87.1
1609 Empire -14.6 18.7 66.9 -17.4 -38.4 -91.1
1610 VP -11.3 22.4 70.8 -21.4 -42.4 -95.1
1615 Speed -8.4 25.2 73.9 -25.4 -46.4 -99.1
1617 Siltherin -6.4 27.5 76.5 -29.4 -50.4 -103.1
1619 XctN -4.1 30.1 79.3 -33.4 -54.4 -107.1
1622 Aspera -8.1 26.1 75.3 -27.3 -48.0 -101.1
1630 Na'Vi -5.5 28.4 77.8 -31.3 -52.0 -105.1
1632 Fnatic.eu -9.5 24.4 73.8 -25.6 -46.2 -99.3
1633 Startale -6.0 27.1 76.3 -29.6 -50.2 -103.3
1635 VG -10.0 23.1 72.3 -24.5 -43.0 -95.6
1638 VG -7.0 27.4 77.0 -28.5 -47.0 -99.6
1639 Fnatic.eu -11.0 23.4 73.0 -22.7 -41.2 -94.4
1640 FD -7.9 27.0 76.6 -26.7 -45.2 -98.4
1643 VG -5.5 30.1 80.0 -30.7 -49.2 -102.4
1644 iG -9.5 26.1 76.0 -24.7 -43.7 -97.1
1645 RRQ -7.1 28.4 78.4 -28.7 -47.7 -101.1
1646 RRQ -11.1 24.4 74.4 -24.4 -42.8 -95.9
1647 MiTH -15.1 20.4 70.4 -18.7 -37.6 -91.4
1649 VP -11.4 24.4 74.3 -22.7 -41.6 -95.4
1655 RRQ -8.9 26.3 76.2 -26.7 -45.6 -99.4
1659 Alliance -12.9 22.3 72.2 -22.4 -40.9 -94.8
1661 Alliance -10.2 25.1 75.2 -26.4 -44.9 -98.8
1666 Lowyat -14.2 21.1 71.2 -19.7 -39.2 -93.7
1670 MiTH -10.1 24.9 74.5 -23.7 -43.2 -97.7
1671 Neon -6.7 28.2 78.0 -27.7 -47.2 -101.7
1673 rox.KIS -3.9 31.5 81.7 -31.7 -51.2 -105.7
1675 Empire -0.3 35.3 85.6 -35.7 -55.2 -109.7
1680 Mski 3.0 38.2 88.5 -39.7 -59.2 -113.7
1702 DK 6.5 41.6 91.9 -43.7 -63.2 -117.7
1703 DK 2.5 37.6 87.9 -38.4 -58.3 -113.0
1704 Alliance 5.2 40.3 90.8 -42.4 -62.3 -117.0
1710 Speed 1.2 36.3 86.8 -36.3 -56.1 -111.1
1710 Speed -2.8 32.3 82.8 -29.8 -49.6 -105.2
1715 Poseidon -6.8 28.3 78.8 -24.1 -44.2 -99.9
1715 Poseidon -10.8 24.3 74.8 -19.6 -39.6 -95.9
1716 rox.KIS -8.4 27.0 77.6 -23.6 -43.6 -99.9
1716 rox.KIS -5.8 29.6 80.5 -27.6 -47.6 -103.9
1717 VP -2.1 33.1 84.0 -31.6 -51.6 -107.9
1717 VP 2.2 36.7 87.4 -35.6 -55.6 -111.9
1718 Fnatic.eu -1.8 32.7 83.4 -29.2 -48.7 -106.1
1718 Fnatic.eu -5.8 28.7 79.4 -22.3 -42.1 -100.3
1729 Sigma.int -5.8 28.7 79.4 -22.3 -42.1 -100.3
1732 rox.KIS -9.8 24.7 75.4 -16.4 -34.8 -93.0
1734 PR -6.3 28.3 79.1 -20.4 -38.8 -97.0
1737 MiTH -10.3 24.3 75.1 -15.5 -32.7 -91.2
1740 LGD.cn -14.3 20.3 71.1 -9.1 -27.1 -86.4
1741 VP -10.5 24.1 74.8 -13.1 -31.1 -90.4
1748 Idol -14.5 20.1 70.8 -8.8 -26.0 -85.4
1749 FD -18.5 16.1 66.8 -4.5 -20.9 -80.0
1756 TongFu -22.5 12.1 62.8 3.3 -14.0 -74.3
1757 iG -19.0 15.7 66.7 -0.7 -18.0 -78.3
1759 FD -15.9 19.2 70.6 -4.7 -22.0 -82.3
1767 rox.KIS -13.2 22.3 74.1 -8.7 -26.0 -86.3
1769 XctN -17.2 18.3 70.1 -3.7 -20.3 -80.8
1775 RRQ -21.2 14.3 66.1 1.9 -15.4 -76.3
1778 FSid3 -25.2 10.3 62.1 7.9 -8.8 -69.8
1782 Mski -21.4 13.8 65.6 3.9 -12.8 -73.8
1787 Sigma.int -18.9 16.3 68.2 -0.1 -16.8 -77.8
1789 Na'Vi -16.0 19.0 71.0 -4.1 -20.8 -81.8
1794 Mski -20.0 15.0 67.0 1.0 -15.2 -76.5
1796 Titan -17.5 17.7 69.6 -3.0 -19.2 -80.5
1798 OsG -15.2 20.4 72.4 -7.0 -23.2 -84.5
1799 VP -19.2 16.4 68.4 1.7 -16.5 -78.7
1810 TR -23.2 12.4 64.4 6.5 -11.3 -73.5
1813 DK -20.9 14.9 67.1 2.5 -15.3 -77.5
1816 TongFu -24.9 10.9 63.1 8.1 -10.2 -73.1
1819 rox.KIS -22.5 13.2 65.6 4.1 -14.2 -77.1
1824 Empire -19.3 16.4 69.1 0.1 -18.2 -81.1
1830 mouz -17.1 18.6 71.3 -3.9 -22.2 -85.1
1832 TR -13.7 21.8 74.7 -7.9 -26.2 -89.1
1835 iG -17.7 17.8 70.7 -4.0 -22.0 -84.5
1838 Titan -21.7 13.8 66.7 2.3 -15.3 -78.0
1843 iG -19.7 16.2 69.3 -1.7 -19.3 -82.0
1844 VG -23.7 12.2 65.3 4.1 -14.3 -77.3
1864 Revenge -21.4 14.7 68.1 0.1 -18.3 -81.3
1869 FSid3 -25.4 10.7 64.1 7.9 -10.8 -75.0
1872 rox.KIS -29.4 6.7 60.1 12.5 -6.0 -70.3
1873 PBS -33.4 2.7 56.1 18.8 0.6 -66.8
1880 VG -37.4 -1.3 52.1 25.4 8.0 -59.7
1881 LGD.cn -34.1 2.5 54.0 21.4 4.0 -63.7
1882 Swage -30.4 6.4 56.7 17.4 -5.41788836017e-14 -67.7
1888 SMM -27.2 9.3 59.8 13.4 -4.0 -71.7
1890 LGD.cn -31.2 5.3 55.8 19.9 1.9 -66.2
1891 Lowyat -35.2 1.3 51.8 24.5 6.5 -61.7
1895 Fnatic.eu -39.2 -2.7 47.8 29.1 10.4 -53.0
1896 XctN -43.2 -6.7 43.8 34.5 16.3 -47.5
1897 Idol -47.2 -10.7 39.8 40.4 22.3 -41.8
1899 LGD.cn -44.7 -8.1 41.8 36.4 18.3 -45.8
1900 PBS -42.5 -5.7 44.4 32.4 14.3 -49.8
1902 Idol -46.5 -9.7 40.4 37.1 18.9 -45.7
1904 Mastery -50.5 -13.7 36.4 43.6 25.2 -38.2
1905 Swage -54.5 -17.7 32.4 51.2 31.9 -32.2
1907 EOT -51.6 -14.4 34.7 47.2 27.9 -36.2
1908 Sigma.int -55.6 -18.4 30.7 52.1 33.3 -30.6
1909 Mski -52.5 -14.8 33.4 48.1 29.3 -34.6
1921 VP -50.0 -12.4 35.7 44.1 25.3 -38.6
1922 VP -54.0 -16.4 31.7 49.0 30.1 -34.2
1926 PR -51.4 -14.3 33.9 45.0 26.1 -38.2
1930 Alliance -49.3 -12.2 36.3 41.0 22.1 -42.2
1932 Empire -49.3 -12.2 36.3 41.0 22.1 -42.2
1933 Alliance -47.1 -10.0 38.7 37.0 18.1 -46.2
1938 DK -44.6 -7.3 41.6 33.0 14.1 -50.2
1940 Na'Vi -48.6 -11.3 37.6 38.2 18.4 -45.9
1942 VP -45.2 -8.4 40.5 34.2 14.4 -49.9
1946 PR -49.2 -12.4 36.5 40.8 21.5 -43.3
1947 Relax -53.2 -16.4 32.5 47.8 28.4 -37.2
1955 Life -50.4 -12.9 34.2 43.8 24.4 -41.2
1962 Fnatic.eu -48.1 -10.5 36.6 39.8 20.4 -45.2
1966 Speed -45.3 -7.2 40.3 35.8 16.4 -49.2
1968 Denial -43.0 -4.6 43.2 31.8 12.4 -53.2
1969 hehe -40.1 -1.2 46.9 27.8 8.4 -57.2
1974 bvd.dotA -44.1 -5.2 42.9 33.0 13.3 -53.9
1976 Relax -48.1 -9.2 38.9 38.2 18.1 -46.9
1977 Empire -52.1 -13.2 34.9 43.1 23.0 -42.4
1978 eHug -49.2 -9.8 36.4 39.1 19.0 -46.4
1979 Empire -46.9 -7.0 39.5 35.1 15.0 -50.4
1980 Empire -43.5 -2.8 44.0 31.1 11.0 -54.4
1986 eHug -47.5 -6.8 40.0 37.2 17.1 -48.5
1987 Empire -51.5 -10.8 36.0 43.5 22.6 -40.5
1988 Liquid -55.5 -14.8 32.0 51.0 29.2 -33.9
1993 Liquid -52.4 -11.4 35.7 47.0 25.2 -37.9
1994 Fnatic.eu -56.4 -15.4 31.7 51.5 29.2 -34.0
2000 UG -60.4 -19.4 27.7 56.6 34.1 -28.6
2002 Swage -57.5 -16.3 29.3 52.6 30.1 -32.6
2003 Empire -61.5 -20.3 25.3 58.8 35.5 -24.1
2004 Empire -58.6 -17.4 28.7 54.8 31.5 -28.1
2005 5inQ -56.0 -14.5 30.2 50.8 27.5 -32.1
2006 Empire -60.0 -18.5 26.2 54.9 31.5 -26.1
2008 SADBOYS -64.0 -22.5 22.2 62.2 38.6 -19.0
2011 PR -68.0 -26.5 18.2 67.8 43.3 -14.5
2013 Empire -65.7 -24.2 20.5 63.8 39.3 -18.5
2025 D4D -62.6 -21.0 22.8 59.8 35.3 -22.5
2026 Execration -60.6 -18.7 25.4 55.8 31.3 -26.5
2030 Empire -57.1 -15.3 28.9 51.8 27.3 -30.5
2031 Sigma.int -61.1 -19.3 24.9 58.2 33.8 -23.9
2033 eHug -65.1 -23.3 20.9 64.7 40.5 -17.3
2036 Zephyr -62.1 -20.0 24.4 60.7 36.5 -21.3
2038 SADBOYS -58.0 -15.8 27.7 56.7 32.5 -25.3
2039 Speed -62.0 -19.8 23.7 63.1 38.9 -18.8
2046 Empire -58.5 -16.3 27.3 59.1 34.9 -22.8
2057 Aura -56.3 -13.9 29.9 55.1 30.9 -26.8
2060 Fnatic.eu -60.3 -17.9 25.9 59.7 35.1 -22.8
2062 PR -64.3 -21.9 21.9 66.2 41.3 -16.9
2069 VP -68.3 -25.9 17.9 72.5 47.1 -10.9
2071 Cloud9 -65.2 -22.5 20.0 68.5 43.1 -14.9
2078 Empire -62.7 -19.9 22.0 64.5 39.1 -18.9
2084 hehe -66.7 -23.9 18.0 69.1 43.9 -14.4
2085 Next.kz -63.6 -20.9 22.7 65.1 39.9 -18.4
2088 SADBOYS -60.5 -17.2 25.1 61.1 35.9 -22.4
2091 Zephyr -57.7 -14.3 28.2 57.1 31.9 -26.4
2092 Empire -61.7 -18.3 24.2 61.4 36.3 -22.1
2096 neXt! -65.7 -22.3 20.2 67.2 41.7 -17.7
2101 ZR -62.6 -18.7 22.3 63.2 37.7 -21.7
2103 JnRun -66.6 -22.7 18.3 67.9 42.5 -16.8
2105 Mongolz -63.1 -19.1 20.8 63.9 38.5 -20.8
2106 Panthers -60.6 -16.4 23.9 59.9 34.5 -24.8
2112 DUZA -58.1 -13.8 26.5 55.9 30.5 -28.8
2114 VP -55.4 -10.8 29.7 51.9 26.5 -32.8
2115 Mongolz -59.4 -14.8 25.7 58.3 33.3 -26.4
2122 4FC -56.1 -11.6 28.6 54.3 29.3 -30.4
2124 neXt! -60.1 -15.6 24.6 60.7 36.2 -23.2
2126 ZR -57.9 -13.3 26.7 56.7 32.2 -27.2
2129 vhoul -55.4 -10.6 28.5 52.7 28.2 -31.2
2142 MVP.P -51.9 -7.8 31.3 48.7 24.2 -35.2
2150 VP -55.9 -11.8 27.3 53.5 28.7 -30.1
2151 Insane -59.9 -15.8 23.3 58.3 33.8 -24.8
2154 ZR -63.9 -19.8 19.3 64.0 39.3 -19.9
2161 Osiris -67.9 -23.8 15.3 71.8 46.3 -16.0
2164 Puck -71.9 -27.8 11.3 78.1 53.3 -9.2
2166 DUZA -75.9 -31.8 7.3 85.5 60.3 -2.7
2167 Scythe -73.1 -28.6 9.0 81.5 56.3 -6.7
2168 Dignotoss -70.2 -25.0 12.8 77.5 52.3 -10.7
2176 neXt! -74.2 -29.0 8.8 83.9 58.1 -5.2
2179 PR -71.8 -26.4 10.6 79.9 54.1 -9.2
2180 Puck -75.8 -30.4 6.6 86.8 60.2 -0.8
2182 MM -73.1 -27.5 8.2 82.8 56.2 -4.8
2183 4N -77.1 -31.5 4.2 87.7 61.1 -0.1
2184 Swage -81.1 -35.5 0.2 92.3 64.8 5.0
2186 RRQ -85.1 -39.5 -3.8 98.0 69.8 12.8
2189 Dignotoss -89.1 -43.5 -7.8 102.8 74.4 18.8
2191 Orange -87.0 -41.4 -5.7 98.8 70.4 14.8
2192 PR -91.0 -45.4 -9.7 105.7 76.6 20.0
2194 Zephyr -88.3 -42.6 -7.4 101.7 72.6 16.0
2196 Dog -92.3 -46.6 -11.4 105.4 77.4 21.3
2201 eN.Legs -90.1 -44.4 -9.2 101.4 73.4 17.3
2202 neXt! -87.7 -41.9 -6.9 97.4 69.4 13.3
2203 BIP -85.1 -38.9 -5.2 93.4 65.4 9.3
2206 Mski -85.1 -38.9 -5.2 93.4 65.4 9.3
2207 PR -89.1 -42.9 -9.2 97.9 70.0 13.6
2209 DT.NGC -93.1 -46.9 -13.2 103.2 75.1 17.9
2219 rox.KIS -97.1 -50.9 -17.2 108.6 80.3 23.0
2223 Sigma.int -93.3 -47.2 -13.3 104.6 76.3 19.0
2225 Empire -97.3 -51.2 -17.3 110.3 83.7 26.7
2230 Orange -95.1 -49.1 -15.1 106.3 79.7 22.7
2232 Relax -91.4 -46.1 -12.3 102.3 75.7 18.7
2233 CIS -88.7 -43.1 -9.6 98.3 71.7 14.7
2234 5inQ -86.1 -41.0 -7.4 94.3 67.7 10.7
2245 MYM -83.3 -38.0 -4.1 90.3 63.7 6.7
2246 Execration -79.4 -34.1 -1.2 86.3 59.7 2.7
2247 Cloud9 -76.2 -30.4 0.8 82.3 55.7 -1.3
2250 Execration -80.2 -34.4 -3.2 87.2 60.7 3.2
2252 FD -77.9 -32.0 -1.3 83.2 56.7 -0.8
2254 Fnatic.eu -75.0 -29.0 1.9 79.2 52.7 -4.8
2255 rox.KIS -72.5 -26.6 4.3 75.2 48.7 -8.8
2259 VG -69.8 -23.8 6.1 71.2 44.7 -12.8
2263 Cloud9 -67.6 -21.2 9.0 67.2 40.7 -16.8
2272 Arrow -64.6 -17.6 13.0 63.2 36.7 -20.8
2281 Titan -62.0 -15.5 15.0 59.2 32.7 -24.8
2286 Cloud9 -59.3 -12.9 18.5 55.2 28.7 -28.8
2287 VG -63.3 -16.9 14.5 60.8 34.3 -25.1
2291 Na'Vi -60.9 -14.5 17.6 56.8 30.3 -29.1
