0 0 0.0 0.0 0.0 0.0 0.0 0.0
14 Alliance -4.0 -4.0 -4.0 4.7 4.7 4.1
15 Fnatic -0.5 -0.5 -1.5 0.7 0.7 0.1
16 Empire -4.5 -4.5 -5.5 5.3 5.6 5.1
17 Turtle -1.9 -2.0 -2.7 1.3 1.6 1.1
22 Dignitas 1.6 1.4 0.9 -2.7 -2.4 -2.9
28 Quantic -2.4 -2.6 -3.1 3.9 4.7 3.7
31 Liquid -0.7 -0.7 -1.0 -0.1 0.7 -0.3
33 Dignitas -4.7 -4.7 -5.0 4.1 4.4 4.1
34 EG -8.7 -8.7 -9.0 12.3 11.3 10.6
36 Next.kz -8.7 -8.7 -9.0 12.3 11.3 10.6
37 mouz -12.7 -12.7 -13.0 17.0 15.3 14.9
39 VP -16.7 -16.7 -17.0 22.9 21.4 20.4
40 Fnatic.eu -15.3 -14.7 -15.0 18.9 17.4 16.4
42 Liquid -19.3 -18.7 -19.0 24.6 23.0 21.3
43 mouz -17.7 -16.8 -17.1 20.6 19.0 17.3
44 Quantic -16.3 -14.9 -15.0 16.6 15.0 13.3
45 Quantic -14.3 -12.5 -12.7 12.6 11.0 9.3
46 GU.pe -10.8 -8.7 -8.7 8.6 7.0 5.3
47 VP -14.8 -12.7 -12.7 13.3 11.5 9.1
52 Fnatic.eu -18.8 -16.7 -16.7 17.4 15.8 13.4
54 4FC -16.2 -13.5 -13.2 13.4 11.8 9.4
55 mouz -12.4 -10.0 -9.4 9.4 7.8 5.4
57 Dignitas -10.7 -7.8 -7.0 5.4 3.8 1.4
63 EG -14.7 -11.8 -11.0 11.0 8.7 6.3
64 iM`Bashers -10.8 -8.0 -7.2 7.0 4.7 2.3
65 VnR.Alpha -7.1 -4.5 -3.8 3.0 0.7 -1.7
67 Ptd.Bravo -11.1 -8.5 -7.8 7.7 5.9 2.9
69 Dignitas -8.4 -5.7 -5.0 3.7 1.9 -1.1
70 Quantic -5.3 -2.9 -1.8 -0.3 -2.1 -5.1
72 Neo.int -9.3 -6.9 -5.8 4.6 3.3 -0.2
74 Dignitas -13.3 -10.9 -9.8 11.3 9.4 5.9
76 eN.Legs -10.9 -7.7 -6.4 7.3 5.4 1.9
77 VnR.Alpha -8.3 -5.8 -3.7 3.3 1.4 -2.1
78 Fnatic.eu -12.3 -9.8 -7.7 8.0 6.0 2.5
79 Na'Vi -9.3 -6.8 -4.8 4.0 2.0 -1.5
80 Liquid -13.3 -10.8 -8.8 11.5 9.9 4.6
81 Neo.int -10.8 -8.8 -6.5 7.5 5.9 0.6
82 Orange -14.8 -12.8 -10.5 15.2 13.5 7.8
83 s4 -18.8 -16.8 -14.5 19.0 18.7 13.2
84 Liquid -22.8 -20.8 -18.5 23.4 23.3 17.3
85 Fnatic.eu -19.5 -17.5 -15.1 19.4 19.3 13.3
88 Liquid -23.5 -21.5 -19.1 25.1 24.9 18.5
90 VP -27.5 -25.5 -23.1 29.6 29.1 23.2
91 Liquid -24.2 -22.6 -20.3 25.6 25.1 19.2
92 Ptd.Bravo -24.2 -22.6 -20.3 25.6 25.1 19.2
94 Fnatic.eu -20.5 -18.8 -16.4 21.6 21.1 15.2
95 Na'Vi -18.8 -16.9 -14.3 17.6 17.1 11.2
96 Empire -16.6 -14.6 -11.8 13.6 13.1 7.2
99 VP -13.9 -11.7 -8.6 9.6 9.1 3.2
100 Liquid -11.8 -9.5 -6.2 5.6 5.1 -0.8
101 3D -9.4 -6.5 -3.1 1.6 1.1 -4.8
102 Dignitas -13.4 -10.5 -7.1 7.0 6.6 0.8
103 Fnatic.eu -9.6 -7.0 -3.7 3.0 2.6 -3.2
104 PtD.Alpha -7.9 -5.1 -1.7 -1.0 -1.4 -7.2
105 Liquid -5.2 -2.4 1.2 -5.0 -5.4 -11.2
106 Dignitas -2.9 0.1 4.0 -9.0 -9.4 -15.2
107 iM`Bashers -0.7 3.0 6.9 -13.0 -13.4 -19.2
111 Fnatic.eu 1.3 5.5 9.5 -17.0 -17.4 -23.2
113 Fnatic.eu 2.9 7.2 11.8 -21.0 -21.4 -27.2
114 Fnatic.eu -1.1 3.2 7.8 -15.0 -15.8 -21.4
120 Na'Vi 2.3 6.9 11.6 -19.0 -19.8 -25.4
121 eN.Legs 3.8 8.7 13.9 -23.0 -23.8 -29.4
122 mouz 7.3 12.4 17.4 -27.0 -27.8 -33.4
125 Empire 9.8 15.0 20.2 -31.0 -31.8 -37.4
126 rox.KIS 5.8 11.0 16.2 -23.8 -24.7 -31.4
128 ASF.R5 1.8 7.0 12.2 -13.9 -16.1 -24.0
130 Alliance -2.2 3.0 8.2 -4.2 -8.0 -16.3
131 Na'Vi 1.5 6.7 12.3 -8.2 -12.0 -20.3
132 Alliance -2.5 2.7 8.3 0.4 -5.3 -13.8
137 Na'Vi 0.2 5.6 11.1 -3.6 -9.3 -17.8
140 CastersEN -3.8 1.6 7.1 1.2 -3.7 -12.0
141 mouz -1.4 4.2 9.8 -2.8 -7.7 -16.0
142 Alliance -5.4 0.2 5.8 2.4 -2.9 -11.3
144 mouz -9.4 -3.8 1.8 7.8 2.1 -6.4
145 Alliance -6.2 -0.5 5.0 3.8 -1.9 -10.4
146 Liquid -3.8 2.0 7.8 -0.2 -5.9 -14.4
147 4FC -7.8 -2.0 3.8 5.3 -0.4 -8.7
148 Empire -5.1 0.9 6.9 1.3 -4.4 -12.7
150 Fnatic.eu -5.1 0.9 6.9 1.3 -4.4 -12.7
151 EG -9.1 -3.1 2.9 10.8 3.9 -4.7
152 Alliance -6.1 0.1 6.1 6.8 -0.1 -8.7
153 Liquid -10.1 -3.9 2.1 13.6 7.4 -1.1
154 VP -7.6 -1.5 4.5 9.6 3.4 -5.1
155 iG -5.6 0.8 7.0 5.6 -0.6 -9.1
157 Fnatic.eu -3.3 3.1 9.3 1.6 -4.6 -13.1
158 WH?Dota2 -3.3 3.1 9.3 1.6 -4.6 -13.1
159 VP -7.3 -0.9 5.3 9.6 2.5 -7.1
161 Empire -11.3 -4.9 1.3 15.2 8.0 -1.7
162 rox.KIS -9.4 -3.0 3.3 11.2 4.0 -5.7
163 Lounge -6.8 -0.3 6.2 7.2 7.1054273576e-15 -9.7
165 eN.Legs -5.0 1.6 8.5 3.2 -4.0 -13.7
166 Fnatic.eu -3.0 3.7 10.8 -0.8 -8.0 -17.7
173 VP -1.0 6.0 13.3 -4.8 -12.0 -21.7
176 Alliance 1.4 8.9 16.4 -8.8 -16.0 -25.7
178 Dignitas 4.0 12.2 19.8 -12.8 -20.0 -29.7
182 Empire 6.4 14.9 22.7 -16.8 -24.0 -33.7
183 Fnatic.eu 2.4 10.9 18.7 -9.3 -17.5 -27.4
184 WH?Dota2 5.6 14.4 22.2 -13.3 -21.5 -31.4
186 Alliance 7.3 16.3 24.2 -17.3 -25.5 -35.4
187 VP 3.3 12.3 20.2 -10.3 -19.0 -29.5
188 LGD.cn -0.7 8.3 16.2 -5.3 -13.7 -24.2
189 Dignitas -4.7 4.3 12.2 1.4 -7.4 -18.4
190 Alliance -8.7 0.3 8.2 7.2 -1.9 -12.9
191 Liquid -12.7 -3.7 4.2 12.3 3.6 -7.5
192 VP -16.7 -7.7 0.2 17.1 7.9 -3.4
193 VP -20.7 -11.7 -3.8 22.6 13.2 1.7
194 Alliance -19.0 -9.8 -1.8 18.6 9.2 -2.3
195 Dignitas -23.0 -13.8 -5.8 24.2 15.5 5.4
196 Orange -27.0 -17.8 -9.8 33.4 24.1 13.5
199 Dignitas -31.0 -21.8 -13.8 38.5 29.2 18.6
200 VP -27.2 -18.2 -10.2 34.5 25.2 14.6
201 Orange -24.2 -14.9 -6.7 30.5 21.2 10.6
202 Alliance -21.6 -12.2 -3.9 26.5 17.2 6.6
203 Alliance -18.3 -8.8 -0.4 22.5 13.2 2.6
204 Fnatic.eu -22.3 -12.8 -4.4 26.7 17.6 7.0
205 Fnatic.eu -26.3 -16.8 -8.4 32.5 23.4 12.7
206 LGD.cn -24.5 -15.0 -6.5 28.5 19.4 8.7
207 Alliance -22.7 -13.0 -4.2 24.5 15.4 4.7
209 Liquid -21.1 -11.1 -2.0 20.5 11.4 0.7
210 LGD.cn -18.2 -8.5 0.6 16.5 7.4 -3.3
211 Liquid -15.6 -5.5 3.8 12.5 3.4 -7.3
212 Dignitas -19.6 -9.5 -0.2 18.6 9.6 -1.3
214 Dignitas -16.0 -5.6 3.7 14.6 5.6 -5.3
215 Liquid -13.7 -3.1 6.2 10.6 1.6 -9.3
216 Liquid -17.7 -7.1 2.2 18.0 8.4 -2.6
217 DK -14.3 -4.2 5.0 14.0 4.4 -6.6
218 Fnatic.eu -12.1 -2.1 7.2 10.0 0.4 -10.6
219 Dignitas -10.4 -0.3 9.2 6.0 -3.6 -14.6
220 Fnatic.eu -8.7 1.5 11.2 2.0 -7.6 -18.6
222 Dignitas -8.7 1.5 11.2 2.0 -7.6 -18.6
227 Kaipi -12.7 -2.5 7.2 11.1 0.6 -11.5
230 VP -10.5 -2.6645352591e-15 9.9 7.1 -3.4 -15.5
232 Alliance -7.8 2.9 13.0 3.1 -7.4 -19.5
237 Na'Vi -6.1 4.7 14.9 -0.9 -11.4 -23.5
238 rox.KIS -3.5 7.4 17.8 -4.9 -15.4 -27.5
242 EG -7.5 3.4 13.8 3.5 -7.3 -19.8
243 Alliance -5.1 6.0 16.6 -0.5 -11.3 -23.8
244 Alliance -3.2 8.2 19.3 -4.5 -15.3 -27.8
247 Dignitas -0.5 11.6 22.9 -8.5 -19.3 -31.8
249 Fnatic.eu 2.5 14.4 25.8 -12.5 -23.3 -35.8
250 Alliance -1.5 10.4 21.8 -5.3 -16.0 -29.1
252 VP -5.5 6.4 17.8 1.5 -10.1 -23.6
254 EG -9.5 2.4 13.8 9.3 -2.8 -17.1
255 Na'Vi -7.8 4.3 16.0 5.3 -6.8 -21.1
256 Alliance -6.2 6.2 18.0 1.3 -10.8 -25.1
257 Liquid -2.9 9.7 21.6 -2.7 -14.8 -29.1
259 Liquid 0.2 13.0 25.1 -6.7 -18.8 -33.1
261 Liquid 2.5 15.6 27.8 -10.7 -22.8 -37.1
263 Prodota.ru -1.5 11.6 23.8 -6.7 -18.7 -33.1
264 Lounge -5.5 7.6 19.8 -1.1 -13.3 -27.8
265 Lounge -5.5 7.6 19.8 -1.1 -13.3 -27.8
267 mouz -2.1 11.4 23.7 -5.1 -17.3 -31.8
269 EG -6.1 7.4 19.7 1.0 -11.7 -26.4
277 Na'Vi -4.4 9.4 22.1 -3.0 -15.7 -30.4
281 EG -8.4 5.4 18.1 5.1 -8.7 -24.2
284 Liquid -6.3 7.8 20.7 1.1 -12.7 -28.2
285 rox.KIS -3.3 11.0 24.1 -2.9 -16.7 -32.2
289 Dignitas -1.4 13.3 26.5 -6.9 -20.7 -36.2
290 Na'Vi 0.8 15.6 29.0 -10.9 -24.7 -40.2
292 rox.KIS -3.2 11.6 25.0 -2.5 -17.3 -33.4
295 Quantic -7.2 7.6 21.0 2.4 -11.8 -27.9
296 Quantic -4.3 10.7 24.2 -1.6 -15.8 -31.9
298 Zenith -2.4 12.7 26.4 -5.6 -19.8 -35.9
299 rox.KIS -0.4 14.8 28.6 -9.6 -23.8 -39.9
302 EG 1.5 17.0 31.1 -13.6 -27.8 -43.9
303 QPandas -2.5 13.0 27.1 -7.4 -22.1 -38.7
305 mouz -0.5 15.2 29.5 -11.4 -26.1 -42.7
307 rox.KIS -4.5 11.2 25.5 -3.1 -19.5 -37.0
308 Quantic -8.5 7.2 21.5 2.7 -14.5 -32.3
311 Quantic -12.5 3.2 17.5 6.8 -9.8 -27.6
312 mouz -16.5 -0.8 13.5 12.4 -4.3 -22.0
313 mouz -20.5 -4.8 9.5 18.9 2.0 -16.1
318 mouz -17.6 -1.6 12.8 14.9 -2.0 -20.1
320 EG -21.6 -5.6 8.8 19.4 2.6 -15.7
322 RS -20.1 -3.8 10.9 15.4 -1.4 -19.7
323 TongFu -24.1 -7.8 6.9 20.9 4.1 -14.2
325 RS -21.6 -4.9 9.9 16.9 0.1 -18.2
328 4FC -25.6 -8.9 5.9 23.2 6.2 -12.4
329 RAT -22.5 -5.1 9.8 19.2 2.2 -16.4
331 EG -26.5 -9.1 5.8 27.9 10.4 -8.8
332 RStars -23.9 -6.0 9.4 23.9 6.4 -12.8
335 VP -27.9 -10.0 5.4 28.7 10.7 -8.4
336 MiTH -25.0 -6.7 9.1 24.7 6.7 -12.4
339 RStars -22.7 -3.6 12.3 20.7 2.7 -16.4
342 Alliance -19.9 -1.1 14.9 16.7 -1.3 -20.4
343 Orange -23.9 -5.1 10.9 20.4 2.8 -16.0
345 LGD.cn -22.1 -3.3 12.8 16.4 -1.2 -20.0
347 Orange -26.1 -7.3 8.8 24.7 5.2 -14.2
349 Quantic -23.1 -4.0 12.5 20.7 1.2 -18.2
351 Alliance -21.1 -1.8 14.8 16.7 -2.8 -22.2
353 iG -19.4 0.1 16.9 12.7 -6.8 -26.2
354 Alliance -15.6 3.7 20.5 8.7 -10.8 -30.2
358 Alliance -13.6 5.8 22.7 4.7 -14.8 -34.2
359 DK -17.6 1.8 18.7 8.9 -10.2 -29.5
360 mouz -15.8 3.7 20.9 4.9 -14.2 -33.5
361 Orange -19.8 -0.3 16.9 9.6 -9.8 -29.2
363 Alliance -17.7 1.8 19.0 5.6 -13.8 -33.2
365 rox.KIS -21.7 -2.2 15.0 13.9 -6.5 -26.9
366 Dignitas -25.7 -6.2 11.0 22.6 2.4 -18.8
370 iCCup -23.4 -3.5 14.0 18.6 -1.6 -22.8
372 Quantic -27.4 -7.5 10.0 27.1 6.3 -16.0
374 Dignitas -31.4 -11.5 6.0 32.6 11.7 -11.1
375 VG -29.7 -9.5 8.1 28.6 7.7 -15.1
380 4FC -27.0 -6.5 11.3 24.6 3.7 -19.1
381 RS -24.0 -3.4 14.5 20.6 -0.3 -23.1
382 Fnatic.eu -28.0 -7.4 10.5 29.0 6.8 -16.7
385 Alliance -25.7 -4.4 14.1 25.0 2.8 -20.7
386 TM -22.7 -0.8 17.9 21.0 -1.2 -24.7
391 mouz -18.9 2.6 21.3 17.0 -5.2 -28.7
394 MX -16.7 5.0 24.0 13.0 -9.2 -32.7
395 LGD.cn -13.4 8.2 27.3 9.0 -13.2 -36.7
397 rox.KIS -10.9 10.3 29.5 5.0 -17.2 -40.7
399 VP -14.9 6.3 25.5 13.4 -9.2 -33.0
400 VP -18.9 2.3 21.5 17.7 -4.4 -28.3
402 DK -22.9 -1.7 17.5 23.8 2.9 -21.2
404 MiTH -21.2 0.2 19.6 19.8 -1.1 -25.2
405 mouz -25.2 -3.8 15.6 24.4 3.8 -20.3
407 PR -23.4 -1.5 18.4 20.4 -0.2 -24.3
408 TM -21.7 0.4 20.6 16.4 -4.2 -28.3
411 Quantic -25.7 -3.6 16.6 21.8 0.8 -23.6
412 mouz -23.8 -1.5 18.9 17.8 -3.2 -27.6
418 VP -22.0 0.3 21.0 13.8 -7.2 -31.6
420 Na'Vi -26.0 -3.7 17.0 20.8 -1.8 -26.7
422 Liquid -30.0 -7.7 13.0 25.4 2.8 -22.3
423 Quantic -27.4 -5.1 15.8 21.4 -1.2 -26.3
425 mouz -25.5 -3.0 18.1 17.4 -5.2 -30.3
426 Artyk -23.6 -0.6 20.9 13.4 -9.2 -34.3
428 Kaipi -22.0 1.4 23.3 9.4 -13.2 -38.3
429 Liquid -19.4 3.9 25.9 5.4 -17.2 -42.3
434 EG -15.9 7.4 29.3 1.4 -21.2 -46.3
436 EG -12.5 10.7 32.6 -2.6 -25.2 -50.3
438 Na'Vi -10.5 12.6 34.6 -6.6 -29.2 -54.3
440 Orange -8.5 15.1 37.3 -10.6 -33.2 -58.3
442 Kaipi -6.4 17.0 39.3 -14.6 -37.2 -62.3
454 Kaipi -10.4 13.0 35.3 -8.0 -31.6 -57.2
455 EG -7.6 16.0 38.3 -12.0 -35.6 -61.2
456 Fnatic.eu -11.6 12.0 34.3 -6.0 -29.5 -55.5
457 Alliance -9.8 14.0 36.4 -10.0 -33.5 -59.5
458 EG -13.8 10.0 32.4 -5.4 -28.6 -55.0
460 Kaipi -17.8 6.0 28.4 1.0 -22.8 -49.5
463 VP -15.1 8.5 31.1 -3.0 -26.8 -53.5
466 iCCup -13.2 10.5 33.4 -7.0 -30.8 -57.5
467 Na'Vi -11.4 12.6 35.7 -11.0 -34.8 -61.5
470 mouz -8.7 15.3 38.6 -15.0 -38.8 -65.5
477 mouz -6.0 18.3 41.7 -19.0 -42.8 -69.5
478 rox.KIS -2.5 21.3 44.8 -23.0 -46.8 -73.5
482 Smeagol -0.7 23.6 47.2 -27.0 -50.8 -77.5
483 paiN -4.7 19.6 43.2 -18.4 -42.3 -70.4
487 Kaipi -2.5 22.2 46.1 -22.4 -46.3 -74.4
490 paiN.int 0.2 25.3 49.5 -26.4 -50.3 -78.4
496 TongFu 2.2 27.7 52.1 -30.4 -54.3 -82.4
497 DK -1.8 23.7 48.1 -24.9 -49.1 -77.4
500 Liquid -5.8 19.7 44.1 -18.7 -42.1 -70.7
501 eLPride -9.8 15.7 40.1 -13.1 -35.7 -64.2
504 VP -8.1 17.5 42.2 -17.1 -39.7 -68.2
509 Keita -5.1 19.9 44.5 -21.1 -43.7 -72.2
510 Fnatic.eu -9.1 15.9 40.5 -16.2 -39.0 -68.0
511 Alliance -7.0 18.2 43.0 -20.2 -43.0 -72.0
516 Quantic -3.5 22.0 47.1 -24.2 -47.0 -76.0
518 Alliance -1.5 24.4 49.7 -28.2 -51.0 -80.0
519 FSid3 0.5 26.8 52.4 -32.2 -55.0 -84.0
521 LGD.int -3.5 22.8 48.4 -22.3 -46.7 -76.6
523 Na'Vi -1.8 24.6 50.4 -26.3 -50.7 -80.6
525 LGD.cn 0.1 26.6 52.7 -30.3 -54.7 -84.6
530 Orange 3.3 30.6 57.0 -34.3 -58.7 -88.6
534 EG 6.1 33.4 59.7 -38.3 -62.7 -92.6
539 Quantic 9.5 36.7 63.1 -42.3 -66.7 -96.6
540 EG 12.1 39.2 65.7 -46.3 -70.7 -100.6
543 VP 14.7 41.5 68.3 -50.3 -74.7 -104.6
546 Orange 17.2 43.6 70.4 -54.3 -78.7 -108.6
547 iG 19.1 45.4 72.3 -58.3 -82.7 -112.6
548 Liquid 22.2 48.5 75.6 -62.3 -86.7 -116.6
556 Fnatic.eu 18.2 44.5 71.6 -57.4 -82.4 -112.6
559 mouz 21.6 48.2 75.5 -61.4 -86.4 -116.6
561 Orange 17.6 44.2 71.5 -56.8 -81.1 -111.3
562 TongFu 19.3 46.0 73.4 -60.8 -85.1 -115.3
563 iG 22.6 49.8 77.4 -64.8 -89.1 -119.3
564 EG 18.6 45.8 73.4 -57.9 -82.5 -113.2
565 Dignitas 14.6 41.8 69.4 -52.9 -78.0 -109.1
567 mouz 17.6 45.0 72.8 -56.9 -82.0 -113.1
568 Liquid 20.3 47.6 75.5 -60.9 -86.0 -117.1
570 VP 16.3 43.6 71.5 -56.9 -81.9 -112.9
571 DK 12.3 39.6 67.5 -49.5 -74.8 -106.1
575 TongFu 8.3 35.6 63.5 -44.0 -69.5 -101.1
577 rox.KIS 10.3 37.7 66.0 -48.0 -73.5 -105.1
579 Alliance 13.0 40.5 69.0 -52.0 -77.5 -109.1
581 LGD.cn 15.4 43.3 72.1 -56.0 -81.5 -113.1
583 iCCup 11.4 39.3 68.1 -51.6 -77.1 -109.0
584 Alliance 13.4 41.8 70.8 -55.6 -81.1 -113.0
586 EG 9.4 37.8 66.8 -51.0 -76.3 -108.3
588 Zenith 5.4 33.8 62.8 -43.6 -68.7 -101.4
589 Alliance 7.4 35.9 65.2 -47.6 -72.7 -105.4
590 Na'Vi 9.3 37.7 67.1 -51.6 -76.7 -109.4
591 LGD.cn 12.0 40.6 70.1 -55.6 -80.7 -113.4
592 Fnatic.eu 13.8 42.6 72.2 -59.6 -84.7 -117.4
593 Quantic 16.3 45.1 74.8 -63.6 -88.7 -121.4
594 mouz 19.5 48.4 78.3 -67.6 -92.7 -125.4
596 mouz 22.3 51.4 81.2 -71.6 -96.7 -129.4
597 Alliance 24.1 53.3 83.2 -75.6 -100.7 -133.4
599 Na'Vi 27.6 56.3 86.1 -79.6 -104.7 -137.4
607 Kaipi 23.6 52.3 82.1 -70.7 -96.1 -129.8
610 LGD.cn 27.4 55.6 85.4 -74.7 -100.1 -133.8
611 Denial 29.4 58.0 88.1 -78.7 -104.1 -137.8
612 Na'Vi 32.6 60.9 90.9 -82.7 -108.1 -141.8
613 Fnatic.eu 35.4 63.7 93.7 -86.7 -112.1 -145.8
614 EG 38.9 67.1 97.3 -90.7 -116.1 -149.8
616 TongFu 40.7 69.3 99.9 -94.7 -120.1 -153.8
619 iG 36.7 65.3 95.9 -89.4 -115.0 -148.8
620 DK 32.7 61.3 91.9 -84.8 -109.4 -142.7
622 Fnatic.eu 35.0 63.4 94.0 -88.8 -113.4 -146.7
625 TongFu 31.0 59.4 90.0 -83.1 -108.3 -142.0
629 LGD.cn 27.0 55.4 86.0 -76.2 -101.0 -135.2
630 iG 29.0 57.5 88.3 -80.2 -105.0 -139.2
633 Liquid 32.6 61.1 92.1 -84.2 -109.0 -143.2
634 Na'Vi 35.5 63.9 94.9 -88.2 -113.0 -147.2
638 Na'Vi 38.2 66.5 97.6 -92.2 -117.0 -151.2
639 4FC 41.5 69.3 100.4 -96.2 -121.0 -155.2
641 mouz 43.6 71.9 103.2 -100.2 -125.0 -159.2
643 iG 45.9 74.0 105.5 -104.2 -129.0 -163.2
645 VP 41.9 70.0 101.5 -95.7 -120.7 -155.7
646 Fnatic.eu 44.3 72.1 103.7 -99.7 -124.7 -159.7
648 VP 46.0 74.2 106.1 -103.7 -128.7 -163.7
649 Fnatic.eu 49.4 77.6 109.7 -107.7 -132.7 -167.7
650 Fnatic.eu 45.4 73.6 105.7 -103.3 -128.1 -163.0
652 DK 41.4 69.6 101.7 -97.4 -122.5 -157.6
654 DK 43.4 72.2 104.9 -101.4 -126.5 -161.6
657 mouz 45.0 74.1 107.0 -105.4 -130.5 -165.6
661 iG 41.0 70.1 103.0 -99.9 -125.5 -160.9
662 DK 42.7 72.0 105.2 -103.9 -129.5 -164.9
663 RS 38.7 68.0 101.2 -99.4 -124.6 -160.5
665 Orange 41.1 70.6 104.2 -103.4 -128.6 -164.5
666 LGD.cn 43.4 73.3 107.1 -107.4 -132.6 -168.5
667 DK 45.2 75.2 109.3 -111.4 -136.6 -172.5
669 iNfernity 47.5 77.8 112.5 -115.4 -140.6 -176.5
673 LGD.cn 50.5 81.1 116.0 -119.4 -144.6 -180.5
675 EG 46.5 77.1 112.0 -113.0 -138.4 -174.6
676 LGD.cn 48.3 79.0 114.2 -117.0 -142.4 -178.6
677 mouz 50.3 81.0 116.2 -121.0 -146.4 -182.6
680 Liquid 46.3 77.0 112.2 -114.4 -139.7 -176.9
681 Quantic 42.3 73.0 108.2 -107.7 -133.8 -171.5
682 mouz 38.3 69.0 104.2 -101.4 -127.9 -166.2
683 rox.KIS 34.3 65.0 100.2 -95.0 -122.2 -161.0
684 VP 38.1 68.6 104.0 -99.0 -126.2 -165.0
685 mouz 40.7 71.6 107.3 -103.0 -130.2 -169.0
686 VP 42.5 73.5 109.4 -107.0 -134.2 -173.0
687 VP 38.5 69.5 105.4 -101.4 -129.0 -167.9
688 VP 40.5 71.6 107.8 -105.4 -133.0 -171.9
689 Kaipi 36.5 67.6 103.8 -101.1 -128.9 -167.7
690 EG 38.4 70.0 106.4 -105.1 -132.9 -171.7
691 Liquid 40.6 72.4 109.0 -109.1 -136.9 -175.7
695 Alliance 42.6 74.6 111.4 -113.1 -140.9 -179.7
701 VG 38.6 70.6 107.4 -107.0 -134.7 -173.9
704 EG 34.6 66.6 103.4 -99.0 -127.7 -167.6
706 RS 30.6 62.6 99.4 -93.5 -122.4 -162.4
707 Orange 32.5 64.5 101.5 -97.5 -126.4 -166.4
709 Kaipi 35.5 67.6 104.8 -101.5 -130.4 -170.4
710 VP 38.7 70.7 108.0 -105.5 -134.4 -174.4
711 mouz 41.4 73.9 111.4 -109.5 -138.4 -178.4
713 MiTH 43.1 75.8 113.6 -113.5 -142.4 -182.4
714 Dreamz 46.0 78.5 116.5 -117.5 -146.4 -186.4
716 mouz 48.1 80.9 119.2 -121.5 -150.4 -190.4
717 mouz 51.0 83.9 122.3 -125.5 -154.4 -194.4
719 Mski 53.1 85.7 124.2 -129.5 -158.4 -198.4
720 MiTH 54.9 87.5 126.2 -133.5 -162.4 -202.4
722 iCCup 56.8 89.5 128.5 -137.5 -166.4 -206.4
724 Kaipi 60.3 93.2 132.3 -141.5 -170.4 -210.4
725 Romania 62.0 95.2 134.6 -145.5 -174.4 -214.4
726 RS 58.0 91.2 130.6 -138.6 -167.4 -208.1
731 iG 59.6 93.1 132.7 -142.6 -171.4 -212.1
734 TongFu 62.6 96.4 136.1 -146.6 -175.4 -216.1
735 Dignitas 66.0 99.5 139.1 -150.6 -179.4 -220.1
737 Na'Vi 68.2 101.9 141.7 -154.6 -183.4 -224.1
743 Fnatic.eu 71.8 105.0 144.8 -158.6 -187.4 -228.1
744 Alliance 74.3 107.6 147.6 -162.6 -191.4 -232.1
750 Orange 76.9 110.7 150.8 -166.6 -195.4 -236.1
756 Dignitas 72.9 106.7 146.8 -161.2 -190.6 -231.6
762 Na'Vi 75.0 108.7 149.0 -165.2 -194.6 -235.6
772 DK 71.0 104.7 145.0 -159.7 -188.7 -230.2
774 TongFu 67.0 100.7 141.0 -153.1 -182.5 -224.5
775 Liquid 69.9 103.6 144.0 -157.1 -186.5 -228.5
782 iG 72.4 106.3 146.9 -161.1 -190.5 -232.5
785 LGD.cn 74.4 108.6 149.4 -165.1 -194.5 -236.5
787 TongFu 77.6 112.5 153.5 -169.1 -198.5 -240.5
788 Dignitas 80.0 114.9 156.1 -173.1 -202.5 -244.5
789 LGD.int 76.0 110.9 152.1 -168.7 -197.9 -240.1
790 AllStarsA 72.0 106.9 148.1 -164.0 -192.6 -235.1
791 Orange 73.7 108.8 150.1 -168.0 -196.6 -239.1
792 Fnatic.eu 76.3 111.3 152.8 -172.0 -200.6 -243.1
794 DK 72.3 107.3 148.8 -167.8 -196.1 -238.8
796 Zenith 74.2 109.3 151.1 -171.8 -200.1 -242.8
798 iG 76.1 111.3 153.3 -175.8 -204.1 -246.8
801 Orange 78.8 114.3 156.5 -179.8 -208.1 -250.8
802 iG 80.9 116.6 159.1 -183.8 -212.1 -254.8
804 TongFu 84.3 120.5 163.1 -187.8 -216.1 -258.8
805 Alliance 87.7 124.5 167.3 -191.8 -220.1 -262.8
806 Orange 83.7 120.5 163.3 -184.7 -213.9 -257.1
808 Alliance 86.1 123.3 166.2 -188.7 -217.9 -261.1
817 Lounge 88.1 125.3 168.5 -192.7 -221.9 -265.1
825 WARDGS 89.8 127.0 170.5 -196.7 -225.9 -269.1
827 TS 85.8 123.0 166.5 -191.6 -219.0 -262.6
828 EVOPLAY 87.7 124.9 168.6 -195.6 -223.0 -266.6
830 DUZA 83.7 120.9 164.6 -187.9 -215.4 -259.2
831 Awake 85.6 122.8 166.6 -191.9 -219.4 -263.2
834 Aspera 89.2 126.2 170.2 -195.9 -223.4 -267.2
835 Poseidon 92.1 128.7 172.6 -199.9 -227.4 -271.2
836 Poseidon 93.9 130.8 175.0 -203.9 -231.4 -275.2
837 Next.kz 89.9 126.8 171.0 -198.1 -225.1 -269.2
838 Kaipi 91.5 128.6 173.3 -202.1 -229.1 -273.2
840 TS 94.7 131.8 176.6 -206.1 -233.1 -277.2
845 DUZA 90.7 127.8 172.6 -197.0 -224.6 -269.6
846 Next.kz 93.8 131.1 176.0 -201.0 -228.6 -273.6
847 4FC 89.8 127.1 172.0 -196.4 -223.5 -268.3
848 DUZA 85.8 123.1 168.0 -189.5 -217.0 -262.5
849 Poseidon 89.1 126.5 171.7 -193.5 -221.0 -266.5
854 Life 85.1 122.5 167.7 -188.9 -215.3 -261.0
855 Imp 87.3 124.8 170.2 -192.9 -219.3 -265.0
857 Next.kz 89.1 126.6 172.1 -196.9 -223.3 -269.0
858 FSid3 91.0 128.6 174.5 -200.9 -227.3 -273.0
860 Bambang 87.0 124.6 170.5 -193.3 -219.1 -265.6
861 Aspera 89.3 126.6 172.6 -197.3 -223.1 -269.6
863 Next.kz 85.3 122.6 168.6 -192.7 -218.1 -264.9
868 GxGaming 81.3 118.6 164.6 -187.7 -212.3 -259.5
869 SFEC 77.3 114.6 160.6 -182.3 -207.4 -255.0
872 Aspera 73.3 110.6 156.6 -173.6 -199.4 -247.7
874 VP 76.6 113.8 160.1 -177.6 -203.4 -251.7
875 Imp 72.6 109.8 156.1 -172.8 -198.6 -247.1
876 MSIEvoGT 74.6 112.1 158.8 -176.8 -202.6 -251.1
879 Empire 77.4 115.2 162.1 -180.8 -206.6 -255.1
880 Empire 73.4 111.2 158.1 -171.9 -197.9 -247.2
881 Quantic 69.4 107.2 154.1 -163.3 -190.3 -240.5
882 rox.KIS 69.4 107.2 154.1 -163.3 -190.3 -240.5
887 MSIEvoGT 65.4 103.2 150.1 -156.9 -184.7 -235.3
888 Mski 67.3 105.2 152.4 -160.9 -188.7 -239.3
890 GL.eu 69.6 107.9 155.3 -164.9 -192.7 -243.3
891 Menace 71.5 109.7 157.3 -168.9 -196.7 -247.3
892 Kaipi 73.5 112.0 159.9 -172.9 -200.7 -251.3
894 Life 76.0 115.0 163.3 -176.9 -204.7 -255.3
895 Next.kz 79.5 118.7 166.9 -180.9 -208.7 -259.3
896 Life 75.5 114.7 162.9 -172.7 -199.7 -250.4
897 Kaipi 77.1 116.6 165.1 -176.7 -203.7 -254.4
900 VP 73.1 112.6 161.1 -169.7 -197.1 -248.4
902 Kaipi 75.3 114.8 163.5 -173.7 -201.1 -252.4
904 SAfrica 71.3 110.8 159.5 -168.2 -195.6 -247.2
907 NoLove 74.9 114.6 163.5 -172.2 -199.6 -251.2
909 VG 76.4 116.5 165.8 -176.2 -203.6 -255.2
910 Empire 72.4 112.5 161.8 -172.1 -199.5 -251.1
912 Kaipi 68.4 108.5 157.8 -167.6 -194.6 -246.4
913 Joiker 64.4 104.5 153.8 -160.0 -187.6 -240.3
914 StayFree 66.7 106.9 156.6 -164.0 -191.6 -244.3
918 DUZA 62.7 102.9 152.6 -158.8 -187.1 -240.0
922 PR 58.7 98.9 148.6 -151.2 -180.2 -233.4
923 DUZA 60.5 100.7 150.7 -155.2 -184.2 -237.4
924 ONE.dota 63.8 104.2 154.7 -159.2 -188.2 -241.4
928 LGD.cn 59.8 100.2 150.7 -154.6 -183.5 -236.6
929 Dreamz 55.8 96.2 146.7 -149.9 -179.4 -232.6
930 MiTH 58.5 98.5 149.1 -153.9 -183.4 -236.6
932 Fnatic.eu 60.5 100.9 151.7 -157.9 -187.4 -240.6
933 Empire 62.8 103.2 154.2 -161.9 -191.4 -244.6
939 Poseidon 65.6 106.6 157.9 -165.9 -195.4 -248.6
940 Next.kz 61.6 102.6 153.9 -160.5 -190.3 -243.7
942 Quantic 57.6 98.6 149.9 -156.0 -185.1 -238.8
948 Empire 59.8 100.9 152.4 -160.0 -189.1 -242.8
953 Kaipi 61.5 103.0 154.9 -164.0 -193.1 -246.8
955 DUZA 65.5 106.4 158.2 -168.0 -197.1 -250.8
961 Life 67.7 109.3 161.5 -172.0 -201.1 -254.8
962 iG 70.9 112.7 165.1 -176.0 -205.1 -258.8
966 TongFu 74.4 115.5 167.8 -180.0 -209.1 -262.8
970 Joiker 77.2 118.4 170.9 -184.0 -213.1 -266.8
971 iG 79.2 120.9 173.7 -188.0 -217.1 -270.8
973 DUZA 75.2 116.9 169.7 -183.1 -211.9 -265.7
974 Fnatic.eu 78.0 119.3 172.2 -187.1 -215.9 -269.7
978 rox.KIS 74.0 115.3 168.2 -180.0 -207.4 -261.9
979 PR 76.6 117.6 170.6 -184.0 -211.4 -265.9
981 PR 78.6 119.6 172.8 -188.0 -215.4 -269.9
984 nAra 74.6 115.6 168.8 -182.6 -210.1 -265.2
985 Inv.kwnku 76.4 117.7 171.2 -186.6 -214.1 -269.2
993 SFEC 72.4 113.7 167.2 -177.9 -205.9 -261.9
994 Next.kz 68.4 109.7 163.2 -171.9 -200.2 -256.5
995 Inv.kwnku 70.1 111.8 165.8 -175.9 -204.2 -260.5
996 rox.KIS 72.8 114.2 168.3 -179.9 -208.2 -264.5
998 Mski 75.9 117.0 171.3 -183.9 -212.2 -268.5
999 Empire 77.8 119.4 174.0 -187.9 -216.2 -272.5
1000 Inv.kwnku 79.5 121.3 176.1 -191.9 -220.2 -276.5
1001 FD 81.2 123.3 178.6 -195.9 -224.2 -280.5
1002 Empire 82.7 125.1 180.8 -199.9 -228.2 -284.5
1003 Kaipi 85.9 129.1 185.0 -203.9 -232.2 -288.5
1007 rox.KIS 89.0 132.0 188.1 -207.9 -236.2 -292.5
1010 Aspera 85.0 128.0 184.1 -200.5 -229.2 -285.9
1011 Imp 81.0 124.0 180.1 -196.5 -224.3 -281.3
1013 Empire 81.0 124.0 180.1 -196.5 -224.3 -281.3
1014 Na'Vi 77.0 120.0 176.1 -191.7 -220.1 -277.3
1015 StayFree 78.7 122.4 178.8 -195.7 -224.1 -281.3
1019 Empire 80.6 124.8 181.5 -199.7 -228.1 -285.3
1023 VG 82.6 127.0 183.7 -203.7 -232.1 -289.3
1024 LGD.cn 84.9 129.0 185.7 -207.7 -236.1 -293.3
1026 PBS 88.3 133.0 189.6 -211.7 -240.1 -297.3
1027 Next.kz 84.3 129.0 185.6 -205.6 -232.5 -290.0
1029 rox.KIS 86.9 132.1 188.9 -209.6 -236.5 -294.0
1031 Empire 89.7 134.8 191.7 -213.6 -240.5 -298.0
1033 LGD.cn 93.3 138.3 195.2 -217.6 -244.5 -302.0
1036 4FC 89.3 134.3 191.2 -211.5 -238.5 -296.6
1038 Aspera 85.3 130.3 187.2 -207.0 -234.0 -292.0
1040 PBS 86.7 132.3 189.5 -211.0 -238.0 -296.0
1044 Quantic 88.7 134.9 192.2 -215.0 -242.0 -300.0
1047 EG 84.7 130.9 188.2 -206.1 -234.0 -293.5
1049 Dreamz 86.6 133.1 190.7 -210.1 -238.0 -297.5
1052 DK 88.2 135.0 192.8 -214.1 -242.0 -301.5
1053 Kaipi 84.2 131.0 188.8 -208.5 -236.6 -296.2
1054 TR 87.9 134.4 192.2 -212.5 -240.6 -300.2
1058 UR 83.9 130.4 188.2 -207.6 -236.0 -295.9
1060 LGD.int 86.1 132.7 190.7 -211.6 -240.0 -299.9
1068 rox.KIS 88.0 134.7 193.0 -215.6 -244.0 -303.9
1069 Poseidon 84.0 130.7 189.0 -208.8 -236.5 -296.4
1078 VP 86.3 133.0 191.5 -212.8 -240.5 -300.4
1080 SYF 88.8 135.0 193.6 -216.8 -244.5 -304.4
1084 Arcanys 84.8 131.0 189.6 -212.4 -238.7 -298.8
1086 MVP 80.8 127.0 185.6 -207.1 -233.1 -293.3
1087 UR 82.7 129.0 187.7 -211.1 -237.1 -297.3
1093 Lowyat 78.7 125.0 183.7 -205.3 -231.3 -291.8
1094 DK 81.0 127.6 186.7 -209.3 -235.3 -295.8
1099 rox.KIS 83.2 129.9 189.2 -213.3 -239.3 -299.8
1100 Aspera 87.2 132.8 192.0 -217.3 -243.3 -303.8
1103 FD 87.2 132.8 192.0 -217.3 -243.3 -303.8
1107 Rain 83.2 128.8 188.0 -212.1 -238.5 -299.2
1108 eN.Legs 84.7 130.8 190.4 -216.1 -242.5 -303.2
1110 bvd.dotA 86.8 133.2 193.2 -220.1 -246.5 -307.2
1113 Imp 88.7 135.9 196.3 -224.1 -250.5 -311.2
1116 NJ&Kids 84.7 131.9 192.3 -219.0 -244.2 -305.0
1119 FD 80.7 127.9 188.3 -212.2 -237.8 -299.1
1124 bvd.dotA 82.7 129.7 190.1 -216.2 -241.8 -303.1
1127 EG 85.0 132.2 192.9 -220.2 -245.8 -307.1
1128 TakeFive 88.2 136.6 197.6 -224.2 -249.8 -311.1
1134 PR 84.2 132.6 193.6 -219.9 -245.8 -307.1
1138 CSW 86.9 135.6 196.9 -223.9 -249.8 -311.1
1139 VT 88.9 138.0 199.6 -227.9 -253.8 -315.1
1140 SYM 84.9 134.0 195.6 -221.8 -247.2 -308.6
1141 EOT 86.2 136.2 198.2 -225.8 -251.2 -312.6
1142 SYF 89.7 139.4 201.3 -229.8 -255.2 -316.6
1145 Fnatic.eu 92.4 141.7 203.7 -233.8 -259.2 -320.6
1148 HR 94.1 143.9 206.3 -237.8 -263.2 -324.6
1150 Speed 96.1 147.1 210.0 -241.8 -267.2 -328.6
1154 Alliance 96.1 147.1 210.0 -241.8 -267.2 -328.6
1160 Na'Vi 92.1 143.1 206.0 -233.8 -261.7 -323.6
1161 FD 93.9 145.1 208.0 -237.8 -265.7 -327.6
1164 Titan 89.9 141.1 204.0 -230.9 -257.6 -319.7
1166 CSW 93.4 144.0 206.9 -234.9 -261.6 -323.7
1167 EOT 95.3 145.9 209.1 -238.9 -265.6 -327.7
1168 LGD.cn 97.1 147.7 211.1 -242.9 -269.6 -331.7
1170 VG 99.2 149.8 213.4 -246.9 -273.6 -335.7
1179 RStars 95.2 145.8 209.4 -237.8 -265.0 -328.0
1180 Empire 91.2 141.8 205.4 -232.6 -260.5 -323.9
1182 Fnatic.eu 95.1 144.8 208.3 -236.6 -264.5 -327.9
1186 iG 97.3 147.6 211.1 -240.6 -268.5 -331.9
1187 StayFree 93.3 143.6 207.1 -235.7 -263.3 -326.4
1193 Speed 89.3 139.6 203.1 -231.2 -258.2 -321.3
1198 Aspera 92.3 142.5 206.2 -235.2 -262.2 -325.3
1199 Menace 94.0 144.4 208.4 -239.2 -266.2 -329.3
1201 Aspera 90.0 140.4 204.4 -234.4 -261.5 -325.0
1207 mouz 86.0 136.4 200.4 -228.1 -255.2 -319.1
1209 MiTH 82.0 132.4 196.4 -221.1 -248.9 -313.3
1211 mouz 78.0 128.4 192.4 -215.4 -243.6 -308.2
1212 Fnatic.eu 79.9 130.6 194.9 -219.4 -247.6 -312.2
1213 Poseidon 75.9 126.6 190.9 -212.1 -239.5 -304.4
1214 VG 71.9 122.6 186.9 -205.9 -232.2 -297.6
1218 CSW 67.9 118.6 182.9 -199.5 -226.4 -292.4
1219 NoX 63.9 114.6 178.9 -194.7 -221.7 -288.0
1227 Empire 65.7 116.8 181.3 -198.7 -225.7 -292.0
1229 StayFree 61.7 112.8 177.3 -192.0 -220.1 -287.2
1231 TTD 57.7 108.8 173.3 -184.7 -211.4 -279.3
1234 VG 59.6 111.0 175.9 -188.7 -215.4 -283.3
1236 Speed 59.6 111.0 175.9 -188.7 -215.4 -283.3
1239 RStars 61.0 113.0 178.4 -192.7 -219.4 -287.3
1240 Na'Vi 62.7 114.8 180.4 -196.7 -223.4 -291.3
1242 mouz 64.3 116.8 182.7 -200.7 -227.4 -295.3
1244 Sigma.int 66.0 119.4 186.0 -204.7 -231.4 -299.3
1246 Liquid 68.6 122.2 189.0 -208.7 -235.4 -303.3
1249 Alliance 64.6 118.2 185.0 -204.7 -231.3 -299.1
1251 UR 66.1 120.1 187.1 -208.7 -235.3 -303.1
1254 Startale 66.1 120.1 187.1 -208.7 -235.3 -303.1
1255 Empire 68.1 122.2 189.4 -212.7 -239.3 -307.1
1259 Sigma.int 70.1 124.9 192.4 -216.7 -243.3 -311.1
1260 Sigma.int 66.1 120.9 188.4 -212.5 -238.8 -306.7
1261 mouz 62.1 116.9 184.4 -204.5 -232.9 -301.2
1265 Fnatic.eu 58.1 112.9 180.4 -196.4 -225.4 -294.6
1270 MiTH 60.8 115.2 183.0 -200.4 -229.4 -298.6
1271 SYF 63.1 117.8 186.1 -204.4 -233.4 -302.6
1272 iG 65.1 120.3 188.9 -208.4 -237.4 -306.6
1275 FXopen 66.8 122.3 191.0 -212.4 -241.4 -310.6
1277 Mski 62.8 118.3 187.0 -207.8 -237.6 -307.0
1280 MiTH 62.8 118.3 187.0 -207.8 -237.6 -307.0
1281 Speed 65.6 121.3 190.2 -211.8 -241.6 -311.0
1286 LGD.int 67.7 123.9 192.9 -215.8 -245.6 -315.0
1288 Alliance 69.5 125.8 194.8 -219.8 -249.6 -319.0
1289 Titan 65.5 121.8 190.8 -214.7 -244.6 -314.1
1290 Lowyat 61.5 117.8 186.8 -208.6 -239.0 -308.7
1291 PR 64.9 120.4 189.5 -212.6 -243.0 -312.7
1295 Fnatic.eu 60.9 116.4 185.5 -207.7 -238.3 -308.3
1297 EG 63.3 118.7 188.1 -211.7 -242.3 -312.3
1298 Titan 66.0 121.7 191.5 -215.7 -246.3 -316.3
1300 4FC 68.0 123.8 193.9 -219.7 -250.3 -320.3
1302 DK 70.2 126.3 196.6 -223.7 -254.3 -324.3
1304 Empire 73.6 129.2 199.3 -227.7 -258.3 -328.3
1309 4FC 75.8 131.1 201.4 -231.7 -262.3 -332.3
1311 Sleisel 71.8 127.1 197.4 -227.7 -258.0 -328.1
1312 Arteezy 73.8 129.1 199.6 -231.7 -262.0 -332.1
1313 EG 69.8 125.1 195.6 -226.1 -256.1 -326.7
1319 Empire 71.9 126.7 197.2 -230.1 -260.1 -330.7
1320 Orange 75.6 129.5 199.8 -234.1 -264.1 -334.7
1330 Na'Vi 77.6 131.3 201.8 -238.1 -268.1 -338.7
1337 Startale 80.1 133.7 204.5 -242.1 -272.1 -342.7
1343 Fnatic.eu 76.1 129.7 200.5 -234.1 -263.0 -334.2
1349 Alliance 72.1 125.7 196.5 -230.2 -258.9 -329.8
1350 Fnatic.eu 68.1 121.7 192.5 -224.6 -253.0 -323.8
1358 VP 64.1 117.7 188.5 -218.7 -247.4 -318.5
1363 Speed 66.2 119.7 190.9 -222.7 -251.4 -322.5
1364 Na'Vi 68.0 121.6 192.9 -226.7 -255.4 -326.5
1367 Liquid 69.6 123.5 195.1 -230.7 -259.4 -330.5
1374 VP 73.1 127.3 198.8 -234.7 -263.4 -334.5
1375 Startale 69.1 123.3 194.8 -224.2 -256.8 -329.0
1378 Imp 71.9 126.8 198.5 -228.2 -260.8 -333.0
1385 Na'Vi 67.9 122.8 194.5 -222.1 -255.6 -328.3
1387 LGD.cn 71.0 126.0 197.8 -226.1 -259.6 -332.3
1392 EG 73.9 129.4 201.2 -230.1 -263.6 -336.3
1393 Fnatic.eu 77.2 132.1 203.9 -234.1 -267.6 -340.3
1394 LGD.cn 80.8 136.2 207.8 -238.1 -271.6 -344.3
1395 iG 84.2 139.0 210.7 -242.1 -275.6 -348.3
1398 Alliance 80.2 135.0 206.7 -237.5 -271.0 -343.7
1400 VP 82.1 137.2 209.3 -241.5 -275.0 -347.7
1402 Liquid 84.2 139.4 211.6 -245.5 -279.0 -351.7
1406 EG 80.2 135.4 207.6 -237.0 -271.7 -345.6
1408 Liquid 81.9 137.3 209.7 -241.0 -275.7 -349.6
1409 Liquid 77.9 133.3 205.7 -236.0 -270.7 -344.8
1416 Liquid 79.7 135.1 207.6 -240.0 -274.7 -348.8
1420 FD 83.2 138.0 210.8 -244.0 -278.7 -352.8
1422 EG 79.2 134.0 206.8 -240.0 -274.4 -348.5
1428 EG 75.2 130.0 202.8 -232.5 -266.0 -340.3
1433 iG 71.2 126.0 198.8 -225.5 -260.0 -335.0
1434 MiTH 74.3 128.8 201.6 -229.5 -264.0 -339.0
1435 mouz 77.8 131.9 204.6 -233.5 -268.0 -343.0
1437 Liquid 79.8 134.1 207.0 -237.5 -272.0 -347.0
1440 Alliance 82.3 136.8 210.0 -241.5 -276.0 -351.0
1441 PR 78.3 132.8 206.0 -233.6 -268.0 -343.2
1444 Fnatic.eu 74.3 128.8 202.0 -229.2 -264.0 -339.3
1445 Speed 76.1 131.2 204.7 -233.2 -268.0 -343.3
1446 mouz 72.1 127.2 200.7 -225.9 -261.7 -337.5
1447 FD 68.1 123.2 196.7 -217.7 -254.0 -330.3
1448 MiTH 64.1 119.2 192.7 -211.5 -247.2 -323.9
1449 Titan 66.0 120.9 194.5 -215.5 -251.2 -327.9
1453 Liquid 68.4 123.6 197.3 -219.5 -255.2 -331.9
1463 Na'Vi 70.5 125.5 199.3 -223.5 -259.2 -335.9
1467 Sigma.int 66.5 121.5 195.3 -218.5 -253.6 -330.4
1468 Alliance 68.3 123.4 197.3 -222.5 -257.6 -334.4
1469 Alliance 68.3 123.4 197.3 -222.5 -257.6 -334.4
1471 Mts 64.3 119.4 193.3 -213.7 -251.0 -329.0
1472 rox.KIS 60.3 115.4 189.3 -205.3 -245.0 -323.8
1481 DK 56.3 111.4 185.3 -196.0 -236.8 -317.1
1484 DK 58.2 113.6 187.8 -200.0 -240.8 -321.1
1485 EG 54.2 109.6 183.8 -192.7 -234.1 -314.7
1486 Sigma.int 50.2 105.6 179.8 -188.5 -229.1 -309.6
1487 VG 52.3 108.0 182.5 -192.5 -233.1 -313.6
1488 Imp 54.1 110.0 185.0 -196.5 -237.1 -317.6
1491 Fnatic.eu 57.3 113.4 188.7 -200.5 -241.1 -321.6
1493 Sigma.int 53.3 109.4 184.7 -195.6 -235.5 -316.0
1496 Sigma.int 55.2 111.7 187.4 -199.6 -239.5 -320.0
1502 DK 58.5 115.7 191.6 -203.6 -243.5 -324.0
1503 Speed 61.0 117.8 194.0 -207.6 -247.5 -328.0
1504 Sigma.int 64.0 121.0 197.3 -211.6 -251.5 -332.0
1505 Na'Vi 60.0 117.0 193.3 -207.2 -247.1 -327.9
1509 Speed 63.4 120.6 197.0 -211.2 -251.1 -331.9
1514 Fnatic.eu 59.4 116.6 193.0 -205.3 -245.3 -326.0
1516 DK 55.4 112.6 189.0 -201.1 -240.2 -320.9
1517 Speed 58.5 115.7 192.2 -205.1 -244.2 -324.9
1519 Orange 61.8 118.3 194.8 -209.1 -248.2 -328.9
1520 Titan 64.4 120.8 197.4 -213.1 -252.2 -332.9
1521 Next.kz 66.2 122.9 199.9 -217.1 -256.2 -336.9
1522 Next.kz 62.2 118.9 195.9 -210.7 -250.0 -331.3
1525 mouz 65.0 121.6 198.7 -214.7 -254.0 -335.3
1526 TongFu3 67.4 124.1 201.5 -218.7 -258.0 -339.3
1532 Poseidon 63.4 120.1 197.5 -213.5 -252.7 -334.6
1534 Poseidon 65.3 122.0 199.6 -217.5 -256.7 -338.6
1535 Venum 67.3 124.5 202.4 -221.5 -260.7 -342.6
1536 Hearts 71.0 127.6 205.5 -225.5 -264.7 -346.6
1538 NoX 67.0 123.6 201.5 -218.0 -256.3 -338.8
1539 Next.kz 69.7 125.9 203.9 -222.0 -260.3 -342.8
1540 Next.kz 72.3 128.6 206.9 -226.0 -264.3 -346.8
1541 PR 68.3 124.6 202.9 -219.3 -258.2 -341.3
1542 rox.KIS 70.6 127.1 205.8 -223.3 -262.2 -345.3
1543 Fnatic.eu 73.2 129.5 208.3 -227.3 -266.2 -349.3
1544 SSD 74.9 131.4 210.4 -231.3 -270.2 -353.3
1554 Alliance 76.8 133.2 212.3 -235.3 -274.2 -357.3
1555 Mski 80.5 137.1 216.2 -239.3 -278.2 -361.3
1556 LGD.cn 84.0 140.7 219.9 -243.3 -282.2 -365.3
1558 FD 80.0 136.7 215.9 -237.7 -277.2 -360.6
1559 Na'Vi 80.0 136.7 215.9 -237.7 -277.2 -360.6
1560 EOT 82.0 138.7 218.1 -241.7 -281.2 -364.6
1561 Na'Vi 84.7 141.2 220.7 -245.7 -285.2 -368.6
1562 VG 80.7 137.2 216.7 -238.7 -275.5 -359.5
1563 FL 83.7 140.2 220.1 -242.7 -279.5 -363.5
1564 Mski 87.2 143.1 223.0 -246.7 -283.5 -367.5
1565 NSG 83.2 139.1 219.0 -242.0 -277.6 -361.6
1569 Next.kz 79.2 135.1 215.0 -235.9 -270.8 -355.3
1570 SSD 75.2 131.1 211.0 -231.9 -266.3 -350.6
1571 PR 78.0 133.8 213.8 -235.9 -270.3 -354.6
1573 iG 79.8 135.7 216.1 -239.9 -274.3 -358.6
1575 iG 75.8 131.7 212.1 -235.5 -269.9 -354.2
1577 MVP.P 79.1 134.6 214.9 -239.5 -273.9 -358.2
1584 SSD 81.5 137.4 217.8 -243.5 -277.9 -362.2
1588 LGD.cn 77.5 133.4 213.8 -239.2 -272.1 -355.9
1591 VG 73.5 129.4 209.8 -235.1 -267.8 -351.6
1592 VG 77.2 133.1 213.7 -239.1 -271.8 -355.6
1595 Idol 73.2 129.1 209.7 -233.0 -263.9 -347.5
1596 Kawai 69.2 125.1 205.7 -228.7 -259.4 -342.8
1597 Empire 71.0 126.9 207.5 -232.7 -263.4 -346.8
1599 OsG 67.0 122.9 203.5 -223.9 -255.6 -339.7
1601 SSD 70.3 125.8 206.4 -227.9 -259.6 -343.7
1602 VP 72.0 127.7 208.4 -231.9 -263.6 -347.7
1605 VG 74.4 130.6 211.6 -235.9 -267.6 -351.7
1606 CSW 70.4 126.6 207.6 -231.4 -263.9 -347.8
1609 Empire 74.7 130.1 211.0 -235.4 -267.9 -351.8
1610 VP 78.0 133.8 214.9 -239.4 -271.9 -355.8
1612 Fnatic.eu 79.9 135.7 217.1 -243.4 -275.9 -359.8
1615 Speed 82.8 138.5 220.2 -247.4 -279.9 -363.8
1617 Siltherin 84.8 140.8 222.8 -251.4 -283.9 -367.8
1619 XctN 87.1 143.4 225.6 -255.4 -287.9 -371.8
1622 Aspera 83.1 139.4 221.6 -249.3 -281.5 -365.8
1623 SSD 85.0 141.3 223.6 -253.3 -285.5 -369.8
1625 Idol 81.0 137.3 219.6 -244.2 -276.7 -362.1
1627 MVP 83.0 139.0 221.4 -248.2 -280.7 -366.1
1630 Na'Vi 85.6 141.3 223.9 -252.2 -284.7 -370.1
1632 Fnatic.eu 81.6 137.3 219.9 -246.5 -278.9 -364.3
1633 Startale 85.1 140.0 222.4 -250.5 -282.9 -368.3
1635 VG 81.1 136.0 218.4 -245.4 -275.7 -360.6
1637 Na'Vi 83.0 137.8 220.3 -249.4 -279.7 -364.6
1638 VG 86.0 142.1 225.0 -253.4 -283.7 -368.6
1639 Fnatic.eu 82.0 138.1 221.0 -247.6 -277.9 -363.4
1640 FD 85.1 141.7 224.6 -251.6 -281.9 -367.4
1642 MiTH 86.8 143.8 226.8 -255.6 -285.9 -371.4
1643 VG 89.2 146.9 230.2 -259.6 -289.9 -375.4
1644 iG 85.2 142.9 226.2 -253.6 -284.4 -370.1
1645 RRQ 87.6 145.2 228.6 -257.6 -288.4 -374.1
1646 RRQ 83.6 141.2 224.6 -253.3 -283.5 -368.9
1647 MiTH 79.6 137.2 220.6 -247.6 -278.3 -364.4
1648 Poseidon 75.6 133.2 216.6 -239.2 -269.9 -356.3
1649 VP 79.3 137.2 220.5 -243.2 -273.9 -360.3
1650 VP 81.2 139.4 222.7 -247.2 -277.9 -364.3
1655 RRQ 83.7 141.3 224.6 -251.2 -281.9 -368.3
1659 Alliance 79.7 137.3 220.6 -246.9 -277.2 -363.7
1661 Alliance 82.4 140.1 223.6 -250.9 -281.2 -367.7
1666 Lowyat 78.4 136.1 219.6 -244.2 -275.5 -362.6
1669 Neon 74.4 132.1 215.6 -235.5 -267.4 -355.6
1670 MiTH 78.5 135.9 218.9 -239.5 -271.4 -359.6
1671 Neon 81.9 139.2 222.4 -243.5 -275.4 -363.6
1672 MiTH 83.8 141.1 224.5 -247.5 -279.4 -367.6
1673 rox.KIS 86.6 144.4 228.2 -251.5 -283.4 -371.6
1675 Empire 90.2 148.2 232.1 -255.5 -287.4 -375.6
1680 Mski 93.5 151.1 235.0 -259.5 -291.4 -379.6
1702 DK 97.0 154.5 238.4 -263.5 -295.4 -383.6
1703 DK 93.0 150.5 234.4 -258.2 -290.5 -378.9
1704 Alliance 95.7 153.2 237.3 -262.2 -294.5 -382.9
1705 Next.kz 97.4 155.1 239.5 -266.2 -298.5 -386.9
1710 Speed 93.4 151.1 235.5 -260.1 -292.3 -381.0
1710 Speed 89.4 147.1 231.5 -253.6 -285.8 -375.1
1715 Poseidon 85.4 143.1 227.5 -247.9 -280.4 -369.8
1715 Poseidon 81.4 139.1 223.5 -243.4 -275.8 -365.8
1716 rox.KIS 83.8 141.8 226.3 -247.4 -279.8 -369.8
1716 rox.KIS 86.4 144.4 229.2 -251.4 -283.8 -373.8
1717 VP 90.1 147.9 232.7 -255.4 -287.8 -377.8
1717 VP 94.4 151.5 236.1 -259.4 -291.8 -381.8
1718 Fnatic.eu 90.4 147.5 232.1 -253.0 -284.9 -376.0
1718 Fnatic.eu 86.4 143.5 228.1 -246.1 -278.3 -370.2
1729 Sigma.int 86.4 143.5 228.1 -246.1 -278.3 -370.2
1732 rox.KIS 82.4 139.5 224.1 -240.2 -271.0 -362.9
1734 PR 85.9 143.1 227.8 -244.2 -275.0 -366.9
1737 MiTH 81.9 139.1 223.8 -239.3 -268.9 -361.1
1738 Lowyat 84.0 140.9 225.7 -243.3 -272.9 -365.1
1739 5inQ 80.0 136.9 221.7 -235.5 -265.1 -358.7
1740 LGD.cn 76.0 132.9 217.7 -229.1 -259.5 -353.9
1741 VP 79.8 136.7 221.4 -233.1 -263.5 -357.9
1743 Na'Vi 81.5 138.8 223.8 -237.1 -267.5 -361.9
1748 Idol 77.5 134.8 219.8 -232.8 -262.4 -356.9
1749 FD 73.5 130.8 215.8 -228.5 -257.3 -351.5
1756 TongFu 69.5 126.8 211.8 -220.7 -250.4 -345.8
1757 iG 73.0 130.4 215.7 -224.7 -254.4 -349.8
1759 FD 76.1 133.9 219.6 -228.7 -258.4 -353.8
1762 TR 72.1 129.9 215.6 -219.3 -250.1 -346.6
1767 rox.KIS 74.8 133.0 219.1 -223.3 -254.1 -350.6
1769 XctN 70.8 129.0 215.1 -218.3 -248.4 -345.1
1770 5inQ 72.5 131.6 218.1 -222.3 -252.4 -349.1
1773 FD 74.6 133.4 220.1 -226.3 -256.4 -353.1
1775 RRQ 70.6 129.4 216.1 -220.7 -251.5 -348.6
1778 FSid3 66.6 125.4 212.1 -214.7 -244.9 -342.1
1781 FD 68.3 127.3 214.2 -218.7 -248.9 -346.1
1782 Mski 72.1 130.8 217.7 -222.7 -252.9 -350.1
1787 Sigma.int 74.6 133.3 220.3 -226.7 -256.9 -354.1
1789 Na'Vi 77.5 136.0 223.1 -230.7 -260.9 -358.1
1792 Empire 73.5 132.0 219.1 -222.8 -253.2 -351.2
1794 Mski 69.5 128.0 215.1 -217.7 -247.6 -345.9
1796 Titan 72.0 130.7 217.7 -221.7 -251.6 -349.9
1798 OsG 74.3 133.4 220.5 -225.7 -255.6 -353.9
1799 VP 70.3 129.4 216.5 -217.0 -248.9 -348.1
1810 TR 66.3 125.4 212.5 -212.2 -243.7 -342.9
1813 DK 68.6 127.9 215.2 -216.2 -247.7 -346.9
1816 TongFu 64.6 123.9 211.2 -210.6 -242.6 -342.5
1818 FD 66.8 126.0 213.3 -214.6 -246.6 -346.5
1819 rox.KIS 69.2 128.3 215.8 -218.6 -250.6 -350.5
1824 Empire 72.4 131.5 219.3 -222.6 -254.6 -354.5
1830 mouz 74.6 133.7 221.5 -226.6 -258.6 -358.5
1831 rox.KIS 70.6 129.7 217.5 -217.6 -251.1 -351.5
1832 TR 74.0 132.9 220.9 -221.6 -255.1 -355.5
1835 iG 70.0 128.9 216.9 -217.7 -250.9 -350.9
1838 Titan 66.0 124.9 212.9 -211.4 -244.2 -344.4
1839 Sigma.int 62.0 120.9 208.9 -202.6 -235.7 -336.5
1841 SSD 63.8 122.9 211.1 -206.6 -239.7 -340.5
1843 iG 65.8 125.3 213.7 -210.6 -243.7 -344.5
1844 VG 61.8 121.3 209.7 -204.8 -238.7 -339.8
1848 TongFu 63.5 123.4 212.1 -208.8 -242.7 -343.8
1849 PBS 65.2 125.6 214.7 -212.8 -246.7 -347.8
1854 SSD 61.2 121.6 210.7 -205.9 -238.5 -340.0
1858 Empire 63.5 124.3 212.1 -209.9 -242.5 -344.0
1864 Revenge 65.8 126.8 214.9 -213.9 -246.5 -348.0
1866 Sigma.int 67.7 129.1 216.5 -217.9 -250.5 -352.0
1869 FSid3 63.7 125.1 212.5 -210.1 -243.0 -345.7
1871 Relax 65.4 126.9 214.7 -214.1 -247.0 -349.7
1872 rox.KIS 61.4 122.9 210.7 -209.5 -242.2 -345.0
1873 PBS 57.4 118.9 206.7 -203.2 -235.6 -341.5
1876 GB 59.2 120.8 208.9 -207.2 -239.6 -345.5
1880 VG 55.2 116.8 204.9 -200.6 -232.2 -338.4
1881 LGD.cn 58.5 120.6 206.8 -204.6 -236.2 -342.4
1882 Swage 62.2 124.5 209.5 -208.6 -240.2 -346.4
1883 iG 58.2 120.5 205.5 -200.2 -232.7 -336.7
1888 SMM 61.4 123.4 208.6 -204.2 -236.7 -340.7
1890 LGD.cn 57.4 119.4 204.6 -197.7 -230.8 -335.2
1891 Lowyat 53.4 115.4 200.6 -193.1 -226.2 -330.7
1892 nAra 49.4 111.4 196.6 -185.3 -219.4 -322.3
1895 Fnatic.eu 45.4 107.4 192.6 -180.7 -215.5 -313.6
1896 XctN 41.4 103.4 188.6 -175.3 -209.6 -308.1
1897 Idol 37.4 99.4 184.6 -169.4 -203.6 -302.4
1899 LGD.cn 39.9 102.0 186.6 -173.4 -207.6 -306.4
1900 PBS 42.1 104.4 189.2 -177.4 -211.6 -310.4
1902 Idol 38.1 100.4 185.2 -172.7 -207.0 -306.3
1904 Mastery 34.1 96.4 181.2 -166.2 -200.7 -298.8
1905 Swage 30.1 92.4 177.2 -158.6 -194.0 -292.8
1907 EOT 33.0 95.7 179.5 -162.6 -198.0 -296.8
1908 Sigma.int 29.0 91.7 175.5 -157.7 -192.6 -291.2
1909 Mski 32.1 95.3 178.2 -161.7 -196.6 -295.2
1912 Orange 34.2 97.3 180.2 -165.7 -200.6 -299.2
1914 rox.KIS 36.0 99.1 182.2 -169.7 -204.6 -303.2
1918 Orange 38.1 101.0 184.1 -173.7 -208.6 -307.2
1920 Mski 34.1 97.0 180.1 -165.4 -202.1 -301.2
1921 VP 36.6 99.4 182.4 -169.4 -206.1 -305.2
1922 VP 32.6 95.4 178.4 -164.5 -201.3 -300.8
1924 Sigma.int 34.9 98.1 180.1 -168.5 -205.3 -304.8
1926 PR 37.5 100.2 182.3 -172.5 -209.3 -308.8
1930 Alliance 39.6 102.3 184.7 -176.5 -213.3 -312.8
1931 Swage 35.6 98.3 180.7 -168.5 -206.0 -306.2
1932 Empire 35.6 98.3 180.7 -168.5 -206.0 -306.2
1933 Alliance 37.8 100.5 183.1 -172.5 -210.0 -310.2
1937 Na'Vi 39.6 102.5 185.3 -176.5 -214.0 -314.2
1938 DK 42.1 105.2 188.2 -180.5 -218.0 -318.2
1940 Na'Vi 38.1 101.2 184.2 -175.3 -213.7 -313.9
1941 Zephyr 40.2 103.8 185.4 -179.3 -217.7 -317.9
1942 VP 43.6 106.7 188.3 -183.3 -221.7 -321.9
1943 PR 45.5 108.6 190.5 -187.3 -225.7 -325.9
1944 VP 47.4 110.7 192.0 -191.3 -229.7 -329.9
1946 PR 43.4 106.7 188.0 -184.7 -222.6 -323.3
1947 Relax 39.4 102.7 184.0 -177.7 -215.7 -317.2
1955 Life 42.2 106.2 185.7 -181.7 -219.7 -321.2
1960 Empire 43.9 108.0 187.9 -185.7 -223.7 -325.2
1962 Fnatic.eu 46.2 110.4 190.3 -189.7 -227.7 -329.2
1966 Speed 49.0 113.7 194.0 -193.7 -231.7 -333.2
1968 Denial 51.3 116.3 196.9 -197.7 -235.7 -337.2
1969 hehe 54.2 119.7 200.6 -201.7 -239.7 -341.2
1970 hehe 56.3 121.8 202.5 -205.7 -243.7 -345.2
1974 bvd.dotA 52.3 117.8 198.5 -200.5 -238.8 -341.9
1976 Relax 48.3 113.8 194.5 -195.3 -234.0 -334.9
1977 Empire 44.3 109.8 190.5 -190.4 -229.1 -330.4
1978 eHug 47.2 113.2 192.0 -194.4 -233.1 -334.4
1979 Empire 49.5 116.0 195.1 -198.4 -237.1 -338.4
1980 Empire 52.9 120.2 199.6 -202.4 -241.1 -342.4
1983 SADBOYS 48.9 116.2 195.6 -195.3 -232.5 -333.8
1986 eHug 44.9 112.2 191.6 -189.2 -226.4 -327.9
1987 Empire 40.9 108.2 187.6 -182.9 -220.9 -319.9
1988 Liquid 36.9 104.2 183.6 -175.4 -214.3 -313.3
1991 PR 38.9 106.3 185.8 -179.4 -218.3 -317.3
1993 Liquid 42.0 109.7 189.5 -183.4 -222.3 -321.3
1994 Fnatic.eu 38.0 105.7 185.5 -178.9 -218.3 -317.4
1996 TR 34.0 101.7 181.5 -170.9 -210.8 -310.5
2000 UG 30.0 97.7 177.5 -165.8 -205.9 -305.1
2002 Swage 32.9 100.8 179.1 -169.8 -209.9 -309.1
2003 Empire 28.9 96.8 175.1 -163.6 -204.5 -300.6
2004 Empire 31.8 99.7 178.5 -167.6 -208.5 -304.6
2005 5inQ 34.4 102.6 180.0 -171.6 -212.5 -308.6
2006 Empire 30.4 98.6 176.0 -167.5 -208.5 -302.6
2008 SADBOYS 26.4 94.6 172.0 -160.2 -201.4 -295.5
2011 PR 22.4 90.6 168.0 -154.6 -196.7 -291.0
2013 Empire 24.7 92.9 170.3 -158.6 -200.7 -295.0
2016 Revenge 26.6 94.9 172.4 -162.6 -204.7 -299.0
2020 PR 28.4 96.8 174.4 -166.6 -208.7 -303.0
2025 D4D 31.5 100.0 176.7 -170.6 -212.7 -307.0
2026 Execration 33.5 102.3 179.3 -174.6 -216.7 -311.0
2028 Next.kz 29.5 98.3 175.3 -166.2 -209.1 -304.0
2030 Empire 33.0 101.7 178.8 -170.2 -213.1 -308.0
2031 Sigma.int 29.0 97.7 174.8 -163.8 -206.6 -301.4
2033 eHug 25.0 93.7 170.8 -157.3 -199.9 -294.8
2036 Zephyr 28.0 97.0 174.3 -161.3 -203.9 -298.8
2038 SADBOYS 32.1 101.2 177.6 -165.3 -207.9 -302.8
2039 Speed 28.1 97.2 173.6 -158.9 -201.5 -296.3
2043 Liquid 30.6 99.8 174.9 -162.9 -205.5 -300.3
2044 Arrow 32.9 102.6 176.3 -166.9 -209.5 -304.3
2046 Empire 36.4 106.1 179.9 -170.9 -213.5 -308.3
2049 GL 38.5 108.4 181.5 -174.9 -217.5 -312.3
2051 Nullis 40.5 110.5 183.8 -178.9 -221.5 -316.3
2052 Nullis 36.5 106.5 179.8 -171.1 -214.4 -307.4
2057 Aura 38.7 108.9 182.4 -175.1 -218.4 -311.4
2060 Fnatic.eu 34.7 104.9 178.4 -170.5 -214.2 -307.4
2062 PR 30.7 100.9 174.4 -164.0 -208.0 -301.5
2069 VP 26.7 96.9 170.4 -157.7 -202.2 -295.5
2070 rox.KIS 22.7 92.9 166.4 -150.6 -195.7 -285.8
2071 Cloud9 25.8 96.3 168.5 -154.6 -199.7 -289.8
2072 About 21.8 92.3 164.5 -147.2 -192.6 -282.1
2073 4FC 23.6 94.4 166.0 -151.2 -196.6 -286.1
2075 Liquid 19.6 90.4 162.0 -144.0 -190.6 -277.0
2078 Empire 22.1 93.0 164.0 -148.0 -194.6 -281.0
2084 hehe 18.1 89.0 160.0 -143.4 -189.8 -276.5
2085 Next.kz 21.2 92.0 164.7 -147.4 -193.8 -280.5
2086 PssT 17.2 88.0 160.7 -140.1 -188.0 -271.9
2088 SADBOYS 20.3 91.7 163.1 -144.1 -192.0 -275.9
2091 Zephyr 23.1 94.6 166.2 -148.1 -196.0 -279.9
2092 Empire 19.1 90.6 162.2 -143.8 -191.6 -275.6
2094 Insane 15.1 86.6 158.2 -136.0 -184.6 -269.4
2096 neXt! 11.1 82.6 154.2 -130.2 -179.2 -265.0
2099 rox.KIS 13.1 84.5 156.1 -134.2 -183.2 -269.0
2101 ZR 16.2 88.1 158.2 -138.2 -187.2 -273.0
2103 JnRun 12.2 84.1 154.2 -133.5 -182.4 -268.1
2104 Arrow 8.2 80.1 150.2 -124.5 -173.5 -260.2
2105 Mongolz 11.7 83.7 152.7 -128.5 -177.5 -264.2
2106 Panthers 14.2 86.4 155.8 -132.5 -181.5 -268.2
2112 DUZA 16.7 89.0 158.4 -136.5 -185.5 -272.2
2114 VP 19.4 92.0 161.6 -140.5 -189.5 -276.2
2115 Mongolz 15.4 88.0 157.6 -134.1 -182.7 -269.8
2117 Titan 17.5 90.5 159.1 -138.1 -186.7 -273.8
2122 4FC 20.8 93.7 162.0 -142.1 -190.7 -277.8
2124 neXt! 16.8 89.7 158.0 -135.7 -183.8 -270.6
2126 ZR 19.0 92.0 160.1 -139.7 -187.8 -274.6
2129 vhoul 21.5 94.7 161.9 -143.7 -191.8 -278.6
2135 rox.KIS 23.5 96.9 164.4 -147.7 -195.8 -282.6
2140 PssT 19.5 92.9 160.4 -140.3 -187.8 -275.3
2142 MVP.P 23.0 95.7 163.2 -144.3 -191.8 -279.3
2146 Fnatic.eu 24.9 97.8 164.9 -148.3 -195.8 -283.3
2150 VP 20.9 93.8 160.9 -143.5 -191.3 -278.2
2151 Insane 16.9 89.8 156.9 -138.7 -186.2 -272.9
2154 ZR 12.9 85.8 152.9 -133.0 -180.7 -268.0
2155 MYM 14.6 87.4 154.8 -137.0 -184.7 -272.0
2161 Osiris 10.6 83.4 150.8 -129.2 -177.7 -268.1
2164 Puck 6.6 79.4 146.8 -122.9 -170.7 -261.3
2166 DUZA 2.6 75.4 142.8 -115.5 -163.7 -254.8
2167 Scythe 5.4 78.6 144.5 -119.5 -167.7 -258.8
2168 Dignotoss 8.3 82.2 148.3 -123.5 -171.7 -262.8
2169 WWD 10.6 84.9 149.6 -127.5 -175.7 -266.8
2176 neXt! 6.6 80.9 145.6 -121.1 -169.9 -261.3
2179 PR 9.0 83.5 147.4 -125.1 -173.9 -265.3
2180 Puck 5.0 79.5 143.4 -118.2 -167.8 -256.9
2182 MM 7.7 82.4 145.0 -122.2 -171.8 -260.9
2183 4N 3.7 78.4 141.0 -117.3 -166.9 -256.2
2184 Swage -0.3 74.4 137.0 -112.7 -163.2 -251.1
2186 RRQ -4.3 70.4 133.0 -107.0 -158.2 -243.3
2189 Dignotoss -8.3 66.4 129.0 -102.2 -153.6 -237.3
2191 Orange -6.2 68.5 131.1 -106.2 -157.6 -241.3
2192 PR -10.2 64.5 127.1 -99.3 -151.4 -236.1
2193 Na'Vi -8.3 66.2 128.8 -103.3 -155.4 -240.1
2194 Zephyr -5.6 69.0 131.1 -107.3 -159.4 -244.1
2196 Dog -9.6 65.0 127.1 -103.6 -154.6 -238.8
2201 eN.Legs -7.4 67.2 129.3 -107.6 -158.6 -242.8
2202 neXt! -5.0 69.7 131.6 -111.6 -162.6 -246.8
2203 BIP -2.4 72.7 133.3 -115.6 -166.6 -250.8
2206 Mski -2.4 72.7 133.3 -115.6 -166.6 -250.8
2207 PR -6.4 68.7 129.3 -111.1 -162.0 -246.5
2209 DT.NGC -10.4 64.7 125.3 -105.8 -156.9 -242.2
2219 rox.KIS -14.4 60.7 121.3 -100.4 -151.7 -237.1
2223 Sigma.int -10.6 64.4 125.2 -104.4 -155.7 -241.1
2225 Empire -14.6 60.4 121.2 -98.7 -148.3 -233.4
2230 Orange -12.4 62.5 123.4 -102.7 -152.3 -237.4
2231 Arrow -10.4 64.9 125.1 -106.7 -156.3 -241.4
2232 Relax -6.7 67.9 127.9 -110.7 -160.3 -245.4
2233 CIS -4.0 70.9 130.6 -114.7 -164.3 -249.4
2234 5inQ -1.4 73.0 132.8 -118.7 -168.3 -253.4
2240 Spirit -5.4 69.0 128.8 -110.9 -160.5 -244.3
2245 MYM -2.6 72.0 132.1 -114.9 -164.5 -248.3
2246 Execration 1.3 75.9 135.0 -118.9 -168.5 -252.3
2247 Cloud9 4.5 79.6 137.0 -122.9 -172.5 -256.3
2248 DT.NGC 6.2 81.6 139.4 -126.9 -176.5 -260.3
2250 Execration 2.2 77.6 135.4 -122.0 -171.5 -255.8
2252 FD 4.5 80.0 137.3 -126.0 -175.5 -259.8
2254 Fnatic.eu 7.4 83.0 140.5 -130.0 -179.5 -263.8
2255 rox.KIS 9.9 85.4 142.9 -134.0 -183.5 -267.8
2258 Arrow 5.9 81.4 138.9 -125.7 -176.7 -262.1
2259 VG 8.6 84.2 140.7 -129.7 -180.7 -266.1
2262 Mski 10.6 86.4 142.4 -133.7 -184.7 -270.1
2263 Cloud9 12.8 89.0 145.3 -137.7 -188.7 -274.1
2270 RRQ 8.8 85.0 141.3 -130.3 -181.4 -267.1
2271 Titan 10.6 86.9 143.1 -134.3 -185.4 -271.1
2272 Arrow 13.6 90.5 147.1 -138.3 -189.4 -275.1
2281 Titan 16.2 92.6 149.1 -142.3 -193.4 -279.1
2286 Cloud9 18.9 95.2 152.6 -146.3 -197.4 -283.1
2287 VG 14.9 91.2 148.6 -140.7 -191.8 -279.4
2291 Na'Vi 17.3 93.6 151.7 -144.7 -195.8 -283.4
