0 0 0.0 0.0 0.0 0.0 0.0 0.0
14 Alliance -4.0 -4.0 -4.0 4.7 4.7 4.1
15 Fnatic -0.5 -0.5 -1.5 0.7 0.7 0.1
16 Empire -4.5 -4.5 -5.5 5.3 5.6 5.1
17 Turtle -1.9 -2.0 -2.7 1.3 1.6 1.1
22 Dignitas 1.6 1.4 0.9 -2.7 -2.4 -2.9
28 Quantic -2.4 -2.6 -3.1 3.9 4.7 3.7
31 Liquid -0.7 -0.7 -1.0 -0.1 0.7 -0.3
33 Dignitas -4.7 -4.7 -5.0 4.1 4.4 4.1
34 EG -8.7 -8.7 -9.0 12.3 11.3 10.6
36 Next.kz -8.7 -8.7 -9.0 12.3 11.3 10.6
37 mouz -12.7 -12.7 -13.0 17.0 15.3 14.9
39 VP -16.7 -16.7 -17.0 22.9 21.4 20.4
42 Liquid -20.7 -20.7 -21.0 28.6 27.0 25.3
45 Quantic -18.7 -18.3 -18.7 24.6 23.0 21.3
46 GU.pe -15.2 -14.5 -14.7 20.6 19.0 17.3
47 VP -19.2 -18.5 -18.7 25.3 23.5 21.1
52 Fnatic.eu -23.2 -22.5 -22.7 29.4 27.8 25.4
54 4FC -20.6 -19.3 -19.2 25.4 23.8 21.4
55 mouz -16.8 -15.8 -15.4 21.4 19.8 17.4
57 Dignitas -15.1 -13.6 -13.0 17.4 15.8 13.4
63 EG -19.1 -17.6 -17.0 23.0 20.7 18.3
64 iM`Bashers -15.2 -13.8 -13.2 19.0 16.7 14.3
65 VnR.Alpha -11.5 -10.3 -9.8 15.0 12.7 10.3
67 Ptd.Bravo -15.5 -14.3 -13.8 19.7 17.9 14.9
69 Dignitas -12.8 -11.5 -11.0 15.7 13.9 10.9
70 Quantic -9.7 -8.7 -7.8 11.7 9.9 6.9
72 Neo.int -13.7 -12.7 -11.8 16.6 15.3 11.8
74 Dignitas -17.7 -16.7 -15.8 23.3 21.4 17.9
76 eN.Legs -15.3 -13.5 -12.4 19.3 17.4 13.9
77 VnR.Alpha -12.7 -11.6 -9.7 15.3 13.4 9.9
78 Fnatic.eu -16.7 -15.6 -13.7 20.0 18.0 14.5
79 Na'Vi -13.7 -12.6 -10.8 16.0 14.0 10.5
80 Liquid -17.7 -16.6 -14.8 23.5 21.9 16.6
81 Neo.int -15.2 -14.6 -12.5 19.5 17.9 12.6
82 Orange -19.2 -18.6 -16.5 27.2 25.5 19.8
83 s4 -23.2 -22.6 -20.5 31.0 30.7 25.2
84 Liquid -27.2 -26.6 -24.5 35.4 35.3 29.3
85 Fnatic.eu -23.9 -23.3 -21.1 31.4 31.3 25.3
88 Liquid -27.9 -27.3 -25.1 37.1 36.9 30.5
90 VP -31.9 -31.3 -29.1 41.6 41.1 35.2
91 Liquid -28.6 -28.4 -26.3 37.6 37.1 31.2
92 Ptd.Bravo -28.6 -28.4 -26.3 37.6 37.1 31.2
94 Fnatic.eu -24.9 -24.6 -22.4 33.6 33.1 27.2
95 Na'Vi -23.2 -22.7 -20.3 29.6 29.1 23.2
96 Empire -21.0 -20.4 -17.8 25.6 25.1 19.2
99 VP -18.3 -17.5 -14.6 21.6 21.1 15.2
100 Liquid -16.2 -15.3 -12.2 17.6 17.1 11.2
101 3D -13.8 -12.3 -9.1 13.6 13.1 7.2
102 Dignitas -17.8 -16.3 -13.1 19.0 18.6 12.8
103 Fnatic.eu -14.0 -12.8 -9.7 15.0 14.6 8.8
104 PtD.Alpha -12.3 -10.9 -7.7 11.0 10.6 4.8
105 Liquid -9.6 -8.2 -4.8 7.0 6.6 0.8
106 Dignitas -7.3 -5.7 -2.0 3.0 2.6 -3.2
107 iM`Bashers -5.1 -2.8 0.9 -1.0 -1.4 -7.2
111 Fnatic.eu -3.1 -0.3 3.5 -5.0 -5.4 -11.2
114 Fnatic.eu -7.1 -4.3 -0.5 1.0 0.2 -5.4
120 Na'Vi -3.7 -0.6 3.3 -3.0 -3.8 -9.4
121 eN.Legs -2.2 1.2 5.6 -7.0 -7.8 -13.4
122 mouz 1.3 4.9 9.1 -11.0 -11.8 -17.4
125 Empire 3.8 7.5 11.9 -15.0 -15.8 -21.4
126 rox.KIS -0.2 3.5 7.9 -7.8 -8.7 -15.4
131 Na'Vi 3.5 7.2 12.0 -11.8 -12.7 -19.4
132 Alliance -0.5 3.2 8.0 -3.2 -6.0 -12.9
137 Na'Vi 2.2 6.1 10.8 -7.2 -10.0 -16.9
140 CastersEN -1.8 2.1 6.8 -2.4 -4.4 -11.1
141 mouz 0.6 4.7 9.5 -6.4 -8.4 -15.1
142 Alliance -3.4 0.7 5.5 -1.2 -3.6 -10.4
144 mouz -7.4 -3.3 1.5 4.2 1.4 -5.5
145 Alliance -4.2 -2.6645352591e-15 4.7 0.2 -2.6 -9.5
146 Liquid -1.8 2.5 7.5 -3.8 -6.6 -13.5
147 4FC -5.8 -1.5 3.5 1.7 -1.1 -7.8
148 Empire -3.1 1.4 6.6 -2.3 -5.1 -11.8
150 Fnatic.eu -3.1 1.4 6.6 -2.3 -5.1 -11.8
152 Alliance -0.1 4.6 9.8 -6.3 -9.1 -15.8
153 Liquid -4.1 0.6 5.8 0.5 -1.6 -8.2
154 VP -1.6 3.0 8.2 -3.5 -5.6 -12.2
155 iG 0.4 5.3 10.7 -7.5 -9.6 -16.2
157 Fnatic.eu 2.7 7.6 13.0 -11.5 -13.6 -20.2
158 WH?Dota2 2.7 7.6 13.0 -11.5 -13.6 -20.2
159 VP -1.3 3.6 9.0 -3.5 -6.5 -14.2
161 Empire -5.3 -0.4 5.0 2.1 -1.0 -8.8
162 rox.KIS -3.4 1.5 7.0 -1.9 -5.0 -12.8
163 Lounge -0.8 4.2 9.9 -5.9 -9.0 -16.8
165 eN.Legs 1.0 6.1 12.2 -9.9 -13.0 -20.8
166 Fnatic.eu 3.0 8.2 14.5 -13.9 -17.0 -24.8
173 VP 5.0 10.5 17.0 -17.9 -21.0 -28.8
176 Alliance 7.4 13.4 20.1 -21.9 -25.0 -32.8
178 Dignitas 10.0 16.7 23.5 -25.9 -29.0 -36.8
182 Empire 12.4 19.4 26.4 -29.9 -33.0 -40.8
183 Fnatic.eu 8.4 15.4 22.4 -22.4 -26.5 -34.5
184 WH?Dota2 11.6 18.9 25.9 -26.4 -30.5 -38.5
186 Alliance 13.3 20.8 27.9 -30.4 -34.5 -42.5
187 VP 9.3 16.8 23.9 -23.4 -28.0 -36.6
188 LGD.cn 5.3 12.8 19.9 -18.4 -22.7 -31.3
189 Dignitas 1.3 8.8 15.9 -11.7 -16.4 -25.5
190 Alliance -2.7 4.8 11.9 -5.9 -10.9 -20.0
191 Liquid -6.7 0.8 7.9 -0.8 -5.4 -14.6
192 VP -10.7 -3.2 3.9 4.0 -1.1 -10.5
193 VP -14.7 -7.2 -0.1 9.5 4.2 -5.4
194 Alliance -13.0 -5.3 1.9 5.5 0.2 -9.4
195 Dignitas -17.0 -9.3 -2.1 11.1 6.5 -1.7
199 Dignitas -21.0 -13.3 -6.1 16.2 11.6 3.4
200 VP -17.2 -9.7 -2.5 12.2 7.6 -0.6
201 Orange -14.2 -6.4 1.0 8.2 3.6 -4.6
202 Alliance -11.6 -3.7 3.8 4.2 -0.4 -8.6
203 Alliance -8.3 -0.3 7.3 0.2 -4.4 -12.6
204 Fnatic.eu -12.3 -4.3 3.3 4.4 1.7763568394e-15 -8.2
205 Fnatic.eu -16.3 -8.3 -0.7 10.2 5.8 -2.5
207 Alliance -14.5 -6.3 1.6 6.2 1.8 -6.5
209 Liquid -12.9 -4.4 3.8 2.2 -2.2 -10.5
210 LGD.cn -10.0 -1.8 6.4 -1.8 -6.2 -14.5
211 Liquid -7.4 1.2 9.6 -5.8 -10.2 -18.5
212 Dignitas -11.4 -2.8 5.6 0.3 -4.0 -12.5
214 Dignitas -7.8 1.1 9.5 -3.7 -8.0 -16.5
215 Liquid -5.5 3.6 12.0 -7.7 -12.0 -20.5
216 Liquid -9.5 -0.4 8.0 -0.3 -5.2 -13.8
217 DK -6.1 2.5 10.8 -4.3 -9.2 -17.8
218 Fnatic.eu -3.9 4.6 13.0 -8.3 -13.2 -21.8
222 Dignitas -3.9 4.6 13.0 -8.3 -13.2 -21.8
227 Kaipi -7.9 0.6 9.0 0.8 -5.0 -14.7
230 VP -5.7 3.1 11.7 -3.2 -9.0 -18.7
232 Alliance -3.0 6.0 14.8 -7.2 -13.0 -22.7
238 rox.KIS -0.4 8.7 17.7 -11.2 -17.0 -26.7
242 EG -4.4 4.7 13.7 -2.8 -8.9 -19.0
243 Alliance -2.0 7.3 16.5 -6.8 -12.9 -23.0
244 Alliance -0.1 9.5 19.2 -10.8 -16.9 -27.0
247 Dignitas 2.6 12.9 22.8 -14.8 -20.9 -31.0
249 Fnatic.eu 5.6 15.7 25.7 -18.8 -24.9 -35.0
250 Alliance 1.6 11.7 21.7 -11.6 -17.6 -28.3
252 VP -2.4 7.7 17.7 -4.8 -11.7 -22.8
254 EG -6.4 3.7 13.7 3.0 -4.4 -16.3
255 Na'Vi -4.7 5.6 15.9 -1.0 -8.4 -20.3
257 Liquid -1.4 9.1 19.5 -5.0 -12.4 -24.3
259 Liquid 1.7 12.4 23.0 -9.0 -16.4 -28.3
261 Liquid 4.0 15.0 25.7 -13.0 -20.4 -32.3
263 Prodota.ru 1.7763568394e-15 11.0 21.7 -9.0 -16.3 -28.3
264 Lounge -4.0 7.0 17.7 -3.4 -10.9 -23.0
265 Lounge -4.0 7.0 17.7 -3.4 -10.9 -23.0
267 mouz -0.6 10.8 21.6 -7.4 -14.9 -27.0
269 EG -4.6 6.8 17.6 -1.3 -9.3 -21.6
277 Na'Vi -2.9 8.8 20.0 -5.3 -13.3 -25.6
281 EG -6.9 4.8 16.0 2.8 -6.3 -19.4
284 Liquid -4.8 7.2 18.6 -1.2 -10.3 -23.4
285 rox.KIS -1.8 10.4 22.0 -5.2 -14.3 -27.4
289 Dignitas 0.1 12.7 24.4 -9.2 -18.3 -31.4
290 Na'Vi 2.3 15.0 26.9 -13.2 -22.3 -35.4
292 rox.KIS -1.7 11.0 22.9 -4.8 -14.9 -28.6
295 Quantic -5.7 7.0 18.9 0.1 -9.4 -23.1
296 Quantic -2.8 10.1 22.1 -3.9 -13.4 -27.1
298 Zenith -0.9 12.1 24.3 -7.9 -17.4 -31.1
299 rox.KIS 1.1 14.2 26.5 -11.9 -21.4 -35.1
302 EG 3.0 16.4 29.0 -15.9 -25.4 -39.1
303 QPandas -1.0 12.4 25.0 -9.7 -19.7 -33.9
305 mouz 1.0 14.6 27.4 -13.7 -23.7 -37.9
307 rox.KIS -3.0 10.6 23.4 -5.4 -17.1 -32.2
308 Quantic -7.0 6.6 19.4 0.4 -12.1 -27.5
311 Quantic -11.0 2.6 15.4 4.5 -7.4 -22.8
312 mouz -15.0 -1.4 11.4 10.1 -1.9 -17.2
313 mouz -19.0 -5.4 7.4 16.6 4.4 -11.3
318 mouz -16.1 -2.2 10.7 12.6 0.4 -15.3
320 EG -20.1 -6.2 6.7 17.1 5.0 -10.9
323 TongFu -24.1 -10.2 2.7 22.6 10.5 -5.4
325 RS -21.6 -7.3 5.7 18.6 6.5 -9.4
328 4FC -25.6 -11.3 1.7 24.9 12.6 -3.6
329 RAT -22.5 -7.5 5.6 20.9 8.6 -7.6
331 EG -26.5 -11.5 1.6 29.6 16.8 -2.6645352591e-15
332 RStars -23.9 -8.4 5.2 25.6 12.8 -4.0
335 VP -27.9 -12.4 1.2 30.4 17.1 0.4
336 MiTH -25.0 -9.1 4.9 26.4 13.1 -3.6
339 RStars -22.7 -6.0 8.1 22.4 9.1 -7.6
342 Alliance -19.9 -3.5 10.7 18.4 5.1 -11.6
343 Orange -23.9 -7.5 6.7 22.1 9.2 -7.2
347 Orange -27.9 -11.5 2.7 30.4 15.6 -1.4
349 Quantic -24.9 -8.2 6.4 26.4 11.6 -5.4
351 Alliance -22.9 -6.0 8.7 22.4 7.6 -9.4
354 Alliance -19.1 -2.4 12.3 18.4 3.6 -13.4
358 Alliance -17.1 -0.3 14.5 14.4 -0.4 -17.4
359 DK -21.1 -4.3 10.5 18.6 4.2 -12.7
360 mouz -19.3 -2.4 12.7 14.6 0.2 -16.7
361 Orange -23.3 -6.4 8.7 19.3 4.6 -12.4
363 Alliance -21.2 -4.3 10.8 15.3 0.6 -16.4
365 rox.KIS -25.2 -8.3 6.8 23.6 7.9 -10.1
370 iCCup -22.9 -5.6 9.8 19.6 3.9 -14.1
372 Quantic -26.9 -9.6 5.8 28.1 11.8 -7.3
374 Dignitas -30.9 -13.6 1.8 33.6 17.2 -2.4
375 VG -29.2 -11.6 3.9 29.6 13.2 -6.4
380 4FC -26.5 -8.6 7.1 25.6 9.2 -10.4
381 RS -23.5 -5.5 10.3 21.6 5.2 -14.4
382 Fnatic.eu -27.5 -9.5 6.3 30.0 12.3 -8.0
385 Alliance -25.2 -6.5 9.9 26.0 8.3 -12.0
386 TM -22.2 -2.9 13.7 22.0 4.3 -16.0
391 mouz -18.4 0.5 17.1 18.0 0.3 -20.0
394 MX -16.2 2.9 19.8 14.0 -3.7 -24.0
395 LGD.cn -12.9 6.1 23.1 10.0 -7.7 -28.0
397 rox.KIS -10.4 8.2 25.3 6.0 -11.7 -32.0
399 VP -14.4 4.2 21.3 14.4 -3.7 -24.3
400 VP -18.4 0.2 17.3 18.7 1.1 -19.6
402 DK -22.4 -3.8 13.3 24.8 8.4 -12.5
405 mouz -26.4 -7.8 9.3 29.4 13.3 -7.6
407 PR -24.6 -5.5 12.1 25.4 9.3 -11.6
408 TM -22.9 -3.6 14.3 21.4 5.3 -15.6
411 Quantic -26.9 -7.6 10.3 26.8 10.3 -10.9
412 mouz -25.0 -5.5 12.6 22.8 6.3 -14.9
420 Na'Vi -29.0 -9.5 8.6 29.8 11.7 -10.0
422 Liquid -33.0 -13.5 4.6 34.4 16.3 -5.6
423 Quantic -30.4 -10.9 7.4 30.4 12.3 -9.6
425 mouz -28.5 -8.8 9.7 26.4 8.3 -13.6
426 Artyk -26.6 -6.4 12.5 22.4 4.3 -17.6
428 Kaipi -25.0 -4.4 14.9 18.4 0.3 -21.6
429 Liquid -22.4 -1.9 17.5 14.4 -3.7 -25.6
434 EG -18.9 1.6 20.9 10.4 -7.7 -29.6
436 EG -15.5 4.9 24.2 6.4 -11.7 -33.6
438 Na'Vi -13.5 6.8 26.2 2.4 -15.7 -37.6
440 Orange -11.5 9.3 28.9 -1.6 -19.7 -41.6
442 Kaipi -9.4 11.2 30.9 -5.6 -23.7 -45.6
454 Kaipi -13.4 7.2 26.9 1.0 -18.1 -40.5
455 EG -10.6 10.2 29.9 -3.0 -22.1 -44.5
456 Fnatic.eu -14.6 6.2 25.9 3.0 -16.0 -38.8
457 Alliance -12.8 8.2 28.0 -1.0 -20.0 -42.8
458 EG -16.8 4.2 24.0 3.6 -15.1 -38.3
460 Kaipi -20.8 0.2 20.0 10.0 -9.3 -32.8
463 VP -18.1 2.7 22.7 6.0 -13.3 -36.8
466 iCCup -16.2 4.7 25.0 2.0 -17.3 -40.8
467 Na'Vi -14.4 6.8 27.3 -2.0 -21.3 -44.8
470 mouz -11.7 9.5 30.2 -6.0 -25.3 -48.8
477 mouz -9.0 12.5 33.3 -10.0 -29.3 -52.8
478 rox.KIS -5.5 15.5 36.4 -14.0 -33.3 -56.8
482 Smeagol -3.7 17.8 38.8 -18.0 -37.3 -60.8
483 paiN -7.7 13.8 34.8 -9.4 -28.8 -53.7
487 Kaipi -5.5 16.4 37.7 -13.4 -32.8 -57.7
490 paiN.int -2.8 19.5 41.1 -17.4 -36.8 -61.7
496 TongFu -0.8 21.9 43.7 -21.4 -40.8 -65.7
497 DK -4.8 17.9 39.7 -15.9 -35.6 -60.7
500 Liquid -8.8 13.9 35.7 -9.7 -28.6 -54.0
501 eLPride -12.8 9.9 31.7 -4.1 -22.2 -47.5
509 Keita -9.8 12.3 34.0 -8.1 -26.2 -51.5
510 Fnatic.eu -13.8 8.3 30.0 -3.2 -21.5 -47.3
511 Alliance -11.7 10.6 32.5 -7.2 -25.5 -51.3
516 Quantic -8.2 14.4 36.6 -11.2 -29.5 -55.3
518 Alliance -6.2 16.8 39.2 -15.2 -33.5 -59.3
519 FSid3 -4.2 19.2 41.9 -19.2 -37.5 -63.3
525 LGD.cn -2.3 21.2 44.2 -23.2 -41.5 -67.3
530 Orange 0.9 25.2 48.5 -27.2 -45.5 -71.3
534 EG 3.7 28.0 51.2 -31.2 -49.5 -75.3
539 Quantic 7.1 31.3 54.6 -35.2 -53.5 -79.3
540 EG 9.7 33.8 57.2 -39.2 -57.5 -83.3
543 VP 12.3 36.1 59.8 -43.2 -61.5 -87.3
546 Orange 14.8 38.2 61.9 -47.2 -65.5 -91.3
548 Liquid 17.9 41.3 65.2 -51.2 -69.5 -95.3
556 Fnatic.eu 13.9 37.3 61.2 -46.3 -65.2 -91.3
559 mouz 17.3 41.0 65.1 -50.3 -69.2 -95.3
561 Orange 13.3 37.0 61.1 -45.7 -63.9 -90.0
563 iG 16.6 40.8 65.1 -49.7 -67.9 -94.0
564 EG 12.6 36.8 61.1 -42.8 -61.3 -87.9
565 Dignitas 8.6 32.8 57.1 -37.8 -56.8 -83.8
567 mouz 11.6 36.0 60.5 -41.8 -60.8 -87.8
568 Liquid 14.3 38.6 63.2 -45.8 -64.8 -91.8
570 VP 10.3 34.6 59.2 -41.8 -60.7 -87.6
571 DK 6.3 30.6 55.2 -34.4 -53.6 -80.8
575 TongFu 2.3 26.6 51.2 -28.9 -48.3 -75.8
577 rox.KIS 4.3 28.7 53.7 -32.9 -52.3 -79.8
579 Alliance 7.0 31.5 56.7 -36.9 -56.3 -83.8
581 LGD.cn 9.4 34.3 59.8 -40.9 -60.3 -87.8
583 iCCup 5.4 30.3 55.8 -36.5 -55.9 -83.7
584 Alliance 7.4 32.8 58.5 -40.5 -59.9 -87.7
586 EG 3.4 28.8 54.5 -35.9 -55.1 -83.0
588 Zenith -0.6 24.8 50.5 -28.5 -47.5 -76.1
589 Alliance 1.4 26.9 52.9 -32.5 -51.5 -80.1
591 LGD.cn 4.1 29.8 55.9 -36.5 -55.5 -84.1
592 Fnatic.eu 5.9 31.8 58.0 -40.5 -59.5 -88.1
593 Quantic 8.4 34.3 60.6 -44.5 -63.5 -92.1
594 mouz 11.6 37.6 64.1 -48.5 -67.5 -96.1
596 mouz 14.4 40.6 67.0 -52.5 -71.5 -100.1
599 Na'Vi 17.9 43.6 69.9 -56.5 -75.5 -104.1
610 LGD.cn 21.7 46.9 73.2 -60.5 -79.5 -108.1
611 Denial 23.7 49.3 75.9 -64.5 -83.5 -112.1
612 Na'Vi 26.9 52.2 78.7 -68.5 -87.5 -116.1
613 Fnatic.eu 29.7 55.0 81.5 -72.5 -91.5 -120.1
614 EG 33.2 58.4 85.1 -76.5 -95.5 -124.1
616 TongFu 35.0 60.6 87.7 -80.5 -99.5 -128.1
619 iG 31.0 56.6 83.7 -75.2 -94.4 -123.1
620 DK 27.0 52.6 79.7 -70.6 -88.8 -117.0
622 Fnatic.eu 29.3 54.7 81.8 -74.6 -92.8 -121.0
625 TongFu 25.3 50.7 77.8 -68.9 -87.7 -116.3
629 LGD.cn 21.3 46.7 73.8 -62.0 -80.4 -109.5
630 iG 23.3 48.8 76.1 -66.0 -84.4 -113.5
633 Liquid 26.9 52.4 79.9 -70.0 -88.4 -117.5
634 Na'Vi 29.8 55.2 82.7 -74.0 -92.4 -121.5
638 Na'Vi 32.5 57.8 85.4 -78.0 -96.4 -125.5
639 4FC 35.8 60.6 88.2 -82.0 -100.4 -129.5
641 mouz 37.9 63.2 91.0 -86.0 -104.4 -133.5
643 iG 40.2 65.3 93.3 -90.0 -108.4 -137.5
645 VP 36.2 61.3 89.3 -81.5 -100.1 -130.0
646 Fnatic.eu 38.6 63.4 91.5 -85.5 -104.1 -134.0
648 VP 40.3 65.5 93.9 -89.5 -108.1 -138.0
649 Fnatic.eu 43.7 68.9 97.5 -93.5 -112.1 -142.0
650 Fnatic.eu 39.7 64.9 93.5 -89.1 -107.5 -137.3
652 DK 35.7 60.9 89.5 -83.2 -101.9 -131.9
654 DK 37.7 63.5 92.7 -87.2 -105.9 -135.9
661 iG 33.7 59.5 88.7 -81.7 -100.9 -131.2
662 DK 35.4 61.4 90.9 -85.7 -104.9 -135.2
663 RS 31.4 57.4 86.9 -81.2 -100.0 -130.8
665 Orange 33.8 60.0 89.9 -85.2 -104.0 -134.8
666 LGD.cn 36.1 62.7 92.8 -89.2 -108.0 -138.8
667 DK 37.9 64.6 95.0 -93.2 -112.0 -142.8
669 iNfernity 40.2 67.2 98.2 -97.2 -116.0 -146.8
673 LGD.cn 43.2 70.5 101.7 -101.2 -120.0 -150.8
675 EG 39.2 66.5 97.7 -94.8 -113.8 -144.9
676 LGD.cn 41.0 68.4 99.9 -98.8 -117.8 -148.9
677 mouz 43.0 70.4 101.9 -102.8 -121.8 -152.9
680 Liquid 39.0 66.4 97.9 -96.2 -115.1 -147.2
681 Quantic 35.0 62.4 93.9 -89.5 -109.2 -141.8
682 mouz 31.0 58.4 89.9 -83.2 -103.3 -136.5
683 rox.KIS 27.0 54.4 85.9 -76.8 -97.6 -131.3
684 VP 30.8 58.0 89.7 -80.8 -101.6 -135.3
685 mouz 33.4 61.0 93.0 -84.8 -105.6 -139.3
686 VP 35.2 62.9 95.1 -88.8 -109.6 -143.3
687 VP 31.2 58.9 91.1 -83.2 -104.4 -138.2
688 VP 33.2 61.0 93.5 -87.2 -108.4 -142.2
689 Kaipi 29.2 57.0 89.5 -82.9 -104.3 -138.0
690 EG 31.1 59.4 92.1 -86.9 -108.3 -142.0
691 Liquid 33.3 61.8 94.7 -90.9 -112.3 -146.0
695 Alliance 35.3 64.0 97.1 -94.9 -116.3 -150.0
701 VG 31.3 60.0 93.1 -88.8 -110.1 -144.2
704 EG 27.3 56.0 89.1 -80.8 -103.1 -137.9
706 RS 23.3 52.0 85.1 -75.3 -97.8 -132.7
707 Orange 25.2 53.9 87.2 -79.3 -101.8 -136.7
709 Kaipi 28.2 57.0 90.5 -83.3 -105.8 -140.7
710 VP 31.4 60.1 93.7 -87.3 -109.8 -144.7
711 mouz 34.1 63.3 97.1 -91.3 -113.8 -148.7
713 MiTH 35.8 65.2 99.3 -95.3 -117.8 -152.7
714 Dreamz 38.7 67.9 102.2 -99.3 -121.8 -156.7
716 mouz 40.8 70.3 104.9 -103.3 -125.8 -160.7
717 mouz 43.7 73.3 108.0 -107.3 -129.8 -164.7
719 Mski 45.8 75.1 109.9 -111.3 -133.8 -168.7
722 iCCup 47.7 77.1 112.2 -115.3 -137.8 -172.7
724 Kaipi 51.2 80.8 116.0 -119.3 -141.8 -176.7
725 Romania 52.9 82.8 118.3 -123.3 -145.8 -180.7
726 RS 48.9 78.8 114.3 -116.4 -138.8 -174.4
734 TongFu 51.9 82.1 117.7 -120.4 -142.8 -178.4
735 Dignitas 55.3 85.2 120.7 -124.4 -146.8 -182.4
737 Na'Vi 57.5 87.6 123.3 -128.4 -150.8 -186.4
743 Fnatic.eu 61.1 90.7 126.4 -132.4 -154.8 -190.4
744 Alliance 63.6 93.3 129.2 -136.4 -158.8 -194.4
750 Orange 66.2 96.4 132.4 -140.4 -162.8 -198.4
756 Dignitas 62.2 92.4 128.4 -135.0 -158.0 -193.9
762 Na'Vi 64.3 94.4 130.6 -139.0 -162.0 -197.9
772 DK 60.3 90.4 126.6 -133.5 -156.1 -192.5
774 TongFu 56.3 86.4 122.6 -126.9 -149.9 -186.8
775 Liquid 59.2 89.3 125.6 -130.9 -153.9 -190.8
782 iG 61.7 92.0 128.5 -134.9 -157.9 -194.8
785 LGD.cn 63.7 94.3 131.0 -138.9 -161.9 -198.8
787 TongFu 66.9 98.2 135.1 -142.9 -165.9 -202.8
788 Dignitas 69.3 100.6 137.7 -146.9 -169.9 -206.8
789 LGD.int 65.3 96.6 133.7 -142.5 -165.3 -202.4
790 AllStarsA 61.3 92.6 129.7 -137.8 -160.0 -197.4
792 Fnatic.eu 63.9 95.1 132.4 -141.8 -164.0 -201.4
794 DK 59.9 91.1 128.4 -137.6 -159.5 -197.1
796 Zenith 61.8 93.1 130.7 -141.6 -163.5 -201.1
798 iG 63.7 95.1 132.9 -145.6 -167.5 -205.1
801 Orange 66.4 98.1 136.1 -149.6 -171.5 -209.1
802 iG 68.5 100.4 138.7 -153.6 -175.5 -213.1
804 TongFu 71.9 104.3 142.7 -157.6 -179.5 -217.1
805 Alliance 75.3 108.3 146.9 -161.6 -183.5 -221.1
806 Orange 71.3 104.3 142.9 -154.5 -177.3 -215.4
808 Alliance 73.7 107.1 145.8 -158.5 -181.3 -219.4
817 Lounge 75.7 109.1 148.1 -162.5 -185.3 -223.4
827 TS 71.7 105.1 144.1 -157.4 -178.4 -216.9
828 EVOPLAY 73.6 107.0 146.2 -161.4 -182.4 -220.9
830 DUZA 69.6 103.0 142.2 -153.7 -174.8 -213.5
831 Awake 71.5 104.9 144.2 -157.7 -178.8 -217.5
834 Aspera 75.1 108.3 147.8 -161.7 -182.8 -221.5
835 Poseidon 78.0 110.8 150.2 -165.7 -186.8 -225.5
836 Poseidon 79.8 112.9 152.6 -169.7 -190.8 -229.5
837 Next.kz 75.8 108.9 148.6 -163.9 -184.5 -223.5
838 Kaipi 77.4 110.7 150.9 -167.9 -188.5 -227.5
840 TS 80.6 113.9 154.2 -171.9 -192.5 -231.5
846 Next.kz 83.7 117.2 157.6 -175.9 -196.5 -235.5
847 4FC 79.7 113.2 153.6 -171.3 -191.4 -230.2
848 DUZA 75.7 109.2 149.6 -164.4 -184.9 -224.4
849 Poseidon 79.0 112.6 153.3 -168.4 -188.9 -228.4
854 Life 75.0 108.6 149.3 -163.8 -183.2 -222.9
855 Imp 77.2 110.9 151.8 -167.8 -187.2 -226.9
858 FSid3 79.1 112.9 154.2 -171.8 -191.2 -230.9
860 Bambang 75.1 108.9 150.2 -164.2 -183.0 -223.5
861 Aspera 77.4 110.9 152.3 -168.2 -187.0 -227.5
863 Next.kz 73.4 106.9 148.3 -163.6 -182.0 -222.8
868 GxGaming 69.4 102.9 144.3 -158.6 -176.2 -217.4
869 SFEC 65.4 98.9 140.3 -153.2 -171.3 -212.9
872 Aspera 61.4 94.9 136.3 -144.5 -163.3 -205.6
874 VP 64.7 98.1 139.8 -148.5 -167.3 -209.6
875 Imp 60.7 94.1 135.8 -143.7 -162.5 -205.0
876 MSIEvoGT 62.7 96.4 138.5 -147.7 -166.5 -209.0
879 Empire 65.5 99.5 141.8 -151.7 -170.5 -213.0
881 Quantic 61.5 95.5 137.8 -143.1 -162.9 -206.3
882 rox.KIS 61.5 95.5 137.8 -143.1 -162.9 -206.3
887 MSIEvoGT 57.5 91.5 133.8 -136.7 -157.3 -201.1
888 Mski 59.4 93.5 136.1 -140.7 -161.3 -205.1
890 GL.eu 61.7 96.2 139.0 -144.7 -165.3 -209.1
892 Kaipi 63.7 98.5 141.6 -148.7 -169.3 -213.1
894 Life 66.2 101.5 145.0 -152.7 -173.3 -217.1
895 Next.kz 69.7 105.2 148.6 -156.7 -177.3 -221.1
900 VP 65.7 101.2 144.6 -149.7 -170.7 -215.1
902 Kaipi 67.9 103.4 147.0 -153.7 -174.7 -219.1
904 SAfrica 63.9 99.4 143.0 -148.2 -169.2 -213.9
907 NoLove 67.5 103.2 147.0 -152.2 -173.2 -217.9
909 VG 69.0 105.1 149.3 -156.2 -177.2 -221.9
910 Empire 65.0 101.1 145.3 -152.1 -173.1 -217.8
912 Kaipi 61.0 97.1 141.3 -147.6 -168.2 -213.1
913 Joiker 57.0 93.1 137.3 -140.0 -161.2 -207.0
914 StayFree 59.3 95.5 140.1 -144.0 -165.2 -211.0
918 DUZA 55.3 91.5 136.1 -138.8 -160.7 -206.7
922 PR 51.3 87.5 132.1 -131.2 -153.8 -200.1
923 DUZA 53.1 89.3 134.2 -135.2 -157.8 -204.1
924 ONE.dota 56.4 92.8 138.2 -139.2 -161.8 -208.1
928 LGD.cn 52.4 88.8 134.2 -134.6 -157.1 -203.3
929 Dreamz 48.4 84.8 130.2 -129.9 -153.0 -199.3
930 MiTH 51.1 87.1 132.6 -133.9 -157.0 -203.3
932 Fnatic.eu 53.1 89.5 135.2 -137.9 -161.0 -207.3
933 Empire 55.4 91.8 137.7 -141.9 -165.0 -211.3
939 Poseidon 58.2 95.2 141.4 -145.9 -169.0 -215.3
940 Next.kz 54.2 91.2 137.4 -140.5 -163.9 -210.4
942 Quantic 50.2 87.2 133.4 -136.0 -158.7 -205.5
948 Empire 52.4 89.5 135.9 -140.0 -162.7 -209.5
953 Kaipi 54.1 91.6 138.4 -144.0 -166.7 -213.5
955 DUZA 58.1 95.0 141.7 -148.0 -170.7 -217.5
961 Life 60.3 97.9 145.0 -152.0 -174.7 -221.5
962 iG 63.5 101.3 148.6 -156.0 -178.7 -225.5
966 TongFu 67.0 104.1 151.3 -160.0 -182.7 -229.5
970 Joiker 69.8 107.0 154.4 -164.0 -186.7 -233.5
971 iG 71.8 109.5 157.2 -168.0 -190.7 -237.5
973 DUZA 67.8 105.5 153.2 -163.1 -185.5 -232.4
974 Fnatic.eu 70.6 107.9 155.7 -167.1 -189.5 -236.4
978 rox.KIS 66.6 103.9 151.7 -160.0 -181.0 -228.6
979 PR 69.2 106.2 154.1 -164.0 -185.0 -232.6
981 PR 71.2 108.2 156.3 -168.0 -189.0 -236.6
984 nAra 67.2 104.2 152.3 -162.6 -183.7 -231.9
985 Inv.kwnku 69.0 106.3 154.7 -166.6 -187.7 -235.9
993 SFEC 65.0 102.3 150.7 -157.9 -179.5 -228.6
994 Next.kz 61.0 98.3 146.7 -151.9 -173.8 -223.2
995 Inv.kwnku 62.7 100.4 149.3 -155.9 -177.8 -227.2
996 rox.KIS 65.4 102.8 151.8 -159.9 -181.8 -231.2
998 Mski 68.5 105.6 154.8 -163.9 -185.8 -235.2
999 Empire 70.4 108.0 157.5 -167.9 -189.8 -239.2
1001 FD 72.1 110.0 160.0 -171.9 -193.8 -243.2
1003 Kaipi 75.3 114.0 164.2 -175.9 -197.8 -247.2
1007 rox.KIS 78.4 116.9 167.3 -179.9 -201.8 -251.2
1010 Aspera 74.4 112.9 163.3 -172.5 -194.8 -244.6
1011 Imp 70.4 108.9 159.3 -168.5 -189.9 -240.0
1013 Empire 70.4 108.9 159.3 -168.5 -189.9 -240.0
1014 Na'Vi 66.4 104.9 155.3 -163.7 -185.7 -236.0
1015 StayFree 68.1 107.3 158.0 -167.7 -189.7 -240.0
1019 Empire 70.0 109.7 160.7 -171.7 -193.7 -244.0
1023 VG 72.0 111.9 162.9 -175.7 -197.7 -248.0
1024 LGD.cn 74.3 113.9 164.9 -179.7 -201.7 -252.0
1026 PBS 77.7 117.9 168.8 -183.7 -205.7 -256.0
1027 Next.kz 73.7 113.9 164.8 -177.6 -198.1 -248.7
1029 rox.KIS 76.3 117.0 168.1 -181.6 -202.1 -252.7
1031 Empire 79.1 119.7 170.9 -185.6 -206.1 -256.7
1033 LGD.cn 82.7 123.2 174.4 -189.6 -210.1 -260.7
1036 4FC 78.7 119.2 170.4 -183.5 -204.1 -255.3
1038 Aspera 74.7 115.2 166.4 -179.0 -199.6 -250.7
1044 Quantic 76.7 117.8 169.1 -183.0 -203.6 -254.7
1047 EG 72.7 113.8 165.1 -174.1 -195.6 -248.2
1049 Dreamz 74.6 116.0 167.6 -178.1 -199.6 -252.2
1053 Kaipi 70.6 112.0 163.6 -172.5 -194.2 -246.9
1054 TR 74.3 115.4 167.0 -176.5 -198.2 -250.9
1058 UR 70.3 111.4 163.0 -171.6 -193.6 -246.6
1060 LGD.int 72.5 113.7 165.5 -175.6 -197.6 -250.6
1068 rox.KIS 74.4 115.7 167.8 -179.6 -201.6 -254.6
1069 Poseidon 70.4 111.7 163.8 -172.8 -194.1 -247.1
1078 VP 72.7 114.0 166.3 -176.8 -198.1 -251.1
1080 SYF 75.2 116.0 168.4 -180.8 -202.1 -255.1
1084 Arcanys 71.2 112.0 164.4 -176.4 -196.3 -249.5
1086 MVP 67.2 108.0 160.4 -171.1 -190.7 -244.0
1087 UR 69.1 110.0 162.5 -175.1 -194.7 -248.0
1093 Lowyat 65.1 106.0 158.5 -169.3 -188.9 -242.5
1094 DK 67.4 108.6 161.5 -173.3 -192.9 -246.5
1099 rox.KIS 69.6 110.9 164.0 -177.3 -196.9 -250.5
1100 Aspera 73.6 113.8 166.8 -181.3 -200.9 -254.5
1103 FD 73.6 113.8 166.8 -181.3 -200.9 -254.5
1107 Rain 69.6 109.8 162.8 -176.1 -196.1 -249.9
1110 bvd.dotA 71.7 112.2 165.6 -180.1 -200.1 -253.9
1113 Imp 73.6 114.9 168.7 -184.1 -204.1 -257.9
1116 NJ&Kids 69.6 110.9 164.7 -179.0 -197.8 -251.7
1119 FD 65.6 106.9 160.7 -172.2 -191.4 -245.8
1127 EG 67.9 109.4 163.5 -176.2 -195.4 -249.8
1128 TakeFive 71.1 113.8 168.2 -180.2 -199.4 -253.8
1134 PR 67.1 109.8 164.2 -175.9 -195.4 -249.8
1138 CSW 69.8 112.8 167.5 -179.9 -199.4 -253.8
1139 VT 71.8 115.2 170.2 -183.9 -203.4 -257.8
1140 SYM 67.8 111.2 166.2 -177.8 -196.8 -251.3
1141 EOT 69.1 113.4 168.8 -181.8 -200.8 -255.3
1142 SYF 72.6 116.6 171.9 -185.8 -204.8 -259.3
1145 Fnatic.eu 75.3 118.9 174.3 -189.8 -208.8 -263.3
1148 HR 77.0 121.1 176.9 -193.8 -212.8 -267.3
1150 Speed 79.0 124.3 180.6 -197.8 -216.8 -271.3
1154 Alliance 79.0 124.3 180.6 -197.8 -216.8 -271.3
1160 Na'Vi 75.0 120.3 176.6 -189.8 -211.3 -266.3
1161 FD 76.8 122.3 178.6 -193.8 -215.3 -270.3
1164 Titan 72.8 118.3 174.6 -186.9 -207.2 -262.4
1166 CSW 76.3 121.2 177.5 -190.9 -211.2 -266.4
1167 EOT 78.2 123.1 179.7 -194.9 -215.2 -270.4
1170 VG 80.3 125.2 182.0 -198.9 -219.2 -274.4
1180 Empire 76.3 121.2 178.0 -193.7 -214.7 -270.3
1182 Fnatic.eu 80.2 124.2 180.9 -197.7 -218.7 -274.3
1186 iG 82.4 127.0 183.7 -201.7 -222.7 -278.3
1187 StayFree 78.4 123.0 179.7 -196.8 -217.5 -272.8
1193 Speed 74.4 119.0 175.7 -192.3 -212.4 -267.7
1198 Aspera 77.4 121.9 178.8 -196.3 -216.4 -271.7
1199 Menace 79.1 123.8 181.0 -200.3 -220.4 -275.7
1201 Aspera 75.1 119.8 177.0 -195.5 -215.7 -271.4
1207 mouz 71.1 115.8 173.0 -189.2 -209.4 -265.5
1209 MiTH 67.1 111.8 169.0 -182.2 -203.1 -259.7
1211 mouz 63.1 107.8 165.0 -176.5 -197.8 -254.6
1212 Fnatic.eu 65.0 110.0 167.5 -180.5 -201.8 -258.6
1213 Poseidon 61.0 106.0 163.5 -173.2 -193.7 -250.8
1214 VG 57.0 102.0 159.5 -167.0 -186.4 -244.0
1218 CSW 53.0 98.0 155.5 -160.6 -180.6 -238.8
1219 NoX 49.0 94.0 151.5 -155.8 -175.9 -234.4
1227 Empire 50.8 96.2 153.9 -159.8 -179.9 -238.4
1229 StayFree 46.8 92.2 149.9 -153.1 -174.3 -233.6
1231 TTD 42.8 88.2 145.9 -145.8 -165.6 -225.7
1234 VG 44.7 90.4 148.5 -149.8 -169.6 -229.7
1236 Speed 44.7 90.4 148.5 -149.8 -169.6 -229.7
1242 mouz 46.3 92.4 150.8 -153.8 -173.6 -233.7
1244 Sigma.int 48.0 95.0 154.1 -157.8 -177.6 -237.7
1246 Liquid 50.6 97.8 157.1 -161.8 -181.6 -241.7
1249 Alliance 46.6 93.8 153.1 -157.8 -177.5 -237.5
1254 Startale 46.6 93.8 153.1 -157.8 -177.5 -237.5
1255 Empire 48.6 95.9 155.4 -161.8 -181.5 -241.5
1259 Sigma.int 50.6 98.6 158.4 -165.8 -185.5 -245.5
1260 Sigma.int 46.6 94.6 154.4 -161.6 -181.0 -241.1
1261 mouz 42.6 90.6 150.4 -153.6 -175.1 -235.6
1265 Fnatic.eu 38.6 86.6 146.4 -145.5 -167.6 -229.0
1270 MiTH 41.3 88.9 149.0 -149.5 -171.6 -233.0
1271 SYF 43.6 91.5 152.1 -153.5 -175.6 -237.0
1272 iG 45.6 94.0 154.9 -157.5 -179.6 -241.0
1277 Mski 41.6 90.0 150.9 -152.9 -175.8 -237.4
1280 MiTH 41.6 90.0 150.9 -152.9 -175.8 -237.4
1281 Speed 44.4 93.0 154.1 -156.9 -179.8 -241.4
1286 LGD.int 46.5 95.6 156.8 -160.9 -183.8 -245.4
1289 Titan 42.5 91.6 152.8 -155.8 -178.8 -240.5
1290 Lowyat 38.5 87.6 148.8 -149.7 -173.2 -235.1
1291 PR 41.9 90.2 151.5 -153.7 -177.2 -239.1
1295 Fnatic.eu 37.9 86.2 147.5 -148.8 -172.5 -234.7
1297 EG 40.3 88.5 150.1 -152.8 -176.5 -238.7
1298 Titan 43.0 91.5 153.5 -156.8 -180.5 -242.7
1300 4FC 45.0 93.6 155.9 -160.8 -184.5 -246.7
1302 DK 47.2 96.1 158.6 -164.8 -188.5 -250.7
1304 Empire 50.6 99.0 161.3 -168.8 -192.5 -254.7
1309 4FC 52.8 100.9 163.4 -172.8 -196.5 -258.7
1311 Sleisel 48.8 96.9 159.4 -168.8 -192.2 -254.5
1312 Arteezy 50.8 98.9 161.6 -172.8 -196.2 -258.5
1313 EG 46.8 94.9 157.6 -167.2 -190.3 -253.1
1320 Orange 50.5 97.7 160.2 -171.2 -194.3 -257.1
1330 Na'Vi 52.5 99.5 162.2 -175.2 -198.3 -261.1
1337 Startale 55.0 101.9 164.9 -179.2 -202.3 -265.1
1349 Alliance 51.0 97.9 160.9 -175.3 -198.2 -260.7
1350 Fnatic.eu 47.0 93.9 156.9 -169.7 -192.3 -254.7
1358 VP 43.0 89.9 152.9 -163.8 -186.7 -249.4
1363 Speed 45.1 91.9 155.3 -167.8 -190.7 -253.4
1374 VP 48.6 95.7 159.0 -171.8 -194.7 -257.4
1375 Startale 44.6 91.7 155.0 -161.3 -188.1 -251.9
1378 Imp 47.4 95.2 158.7 -165.3 -192.1 -255.9
1385 Na'Vi 43.4 91.2 154.7 -159.2 -186.9 -251.2
1387 LGD.cn 46.5 94.4 158.0 -163.2 -190.9 -255.2
1392 EG 49.4 97.8 161.4 -167.2 -194.9 -259.2
1393 Fnatic.eu 52.7 100.5 164.1 -171.2 -198.9 -263.2
1394 LGD.cn 56.3 104.6 168.0 -175.2 -202.9 -267.2
1395 iG 59.7 107.4 170.9 -179.2 -206.9 -271.2
1398 Alliance 55.7 103.4 166.9 -174.6 -202.3 -266.6
1400 VP 57.6 105.6 169.5 -178.6 -206.3 -270.6
1402 Liquid 59.7 107.8 171.8 -182.6 -210.3 -274.6
1406 EG 55.7 103.8 167.8 -174.1 -203.0 -268.5
1409 Liquid 51.7 99.8 163.8 -169.1 -198.0 -263.7
1420 FD 55.2 102.7 167.0 -173.1 -202.0 -267.7
1422 EG 51.2 98.7 163.0 -169.1 -197.7 -263.4
1428 EG 47.2 94.7 159.0 -161.6 -189.3 -255.2
1433 iG 43.2 90.7 155.0 -154.6 -183.3 -249.9
1434 MiTH 46.3 93.5 157.8 -158.6 -187.3 -253.9
1435 mouz 49.8 96.6 160.8 -162.6 -191.3 -257.9
1437 Liquid 51.8 98.8 163.2 -166.6 -195.3 -261.9
1440 Alliance 54.3 101.5 166.2 -170.6 -199.3 -265.9
1441 PR 50.3 97.5 162.2 -162.7 -191.3 -258.1
1444 Fnatic.eu 46.3 93.5 158.2 -158.3 -187.3 -254.2
1445 Speed 48.1 95.9 160.9 -162.3 -191.3 -258.2
1446 mouz 44.1 91.9 156.9 -155.0 -185.0 -252.4
1447 FD 40.1 87.9 152.9 -146.8 -177.3 -245.2
1448 MiTH 36.1 83.9 148.9 -140.6 -170.5 -238.8
1453 Liquid 38.5 86.6 151.7 -144.6 -174.5 -242.8
1463 Na'Vi 40.6 88.5 153.7 -148.6 -178.5 -246.8
1467 Sigma.int 36.6 84.5 149.7 -143.6 -172.9 -241.3
1469 Alliance 36.6 84.5 149.7 -143.6 -172.9 -241.3
1471 Mts 32.6 80.5 145.7 -134.8 -166.3 -235.9
1472 rox.KIS 28.6 76.5 141.7 -126.4 -160.3 -230.7
1481 DK 24.6 72.5 137.7 -117.1 -152.1 -224.0
1484 DK 26.5 74.7 140.2 -121.1 -156.1 -228.0
1485 EG 22.5 70.7 136.2 -113.8 -149.4 -221.6
1486 Sigma.int 18.5 66.7 132.2 -109.6 -144.4 -216.5
1487 VG 20.6 69.1 134.9 -113.6 -148.4 -220.5
1488 Imp 22.4 71.1 137.4 -117.6 -152.4 -224.5
1491 Fnatic.eu 25.6 74.5 141.1 -121.6 -156.4 -228.5
1493 Sigma.int 21.6 70.5 137.1 -116.7 -150.8 -222.9
1496 Sigma.int 23.5 72.8 139.8 -120.7 -154.8 -226.9
1502 DK 26.8 76.8 144.0 -124.7 -158.8 -230.9
1503 Speed 29.3 78.9 146.4 -128.7 -162.8 -234.9
1504 Sigma.int 32.3 82.1 149.7 -132.7 -166.8 -238.9
1505 Na'Vi 28.3 78.1 145.7 -128.3 -162.4 -234.8
1509 Speed 31.7 81.7 149.4 -132.3 -166.4 -238.8
1514 Fnatic.eu 27.7 77.7 145.4 -126.4 -160.6 -232.9
1516 DK 23.7 73.7 141.4 -122.2 -155.5 -227.8
1517 Speed 26.8 76.8 144.6 -126.2 -159.5 -231.8
1519 Orange 30.1 79.4 147.2 -130.2 -163.5 -235.8
1520 Titan 32.7 81.9 149.8 -134.2 -167.5 -239.8
1521 Next.kz 34.5 84.0 152.3 -138.2 -171.5 -243.8
1522 Next.kz 30.5 80.0 148.3 -131.8 -165.3 -238.2
1525 mouz 33.3 82.7 151.1 -135.8 -169.3 -242.2
1526 TongFu3 35.7 85.2 153.9 -139.8 -173.3 -246.2
1532 Poseidon 31.7 81.2 149.9 -134.6 -168.0 -241.5
1534 Poseidon 33.6 83.1 152.0 -138.6 -172.0 -245.5
1535 Venum 35.6 85.6 154.8 -142.6 -176.0 -249.5
1536 Hearts 39.3 88.7 157.9 -146.6 -180.0 -253.5
1538 NoX 35.3 84.7 153.9 -139.1 -171.6 -245.7
1539 Next.kz 38.0 87.0 156.3 -143.1 -175.6 -249.7
1540 Next.kz 40.6 89.7 159.3 -147.1 -179.6 -253.7
1541 PR 36.6 85.7 155.3 -140.4 -173.5 -248.2
1542 rox.KIS 38.9 88.2 158.2 -144.4 -177.5 -252.2
1543 Fnatic.eu 41.5 90.6 160.7 -148.4 -181.5 -256.2
1555 Mski 45.2 94.5 164.6 -152.4 -185.5 -260.2
1556 LGD.cn 48.7 98.1 168.3 -156.4 -189.5 -264.2
1558 FD 44.7 94.1 164.3 -150.8 -184.5 -259.5
1559 Na'Vi 44.7 94.1 164.3 -150.8 -184.5 -259.5
1560 EOT 46.7 96.1 166.5 -154.8 -188.5 -263.5
1561 Na'Vi 49.4 98.6 169.1 -158.8 -192.5 -267.5
1562 VG 45.4 94.6 165.1 -151.8 -182.8 -258.4
1563 FL 48.4 97.6 168.5 -155.8 -186.8 -262.4
1564 Mski 51.9 100.5 171.4 -159.8 -190.8 -266.4
1565 NSG 47.9 96.5 167.4 -155.1 -184.9 -260.5
1569 Next.kz 43.9 92.5 163.4 -149.0 -178.1 -254.2
1570 SSD 39.9 88.5 159.4 -145.0 -173.6 -249.5
1571 PR 42.7 91.2 162.2 -149.0 -177.6 -253.5
1573 iG 44.5 93.1 164.5 -153.0 -181.6 -257.5
1575 iG 40.5 89.1 160.5 -148.6 -177.2 -253.1
1577 MVP.P 43.8 92.0 163.3 -152.6 -181.2 -257.1
1584 SSD 46.2 94.8 166.2 -156.6 -185.2 -261.1
1588 LGD.cn 42.2 90.8 162.2 -152.3 -179.4 -254.8
1591 VG 38.2 86.8 158.2 -148.2 -175.1 -250.5
1592 VG 41.9 90.5 162.1 -152.2 -179.1 -254.5
1595 Idol 37.9 86.5 158.1 -146.1 -171.2 -246.4
1596 Kawai 33.9 82.5 154.1 -141.8 -166.7 -241.7
1599 OsG 29.9 78.5 150.1 -133.0 -158.9 -234.6
1601 SSD 33.2 81.4 153.0 -137.0 -162.9 -238.6
1605 VG 35.6 84.3 156.2 -141.0 -166.9 -242.6
1606 CSW 31.6 80.3 152.2 -136.5 -163.2 -238.7
1609 Empire 35.9 83.8 155.6 -140.5 -167.2 -242.7
1610 VP 39.2 87.5 159.5 -144.5 -171.2 -246.7
1612 Fnatic.eu 41.1 89.4 161.7 -148.5 -175.2 -250.7
1615 Speed 44.0 92.2 164.8 -152.5 -179.2 -254.7
1617 Siltherin 46.0 94.5 167.4 -156.5 -183.2 -258.7
1619 XctN 48.3 97.1 170.2 -160.5 -187.2 -262.7
1622 Aspera 44.3 93.1 166.2 -154.4 -180.8 -256.7
1623 SSD 46.2 95.0 168.2 -158.4 -184.8 -260.7
1630 Na'Vi 48.8 97.3 170.7 -162.4 -188.8 -264.7
1632 Fnatic.eu 44.8 93.3 166.7 -156.7 -183.0 -258.9
1633 Startale 48.3 96.0 169.2 -160.7 -187.0 -262.9
1635 VG 44.3 92.0 165.2 -155.6 -179.8 -255.2
1638 VG 47.3 96.3 169.9 -159.6 -183.8 -259.2
1639 Fnatic.eu 43.3 92.3 165.9 -153.8 -178.0 -254.0
1640 FD 46.4 95.9 169.5 -157.8 -182.0 -258.0
1642 MiTH 48.1 98.0 171.7 -161.8 -186.0 -262.0
1643 VG 50.5 101.1 175.1 -165.8 -190.0 -266.0
1644 iG 46.5 97.1 171.1 -159.8 -184.5 -260.7
1645 RRQ 48.9 99.4 173.5 -163.8 -188.5 -264.7
1646 RRQ 44.9 95.4 169.5 -159.5 -183.6 -259.5
1647 MiTH 40.9 91.4 165.5 -153.8 -178.4 -255.0
1649 VP 44.6 95.4 169.4 -157.8 -182.4 -259.0
1650 VP 46.5 97.6 171.6 -161.8 -186.4 -263.0
1655 RRQ 49.0 99.5 173.5 -165.8 -190.4 -267.0
1659 Alliance 45.0 95.5 169.5 -161.5 -185.7 -262.4
1661 Alliance 47.7 98.3 172.5 -165.5 -189.7 -266.4
1666 Lowyat 43.7 94.3 168.5 -158.8 -184.0 -261.3
1669 Neon 39.7 90.3 164.5 -150.1 -175.9 -254.3
1670 MiTH 43.8 94.1 167.8 -154.1 -179.9 -258.3
1671 Neon 47.2 97.4 171.3 -158.1 -183.9 -262.3
1672 MiTH 49.1 99.3 173.4 -162.1 -187.9 -266.3
1673 rox.KIS 51.9 102.6 177.1 -166.1 -191.9 -270.3
1675 Empire 55.5 106.4 181.0 -170.1 -195.9 -274.3
1680 Mski 58.8 109.3 183.9 -174.1 -199.9 -278.3
1702 DK 62.3 112.7 187.3 -178.1 -203.9 -282.3
1703 DK 58.3 108.7 183.3 -172.8 -199.0 -277.6
1704 Alliance 61.0 111.4 186.2 -176.8 -203.0 -281.6
1710 Speed 57.0 107.4 182.2 -170.7 -196.8 -275.7
1710 Speed 53.0 103.4 178.2 -164.2 -190.3 -269.8
1715 Poseidon 49.0 99.4 174.2 -158.5 -184.9 -264.5
1715 Poseidon 45.0 95.4 170.2 -154.0 -180.3 -260.5
1716 rox.KIS 47.4 98.1 173.0 -158.0 -184.3 -264.5
1716 rox.KIS 50.0 100.7 175.9 -162.0 -188.3 -268.5
1717 VP 53.7 104.2 179.4 -166.0 -192.3 -272.5
1717 VP 58.0 107.8 182.8 -170.0 -196.3 -276.5
1718 Fnatic.eu 54.0 103.8 178.8 -163.6 -189.4 -270.7
1718 Fnatic.eu 50.0 99.8 174.8 -156.7 -182.8 -264.9
1729 Sigma.int 50.0 99.8 174.8 -156.7 -182.8 -264.9
1732 rox.KIS 46.0 95.8 170.8 -150.8 -175.5 -257.6
1734 PR 49.5 99.4 174.5 -154.8 -179.5 -261.6
1737 MiTH 45.5 95.4 170.5 -149.9 -173.4 -255.8
1738 Lowyat 47.6 97.2 172.4 -153.9 -177.4 -259.8
1739 5inQ 43.6 93.2 168.4 -146.1 -169.6 -253.4
1740 LGD.cn 39.6 89.2 164.4 -139.7 -164.0 -248.6
1741 VP 43.4 93.0 168.1 -143.7 -168.0 -252.6
1743 Na'Vi 45.1 95.1 170.5 -147.7 -172.0 -256.6
1748 Idol 41.1 91.1 166.5 -143.4 -166.9 -251.6
1749 FD 37.1 87.1 162.5 -139.1 -161.8 -246.2
1756 TongFu 33.1 83.1 158.5 -131.3 -154.9 -240.5
1757 iG 36.6 86.7 162.4 -135.3 -158.9 -244.5
1759 FD 39.7 90.2 166.3 -139.3 -162.9 -248.5
1767 rox.KIS 42.4 93.3 169.8 -143.3 -166.9 -252.5
1769 XctN 38.4 89.3 165.8 -138.3 -161.2 -247.0
1770 5inQ 40.1 91.9 168.8 -142.3 -165.2 -251.0
1773 FD 42.2 93.7 170.8 -146.3 -169.2 -255.0
1775 RRQ 38.2 89.7 166.8 -140.7 -164.3 -250.5
1778 FSid3 34.2 85.7 162.8 -134.7 -157.7 -244.0
1782 Mski 38.0 89.2 166.3 -138.7 -161.7 -248.0
1787 Sigma.int 40.5 91.7 168.9 -142.7 -165.7 -252.0
1789 Na'Vi 43.4 94.4 171.7 -146.7 -169.7 -256.0
1792 Empire 39.4 90.4 167.7 -138.8 -162.0 -249.1
1794 Mski 35.4 86.4 163.7 -133.7 -156.4 -243.8
1796 Titan 37.9 89.1 166.3 -137.7 -160.4 -247.8
1798 OsG 40.2 91.8 169.1 -141.7 -164.4 -251.8
1799 VP 36.2 87.8 165.1 -133.0 -157.7 -246.0
1810 TR 32.2 83.8 161.1 -128.2 -152.5 -240.8
1813 DK 34.5 86.3 163.8 -132.2 -156.5 -244.8
1816 TongFu 30.5 82.3 159.8 -126.6 -151.4 -240.4
1818 FD 32.7 84.4 161.9 -130.6 -155.4 -244.4
1819 rox.KIS 35.1 86.7 164.4 -134.6 -159.4 -248.4
1824 Empire 38.3 89.9 167.9 -138.6 -163.4 -252.4
1830 mouz 40.5 92.1 170.1 -142.6 -167.4 -256.4
1831 rox.KIS 36.5 88.1 166.1 -133.6 -159.9 -249.4
1832 TR 39.9 91.3 169.5 -137.6 -163.9 -253.4
1835 iG 35.9 87.3 165.5 -133.7 -159.7 -248.8
1838 Titan 31.9 83.3 161.5 -127.4 -153.0 -242.3
1841 SSD 33.7 85.3 163.7 -131.4 -157.0 -246.3
1843 iG 35.7 87.7 166.3 -135.4 -161.0 -250.3
1844 VG 31.7 83.7 162.3 -129.6 -156.0 -245.6
1848 TongFu 33.4 85.8 164.7 -133.6 -160.0 -249.6
1849 PBS 35.1 88.0 167.3 -137.6 -164.0 -253.6
1854 SSD 31.1 84.0 163.3 -130.7 -155.8 -245.8
1858 Empire 33.4 86.7 164.7 -134.7 -159.8 -249.8
1864 Revenge 35.7 89.2 167.5 -138.7 -163.8 -253.8
1869 FSid3 31.7 85.2 163.5 -130.9 -156.3 -247.5
1872 rox.KIS 27.7 81.2 159.5 -126.3 -151.5 -242.8
1873 PBS 23.7 77.2 155.5 -120.0 -144.9 -239.3
1876 GB 25.5 79.1 157.7 -124.0 -148.9 -243.3
1880 VG 21.5 75.1 153.7 -117.4 -141.5 -236.2
1881 LGD.cn 24.8 78.9 155.6 -121.4 -145.5 -240.2
1882 Swage 28.5 82.8 158.3 -125.4 -149.5 -244.2
1883 iG 24.5 78.8 154.3 -117.0 -142.0 -234.5
1888 SMM 27.7 81.7 157.4 -121.0 -146.0 -238.5
1890 LGD.cn 23.7 77.7 153.4 -114.5 -140.1 -233.0
1891 Lowyat 19.7 73.7 149.4 -109.9 -135.5 -228.5
1892 nAra 15.7 69.7 145.4 -102.1 -128.7 -220.1
1895 Fnatic.eu 11.7 65.7 141.4 -97.5 -124.8 -211.4
1896 XctN 7.7 61.7 137.4 -92.1 -118.9 -205.9
1897 Idol 3.7 57.7 133.4 -86.2 -112.9 -200.2
1899 LGD.cn 6.2 60.3 135.4 -90.2 -116.9 -204.2
1900 PBS 8.4 62.7 138.0 -94.2 -120.9 -208.2
1902 Idol 4.4 58.7 134.0 -89.5 -116.3 -204.1
1904 Mastery 0.4 54.7 130.0 -83.0 -110.0 -196.6
1905 Swage -3.6 50.7 126.0 -75.4 -103.3 -190.6
1907 EOT -0.7 54.0 128.3 -79.4 -107.3 -194.6
1908 Sigma.int -4.7 50.0 124.3 -74.5 -101.9 -189.0
1909 Mski -1.6 53.6 127.0 -78.5 -105.9 -193.0
1912 Orange 0.5 55.6 129.0 -82.5 -109.9 -197.0
1918 Orange 2.6 57.5 130.9 -86.5 -113.9 -201.0
1920 Mski -1.4 53.5 126.9 -78.2 -107.4 -195.0
1921 VP 1.1 55.9 129.2 -82.2 -111.4 -199.0
1922 VP -2.9 51.9 125.2 -77.3 -106.6 -194.6
1924 Sigma.int -0.6 54.6 126.9 -81.3 -110.6 -198.6
1926 PR 2.0 56.7 129.1 -85.3 -114.6 -202.6
1930 Alliance 4.1 58.8 131.5 -89.3 -118.6 -206.6
1931 Swage 0.1 54.8 127.5 -81.3 -111.3 -200.0
1932 Empire 0.1 54.8 127.5 -81.3 -111.3 -200.0
1933 Alliance 2.3 57.0 129.9 -85.3 -115.3 -204.0
1937 Na'Vi 4.1 59.0 132.1 -89.3 -119.3 -208.0
1938 DK 6.6 61.7 135.0 -93.3 -123.3 -212.0
1940 Na'Vi 2.6 57.7 131.0 -88.1 -119.0 -207.7
1941 Zephyr 4.7 60.3 132.2 -92.1 -123.0 -211.7
1942 VP 8.1 63.2 135.1 -96.1 -127.0 -215.7
1943 PR 10.0 65.1 137.3 -100.1 -131.0 -219.7
1946 PR 6.0 61.1 133.3 -93.5 -123.9 -213.1
1947 Relax 2.0 57.1 129.3 -86.5 -117.0 -207.0
1955 Life 4.8 60.6 131.0 -90.5 -121.0 -211.0
1962 Fnatic.eu 7.1 63.0 133.4 -94.5 -125.0 -215.0
1966 Speed 9.9 66.3 137.1 -98.5 -129.0 -219.0
1968 Denial 12.2 68.9 140.0 -102.5 -133.0 -223.0
1969 hehe 15.1 72.3 143.7 -106.5 -137.0 -227.0
1970 hehe 17.2 74.4 145.6 -110.5 -141.0 -231.0
1974 bvd.dotA 13.2 70.4 141.6 -105.3 -136.1 -227.7
1976 Relax 9.2 66.4 137.6 -100.1 -131.3 -220.7
1977 Empire 5.2 62.4 133.6 -95.2 -126.4 -216.2
1978 eHug 8.1 65.8 135.1 -99.2 -130.4 -220.2
1979 Empire 10.4 68.6 138.2 -103.2 -134.4 -224.2
1980 Empire 13.8 72.8 142.7 -107.2 -138.4 -228.2
1983 SADBOYS 9.8 68.8 138.7 -100.1 -129.8 -219.6
1986 eHug 5.8 64.8 134.7 -94.0 -123.7 -213.7
1987 Empire 1.8 60.8 130.7 -87.7 -118.2 -205.7
1988 Liquid -2.2 56.8 126.7 -80.2 -111.6 -199.1
1991 PR -0.2 58.9 128.9 -84.2 -115.6 -203.1
1993 Liquid 2.9 62.3 132.6 -88.2 -119.6 -207.1
1994 Fnatic.eu -1.1 58.3 128.6 -83.7 -115.6 -203.2
1996 TR -5.1 54.3 124.6 -75.7 -108.1 -196.3
2000 UG -9.1 50.3 120.6 -70.6 -103.2 -190.9
2002 Swage -6.2 53.4 122.2 -74.6 -107.2 -194.9
2003 Empire -10.2 49.4 118.2 -68.4 -101.8 -186.4
2004 Empire -7.3 52.3 121.6 -72.4 -105.8 -190.4
2005 5inQ -4.7 55.2 123.1 -76.4 -109.8 -194.4
2006 Empire -8.7 51.2 119.1 -72.3 -105.8 -188.4
2008 SADBOYS -12.7 47.2 115.1 -65.0 -98.7 -181.3
2011 PR -16.7 43.2 111.1 -59.4 -94.0 -176.8
2013 Empire -14.4 45.5 113.4 -63.4 -98.0 -180.8
2025 D4D -11.3 48.7 115.7 -67.4 -102.0 -184.8
2026 Execration -9.3 51.0 118.3 -71.4 -106.0 -188.8
2028 Next.kz -13.3 47.0 114.3 -63.0 -98.4 -181.8
2030 Empire -9.8 50.4 117.8 -67.0 -102.4 -185.8
2031 Sigma.int -13.8 46.4 113.8 -60.6 -95.9 -179.2
2033 eHug -17.8 42.4 109.8 -54.1 -89.2 -172.6
2036 Zephyr -14.8 45.7 113.3 -58.1 -93.2 -176.6
2038 SADBOYS -10.7 49.9 116.6 -62.1 -97.2 -180.6
2039 Speed -14.7 45.9 112.6 -55.7 -90.8 -174.1
2043 Liquid -12.2 48.5 113.9 -59.7 -94.8 -178.1
2044 Arrow -9.9 51.3 115.3 -63.7 -98.8 -182.1
2046 Empire -6.4 54.8 118.9 -67.7 -102.8 -186.1
2049 GL -4.3 57.1 120.5 -71.7 -106.8 -190.1
2051 Nullis -2.3 59.2 122.8 -75.7 -110.8 -194.1
2057 Aura -0.1 61.6 125.4 -79.7 -114.8 -198.1
2060 Fnatic.eu -4.1 57.6 121.4 -75.1 -110.6 -194.1
2062 PR -8.1 53.6 117.4 -68.6 -104.4 -188.2
2069 VP -12.1 49.6 113.4 -62.3 -98.6 -182.2
2070 rox.KIS -16.1 45.6 109.4 -55.2 -92.1 -172.5
2071 Cloud9 -13.0 49.0 111.5 -59.2 -96.1 -176.5
2072 About -17.0 45.0 107.5 -51.8 -89.0 -168.8
2073 4FC -15.2 47.1 109.0 -55.8 -93.0 -172.8
2075 Liquid -19.2 43.1 105.0 -48.6 -87.0 -163.7
2078 Empire -16.7 45.7 107.0 -52.6 -91.0 -167.7
2084 hehe -20.7 41.7 103.0 -48.0 -86.2 -163.2
2085 Next.kz -17.6 44.7 107.7 -52.0 -90.2 -167.2
2086 PssT -21.6 40.7 103.7 -44.7 -84.4 -158.6
2088 SADBOYS -18.5 44.4 106.1 -48.7 -88.4 -162.6
2091 Zephyr -15.7 47.3 109.2 -52.7 -92.4 -166.6
2092 Empire -19.7 43.3 105.2 -48.4 -88.0 -162.3
2094 Insane -23.7 39.3 101.2 -40.6 -81.0 -156.1
2096 neXt! -27.7 35.3 97.2 -34.8 -75.6 -151.7
2099 rox.KIS -25.7 37.2 99.1 -38.8 -79.6 -155.7
2101 ZR -22.6 40.8 101.2 -42.8 -83.6 -159.7
2103 JnRun -26.6 36.8 97.2 -38.1 -78.8 -154.8
2104 Arrow -30.6 32.8 93.2 -29.1 -69.9 -146.9
2105 Mongolz -27.1 36.4 95.7 -33.1 -73.9 -150.9
2106 Panthers -24.6 39.1 98.8 -37.1 -77.9 -154.9
2112 DUZA -22.1 41.7 101.4 -41.1 -81.9 -158.9
2114 VP -19.4 44.7 104.6 -45.1 -85.9 -162.9
2115 Mongolz -23.4 40.7 100.6 -38.7 -79.1 -156.5
2117 Titan -21.3 43.2 102.1 -42.7 -83.1 -160.5
2122 4FC -18.0 46.4 105.0 -46.7 -87.1 -164.5
2124 neXt! -22.0 42.4 101.0 -40.3 -80.2 -157.3
2126 ZR -19.8 44.7 103.1 -44.3 -84.2 -161.3
2129 vhoul -17.3 47.4 104.9 -48.3 -88.2 -165.3
2135 rox.KIS -15.3 49.6 107.4 -52.3 -92.2 -169.3
2140 PssT -19.3 45.6 103.4 -44.9 -84.2 -162.0
2142 MVP.P -15.8 48.4 106.2 -48.9 -88.2 -166.0
2150 VP -19.8 44.4 102.2 -44.1 -83.7 -160.9
2151 Insane -23.8 40.4 98.2 -39.3 -78.6 -155.6
2154 ZR -27.8 36.4 94.2 -33.6 -73.1 -150.7
2155 MYM -26.1 38.0 96.1 -37.6 -77.1 -154.7
2161 Osiris -30.1 34.0 92.1 -29.8 -70.1 -150.8
2164 Puck -34.1 30.0 88.1 -23.5 -63.1 -144.0
2166 DUZA -38.1 26.0 84.1 -16.1 -56.1 -137.5
2167 Scythe -35.3 29.2 85.8 -20.1 -60.1 -141.5
2168 Dignotoss -32.4 32.8 89.6 -24.1 -64.1 -145.5
2169 WWD -30.1 35.5 90.9 -28.1 -68.1 -149.5
2176 neXt! -34.1 31.5 86.9 -21.7 -62.3 -144.0
2179 PR -31.7 34.1 88.7 -25.7 -66.3 -148.0
2180 Puck -35.7 30.1 84.7 -18.8 -60.2 -139.6
2182 MM -33.0 33.0 86.3 -22.8 -64.2 -143.6
2183 4N -37.0 29.0 82.3 -17.9 -59.3 -138.9
2184 Swage -41.0 25.0 78.3 -13.3 -55.6 -133.8
2186 RRQ -45.0 21.0 74.3 -7.6 -50.6 -126.0
2189 Dignotoss -49.0 17.0 70.3 -2.8 -46.0 -120.0
2191 Orange -46.9 19.1 72.4 -6.8 -50.0 -124.0
2192 PR -50.9 15.1 68.4 0.1 -43.8 -118.8
2194 Zephyr -48.2 17.9 70.7 -3.9 -47.8 -122.8
2196 Dog -52.2 13.9 66.7 -0.2 -43.0 -117.5
2201 eN.Legs -50.0 16.1 68.9 -4.2 -47.0 -121.5
2202 neXt! -47.6 18.6 71.2 -8.2 -51.0 -125.5
2203 BIP -45.0 21.6 72.9 -12.2 -55.0 -129.5
2206 Mski -45.0 21.6 72.9 -12.2 -55.0 -129.5
2207 PR -49.0 17.6 68.9 -7.7 -50.4 -125.2
2209 DT.NGC -53.0 13.6 64.9 -2.4 -45.3 -120.9
2219 rox.KIS -57.0 9.6 60.9 3.0 -40.1 -115.8
2223 Sigma.int -53.2 13.3 64.8 -1.0 -44.1 -119.8
2225 Empire -57.2 9.3 60.8 4.7 -36.7 -112.1
2230 Orange -55.0 11.4 63.0 0.7 -40.7 -116.1
2232 Relax -51.3 14.4 65.8 -3.3 -44.7 -120.1
2233 CIS -48.6 17.4 68.5 -7.3 -48.7 -124.1
2234 5inQ -46.0 19.5 70.7 -11.3 -52.7 -128.1
2240 Spirit -50.0 15.5 66.7 -3.5 -44.9 -119.0
2245 MYM -47.2 18.5 70.0 -7.5 -48.9 -123.0
2246 Execration -43.3 22.4 72.9 -11.5 -52.9 -127.0
2247 Cloud9 -40.1 26.1 74.9 -15.5 -56.9 -131.0
2248 DT.NGC -38.4 28.1 77.3 -19.5 -60.9 -135.0
2250 Execration -42.4 24.1 73.3 -14.6 -55.9 -130.5
2252 FD -40.1 26.5 75.2 -18.6 -59.9 -134.5
2254 Fnatic.eu -37.2 29.5 78.4 -22.6 -63.9 -138.5
2255 rox.KIS -34.7 31.9 80.8 -26.6 -67.9 -142.5
2258 Arrow -38.7 27.9 76.8 -18.3 -61.1 -136.8
2259 VG -36.0 30.7 78.6 -22.3 -65.1 -140.8
2262 Mski -34.0 32.9 80.3 -26.3 -69.1 -144.8
2263 Cloud9 -31.8 35.5 83.2 -30.3 -73.1 -148.8
2270 RRQ -35.8 31.5 79.2 -22.9 -65.8 -141.8
2272 Arrow -32.8 35.1 83.2 -26.9 -69.8 -145.8
2281 Titan -30.2 37.2 85.2 -30.9 -73.8 -149.8
2286 Cloud9 -27.5 39.8 88.7 -34.9 -77.8 -153.8
2287 VG -31.5 35.8 84.7 -29.3 -72.2 -150.1
2291 Na'Vi -29.1 38.2 87.8 -33.3 -76.2 -154.1
