0 0 0.0 0.0 0.0 0.0 0.0 0.0
14 Alliance -4.0 -4.0 -4.0 4.7 4.7 4.1
15 Fnatic -0.5 -0.5 -1.5 0.7 0.7 0.1
16 Empire -4.5 -4.5 -5.5 5.3 5.6 5.1
22 Dignitas -1.0 -1.1 -1.9 1.3 1.6 1.1
33 Dignitas -5.0 -5.1 -5.9 5.5 5.3 5.5
36 Next.kz -5.0 -5.1 -5.9 5.5 5.3 5.5
37 mouz -9.0 -9.1 -9.9 10.2 9.3 9.8
46 GU.pe -5.5 -5.3 -5.9 6.2 5.3 5.8
47 VP -9.5 -9.3 -9.9 10.9 9.8 9.6
52 Fnatic.eu -13.5 -13.3 -13.9 15.0 14.1 13.9
54 4FC -10.9 -10.1 -10.4 11.0 10.1 9.9
55 mouz -7.1 -6.6 -6.6 7.0 6.1 5.9
63 EG -11.1 -10.6 -10.6 12.6 11.0 10.8
64 iM`Bashers -7.2 -6.8 -6.8 8.6 7.0 6.8
65 VnR.Alpha -3.5 -3.3 -3.4 4.6 3.0 2.8
67 Ptd.Bravo -7.5 -7.3 -7.4 9.3 8.2 7.4
70 Quantic -4.4 -4.5 -4.2 5.3 4.2 3.4
72 Neo.int -8.4 -8.5 -8.2 10.2 9.6 8.3
76 eN.Legs -6.0 -5.3 -4.8 6.2 5.6 4.3
78 Fnatic.eu -10.0 -9.3 -8.8 10.9 10.2 8.9
79 Na'Vi -7.0 -6.3 -5.9 6.9 6.2 4.9
83 s4 -11.0 -10.3 -9.9 10.7 11.4 10.3
84 Liquid -15.0 -14.3 -13.9 15.1 16.0 14.4
85 Fnatic.eu -11.7 -11.0 -10.5 11.1 12.0 10.4
90 VP -15.7 -15.0 -14.5 15.6 16.2 15.1
91 Liquid -12.4 -12.1 -11.7 11.6 12.2 11.1
92 Ptd.Bravo -12.4 -12.1 -11.7 11.6 12.2 11.1
94 Fnatic.eu -8.7 -8.3 -7.8 7.6 8.2 7.1
99 VP -6.0 -5.4 -4.6 3.6 4.2 3.1
103 Fnatic.eu -2.2 -1.9 -1.2 -0.4 0.2 -0.9
120 Na'Vi 1.2 1.8 2.6 -4.4 -3.8 -4.9
122 mouz 4.7 5.5 6.1 -8.4 -7.8 -8.9
131 Na'Vi 8.4 9.2 10.2 -12.4 -11.8 -12.9
142 Alliance 4.4 5.2 6.2 -7.2 -7.0 -8.2
144 mouz 0.4 1.2 2.2 -1.8 -2.0 -3.3
145 Alliance 3.6 4.5 5.4 -5.8 -6.0 -7.3
148 Empire 6.3 7.4 8.5 -9.8 -10.0 -11.3
150 Fnatic.eu 6.3 7.4 8.5 -9.8 -10.0 -11.3
152 Alliance 9.3 10.6 11.7 -13.8 -14.0 -15.3
158 WH?Dota2 9.3 10.6 11.7 -13.8 -14.0 -15.3
178 Dignitas 11.9 13.9 15.1 -17.8 -18.0 -19.3
184 WH?Dota2 15.1 17.4 18.6 -21.8 -22.0 -23.3
188 LGD.cn 11.1 13.4 14.6 -16.8 -16.7 -18.0
191 Liquid 7.1 9.4 10.6 -11.7 -11.2 -12.6
192 VP 3.1 5.4 6.6 -6.9 -6.9 -8.5
193 VP -0.9 1.4 2.6 -1.4 -1.6 -3.4
199 Dignitas -4.9 -2.6 -1.4 3.7 3.5 1.7
200 VP -1.1 1.0 2.2 -0.3 -0.5 -2.3
201 Orange 1.9 4.3 5.7 -4.3 -4.5 -6.3
203 Alliance 5.2 7.7 9.2 -8.3 -8.5 -10.3
204 Fnatic.eu 1.2 3.7 5.2 -4.1 -4.1 -5.9
211 Liquid 3.8 6.7 8.4 -8.1 -8.1 -9.9
214 Dignitas 7.4 10.6 12.3 -12.1 -12.1 -13.9
217 DK 10.8 13.5 15.1 -16.1 -16.1 -17.9
222 Dignitas 10.8 13.5 15.1 -16.1 -16.1 -17.9
247 Dignitas 13.5 16.9 18.7 -20.1 -20.1 -21.9
257 Liquid 16.8 20.4 22.3 -24.1 -24.1 -25.9
259 Liquid 19.9 23.7 25.8 -28.1 -28.1 -29.9
263 Prodota.ru 15.9 19.7 21.8 -24.1 -24.0 -25.9
265 Lounge 15.9 19.7 21.8 -24.1 -24.0 -25.9
267 mouz 19.3 23.5 25.7 -28.1 -28.0 -29.9
285 rox.KIS 22.3 26.7 29.1 -32.1 -32.0 -33.9
295 Quantic 18.3 22.7 25.1 -27.2 -26.5 -28.4
296 Quantic 21.2 25.8 28.3 -31.2 -30.5 -32.4
308 Quantic 17.2 21.8 24.3 -25.4 -25.5 -27.7
311 Quantic 13.2 17.8 20.3 -21.3 -20.8 -23.0
318 mouz 16.1 21.0 23.6 -25.3 -24.8 -27.0
320 EG 12.1 17.0 19.6 -20.8 -20.2 -22.6
329 RAT 15.2 20.8 23.5 -24.8 -24.2 -26.6
332 RStars 17.8 23.9 27.1 -28.8 -28.2 -30.6
335 VP 13.8 19.9 23.1 -24.0 -23.9 -26.2
336 MiTH 16.7 23.2 26.8 -28.0 -27.9 -30.2
343 Orange 12.7 19.2 22.8 -24.3 -23.8 -25.8
349 Quantic 15.7 22.5 26.5 -28.3 -27.8 -29.8
354 Alliance 19.5 26.1 30.1 -32.3 -31.8 -33.8
359 DK 15.5 22.1 26.1 -28.1 -27.2 -29.1
361 Orange 11.5 18.1 22.1 -23.4 -22.8 -24.8
374 Dignitas 7.5 14.1 18.1 -17.9 -17.4 -19.9
381 RS 10.5 17.2 21.3 -21.9 -21.4 -23.9
386 TM 13.5 20.8 25.1 -25.9 -25.4 -27.9
391 mouz 17.3 24.2 28.5 -29.9 -29.4 -31.9
395 LGD.cn 20.6 27.4 31.8 -33.9 -33.4 -35.9
400 VP 16.6 23.4 27.8 -29.6 -28.6 -31.2
405 mouz 12.6 19.4 23.8 -25.0 -23.7 -26.3
411 Quantic 8.6 15.4 19.8 -19.6 -18.7 -21.6
422 Liquid 4.6 11.4 15.8 -15.0 -14.1 -17.2
434 EG 8.1 14.9 19.2 -19.0 -18.1 -21.2
436 EG 11.5 18.2 22.5 -23.0 -22.1 -25.2
458 EG 7.5 14.2 18.5 -18.4 -17.2 -20.7
478 rox.KIS 11.0 17.2 21.6 -22.4 -21.2 -24.7
490 paiN.int 13.7 20.3 25.0 -26.4 -25.2 -28.7
497 DK 9.7 16.3 21.0 -20.9 -20.0 -23.7
510 Fnatic.eu 5.7 12.3 17.0 -16.0 -15.3 -19.5
516 Quantic 9.2 16.1 21.1 -20.0 -19.3 -23.5
530 Orange 12.4 20.1 25.4 -24.0 -23.3 -27.5
539 Quantic 15.8 23.4 28.8 -28.0 -27.3 -31.5
548 Liquid 18.9 26.5 32.1 -32.0 -31.3 -35.5
556 Fnatic.eu 14.9 22.5 28.1 -27.1 -27.0 -31.5
559 mouz 18.3 26.2 32.0 -31.1 -31.0 -35.5
561 Orange 14.3 22.2 28.0 -26.5 -25.7 -30.2
563 iG 17.6 26.0 32.0 -30.5 -29.7 -34.2
565 Dignitas 13.6 22.0 28.0 -25.5 -25.2 -30.1
567 mouz 16.6 25.2 31.4 -29.5 -29.2 -34.1
570 VP 12.6 21.2 27.4 -25.5 -25.1 -29.9
575 TongFu 8.6 17.2 23.4 -20.0 -19.8 -24.9
583 iCCup 4.6 13.2 19.4 -15.6 -15.4 -20.8
586 EG 0.6 9.2 15.4 -11.0 -10.6 -16.1
594 mouz 3.8 12.5 18.9 -15.0 -14.6 -20.1
599 Na'Vi 7.3 15.5 21.8 -19.0 -18.6 -24.1
610 LGD.cn 11.1 18.8 25.1 -23.0 -22.6 -28.1
612 Na'Vi 14.3 21.7 27.9 -27.0 -26.6 -32.1
614 EG 17.8 25.1 31.5 -31.0 -30.6 -36.1
619 iG 13.8 21.1 27.5 -25.7 -25.5 -31.1
620 DK 9.8 17.1 23.5 -21.1 -19.9 -25.0
625 TongFu 5.8 13.1 19.5 -15.4 -14.8 -20.3
633 Liquid 9.4 16.7 23.3 -19.4 -18.8 -24.3
639 4FC 12.7 19.5 26.1 -23.4 -22.8 -28.3
649 Fnatic.eu 16.1 22.9 29.7 -27.4 -26.8 -32.3
650 Fnatic.eu 12.1 18.9 25.7 -23.0 -22.2 -27.6
661 iG 8.1 14.9 21.7 -17.5 -17.2 -22.9
663 RS 4.1 10.9 17.7 -13.0 -12.3 -18.5
673 LGD.cn 7.1 14.2 21.2 -17.0 -16.3 -22.5
684 VP 10.9 17.8 25.0 -21.0 -20.3 -26.5
687 VP 6.9 13.8 21.0 -15.4 -15.1 -21.4
689 Kaipi 2.9 9.8 17.0 -11.1 -11.0 -17.2
706 RS -1.1 5.8 13.0 -5.6 -5.7 -12.0
709 Kaipi 1.9 8.9 16.3 -9.6 -9.7 -16.0
710 VP 5.1 12.0 19.5 -13.6 -13.7 -20.0
711 mouz 7.8 15.2 22.9 -17.6 -17.7 -24.0
717 mouz 10.7 18.2 26.0 -21.6 -21.7 -28.0
724 Kaipi 14.2 21.9 29.8 -25.6 -25.7 -32.0
734 TongFu 17.2 25.2 33.2 -29.6 -29.7 -36.0
735 Dignitas 20.6 28.3 36.2 -33.6 -33.7 -40.0
743 Fnatic.eu 24.2 31.4 39.3 -37.6 -37.7 -44.0
756 Dignitas 20.2 27.4 35.3 -32.2 -32.9 -39.5
787 TongFu 23.4 31.3 39.4 -36.2 -36.9 -43.5
789 LGD.int 19.4 27.3 35.4 -31.8 -32.3 -39.1
790 AllStarsA 15.4 23.3 31.4 -27.1 -27.0 -34.1
794 DK 11.4 19.3 27.4 -22.9 -22.5 -29.8
804 TongFu 14.8 23.2 31.4 -26.9 -26.5 -33.8
805 Alliance 18.2 27.2 35.6 -30.9 -30.5 -37.8
834 Aspera 21.8 30.6 39.2 -34.9 -34.5 -41.8
840 TS 25.0 33.8 42.5 -38.9 -38.5 -45.8
846 Next.kz 28.1 37.1 45.9 -42.9 -42.5 -49.8
847 4FC 24.1 33.1 41.9 -38.3 -37.4 -44.5
849 Poseidon 27.4 36.5 45.6 -42.3 -41.4 -48.5
854 Life 23.4 32.5 41.6 -37.7 -35.7 -43.0
863 Next.kz 19.4 28.5 37.6 -33.1 -30.7 -38.3
868 GxGaming 15.4 24.5 33.6 -28.1 -24.9 -32.9
869 SFEC 11.4 20.5 29.6 -22.7 -20.0 -28.4
874 VP 14.7 23.7 33.1 -26.7 -24.0 -32.4
875 Imp 10.7 19.7 29.1 -21.9 -19.2 -27.8
879 Empire 13.5 22.8 32.4 -25.9 -23.2 -31.8
882 rox.KIS 13.5 22.8 32.4 -25.9 -23.2 -31.8
895 Next.kz 17.0 26.5 36.0 -29.9 -27.2 -35.8
907 NoLove 20.6 30.3 40.0 -33.9 -31.2 -39.8
910 Empire 16.6 26.3 36.0 -29.8 -27.1 -35.7
912 Kaipi 12.6 22.3 32.0 -25.3 -22.2 -31.0
918 DUZA 8.6 18.3 28.0 -20.1 -17.7 -26.7
924 ONE.dota 11.9 21.8 32.0 -24.1 -21.7 -30.7
928 LGD.cn 7.9 17.8 28.0 -19.5 -17.0 -25.9
929 Dreamz 3.9 13.8 24.0 -14.8 -12.9 -21.9
939 Poseidon 6.7 17.2 27.7 -18.8 -16.9 -25.9
940 Next.kz 2.7 13.2 23.7 -13.4 -11.8 -21.0
942 Quantic -1.3 9.2 19.7 -8.9 -6.6 -16.1
955 DUZA 2.7 12.6 23.0 -12.9 -10.6 -20.1
962 iG 5.9 16.0 26.6 -16.9 -14.6 -24.1
966 TongFu 9.4 18.8 29.3 -20.9 -18.6 -28.1
973 DUZA 5.4 14.8 25.3 -16.0 -13.4 -23.0
984 nAra 1.4 10.8 21.3 -10.6 -8.1 -18.3
998 Mski 4.5 13.6 24.3 -14.6 -12.1 -22.3
1003 Kaipi 7.7 17.6 28.5 -18.6 -16.1 -26.3
1007 rox.KIS 10.8 20.5 31.6 -22.6 -20.1 -30.3
1011 Imp 6.8 16.5 27.6 -18.6 -15.2 -25.7
1013 Empire 6.8 16.5 27.6 -18.6 -15.2 -25.7
1014 Na'Vi 2.8 12.5 23.6 -13.8 -11.0 -21.7
1026 PBS 6.2 16.5 27.5 -17.8 -15.0 -25.7
1029 rox.KIS 8.8 19.6 30.8 -21.8 -19.0 -29.7
1033 LGD.cn 12.4 23.1 34.3 -25.8 -23.0 -33.7
1038 Aspera 8.4 19.1 30.3 -21.3 -18.5 -29.1
1054 TR 12.1 22.5 33.7 -25.3 -22.5 -33.1
1058 UR 8.1 18.5 29.7 -20.4 -17.9 -28.8
1084 Arcanys 4.1 14.5 25.7 -16.0 -12.1 -23.2
1100 Aspera 8.1 17.4 28.5 -20.0 -16.1 -27.2
1103 FD 8.1 17.4 28.5 -20.0 -16.1 -27.2
1107 Rain 4.1 13.4 24.5 -14.8 -11.3 -22.6
1128 TakeFive 7.3 17.8 29.2 -18.8 -15.3 -26.6
1134 PR 3.3 13.8 25.2 -14.5 -11.3 -22.6
1138 CSW 6.0 16.8 28.5 -18.5 -15.3 -26.6
1142 SYF 9.5 20.0 31.6 -22.5 -19.3 -30.6
1154 Alliance 9.5 20.0 31.6 -22.5 -19.3 -30.6
1166 CSW 13.0 22.9 34.5 -26.5 -23.3 -34.6
1180 Empire 9.0 18.9 30.5 -21.3 -18.8 -30.5
1182 Fnatic.eu 12.9 21.9 33.4 -25.3 -22.8 -34.5
1187 StayFree 8.9 17.9 29.4 -20.4 -17.6 -29.0
1193 Speed 4.9 13.9 25.4 -15.9 -12.5 -23.9
1198 Aspera 7.9 16.8 28.5 -19.9 -16.5 -27.9
1201 Aspera 3.9 12.8 24.5 -15.1 -11.8 -23.6
1219 NoX -0.1 8.8 20.5 -10.3 -7.1 -19.2
1236 Speed -0.1 8.8 20.5 -10.3 -7.1 -19.2
1249 Alliance -4.1 4.8 16.5 -6.3 -3.0 -15.0
1254 Startale -4.1 4.8 16.5 -6.3 -3.0 -15.0
1260 Sigma.int -8.1 0.8 12.5 -2.1 1.5 -10.6
1277 Mski -12.1 -3.2 8.5 2.5 5.3 -7.0
1280 MiTH -12.1 -3.2 8.5 2.5 5.3 -7.0
1281 Speed -9.3 -0.2 11.7 -1.5 1.3 -11.0
1289 Titan -13.3 -4.2 7.7 3.6 6.3 -6.1
1295 Fnatic.eu -17.3 -8.2 3.7 8.5 11.0 -1.7
1298 Titan -14.6 -5.2 7.1 4.5 7.0 -5.7
1304 Empire -11.2 -2.3 9.8 0.5 3.0 -9.7
1311 Sleisel -15.2 -6.3 5.8 4.5 7.3 -5.5
1320 Orange -11.5 -3.5 8.4 0.5 3.3 -9.5
1349 Alliance -15.5 -7.5 4.4 4.4 7.4 -5.1
1374 VP -12.0 -3.7 8.1 0.4 3.4 -9.1
1378 Imp -9.2 -0.2 11.8 -3.6 -0.6 -13.1
1387 LGD.cn -6.1 3.0 15.1 -7.6 -4.6 -17.1
1392 EG -3.2 6.4 18.5 -11.6 -8.6 -21.1
1393 Fnatic.eu 0.1 9.1 21.2 -15.6 -12.6 -25.1
1394 LGD.cn 3.7 13.2 25.1 -19.6 -16.6 -29.1
1395 iG 7.1 16.0 28.0 -23.6 -20.6 -33.1
1398 Alliance 3.1 12.0 24.0 -19.0 -16.0 -28.5
1409 Liquid -0.9 8.0 20.0 -14.0 -11.0 -23.7
1420 FD 2.6 10.9 23.2 -18.0 -15.0 -27.7
1422 EG -1.4 6.9 19.2 -14.0 -10.7 -23.4
1435 mouz 2.1 10.0 22.2 -18.0 -14.7 -27.4
1444 Fnatic.eu -1.9 6.0 18.2 -13.6 -10.7 -23.5
1467 Sigma.int -5.9 2.0 14.2 -8.6 -5.1 -18.0
1469 Alliance -5.9 2.0 14.2 -8.6 -5.1 -18.0
1486 Sigma.int -9.9 -2.0 10.2 -4.4 -0.1 -12.9
1491 Fnatic.eu -6.7 1.4 13.9 -8.4 -4.1 -16.9
1493 Sigma.int -10.7 -2.6 9.9 -3.5 1.5 -11.3
1502 DK -7.4 1.4 14.1 -7.5 -2.5 -15.3
1504 Sigma.int -4.4 4.6 17.4 -11.5 -6.5 -19.3
1505 Na'Vi -8.4 0.6 13.4 -7.1 -2.1 -15.2
1509 Speed -5.0 4.2 17.1 -11.1 -6.1 -19.2
1516 DK -9.0 0.2 13.1 -6.9 -1.0 -14.1
1517 Speed -5.9 3.3 16.3 -10.9 -5.0 -18.1
1519 Orange -2.6 5.9 18.9 -14.9 -9.0 -22.1
1532 Poseidon -6.6 1.9 14.9 -9.7 -3.7 -17.4
1536 Hearts -2.9 5.0 18.0 -13.7 -7.7 -21.4
1555 Mski 0.8 8.9 21.9 -17.7 -11.7 -25.4
1556 LGD.cn 4.3 12.5 25.6 -21.7 -15.7 -29.4
1558 FD 0.3 8.5 21.6 -16.1 -10.7 -24.7
1559 Na'Vi 0.3 8.5 21.6 -16.1 -10.7 -24.7
1563 FL 3.3 11.5 25.0 -20.1 -14.7 -28.7
1564 Mski 6.8 14.4 27.9 -24.1 -18.7 -32.7
1565 NSG 2.8 10.4 23.9 -19.4 -12.8 -26.8
1570 SSD -1.2 6.4 19.9 -15.4 -8.3 -22.1
1575 iG -5.2 2.4 15.9 -11.0 -3.9 -17.7
1577 MVP.P -1.9 5.3 18.7 -15.0 -7.9 -21.7
1588 LGD.cn -5.9 1.3 14.7 -10.7 -2.1 -15.4
1591 VG -9.9 -2.7 10.7 -6.6 2.2 -11.1
1592 VG -6.2 1.0 14.6 -10.6 -1.8 -15.1
1596 Kawai -10.2 -3.0 10.6 -6.3 2.7 -10.4
1601 SSD -6.9 -0.1 13.5 -10.3 -1.3 -14.4
1606 CSW -10.9 -4.1 9.5 -5.8 2.4 -10.5
1609 Empire -6.6 -0.6 12.9 -9.8 -1.6 -14.5
1610 VP -3.3 3.1 16.8 -13.8 -5.6 -18.5
1633 Startale 0.2 5.8 19.3 -17.8 -9.6 -22.5
1638 VG 3.2 10.1 24.0 -21.8 -13.6 -26.5
1640 FD 6.3 13.7 27.6 -25.8 -17.6 -30.5
1646 RRQ 2.3 9.7 23.6 -21.5 -12.7 -25.3
1647 MiTH -1.7 5.7 19.6 -15.8 -7.5 -20.8
1649 VP 2.0 9.7 23.5 -19.8 -11.5 -24.8
1659 Alliance -2.0 5.7 19.5 -15.5 -6.8 -20.2
1670 MiTH 2.1 9.5 22.8 -19.5 -10.8 -24.2
1671 Neon 5.5 12.8 26.3 -23.5 -14.8 -28.2
1673 rox.KIS 8.3 16.1 30.0 -27.5 -18.8 -32.2
1675 Empire 11.9 19.9 33.9 -31.5 -22.8 -36.2
1680 Mski 15.2 22.8 36.8 -35.5 -26.8 -40.2
1702 DK 18.7 26.2 40.2 -39.5 -30.8 -44.2
1703 DK 14.7 22.2 36.2 -34.2 -25.9 -39.5
1715 Poseidon 10.7 18.2 32.2 -29.7 -21.3 -35.5
1717 VP 14.4 21.7 35.7 -33.7 -25.3 -39.5
1717 VP 18.7 25.3 39.1 -37.7 -29.3 -43.5
1729 Sigma.int 18.7 25.3 39.1 -37.7 -29.3 -43.5
1734 PR 22.2 28.9 42.8 -41.7 -33.3 -47.5
1737 MiTH 18.2 24.9 38.8 -36.8 -27.2 -41.7
1741 VP 22.0 28.7 42.5 -40.8 -31.2 -45.7
1748 Idol 18.0 24.7 38.5 -36.5 -26.1 -40.7
1749 FD 14.0 20.7 34.5 -32.2 -21.0 -35.3
1757 iG 17.5 24.3 38.4 -36.2 -25.0 -39.3
1759 FD 20.6 27.8 42.3 -40.2 -29.0 -43.3
1767 rox.KIS 23.3 30.9 45.8 -44.2 -33.0 -47.3
1769 XctN 19.3 26.9 41.8 -39.2 -27.3 -41.8
1775 RRQ 15.3 22.9 37.8 -33.6 -22.4 -37.3
1782 Mski 19.1 26.4 41.3 -37.6 -26.4 -41.3
1794 Mski 15.1 22.4 37.3 -32.5 -20.8 -36.0
1810 TR 11.1 18.4 33.3 -27.7 -15.6 -30.8
1816 TongFu 7.1 14.4 29.3 -22.1 -10.5 -26.4
1824 Empire 10.3 17.6 32.8 -26.1 -14.5 -30.4
1832 TR 13.7 20.8 36.2 -30.1 -18.5 -34.4
1835 iG 9.7 16.8 32.2 -26.2 -14.3 -29.8
1872 rox.KIS 5.7 12.8 28.2 -21.6 -9.5 -25.1
1873 PBS 1.7 8.8 24.2 -15.3 -2.9 -21.6
1882 Swage 5.4 12.7 26.9 -19.3 -6.9 -25.6
1888 SMM 8.6 15.6 30.0 -23.3 -10.9 -29.6
1891 Lowyat 4.6 11.6 26.0 -18.7 -6.3 -25.1
1902 Idol 0.6 7.6 22.0 -14.0 -1.7 -21.0
1908 Sigma.int -3.4 3.6 18.0 -9.1 3.7 -15.4
1909 Mski -0.3 7.2 20.7 -13.1 -0.3 -19.4
1922 VP -4.3 3.2 16.7 -8.2 4.5 -15.0
1932 Empire -4.3 3.2 16.7 -8.2 4.5 -15.0
1940 Na'Vi -8.3 -0.8 12.7 -3.0 8.8 -10.7
1942 VP -4.9 2.1 15.6 -7.0 4.8 -14.7
1966 Speed -2.1 5.4 19.3 -11.0 0.8 -18.7
1969 hehe 0.8 8.8 23.0 -15.0 -3.2 -22.7
1974 bvd.dotA -3.2 4.8 19.0 -9.8 1.7 -19.4
1977 Empire -7.2 0.8 15.0 -4.9 6.6 -14.9
1980 Empire -3.8 5.0 19.5 -8.9 2.6 -18.9
1993 Liquid -0.7 8.4 23.2 -12.9 -1.4 -22.9
1994 Fnatic.eu -4.7 4.4 19.2 -8.4 2.6 -19.0
2000 UG -8.7 0.4 15.2 -3.3 7.5 -13.6
2004 Empire -5.8 3.3 18.6 -7.3 3.5 -17.6
2006 Empire -9.8 -0.7 14.6 -3.2 7.5 -11.6
2011 PR -13.8 -4.7 10.6 2.4 12.2 -7.1
2030 Empire -10.3 -1.3 14.1 -1.6 8.2 -11.1
2036 Zephyr -7.3 2.0 17.6 -5.6 4.2 -15.1
2038 SADBOYS -3.2 6.2 20.9 -9.6 0.2 -19.1
2046 Empire 0.3 9.7 24.5 -13.6 -3.8 -23.1
2060 Fnatic.eu -3.7 5.7 20.5 -9.0 0.4 -19.1
2084 hehe -7.7 1.7 16.5 -4.4 5.2 -14.6
2085 Next.kz -4.6 4.7 21.2 -8.4 1.2 -18.6
2092 Empire -8.6 0.7 17.2 -4.1 5.6 -14.3
2101 ZR -5.5 4.3 19.3 -8.1 1.6 -18.3
2103 JnRun -9.5 0.3 15.3 -3.4 6.4 -13.4
2105 Mongolz -6.0 3.9 17.8 -7.4 2.4 -17.4
2122 4FC -2.7 7.1 20.7 -11.4 -1.6 -21.4
2142 MVP.P 0.8 9.9 23.5 -15.4 -5.6 -25.4
2150 VP -3.2 5.9 19.5 -10.6 -1.1 -20.3
2151 Insane -7.2 1.9 15.5 -5.8 4.0 -15.0
2168 Dignotoss -4.3 5.5 19.3 -9.8 6.2172489379e-15 -19.0
2183 4N -8.3 1.5 15.3 -4.9 4.9 -14.3
2184 Swage -12.3 -2.5 11.3 -0.3 8.6 -9.2
2189 Dignotoss -16.3 -6.5 7.3 4.5 13.2 -3.2
2196 Dog -20.3 -10.5 3.3 8.2 18.0 2.1
2206 Mski -20.3 -10.5 3.3 8.2 18.0 2.1
2207 PR -24.3 -14.5 -0.7 12.7 22.6 6.4
2209 DT.NGC -28.3 -18.5 -4.7 18.0 27.7 10.7
2219 rox.KIS -32.3 -22.5 -8.7 23.4 32.9 15.8
2223 Sigma.int -28.5 -18.8 -4.8 19.4 28.9 11.8
2232 Relax -24.8 -15.8 -2.0 15.4 24.9 7.8
2245 MYM -22.0 -12.8 1.3 11.4 20.9 3.8
2246 Execration -18.1 -8.9 4.2 7.4 16.9 -0.2
2250 Execration -22.1 -12.9 0.2 12.3 21.9 4.3
2254 Fnatic.eu -19.2 -9.9 3.4 8.3 17.9 0.3
2272 Arrow -16.2 -6.3 7.4 4.3 13.9 -3.7
2287 VG -20.2 -10.3 3.4 9.9 19.5 2.6645352591e-15
