0 0 0.0 0.0 0.0 0.0 0.0 0.0
14 Alliance -4.0 -4.0 -4.0 4.7 4.7 4.1
15 Fnatic -0.5 -0.5 -1.5 0.7 0.7 0.1
16 Empire -4.5 -4.5 -5.5 5.3 5.6 5.1
17 Turtle -1.9 -2.0 -2.7 1.3 1.6 1.1
22 Dignitas 1.6 1.4 0.9 -2.7 -2.4 -2.9
33 Dignitas -2.4 -2.6 -3.1 1.5 1.3 1.5
36 Next.kz -2.4 -2.6 -3.1 1.5 1.3 1.5
37 mouz -6.4 -6.6 -7.1 6.2 5.3 5.8
39 VP -10.4 -10.6 -11.1 12.1 11.4 11.3
42 Liquid -14.4 -14.6 -15.1 17.8 17.0 16.2
46 GU.pe -10.9 -10.8 -11.1 13.8 13.0 12.2
47 VP -14.9 -14.8 -15.1 18.5 17.5 16.0
52 Fnatic.eu -18.9 -18.8 -19.1 22.6 21.8 20.3
54 4FC -16.3 -15.6 -15.6 18.6 17.8 16.3
55 mouz -12.5 -12.1 -11.8 14.6 13.8 12.3
63 EG -16.5 -16.1 -15.8 20.2 18.7 17.2
64 iM`Bashers -12.6 -12.3 -12.0 16.2 14.7 13.2
65 VnR.Alpha -8.9 -8.8 -8.6 12.2 10.7 9.2
67 Ptd.Bravo -12.9 -12.8 -12.6 16.9 15.9 13.8
69 Dignitas -10.2 -10.0 -9.8 12.9 11.9 9.8
70 Quantic -7.1 -7.2 -6.6 8.9 7.9 5.8
72 Neo.int -11.1 -11.2 -10.6 13.8 13.3 10.7
74 Dignitas -15.1 -15.2 -14.6 20.5 19.4 16.8
76 eN.Legs -12.7 -12.0 -11.2 16.5 15.4 12.8
78 Fnatic.eu -16.7 -16.0 -15.2 21.2 20.0 17.4
79 Na'Vi -13.7 -13.0 -12.3 17.2 16.0 13.4
83 s4 -17.7 -17.0 -16.3 21.0 21.2 18.8
84 Liquid -21.7 -21.0 -20.3 25.4 25.8 22.9
85 Fnatic.eu -18.4 -17.7 -16.9 21.4 21.8 18.9
88 Liquid -22.4 -21.7 -20.9 27.1 27.4 24.1
90 VP -26.4 -25.7 -24.9 31.6 31.6 28.8
91 Liquid -23.1 -22.8 -22.1 27.6 27.6 24.8
92 Ptd.Bravo -23.1 -22.8 -22.1 27.6 27.6 24.8
94 Fnatic.eu -19.4 -19.0 -18.2 23.6 23.6 20.8
99 VP -16.7 -16.1 -15.0 19.6 19.6 16.8
101 3D -14.3 -13.1 -11.9 15.6 15.6 12.8
102 Dignitas -18.3 -17.1 -15.9 21.0 21.1 18.4
103 Fnatic.eu -14.5 -13.6 -12.5 17.0 17.1 14.4
105 Liquid -11.8 -10.9 -9.6 13.0 13.1 10.4
106 Dignitas -9.5 -8.4 -6.8 9.0 9.1 6.4
107 iM`Bashers -7.3 -5.5 -3.9 5.0 5.1 2.4
114 Fnatic.eu -11.3 -9.5 -7.9 11.0 10.7 8.2
120 Na'Vi -7.9 -5.8 -4.1 7.0 6.7 4.2
122 mouz -4.4 -2.1 -0.6 3.0 2.7 0.2
125 Empire -1.9 0.5 2.2 -1.0 -1.3 -3.8
131 Na'Vi 1.8 4.2 6.3 -5.0 -5.3 -7.8
137 Na'Vi 4.5 7.1 9.1 -9.0 -9.3 -11.8
140 CastersEN 0.5 3.1 5.1 -4.2 -3.7 -6.0
141 mouz 2.9 5.7 7.8 -8.2 -7.7 -10.0
142 Alliance -1.1 1.7 3.8 -3.0 -2.9 -5.3
144 mouz -5.1 -2.3 -0.2 2.4 2.1 -0.4
145 Alliance -1.9 1.0 3.0 -1.6 -1.9 -4.4
146 Liquid 0.5 3.5 5.8 -5.6 -5.9 -8.4
147 4FC -3.5 -0.5 1.8 -0.1 -0.4 -2.7
148 Empire -0.8 2.4 4.9 -4.1 -4.4 -6.7
150 Fnatic.eu -0.8 2.4 4.9 -4.1 -4.4 -6.7
152 Alliance 2.2 5.6 8.1 -8.1 -8.4 -10.7
158 WH?Dota2 2.2 5.6 8.1 -8.1 -8.4 -10.7
161 Empire -1.8 1.6 4.1 -2.5 -2.9 -5.3
163 Lounge 0.8 4.3 7.0 -6.5 -6.9 -9.3
176 Alliance 3.2 7.2 10.1 -10.5 -10.9 -13.3
178 Dignitas 5.8 10.5 13.5 -14.5 -14.9 -17.3
182 Empire 8.2 13.2 16.4 -18.5 -18.9 -21.3
184 WH?Dota2 11.4 16.7 19.9 -22.5 -22.9 -25.3
188 LGD.cn 7.4 12.7 15.9 -17.5 -17.6 -20.0
189 Dignitas 3.4 8.7 11.9 -10.8 -11.3 -14.2
190 Alliance -0.6 4.7 7.9 -5.0 -5.8 -8.7
191 Liquid -4.6 0.7 3.9 0.1 -0.3 -3.3
192 VP -8.6 -3.3 -0.1 4.9 4.0 0.8
193 VP -12.6 -7.3 -4.1 10.4 9.3 5.9
199 Dignitas -16.6 -11.3 -8.1 15.5 14.4 11.0
200 VP -12.8 -7.7 -4.5 11.5 10.4 7.0
201 Orange -9.8 -4.4 -1.0 7.5 6.4 3.0
202 Alliance -7.2 -1.7 1.8 3.5 2.4 -1.0
203 Alliance -3.9 1.7 5.3 -0.5 -1.6 -5.0
204 Fnatic.eu -7.9 -2.3 1.3 3.7 2.8 -0.6
205 Fnatic.eu -11.9 -6.3 -2.7 9.5 8.6 5.1
210 LGD.cn -9.0 -3.7 -0.1 5.5 4.6 1.1
211 Liquid -6.4 -0.7 3.1 1.5 0.6 -2.9
212 Dignitas -10.4 -4.7 -0.9 7.6 6.8 3.1
214 Dignitas -6.8 -0.8 3.0 3.6 2.8 -0.9
217 DK -3.4 2.1 5.8 -0.4 -1.2 -4.9
222 Dignitas -3.4 2.1 5.8 -0.4 -1.2 -4.9
230 VP -1.2 4.6 8.5 -4.4 -5.2 -8.9
232 Alliance 1.5 7.5 11.6 -8.4 -9.2 -12.9
238 rox.KIS 4.1 10.2 14.5 -12.4 -13.2 -16.9
243 Alliance 6.5 12.8 17.3 -16.4 -17.2 -20.9
247 Dignitas 9.2 16.2 20.9 -20.4 -21.2 -24.9
249 Fnatic.eu 12.2 19.0 23.8 -24.4 -25.2 -28.9
252 VP 8.2 15.0 19.8 -17.6 -19.3 -23.4
257 Liquid 11.5 18.5 23.4 -21.6 -23.3 -27.4
259 Liquid 14.6 21.8 26.9 -25.6 -27.3 -31.4
261 Liquid 16.9 24.4 29.6 -29.6 -31.3 -35.4
263 Prodota.ru 12.9 20.4 25.6 -25.6 -27.2 -31.4
264 Lounge 8.9 16.4 21.6 -20.0 -21.8 -26.1
265 Lounge 8.9 16.4 21.6 -20.0 -21.8 -26.1
267 mouz 12.3 20.2 25.5 -24.0 -25.8 -30.1
269 EG 8.3 16.2 21.5 -17.9 -20.2 -24.7
285 rox.KIS 11.3 19.4 24.9 -21.9 -24.2 -28.7
295 Quantic 7.3 15.4 20.9 -17.0 -18.7 -23.2
296 Quantic 10.2 18.5 24.1 -21.0 -22.7 -27.2
303 QPandas 6.2 14.5 20.1 -14.8 -17.0 -22.0
308 Quantic 2.2 10.5 16.1 -9.0 -12.0 -17.3
311 Quantic -1.8 6.5 12.1 -4.9 -7.3 -12.6
312 mouz -5.8 2.5 8.1 0.7 -1.8 -7.0
313 mouz -9.8 -1.5 4.1 7.2 4.5 -1.1
318 mouz -6.9 1.7 7.4 3.2 0.5 -5.1
320 EG -10.9 -2.3 3.4 7.7 5.1 -0.7
323 TongFu -14.9 -6.3 -0.6 13.2 10.6 4.8
325 RS -12.4 -3.4 2.4 9.2 6.6 0.8
328 4FC -16.4 -7.4 -1.6 15.5 12.7 6.6
329 RAT -13.3 -3.6 2.3 11.5 8.7 2.6
332 RStars -10.7 -0.5 5.9 7.5 4.7 -1.4
335 VP -14.7 -4.5 1.9 12.3 9.0 3.0
336 MiTH -11.8 -1.2 5.6 8.3 5.0 -1.0
339 RStars -9.5 1.9 8.8 4.3 1.0 -5.0
342 Alliance -6.7 4.4 11.4 0.3 -3.0 -9.0
343 Orange -10.7 0.4 7.4 4.0 1.1 -4.6
349 Quantic -7.7 3.7 11.1 7.9936057773e-15 -2.9 -8.6
354 Alliance -3.9 7.3 14.7 -4.0 -6.9 -12.6
359 DK -7.9 3.3 10.7 0.2 -2.3 -7.9
361 Orange -11.9 -0.7 6.7 4.9 2.1 -3.6
370 iCCup -9.6 2.0 9.7 0.9 -1.9 -7.6
374 Dignitas -13.6 -2.0 5.7 6.4 3.5 -2.7
380 4FC -10.9 1.0 8.9 2.4 -0.5 -6.7
381 RS -7.9 4.1 12.1 -1.6 -4.5 -10.7
385 Alliance -5.6 7.1 15.7 -5.6 -8.5 -14.7
386 TM -2.6 10.7 19.5 -9.6 -12.5 -18.7
391 mouz 1.2 14.1 22.9 -13.6 -16.5 -22.7
394 MX 3.4 16.5 25.6 -17.6 -20.5 -26.7
395 LGD.cn 6.7 19.7 28.9 -21.6 -24.5 -30.7
400 VP 2.7 15.7 24.9 -17.3 -19.7 -26.0
405 mouz -1.3 11.7 20.9 -12.7 -14.8 -21.1
411 Quantic -5.3 7.7 16.9 -7.3 -9.8 -16.4
420 Na'Vi -9.3 3.7 12.9 -0.3 -4.4 -11.5
422 Liquid -13.3 -0.3 8.9 4.3 0.2 -7.1
423 Quantic -10.7 2.3 11.7 0.3 -3.8 -11.1
429 Liquid -8.1 4.8 14.3 -3.7 -7.8 -15.1
434 EG -4.6 8.3 17.7 -7.7 -11.8 -19.1
436 EG -1.2 11.6 21.0 -11.7 -15.8 -23.1
454 Kaipi -5.2 7.6 17.0 -5.1 -10.2 -18.0
455 EG -2.4 10.6 20.0 -9.1 -14.2 -22.0
456 Fnatic.eu -6.4 6.6 16.0 -3.1 -8.1 -16.3
458 EG -10.4 2.6 12.0 1.5 -3.2 -11.8
460 Kaipi -14.4 -1.4 8.0 7.9 2.6 -6.3
463 VP -11.7 1.1 10.7 3.9 -1.4 -10.3
470 mouz -9.0 3.8 13.6 -0.1 -5.4 -14.3
477 mouz -6.3 6.8 16.7 -4.1 -9.4 -18.3
478 rox.KIS -2.8 9.8 19.8 -8.1 -13.4 -22.3
487 Kaipi -0.6 12.4 22.7 -12.1 -17.4 -26.3
490 paiN.int 2.1 15.5 26.1 -16.1 -21.4 -30.3
497 DK -1.9 11.5 22.1 -10.6 -16.2 -25.3
501 eLPride -5.9 7.5 18.1 -5.0 -9.8 -18.8
509 Keita -2.9 9.9 20.4 -9.0 -13.8 -22.8
510 Fnatic.eu -6.9 5.9 16.4 -4.1 -9.1 -18.6
516 Quantic -3.4 9.7 20.5 -8.1 -13.1 -22.6
530 Orange -0.2 13.7 24.8 -12.1 -17.1 -26.6
534 EG 2.6 16.5 27.5 -16.1 -21.1 -30.6
539 Quantic 6.0 19.8 30.9 -20.1 -25.1 -34.6
540 EG 8.6 22.3 33.5 -24.1 -29.1 -38.6
548 Liquid 11.7 25.4 36.8 -28.1 -33.1 -42.6
556 Fnatic.eu 7.7 21.4 32.8 -23.2 -28.8 -38.6
559 mouz 11.1 25.1 36.7 -27.2 -32.8 -42.6
561 Orange 7.1 21.1 32.7 -22.6 -27.5 -37.3
563 iG 10.4 24.9 36.7 -26.6 -31.5 -41.3
565 Dignitas 6.4 20.9 32.7 -21.6 -27.0 -37.2
567 mouz 9.4 24.1 36.1 -25.6 -31.0 -41.2
568 Liquid 12.1 26.7 38.8 -29.6 -35.0 -45.2
570 VP 8.1 22.7 34.8 -25.6 -30.9 -41.0
575 TongFu 4.1 18.7 30.8 -20.1 -25.6 -36.0
579 Alliance 6.8 21.5 33.8 -24.1 -29.6 -40.0
581 LGD.cn 9.2 24.3 36.9 -28.1 -33.6 -44.0
583 iCCup 5.2 20.3 32.9 -23.7 -29.2 -39.9
586 EG 1.2 16.3 28.9 -19.1 -24.4 -35.2
591 LGD.cn 3.9 19.2 31.9 -23.1 -28.4 -39.2
593 Quantic 6.4 21.7 34.5 -27.1 -32.4 -43.2
594 mouz 9.6 25.0 38.0 -31.1 -36.4 -47.2
596 mouz 12.4 28.0 40.9 -35.1 -40.4 -51.2
599 Na'Vi 15.9 31.0 43.8 -39.1 -44.4 -55.2
610 LGD.cn 19.7 34.3 47.1 -43.1 -48.4 -59.2
612 Na'Vi 22.9 37.2 49.9 -47.1 -52.4 -63.2
613 Fnatic.eu 25.7 40.0 52.7 -51.1 -56.4 -67.2
614 EG 29.2 43.4 56.3 -55.1 -60.4 -71.2
619 iG 25.2 39.4 52.3 -49.8 -55.3 -66.2
620 DK 21.2 35.4 48.3 -45.2 -49.7 -60.1
625 TongFu 17.2 31.4 44.3 -39.5 -44.6 -55.4
633 Liquid 20.8 35.0 48.1 -43.5 -48.6 -59.4
634 Na'Vi 23.7 37.8 50.9 -47.5 -52.6 -63.4
638 Na'Vi 26.4 40.4 53.6 -51.5 -56.6 -67.4
639 4FC 29.7 43.2 56.4 -55.5 -60.6 -71.4
649 Fnatic.eu 33.1 46.6 60.0 -59.5 -64.6 -75.4
650 Fnatic.eu 29.1 42.6 56.0 -55.1 -60.0 -70.7
652 DK 25.1 38.6 52.0 -49.2 -54.4 -65.3
654 DK 27.1 41.2 55.2 -53.2 -58.4 -69.3
661 iG 23.1 37.2 51.2 -47.7 -53.4 -64.6
663 RS 19.1 33.2 47.2 -43.2 -48.5 -60.2
665 Orange 21.5 35.8 50.2 -47.2 -52.5 -64.2
666 LGD.cn 23.8 38.5 53.1 -51.2 -56.5 -68.2
669 iNfernity 26.1 41.1 56.3 -55.2 -60.5 -72.2
673 LGD.cn 29.1 44.4 59.8 -59.2 -64.5 -76.2
675 EG 25.1 40.4 55.8 -52.8 -58.3 -70.3
680 Liquid 21.1 36.4 51.8 -46.2 -51.6 -64.6
681 Quantic 17.1 32.4 47.8 -39.5 -45.7 -59.2
682 mouz 13.1 28.4 43.8 -33.2 -39.8 -53.9
683 rox.KIS 9.1 24.4 39.8 -26.8 -34.1 -48.7
684 VP 12.9 28.0 43.6 -30.8 -38.1 -52.7
685 mouz 15.5 31.0 46.9 -34.8 -42.1 -56.7
687 VP 11.5 27.0 42.9 -29.2 -36.9 -51.6
689 Kaipi 7.5 23.0 38.9 -24.9 -32.8 -47.4
701 VG 3.5 19.0 34.9 -18.8 -26.6 -41.6
706 RS -0.5 15.0 30.9 -13.3 -21.3 -36.4
709 Kaipi 2.5 18.1 34.2 -17.3 -25.3 -40.4
710 VP 5.7 21.2 37.4 -21.3 -29.3 -44.4
711 mouz 8.4 24.4 40.8 -25.3 -33.3 -48.4
714 Dreamz 11.3 27.1 43.7 -29.3 -37.3 -52.4
717 mouz 14.2 30.1 46.8 -33.3 -41.3 -56.4
724 Kaipi 17.7 33.8 50.6 -37.3 -45.3 -60.4
734 TongFu 20.7 37.1 54.0 -41.3 -49.3 -64.4
735 Dignitas 24.1 40.2 57.0 -45.3 -53.3 -68.4
743 Fnatic.eu 27.7 43.3 60.1 -49.3 -57.3 -72.4
744 Alliance 30.2 45.9 62.9 -53.3 -61.3 -76.4
750 Orange 32.8 49.0 66.1 -57.3 -65.3 -80.4
756 Dignitas 28.8 45.0 62.1 -51.9 -60.5 -75.9
772 DK 24.8 41.0 58.1 -46.4 -54.6 -70.5
774 TongFu 20.8 37.0 54.1 -39.8 -48.4 -64.8
775 Liquid 23.7 39.9 57.1 -43.8 -52.4 -68.8
782 iG 26.2 42.6 60.0 -47.8 -56.4 -72.8
787 TongFu 29.4 46.5 64.1 -51.8 -60.4 -76.8
789 LGD.int 25.4 42.5 60.1 -47.4 -55.8 -72.4
790 AllStarsA 21.4 38.5 56.1 -42.7 -50.5 -67.4
792 Fnatic.eu 24.0 41.0 58.8 -46.7 -54.5 -71.4
794 DK 20.0 37.0 54.8 -42.5 -50.0 -67.1
801 Orange 22.7 40.0 58.0 -46.5 -54.0 -71.1
804 TongFu 26.1 43.9 62.0 -50.5 -58.0 -75.1
805 Alliance 29.5 47.9 66.2 -54.5 -62.0 -79.1
808 Alliance 31.9 50.7 69.1 -58.5 -66.0 -83.1
827 TS 27.9 46.7 65.1 -53.4 -59.1 -76.6
834 Aspera 31.5 50.1 68.7 -57.4 -63.1 -80.6
835 Poseidon 34.4 52.6 71.1 -61.4 -67.1 -84.6
837 Next.kz 30.4 48.6 67.1 -55.6 -60.8 -78.6
840 TS 33.6 51.8 70.4 -59.6 -64.8 -82.6
846 Next.kz 36.7 55.1 73.8 -63.6 -68.8 -86.6
847 4FC 32.7 51.1 69.8 -59.0 -63.7 -81.3
849 Poseidon 36.0 54.5 73.5 -63.0 -67.7 -85.3
854 Life 32.0 50.5 69.5 -58.4 -62.0 -79.8
863 Next.kz 28.0 46.5 65.5 -53.8 -57.0 -75.1
868 GxGaming 24.0 42.5 61.5 -48.8 -51.2 -69.7
869 SFEC 20.0 38.5 57.5 -43.4 -46.3 -65.2
874 VP 23.3 41.7 61.0 -47.4 -50.3 -69.2
875 Imp 19.3 37.7 57.0 -42.6 -45.5 -64.6
879 Empire 22.1 40.8 60.3 -46.6 -49.5 -68.6
882 rox.KIS 22.1 40.8 60.3 -46.6 -49.5 -68.6
887 MSIEvoGT 18.1 36.8 56.3 -40.2 -43.9 -63.4
890 GL.eu 20.4 39.5 59.2 -44.2 -47.9 -67.4
894 Life 22.9 42.5 62.6 -48.2 -51.9 -71.4
895 Next.kz 26.4 46.2 66.2 -52.2 -55.9 -75.4
904 SAfrica 22.4 42.2 62.2 -46.7 -50.4 -70.2
907 NoLove 26.0 46.0 66.2 -50.7 -54.4 -74.2
910 Empire 22.0 42.0 62.2 -46.6 -50.3 -70.1
912 Kaipi 18.0 38.0 58.2 -42.1 -45.4 -65.4
914 StayFree 20.3 40.4 61.0 -46.1 -49.4 -69.4
918 DUZA 16.3 36.4 57.0 -40.9 -44.9 -65.1
924 ONE.dota 19.6 39.9 61.0 -44.9 -48.9 -69.1
928 LGD.cn 15.6 35.9 57.0 -40.3 -44.2 -64.3
929 Dreamz 11.6 31.9 53.0 -35.6 -40.1 -60.3
930 MiTH 14.3 34.2 55.4 -39.6 -44.1 -64.3
939 Poseidon 17.1 37.6 59.1 -43.6 -48.1 -68.3
940 Next.kz 13.1 33.6 55.1 -38.2 -43.0 -63.4
942 Quantic 9.1 29.6 51.1 -33.7 -37.8 -58.5
955 DUZA 13.1 33.0 54.4 -37.7 -41.8 -62.5
961 Life 15.3 35.9 57.7 -41.7 -45.8 -66.5
962 iG 18.5 39.3 61.3 -45.7 -49.8 -70.5
966 TongFu 22.0 42.1 64.0 -49.7 -53.8 -74.5
970 Joiker 24.8 45.0 67.1 -53.7 -57.8 -78.5
973 DUZA 20.8 41.0 63.1 -48.8 -52.6 -73.4
974 Fnatic.eu 23.6 43.4 65.6 -52.8 -56.6 -77.4
984 nAra 19.6 39.4 61.6 -47.4 -51.3 -72.7
994 Next.kz 15.6 35.4 57.6 -41.4 -45.6 -67.3
996 rox.KIS 18.3 37.8 60.1 -45.4 -49.6 -71.3
998 Mski 21.4 40.6 63.1 -49.4 -53.6 -75.3
1003 Kaipi 24.6 44.6 67.3 -53.4 -57.6 -79.3
1007 rox.KIS 27.7 47.5 70.4 -57.4 -61.6 -83.3
1011 Imp 23.7 43.5 66.4 -53.4 -56.7 -78.7
1013 Empire 23.7 43.5 66.4 -53.4 -56.7 -78.7
1014 Na'Vi 19.7 39.5 62.4 -48.6 -52.5 -74.7
1026 PBS 23.1 43.5 66.3 -52.6 -56.5 -78.7
1029 rox.KIS 25.7 46.6 69.6 -56.6 -60.5 -82.7
1031 Empire 28.5 49.3 72.4 -60.6 -64.5 -86.7
1033 LGD.cn 32.1 52.8 75.9 -64.6 -68.5 -90.7
1036 4FC 28.1 48.8 71.9 -58.5 -62.5 -85.3
1038 Aspera 24.1 44.8 67.9 -54.0 -58.0 -80.7
1053 Kaipi 20.1 40.8 63.9 -48.4 -52.6 -75.4
1054 TR 23.8 44.2 67.3 -52.4 -56.6 -79.4
1058 UR 19.8 40.2 63.3 -47.5 -52.0 -75.1
1084 Arcanys 15.8 36.2 59.3 -43.1 -46.2 -69.5
1086 MVP 11.8 32.2 55.3 -37.8 -40.6 -64.0
1093 Lowyat 7.8 28.2 51.3 -32.0 -34.8 -58.5
1094 DK 10.1 30.8 54.3 -36.0 -38.8 -62.5
1100 Aspera 14.1 33.7 57.1 -40.0 -42.8 -66.5
1103 FD 14.1 33.7 57.1 -40.0 -42.8 -66.5
1107 Rain 10.1 29.7 53.1 -34.8 -38.0 -61.9
1116 NJ&Kids 6.1 25.7 49.1 -29.7 -31.7 -55.7
1127 EG 8.4 28.2 51.9 -33.7 -35.7 -59.7
1128 TakeFive 11.6 32.6 56.6 -37.7 -39.7 -63.7
1134 PR 7.6 28.6 52.6 -33.4 -35.7 -59.7
1138 CSW 10.3 31.6 55.9 -37.4 -39.7 -63.7
1142 SYF 13.8 34.8 59.0 -41.4 -43.7 -67.7
1145 Fnatic.eu 16.5 37.1 61.4 -45.4 -47.7 -71.7
1150 Speed 18.5 40.3 65.1 -49.4 -51.7 -75.7
1154 Alliance 18.5 40.3 65.1 -49.4 -51.7 -75.7
1160 Na'Vi 14.5 36.3 61.1 -41.4 -46.2 -70.7
1166 CSW 18.0 39.2 64.0 -45.4 -50.2 -74.7
1180 Empire 14.0 35.2 60.0 -40.2 -45.7 -70.6
1182 Fnatic.eu 17.9 38.2 62.9 -44.2 -49.7 -74.6
1186 iG 20.1 41.0 65.7 -48.2 -53.7 -78.6
1187 StayFree 16.1 37.0 61.7 -43.3 -48.5 -73.1
1193 Speed 12.1 33.0 57.7 -38.8 -43.4 -68.0
1198 Aspera 15.1 35.9 60.8 -42.8 -47.4 -72.0
1201 Aspera 11.1 31.9 56.8 -38.0 -42.7 -67.7
1207 mouz 7.1 27.9 52.8 -31.7 -36.4 -61.8
1211 mouz 3.1 23.9 48.8 -26.0 -31.1 -56.7
1218 CSW -0.9 19.9 44.8 -19.6 -25.3 -51.5
1219 NoX -4.9 15.9 40.8 -14.8 -20.6 -47.1
1229 StayFree -8.9 11.9 36.8 -8.1 -15.0 -42.3
1236 Speed -8.9 11.9 36.8 -8.1 -15.0 -42.3
1246 Liquid -6.3 14.7 39.8 -12.1 -19.0 -46.3
1249 Alliance -10.3 10.7 35.8 -8.1 -14.9 -42.1
1254 Startale -10.3 10.7 35.8 -8.1 -14.9 -42.1
1259 Sigma.int -8.3 13.4 38.8 -12.1 -18.9 -46.1
1260 Sigma.int -12.3 9.4 34.8 -7.9 -14.4 -41.7
1270 MiTH -9.6 11.7 37.4 -11.9 -18.4 -45.7
1271 SYF -7.3 14.3 40.5 -15.9 -22.4 -49.7
1277 Mski -11.3 10.3 36.5 -11.3 -18.6 -46.1
1280 MiTH -11.3 10.3 36.5 -11.3 -18.6 -46.1
1281 Speed -8.5 13.3 39.7 -15.3 -22.6 -50.1
1289 Titan -12.5 9.3 35.7 -10.2 -17.6 -45.2
1290 Lowyat -16.5 5.3 31.7 -4.1 -12.0 -39.8
1291 PR -13.1 7.9 34.4 -8.1 -16.0 -43.8
1295 Fnatic.eu -17.1 3.9 30.4 -3.2 -11.3 -39.4
1298 Titan -14.4 6.9 33.8 -7.2 -15.3 -43.4
1304 Empire -11.0 9.8 36.5 -11.2 -19.3 -47.4
1311 Sleisel -15.0 5.8 32.5 -7.2 -15.0 -43.2
1313 EG -19.0 1.8 28.5 -1.6 -9.1 -37.8
1320 Orange -15.3 4.6 31.1 -5.6 -13.1 -41.8
1337 Startale -12.8 7.0 33.8 -9.6 -17.1 -45.8
1349 Alliance -16.8 3.0 29.8 -5.7 -13.0 -41.4
1350 Fnatic.eu -20.8 -1.0 25.8 -0.1 -7.1 -35.4
1358 VP -24.8 -5.0 21.8 5.8 -1.5 -30.1
1374 VP -21.3 -1.2 25.5 1.8 -5.5 -34.1
1378 Imp -18.5 2.3 29.2 -2.2 -9.5 -38.1
1385 Na'Vi -22.5 -1.7 25.2 3.9 -4.3 -33.4
1387 LGD.cn -19.4 1.5 28.5 -0.1 -8.3 -37.4
1392 EG -16.5 4.9 31.9 -4.1 -12.3 -41.4
1393 Fnatic.eu -13.2 7.6 34.6 -8.1 -16.3 -45.4
1394 LGD.cn -9.6 11.7 38.5 -12.1 -20.3 -49.4
1395 iG -6.2 14.5 41.4 -16.1 -24.3 -53.4
1398 Alliance -10.2 10.5 37.4 -11.5 -19.7 -48.8
1409 Liquid -14.2 6.5 33.4 -6.5 -14.7 -44.0
1420 FD -10.7 9.4 36.6 -10.5 -18.7 -48.0
1422 EG -14.7 5.4 32.6 -6.5 -14.4 -43.7
1433 iG -18.7 1.4 28.6 0.5 -8.4 -38.4
1434 MiTH -15.6 4.2 31.4 -3.5 -12.4 -42.4
1435 mouz -12.1 7.3 34.4 -7.5 -16.4 -46.4
1440 Alliance -9.6 10.0 37.4 -11.5 -20.4 -50.4
1444 Fnatic.eu -13.6 6.0 33.4 -7.1 -16.4 -46.5
1453 Liquid -11.2 8.7 36.2 -11.1 -20.4 -50.5
1467 Sigma.int -15.2 4.7 32.2 -6.1 -14.8 -45.0
1469 Alliance -15.2 4.7 32.2 -6.1 -14.8 -45.0
1486 Sigma.int -19.2 0.7 28.2 -1.9 -9.8 -39.9
1491 Fnatic.eu -16.0 4.1 31.9 -5.9 -13.8 -43.9
1493 Sigma.int -20.0 0.1 27.9 -1.0 -8.2 -38.3
1502 DK -16.7 4.1 32.1 -5.0 -12.2 -42.3
1504 Sigma.int -13.7 7.3 35.4 -9.0 -16.2 -46.3
1505 Na'Vi -17.7 3.3 31.4 -4.6 -11.8 -42.2
1509 Speed -14.3 6.9 35.1 -8.6 -15.8 -46.2
1514 Fnatic.eu -18.3 2.9 31.1 -2.7 -10.0 -40.3
1516 DK -22.3 -1.1 27.1 1.5 -4.9 -35.2
1517 Speed -19.2 2.0 30.3 -2.5 -8.9 -39.2
1519 Orange -15.9 4.6 32.9 -6.5 -12.9 -43.2
1520 Titan -13.3 7.1 35.5 -10.5 -16.9 -47.2
1522 Next.kz -17.3 3.1 31.5 -4.1 -10.7 -41.6
1525 mouz -14.5 5.8 34.3 -8.1 -14.7 -45.6
1526 TongFu3 -12.1 8.3 37.1 -12.1 -18.7 -49.6
1532 Poseidon -16.1 4.3 33.1 -6.9 -13.4 -44.9
1536 Hearts -12.4 7.4 36.2 -10.9 -17.4 -48.9
1539 Next.kz -9.7 9.7 38.6 -14.9 -21.4 -52.9
1540 Next.kz -7.1 12.4 41.6 -18.9 -25.4 -56.9
1541 PR -11.1 8.4 37.6 -12.2 -19.3 -51.4
1542 rox.KIS -8.8 10.9 40.5 -16.2 -23.3 -55.4
1543 Fnatic.eu -6.2 13.3 43.0 -20.2 -27.3 -59.4
1555 Mski -2.5 17.2 46.9 -24.2 -31.3 -63.4
1556 LGD.cn 1.0 20.8 50.6 -28.2 -35.3 -67.4
1558 FD -3.0 16.8 46.6 -22.6 -30.3 -62.7
1559 Na'Vi -3.0 16.8 46.6 -22.6 -30.3 -62.7
1561 Na'Vi -0.3 19.3 49.2 -26.6 -34.3 -66.7
1563 FL 2.7 22.3 52.6 -30.6 -38.3 -70.7
1564 Mski 6.2 25.2 55.5 -34.6 -42.3 -74.7
1565 NSG 2.2 21.2 51.5 -29.9 -36.4 -68.8
1569 Next.kz -1.8 17.2 47.5 -23.8 -29.6 -62.5
1570 SSD -5.8 13.2 43.5 -19.8 -25.1 -57.8
1571 PR -3.0 15.9 46.3 -23.8 -29.1 -61.8
1575 iG -7.0 11.9 42.3 -19.4 -24.7 -57.4
1577 MVP.P -3.7 14.8 45.1 -23.4 -28.7 -61.4
1584 SSD -1.3 17.6 48.0 -27.4 -32.7 -65.4
1588 LGD.cn -5.3 13.6 44.0 -23.1 -26.9 -59.1
1591 VG -9.3 9.6 40.0 -19.0 -22.6 -54.8
1592 VG -5.6 13.3 43.9 -23.0 -26.6 -58.8
1596 Kawai -9.6 9.3 39.9 -18.7 -22.1 -54.1
1601 SSD -6.3 12.2 42.8 -22.7 -26.1 -58.1
1605 VG -3.9 15.1 46.0 -26.7 -30.1 -62.1
1606 CSW -7.9 11.1 42.0 -22.2 -26.4 -58.2
1609 Empire -3.6 14.6 45.4 -26.2 -30.4 -62.2
1610 VP -0.3 18.3 49.3 -30.2 -34.4 -66.2
1615 Speed 2.6 21.1 52.4 -34.2 -38.4 -70.2
1619 XctN 4.9 23.7 55.2 -38.2 -42.4 -74.2
1622 Aspera 0.9 19.7 51.2 -32.1 -36.0 -68.2
1632 Fnatic.eu -3.1 15.7 47.2 -26.4 -30.2 -62.4
1633 Startale 0.4 18.4 49.7 -30.4 -34.2 -66.4
1635 VG -3.6 14.4 45.7 -25.3 -27.0 -58.7
1638 VG -0.6 18.7 50.4 -29.3 -31.0 -62.7
1639 Fnatic.eu -4.6 14.7 46.4 -23.5 -25.2 -57.5
1640 FD -1.5 18.3 50.0 -27.5 -29.2 -61.5
1643 VG 0.9 21.4 53.4 -31.5 -33.2 -65.5
1644 iG -3.1 17.4 49.4 -25.5 -27.7 -60.2
1646 RRQ -7.1 13.4 45.4 -21.2 -22.8 -55.0
1647 MiTH -11.1 9.4 41.4 -15.5 -17.6 -50.5
1649 VP -7.4 13.4 45.3 -19.5 -21.6 -54.5
1659 Alliance -11.4 9.4 41.3 -15.2 -16.9 -49.9
1661 Alliance -8.7 12.2 44.3 -19.2 -20.9 -53.9
1666 Lowyat -12.7 8.2 40.3 -12.5 -15.2 -48.8
1670 MiTH -8.6 12.0 43.6 -16.5 -19.2 -52.8
1671 Neon -5.2 15.3 47.1 -20.5 -23.2 -56.8
1673 rox.KIS -2.4 18.6 50.8 -24.5 -27.2 -60.8
1675 Empire 1.2 22.4 54.7 -28.5 -31.2 -64.8
1680 Mski 4.5 25.3 57.6 -32.5 -35.2 -68.8
1702 DK 8.0 28.7 61.0 -36.5 -39.2 -72.8
1703 DK 4.0 24.7 57.0 -31.2 -34.3 -68.1
1704 Alliance 6.7 27.4 59.9 -35.2 -38.3 -72.1
1710 Speed 2.7 23.4 55.9 -29.1 -32.1 -66.2
1710 Speed -1.3 19.4 51.9 -22.6 -25.6 -60.3
1715 Poseidon -5.3 15.4 47.9 -16.9 -20.2 -55.0
1715 Poseidon -9.3 11.4 43.9 -12.4 -15.6 -51.0
1716 rox.KIS -6.9 14.1 46.7 -16.4 -19.6 -55.0
1716 rox.KIS -4.3 16.7 49.6 -20.4 -23.6 -59.0
1717 VP -0.6 20.2 53.1 -24.4 -27.6 -63.0
1717 VP 3.7 23.8 56.5 -28.4 -31.6 -67.0
1718 Fnatic.eu -0.3 19.8 52.5 -22.0 -24.7 -61.2
1729 Sigma.int -0.3 19.8 52.5 -22.0 -24.7 -61.2
1734 PR 3.2 23.4 56.2 -26.0 -28.7 -65.2
1737 MiTH -0.8 19.4 52.2 -21.1 -22.6 -59.4
1740 LGD.cn -4.8 15.4 48.2 -14.7 -17.0 -54.6
1741 VP -1.0 19.2 51.9 -18.7 -21.0 -58.6
1748 Idol -5.0 15.2 47.9 -14.4 -15.9 -53.6
1749 FD -9.0 11.2 43.9 -10.1 -10.8 -48.2
1757 iG -5.5 14.8 47.8 -14.1 -14.8 -52.2
1759 FD -2.4 18.3 51.7 -18.1 -18.8 -56.2
1767 rox.KIS 0.3 21.4 55.2 -22.1 -22.8 -60.2
1769 XctN -3.7 17.4 51.2 -17.1 -17.1 -54.7
1775 RRQ -7.7 13.4 47.2 -11.5 -12.2 -50.2
1778 FSid3 -11.7 9.4 43.2 -5.5 -5.6 -43.7
1782 Mski -7.9 12.9 46.7 -9.5 -9.6 -47.7
1787 Sigma.int -5.4 15.4 49.3 -13.5 -13.6 -51.7
1789 Na'Vi -2.5 18.1 52.1 -17.5 -17.6 -55.7
1794 Mski -6.5 14.1 48.1 -12.4 -12.0 -50.4
1796 Titan -4.0 16.8 50.7 -16.4 -16.0 -54.4
1798 OsG -1.7 19.5 53.5 -20.4 -20.0 -58.4
1810 TR -5.7 15.5 49.5 -15.6 -14.8 -53.2
1816 TongFu -9.7 11.5 45.5 -10.0 -9.7 -48.8
1824 Empire -6.5 14.7 49.0 -14.0 -13.7 -52.8
1832 TR -3.1 17.9 52.4 -18.0 -17.7 -56.8
1835 iG -7.1 13.9 48.4 -14.1 -13.5 -52.2
1844 VG -11.1 9.9 44.4 -8.3 -8.5 -47.5
1872 rox.KIS -15.1 5.9 40.4 -3.7 -3.7 -42.8
1873 PBS -19.1 1.9 36.4 2.6 2.9 -39.3
1881 LGD.cn -15.8 5.7 38.3 -1.4 -1.1 -43.3
1882 Swage -12.1 9.6 41.0 -5.4 -5.1 -47.3
1888 SMM -8.9 12.5 44.1 -9.4 -9.1 -51.3
1890 LGD.cn -12.9 8.5 40.1 -2.9 -3.2 -45.8
1891 Lowyat -16.9 4.5 36.1 1.7 1.4 -41.3
1895 Fnatic.eu -20.9 0.5 32.1 6.3 5.3 -32.6
1896 XctN -24.9 -3.5 28.1 11.7 11.2 -27.1
1897 Idol -28.9 -7.5 24.1 17.6 17.2 -21.4
1902 Idol -32.9 -11.5 20.1 22.3 21.8 -17.3
1907 EOT -30.0 -8.2 22.4 18.3 17.8 -21.3
1908 Sigma.int -34.0 -12.2 18.4 23.2 23.2 -15.7
1909 Mski -30.9 -8.6 21.1 19.2 19.2 -19.7
1922 VP -34.9 -12.6 17.1 24.1 24.0 -15.3
1932 Empire -34.9 -12.6 17.1 24.1 24.0 -15.3
1938 DK -32.4 -9.9 20.0 20.1 20.0 -19.3
1940 Na'Vi -36.4 -13.9 16.0 25.3 24.3 -15.0
1942 VP -33.0 -11.0 18.9 21.3 20.3 -19.0
1955 Life -30.2 -7.5 20.6 17.3 16.3 -23.0
1966 Speed -27.4 -4.2 24.3 13.3 12.3 -27.0
1968 Denial -25.1 -1.6 27.2 9.3 8.3 -31.0
1969 hehe -22.2 1.8 30.9 5.3 4.3 -35.0
1974 bvd.dotA -26.2 -2.2 26.9 10.5 9.2 -31.7
1976 Relax -30.2 -6.2 22.9 15.7 14.0 -24.7
1977 Empire -34.2 -10.2 18.9 20.6 18.9 -20.2
1978 eHug -31.3 -6.8 20.4 16.6 14.9 -24.2
1979 Empire -29.0 -4.0 23.5 12.6 10.9 -28.2
1980 Empire -25.6 0.2 28.0 8.6 6.9 -32.2
1986 eHug -29.6 -3.8 24.0 14.7 13.0 -26.3
1993 Liquid -26.5 -0.4 27.7 10.7 9.0 -30.3
1994 Fnatic.eu -30.5 -4.4 23.7 15.2 13.0 -26.4
2000 UG -34.5 -8.4 19.7 20.3 17.9 -21.0
2002 Swage -31.6 -5.3 21.3 16.3 13.9 -25.0
2004 Empire -28.7 -2.4 24.7 12.3 9.9 -29.0
2006 Empire -32.7 -6.4 20.7 16.4 13.9 -23.0
2011 PR -36.7 -10.4 16.7 22.0 18.6 -18.5
2025 D4D -33.6 -7.2 19.0 18.0 14.6 -22.5
2030 Empire -30.1 -3.8 22.5 14.0 10.6 -26.5
2036 Zephyr -27.1 -0.5 26.0 10.0 6.6 -30.5
2038 SADBOYS -23.0 3.7 29.3 6.0 2.6 -34.5
2046 Empire -19.5 7.2 32.9 2.0 -1.4 -38.5
2060 Fnatic.eu -23.5 3.2 28.9 6.6 2.8 -34.5
2069 VP -27.5 -0.8 24.9 12.9 8.6 -28.5
2071 Cloud9 -24.4 2.6 27.0 8.9 4.6 -32.5
2084 hehe -28.4 -1.4 23.0 13.5 9.4 -28.0
2085 Next.kz -25.3 1.6 27.7 9.5 5.4 -32.0
2088 SADBOYS -22.2 5.3 30.1 5.5 1.4 -36.0
2091 Zephyr -19.4 8.2 33.2 1.5 -2.6 -40.0
2092 Empire -23.4 4.2 29.2 5.8 1.8 -35.7
2096 neXt! -27.4 0.2 25.2 11.6 7.2 -31.3
2101 ZR -24.3 3.8 27.3 7.6 3.2 -35.3
2103 JnRun -28.3 -0.2 23.3 12.3 8.0 -30.4
2105 Mongolz -24.8 3.4 25.8 8.3 4.0 -34.4
2106 Panthers -22.3 6.1 28.9 4.3 4.26325641456e-14 -38.4
2112 DUZA -19.8 8.7 31.5 0.3 -4.0 -42.4
2114 VP -17.1 11.7 34.7 -3.7 -8.0 -46.4
2122 4FC -13.8 14.9 37.6 -7.7 -12.0 -50.4
2142 MVP.P -10.3 17.7 40.4 -11.7 -16.0 -54.4
2150 VP -14.3 13.7 36.4 -6.9 -11.5 -49.3
2151 Insane -18.3 9.7 32.4 -2.1 -6.4 -44.0
2154 ZR -22.3 5.7 28.4 3.6 -0.9 -39.1
2168 Dignotoss -19.4 9.3 32.2 -0.4 -4.9 -43.1
2176 neXt! -23.4 5.3 28.2 6.0 0.9 -37.6
2183 4N -27.4 1.3 24.2 10.9 5.8 -32.9
2184 Swage -31.4 -2.7 20.2 15.5 9.5 -27.8
2186 RRQ -35.4 -6.7 16.2 21.2 14.5 -20.0
2189 Dignotoss -39.4 -10.7 12.2 26.0 19.1 -14.0
2194 Zephyr -36.7 -7.9 14.5 22.0 15.1 -18.0
2196 Dog -40.7 -11.9 10.5 25.7 19.9 -12.7
2206 Mski -40.7 -11.9 10.5 25.7 19.9 -12.7
2207 PR -44.7 -15.9 6.5 30.2 24.5 -8.4
2209 DT.NGC -48.7 -19.9 2.5 35.5 29.6 -4.1
2219 rox.KIS -52.7 -23.9 -1.5 40.9 34.8 1.0
2223 Sigma.int -48.9 -20.2 2.4 36.9 30.8 -3.0
2225 Empire -52.9 -24.2 -1.6 42.6 38.2 4.7
2232 Relax -49.2 -21.2 1.2 38.6 34.2 0.7
2233 CIS -46.5 -18.2 3.9 34.6 30.2 -3.3
2245 MYM -43.7 -15.2 7.2 30.6 26.2 -7.3
2246 Execration -39.8 -11.3 10.1 26.6 22.2 -11.3
2247 Cloud9 -36.6 -7.6 12.1 22.6 18.2 -15.3
2250 Execration -40.6 -11.6 8.1 27.5 23.2 -10.8
2254 Fnatic.eu -37.7 -8.6 11.3 23.5 19.2 -14.8
2255 rox.KIS -35.2 -6.2 13.7 19.5 15.2 -18.8
2272 Arrow -32.2 -2.6 17.7 15.5 11.2 -22.8
2286 Cloud9 -29.5 -1.15463194561e-14 21.2 11.5 7.2 -26.8
2287 VG -33.5 -4.0 17.2 17.1 12.8 -23.1
2291 Na'Vi -31.1 -1.6 20.3 13.1 8.8 -27.1
