0 0 0.0 0.0 0.0 0.0 0.0 0.0
33 Dignitas -4.0 -4.0 -4.0 4.2 3.7 4.4
36 Next.kz -4.0 -4.0 -4.0 4.2 3.7 4.4
46 GU.pe -0.5 -0.2 0.0 0.2 -0.3 0.4
64 iM`Bashers 3.4 3.6 3.8 -3.8 -4.3 -3.6
92 Ptd.Bravo 3.4 3.6 3.8 -3.8 -4.3 -3.6
94 Fnatic.eu 7.1 7.4 7.7 -7.8 -8.3 -7.6
131 Na'Vi 10.8 11.1 11.8 -11.8 -12.3 -11.6
150 Fnatic.eu 10.8 11.1 11.8 -11.8 -12.3 -11.6
158 WH?Dota2 10.8 11.1 11.8 -11.8 -12.3 -11.6
214 Dignitas 14.4 15.0 15.7 -15.8 -16.3 -15.6
222 Dignitas 14.4 15.0 15.7 -15.8 -16.3 -15.6
263 Prodota.ru 10.4 11.0 11.7 -11.8 -12.2 -11.6
265 Lounge 10.4 11.0 11.7 -11.8 -12.2 -11.6
343 Orange 6.4 7.0 7.7 -8.1 -8.1 -7.2
570 VP 2.4 3.0 3.7 -4.1 -4.0 -3.0
689 Kaipi -1.6 -1.0 -0.3 0.2 0.1 1.2
805 Alliance 1.8 3.0 3.9 -3.8 -3.9 -2.8
882 rox.KIS 1.8 3.0 3.9 -3.8 -3.9 -2.8
907 NoLove 5.4 6.8 7.9 -7.8 -7.9 -6.8
910 Empire 1.4 2.8 3.9 -3.7 -3.8 -2.7
1013 Empire 1.4 2.8 3.9 -3.7 -3.8 -2.7
1103 FD 1.4 2.8 3.9 -3.7 -3.8 -2.7
1128 TakeFive 4.6 7.2 8.6 -7.7 -7.8 -6.7
1134 PR 0.6 3.2 4.6 -3.4 -3.8 -2.7
1154 Alliance 0.6 3.2 4.6 -3.4 -3.8 -2.7
1236 Speed 0.6 3.2 4.6 -3.4 -3.8 -2.7
1249 Alliance -3.4 -0.8 0.6 0.6 0.3 1.5
1254 Startale -3.4 -0.8 0.6 0.6 0.3 1.5
1277 Mski -7.4 -4.8 -3.4 5.2 4.1 5.1
1280 MiTH -7.4 -4.8 -3.4 5.2 4.1 5.1
1311 Sleisel -11.4 -8.8 -7.4 9.2 8.4 9.3
1349 Alliance -15.4 -12.8 -11.4 13.1 12.5 13.7
1394 LGD.cn -11.8 -8.7 -7.5 9.1 8.5 9.7
1422 EG -15.8 -12.7 -11.5 13.1 12.8 14.0
1444 Fnatic.eu -19.8 -16.7 -15.5 17.5 16.8 17.9
1469 Alliance -19.8 -16.7 -15.5 17.5 16.8 17.9
1555 Mski -16.1 -12.8 -11.6 13.5 12.8 13.9
1559 Na'Vi -16.1 -12.8 -11.6 13.5 12.8 13.9
1591 VG -20.1 -16.8 -15.6 17.6 17.1 18.2
1606 CSW -24.1 -20.8 -19.6 22.1 20.8 22.1
1609 Empire -19.8 -17.3 -16.2 18.1 16.8 18.1
1649 VP -16.1 -13.3 -12.3 14.1 12.8 14.1
1670 MiTH -12.0 -9.5 -9.0 10.1 8.8 10.1
1717 VP -7.7 -5.9 -5.6 6.1 4.8 6.1
1729 Sigma.int -7.7 -5.9 -5.6 6.1 4.8 6.1
1741 VP -3.9 -2.1 -1.9 2.1 0.8 2.1
1835 iG -7.9 -6.1 -5.9 6.0 5.0 6.7
1932 Empire -7.9 -6.1 -5.9 6.0 5.0 6.7
1980 Empire -4.5 -1.9 -1.4 2.0 1.0 2.7
1994 Fnatic.eu -8.5 -5.9 -5.4 6.5 5.0 6.6
2038 SADBOYS -4.4 -1.7 -2.1 2.5 1.0 2.6
2196 Dog -8.4 -5.7 -6.1 6.2 5.8 7.9
2206 Mski -8.4 -5.7 -6.1 6.2 5.8 7.9
2223 Sigma.int -4.6 -2.0 -2.2 2.2 1.8 3.9
