0 0 0.0 0.0 0.0 0.0 0.0 0.0
14 Alliance -4.0 -4.0 -4.0 4.7 4.7 4.1
15 Fnatic -0.5 -0.5 -1.5 0.7 0.7 0.1
16 Empire -4.5 -4.5 -5.5 5.3 5.6 5.1
17 Turtle -1.9 -2.0 -2.7 1.3 1.6 1.1
22 Dignitas 1.6 1.4 0.9 -2.7 -2.4 -2.9
28 Quantic -2.4 -2.6 -3.1 3.9 4.7 3.7
33 Dignitas -6.4 -6.6 -7.1 8.1 8.4 8.1
36 Next.kz -6.4 -6.6 -7.1 8.1 8.4 8.1
37 mouz -10.4 -10.6 -11.1 12.8 12.4 12.4
39 VP -14.4 -14.6 -15.1 18.7 18.5 17.9
42 Liquid -18.4 -18.6 -19.1 24.4 24.1 22.8
45 Quantic -16.4 -16.2 -16.8 20.4 20.1 18.8
46 GU.pe -12.9 -12.4 -12.8 16.4 16.1 14.8
47 VP -16.9 -16.4 -16.8 21.1 20.6 18.6
52 Fnatic.eu -20.9 -20.4 -20.8 25.2 24.9 22.9
54 4FC -18.3 -17.2 -17.3 21.2 20.9 18.9
55 mouz -14.5 -13.7 -13.5 17.2 16.9 14.9
63 EG -18.5 -17.7 -17.5 22.8 21.8 19.8
64 iM`Bashers -14.6 -13.9 -13.7 18.8 17.8 15.8
65 VnR.Alpha -10.9 -10.4 -10.3 14.8 13.8 11.8
67 Ptd.Bravo -14.9 -14.4 -14.3 19.5 19.0 16.4
69 Dignitas -12.2 -11.6 -11.5 15.5 15.0 12.4
70 Quantic -9.1 -8.8 -8.3 11.5 11.0 8.4
72 Neo.int -13.1 -12.8 -12.3 16.4 16.4 13.3
74 Dignitas -17.1 -16.8 -16.3 23.1 22.5 19.4
76 eN.Legs -14.7 -13.6 -12.9 19.1 18.5 15.4
77 VnR.Alpha -12.1 -11.7 -10.2 15.1 14.5 11.4
78 Fnatic.eu -16.1 -15.7 -14.2 19.8 19.1 16.0
79 Na'Vi -13.1 -12.7 -11.3 15.8 15.1 12.0
83 s4 -17.1 -16.7 -15.3 19.6 20.3 17.4
84 Liquid -21.1 -20.7 -19.3 24.0 24.9 21.5
85 Fnatic.eu -17.8 -17.4 -15.9 20.0 20.9 17.5
88 Liquid -21.8 -21.4 -19.9 25.7 26.5 22.7
90 VP -25.8 -25.4 -23.9 30.2 30.7 27.4
91 Liquid -22.5 -22.5 -21.1 26.2 26.7 23.4
92 Ptd.Bravo -22.5 -22.5 -21.1 26.2 26.7 23.4
94 Fnatic.eu -18.8 -18.7 -17.2 22.2 22.7 19.4
96 Empire -16.6 -16.4 -14.7 18.2 18.7 15.4
99 VP -13.9 -13.5 -11.5 14.2 14.7 11.4
101 3D -11.5 -10.5 -8.4 10.2 10.7 7.4
102 Dignitas -15.5 -14.5 -12.4 15.6 16.2 13.0
103 Fnatic.eu -11.7 -11.0 -9.0 11.6 12.2 9.0
105 Liquid -9.0 -8.3 -6.1 7.6 8.2 5.0
106 Dignitas -6.7 -5.8 -3.3 3.6 4.2 1.0
107 iM`Bashers -4.5 -2.9 -0.4 -0.4 0.2 -3.0
111 Fnatic.eu -2.5 -0.4 2.2 -4.4 -3.8 -7.0
114 Fnatic.eu -6.5 -4.4 -1.8 1.6 1.8 -1.2
120 Na'Vi -3.1 -0.7 2.0 -2.4 -2.2 -5.2
122 mouz 0.4 3.0 5.5 -6.4 -6.2 -9.2
125 Empire 2.9 5.6 8.3 -10.4 -10.2 -13.2
126 rox.KIS -1.1 1.6 4.3 -3.2 -3.1 -7.2
131 Na'Vi 2.6 5.3 8.4 -7.2 -7.1 -11.2
137 Na'Vi 5.3 8.2 11.2 -11.2 -11.1 -15.2
140 CastersEN 1.3 4.2 7.2 -6.4 -5.5 -9.4
141 mouz 3.7 6.8 9.9 -10.4 -9.5 -13.4
142 Alliance -0.3 2.8 5.9 -5.2 -4.7 -8.7
144 mouz -4.3 -1.2 1.9 0.2 0.3 -3.8
145 Alliance -1.1 2.1 5.1 -3.8 -3.7 -7.8
146 Liquid 1.3 4.6 7.9 -7.8 -7.7 -11.8
147 4FC -2.7 0.6 3.9 -2.3 -2.2 -6.1
148 Empire 4.88498130835e-15 3.5 7.0 -6.3 -6.2 -10.1
150 Fnatic.eu 4.88498130835e-15 3.5 7.0 -6.3 -6.2 -10.1
152 Alliance 3.0 6.7 10.2 -10.3 -10.2 -14.1
154 VP 5.5 9.1 12.6 -14.3 -14.2 -18.1
155 iG 7.5 11.4 15.1 -18.3 -18.2 -22.1
157 Fnatic.eu 9.8 13.7 17.4 -22.3 -22.2 -26.1
158 WH?Dota2 9.8 13.7 17.4 -22.3 -22.2 -26.1
161 Empire 5.8 9.7 13.4 -16.7 -16.7 -20.7
163 Lounge 8.4 12.4 16.3 -20.7 -20.7 -24.7
176 Alliance 10.8 15.3 19.4 -24.7 -24.7 -28.7
178 Dignitas 13.4 18.6 22.8 -28.7 -28.7 -32.7
182 Empire 15.8 21.3 25.7 -32.7 -32.7 -36.7
183 Fnatic.eu 11.8 17.3 21.7 -25.2 -26.2 -30.4
184 WH?Dota2 15.0 20.8 25.2 -29.2 -30.2 -34.4
187 VP 11.0 16.8 21.2 -22.2 -23.7 -28.5
188 LGD.cn 7.0 12.8 17.2 -17.2 -18.4 -23.2
189 Dignitas 3.0 8.8 13.2 -10.5 -12.1 -17.4
190 Alliance -1.0 4.8 9.2 -4.7 -6.6 -11.9
191 Liquid -5.0 0.8 5.2 0.4 -1.1 -6.5
192 VP -9.0 -3.2 1.2 5.2 3.2 -2.4
193 VP -13.0 -7.2 -2.8 10.7 8.5 2.7
195 Dignitas -17.0 -11.2 -6.8 16.3 14.8 10.4
199 Dignitas -21.0 -15.2 -10.8 21.4 19.9 15.5
200 VP -17.2 -11.6 -7.2 17.4 15.9 11.5
201 Orange -14.2 -8.3 -3.7 13.4 11.9 7.5
202 Alliance -11.6 -5.6 -0.9 9.4 7.9 3.5
203 Alliance -8.3 -2.2 2.6 5.4 3.9 -0.5
204 Fnatic.eu -12.3 -6.2 -1.4 9.6 8.3 3.9
205 Fnatic.eu -16.3 -10.2 -5.4 15.4 14.1 9.6
210 LGD.cn -13.4 -7.6 -2.8 11.4 10.1 5.6
211 Liquid -10.8 -4.6 0.4 7.4 6.1 1.6
212 Dignitas -14.8 -8.6 -3.6 13.5 12.3 7.6
214 Dignitas -11.2 -4.7 0.3 9.5 8.3 3.6
215 Liquid -8.9 -2.2 2.8 5.5 4.3 -0.4
217 DK -5.5 0.7 5.6 1.5 0.3 -4.4
222 Dignitas -5.5 0.7 5.6 1.5 0.3 -4.4
230 VP -3.3 3.2 8.3 -2.5 -3.7 -8.4
232 Alliance -0.6 6.1 11.4 -6.5 -7.7 -12.4
238 rox.KIS 2.0 8.8 14.3 -10.5 -11.7 -16.4
243 Alliance 4.4 11.4 17.1 -14.5 -15.7 -20.4
247 Dignitas 7.1 14.8 20.7 -18.5 -19.7 -24.4
249 Fnatic.eu 10.1 17.6 23.6 -22.5 -23.7 -28.4
252 VP 6.1 13.6 19.6 -15.7 -17.8 -22.9
257 Liquid 9.4 17.1 23.2 -19.7 -21.8 -26.9
259 Liquid 12.5 20.4 26.7 -23.7 -25.8 -30.9
261 Liquid 14.8 23.0 29.4 -27.7 -29.8 -34.9
263 Prodota.ru 10.8 19.0 25.4 -23.7 -25.7 -30.9
264 Lounge 6.8 15.0 21.4 -18.1 -20.3 -25.6
265 Lounge 6.8 15.0 21.4 -18.1 -20.3 -25.6
267 mouz 10.2 18.8 25.3 -22.1 -24.3 -29.6
269 EG 6.2 14.8 21.3 -16.0 -18.7 -24.2
284 Liquid 8.3 17.2 23.9 -20.0 -22.7 -28.2
285 rox.KIS 11.3 20.4 27.3 -24.0 -26.7 -32.2
290 Na'Vi 13.5 22.7 29.8 -28.0 -30.7 -36.2
295 Quantic 9.5 18.7 25.8 -23.1 -25.2 -30.7
296 Quantic 12.4 21.8 29.0 -27.1 -29.2 -34.7
303 QPandas 8.4 17.8 25.0 -20.9 -23.5 -29.5
307 rox.KIS 4.4 13.8 21.0 -12.6 -16.9 -23.8
308 Quantic 0.4 9.8 17.0 -6.8 -11.9 -19.1
311 Quantic -3.6 5.8 13.0 -2.7 -7.2 -14.4
312 mouz -7.6 1.8 9.0 2.9 -1.7 -8.8
313 mouz -11.6 -2.2 5.0 9.4 4.6 -2.9
318 mouz -8.7 1.0 8.3 5.4 0.6 -6.9
320 EG -12.7 -3.0 4.3 9.9 5.2 -2.5
323 TongFu -16.7 -7.0 0.3 15.4 10.7 3.0
325 RS -14.2 -4.1 3.3 11.4 6.7 -1.0
328 4FC -18.2 -8.1 -0.7 17.7 12.8 4.8
329 RAT -15.1 -4.3 3.2 13.7 8.8 0.8
332 RStars -12.5 -1.2 6.8 9.7 4.8 -3.2
335 VP -16.5 -5.2 2.8 14.5 9.1 1.2
336 MiTH -13.6 -1.9 6.5 10.5 5.1 -2.8
339 RStars -11.3 1.2 9.7 6.5 1.1 -6.8
342 Alliance -8.5 3.7 12.3 2.5 -2.9 -10.8
343 Orange -12.5 -0.3 8.3 6.2 1.2 -6.4
347 Orange -16.5 -4.3 4.3 14.5 7.6 -0.6
349 Quantic -13.5 -1.0 8.0 10.5 3.6 -4.6
354 Alliance -9.7 2.6 11.6 6.5 -0.4 -8.6
359 DK -13.7 -1.4 7.6 10.7 4.2 -3.9
361 Orange -17.7 -5.4 3.6 15.4 8.6 0.4
370 iCCup -15.4 -2.7 6.6 11.4 4.6 -3.6
374 Dignitas -19.4 -6.7 2.6 16.9 10.0 1.3
380 4FC -16.7 -3.7 5.8 12.9 6.0 -2.7
381 RS -13.7 -0.6 9.0 8.9 2.0 -6.7
385 Alliance -11.4 2.4 12.6 4.9 -2.0 -10.7
386 TM -8.4 6.0 16.4 0.9 -6.0 -14.7
391 mouz -4.6 9.4 19.8 -3.1 -10.0 -18.7
394 MX -2.4 11.8 22.5 -7.1 -14.0 -22.7
395 LGD.cn 0.9 15.0 25.8 -11.1 -18.0 -26.7
397 rox.KIS 3.4 17.1 28.0 -15.1 -22.0 -30.7
400 VP -0.6 13.1 24.0 -10.8 -17.2 -26.0
402 DK -4.6 9.1 20.0 -4.7 -9.9 -18.9
405 mouz -8.6 5.1 16.0 -0.1 -5.0 -14.0
407 PR -6.8 7.4 18.8 -4.1 -9.0 -18.0
411 Quantic -10.8 3.4 14.8 1.3 -4.0 -13.3
420 Na'Vi -14.8 -0.6 10.8 8.3 1.4 -8.4
422 Liquid -18.8 -4.6 6.8 12.9 6.0 -4.0
423 Quantic -16.2 -2.0 9.6 8.9 2.0 -8.0
426 Artyk -14.3 0.4 12.4 4.9 -2.0 -12.0
429 Liquid -11.7 2.9 15.0 0.9 -6.0 -16.0
434 EG -8.2 6.4 18.4 -3.1 -10.0 -20.0
436 EG -4.8 9.7 21.7 -7.1 -14.0 -24.0
440 Orange -2.8 12.2 24.4 -11.1 -18.0 -28.0
454 Kaipi -6.8 8.2 20.4 -4.5 -12.4 -22.9
455 EG -4.0 11.2 23.4 -8.5 -16.4 -26.9
456 Fnatic.eu -8.0 7.2 19.4 -2.5 -10.3 -21.2
458 EG -12.0 3.2 15.4 2.1 -5.4 -16.7
460 Kaipi -16.0 -0.8 11.4 8.5 0.4 -11.2
463 VP -13.3 1.7 14.1 4.5 -3.6 -15.2
470 mouz -10.6 4.4 17.0 0.5 -7.6 -19.2
477 mouz -7.9 7.4 20.1 -3.5 -11.6 -23.2
478 rox.KIS -4.4 10.4 23.2 -7.5 -15.6 -27.2
487 Kaipi -2.2 13.0 26.1 -11.5 -19.6 -31.2
490 paiN.int 0.5 16.1 29.5 -15.5 -23.6 -35.2
496 TongFu 2.5 18.5 32.1 -19.5 -27.6 -39.2
497 DK -1.5 14.5 28.1 -14.0 -22.4 -34.2
500 Liquid -5.5 10.5 24.1 -7.8 -15.4 -27.5
501 eLPride -9.5 6.5 20.1 -2.2 -9.0 -21.0
509 Keita -6.5 8.9 22.4 -6.2 -13.0 -25.0
510 Fnatic.eu -10.5 4.9 18.4 -1.3 -8.3 -20.8
511 Alliance -8.4 7.2 20.9 -5.3 -12.3 -24.8
516 Quantic -4.9 11.0 25.0 -9.3 -16.3 -28.8
518 Alliance -2.9 13.4 27.6 -13.3 -20.3 -32.8
519 FSid3 -0.9 15.8 30.3 -17.3 -24.3 -36.8
530 Orange 2.3 19.8 34.6 -21.3 -28.3 -40.8
534 EG 5.1 22.6 37.3 -25.3 -32.3 -44.8
539 Quantic 8.5 25.9 40.7 -29.3 -36.3 -48.8
540 EG 11.1 28.4 43.3 -33.3 -40.3 -52.8
543 VP 13.7 30.7 45.9 -37.3 -44.3 -56.8
548 Liquid 16.8 33.8 49.2 -41.3 -48.3 -60.8
556 Fnatic.eu 12.8 29.8 45.2 -36.4 -44.0 -56.8
559 mouz 16.2 33.5 49.1 -40.4 -48.0 -60.8
561 Orange 12.2 29.5 45.1 -35.8 -42.7 -55.5
563 iG 15.5 33.3 49.1 -39.8 -46.7 -59.5
564 EG 11.5 29.3 45.1 -32.9 -40.1 -53.4
565 Dignitas 7.5 25.3 41.1 -27.9 -35.6 -49.3
567 mouz 10.5 28.5 44.5 -31.9 -39.6 -53.3
568 Liquid 13.2 31.1 47.2 -35.9 -43.6 -57.3
570 VP 9.2 27.1 43.2 -31.9 -39.5 -53.1
575 TongFu 5.2 23.1 39.2 -26.4 -34.2 -48.1
579 Alliance 7.9 25.9 42.2 -30.4 -38.2 -52.1
581 LGD.cn 10.3 28.7 45.3 -34.4 -42.2 -56.1
583 iCCup 6.3 24.7 41.3 -30.0 -37.8 -52.0
584 Alliance 8.3 27.2 44.0 -34.0 -41.8 -56.0
586 EG 4.3 23.2 40.0 -29.4 -37.0 -51.3
591 LGD.cn 7.0 26.1 43.0 -33.4 -41.0 -55.3
593 Quantic 9.5 28.6 45.6 -37.4 -45.0 -59.3
594 mouz 12.7 31.9 49.1 -41.4 -49.0 -63.3
596 mouz 15.5 34.9 52.0 -45.4 -53.0 -67.3
599 Na'Vi 19.0 37.9 54.9 -49.4 -57.0 -71.3
610 LGD.cn 22.8 41.2 58.2 -53.4 -61.0 -75.3
611 Denial 24.8 43.6 60.9 -57.4 -65.0 -79.3
612 Na'Vi 28.0 46.5 63.7 -61.4 -69.0 -83.3
613 Fnatic.eu 30.8 49.3 66.5 -65.4 -73.0 -87.3
614 EG 34.3 52.7 70.1 -69.4 -77.0 -91.3
619 iG 30.3 48.7 66.1 -64.1 -71.9 -86.3
620 DK 26.3 44.7 62.1 -59.5 -66.3 -80.2
625 TongFu 22.3 40.7 58.1 -53.8 -61.2 -75.5
633 Liquid 25.9 44.3 61.9 -57.8 -65.2 -79.5
634 Na'Vi 28.8 47.1 64.7 -61.8 -69.2 -83.5
638 Na'Vi 31.5 49.7 67.4 -65.8 -73.2 -87.5
639 4FC 34.8 52.5 70.2 -69.8 -77.2 -91.5
641 mouz 36.9 55.1 73.0 -73.8 -81.2 -95.5
649 Fnatic.eu 40.3 58.5 76.6 -77.8 -85.2 -99.5
650 Fnatic.eu 36.3 54.5 72.6 -73.4 -80.6 -94.8
652 DK 32.3 50.5 68.6 -67.5 -75.0 -89.4
654 DK 34.3 53.1 71.8 -71.5 -79.0 -93.4
661 iG 30.3 49.1 67.8 -66.0 -74.0 -88.7
663 RS 26.3 45.1 63.8 -61.5 -69.1 -84.3
665 Orange 28.7 47.7 66.8 -65.5 -73.1 -88.3
666 LGD.cn 31.0 50.4 69.7 -69.5 -77.1 -92.3
669 iNfernity 33.3 53.0 72.9 -73.5 -81.1 -96.3
673 LGD.cn 36.3 56.3 76.4 -77.5 -85.1 -100.3
675 EG 32.3 52.3 72.4 -71.1 -78.9 -94.4
680 Liquid 28.3 48.3 68.4 -64.5 -72.2 -88.7
681 Quantic 24.3 44.3 64.4 -57.8 -66.3 -83.3
682 mouz 20.3 40.3 60.4 -51.5 -60.4 -78.0
683 rox.KIS 16.3 36.3 56.4 -45.1 -54.7 -72.8
684 VP 20.1 39.9 60.2 -49.1 -58.7 -76.8
685 mouz 22.7 42.9 63.5 -53.1 -62.7 -80.8
687 VP 18.7 38.9 59.5 -47.5 -57.5 -75.7
689 Kaipi 14.7 34.9 55.5 -43.2 -53.4 -71.5
690 EG 16.6 37.3 58.1 -47.2 -57.4 -75.5
691 Liquid 18.8 39.7 60.7 -51.2 -61.4 -79.5
701 VG 14.8 35.7 56.7 -45.1 -55.2 -73.7
706 RS 10.8 31.7 52.7 -39.6 -49.9 -68.5
709 Kaipi 13.8 34.8 56.0 -43.6 -53.9 -72.5
710 VP 17.0 37.9 59.2 -47.6 -57.9 -76.5
711 mouz 19.7 41.1 62.6 -51.6 -61.9 -80.5
714 Dreamz 22.6 43.8 65.5 -55.6 -65.9 -84.5
716 mouz 24.7 46.2 68.2 -59.6 -69.9 -88.5
717 mouz 27.6 49.2 71.3 -63.6 -73.9 -92.5
724 Kaipi 31.1 52.9 75.1 -67.6 -77.9 -96.5
726 RS 27.1 48.9 71.1 -60.7 -70.9 -90.2
734 TongFu 30.1 52.2 74.5 -64.7 -74.9 -94.2
735 Dignitas 33.5 55.3 77.5 -68.7 -78.9 -98.2
737 Na'Vi 35.7 57.7 80.1 -72.7 -82.9 -102.2
743 Fnatic.eu 39.3 60.8 83.2 -76.7 -86.9 -106.2
744 Alliance 41.8 63.4 86.0 -80.7 -90.9 -110.2
750 Orange 44.4 66.5 89.2 -84.7 -94.9 -114.2
756 Dignitas 40.4 62.5 85.2 -79.3 -90.1 -109.7
772 DK 36.4 58.5 81.2 -73.8 -84.2 -104.3
774 TongFu 32.4 54.5 77.2 -67.2 -78.0 -98.6
775 Liquid 35.3 57.4 80.2 -71.2 -82.0 -102.6
782 iG 37.8 60.1 83.1 -75.2 -86.0 -106.6
787 TongFu 41.0 64.0 87.2 -79.2 -90.0 -110.6
788 Dignitas 43.4 66.4 89.8 -83.2 -94.0 -114.6
789 LGD.int 39.4 62.4 85.8 -78.8 -89.4 -110.2
790 AllStarsA 35.4 58.4 81.8 -74.1 -84.1 -105.2
792 Fnatic.eu 38.0 60.9 84.5 -78.1 -88.1 -109.2
794 DK 34.0 56.9 80.5 -73.9 -83.6 -104.9
801 Orange 36.7 59.9 83.7 -77.9 -87.6 -108.9
802 iG 38.8 62.2 86.3 -81.9 -91.6 -112.9
804 TongFu 42.2 66.1 90.3 -85.9 -95.6 -116.9
805 Alliance 45.6 70.1 94.5 -89.9 -99.6 -120.9
806 Orange 41.6 66.1 90.5 -82.8 -93.4 -115.2
808 Alliance 44.0 68.9 93.4 -86.8 -97.4 -119.2
827 TS 40.0 64.9 89.4 -81.7 -90.5 -112.7
834 Aspera 43.6 68.3 93.0 -85.7 -94.5 -116.7
835 Poseidon 46.5 70.8 95.4 -89.7 -98.5 -120.7
837 Next.kz 42.5 66.8 91.4 -83.9 -92.2 -114.7
840 TS 45.7 70.0 94.7 -87.9 -96.2 -118.7
846 Next.kz 48.8 73.3 98.1 -91.9 -100.2 -122.7
847 4FC 44.8 69.3 94.1 -87.3 -95.1 -117.4
848 DUZA 40.8 65.3 90.1 -80.4 -88.6 -111.6
849 Poseidon 44.1 68.7 93.8 -84.4 -92.6 -115.6
854 Life 40.1 64.7 89.8 -79.8 -86.9 -110.1
855 Imp 42.3 67.0 92.3 -83.8 -90.9 -114.1
863 Next.kz 38.3 63.0 88.3 -79.2 -85.9 -109.4
868 GxGaming 34.3 59.0 84.3 -74.2 -80.1 -104.0
869 SFEC 30.3 55.0 80.3 -68.8 -75.2 -99.5
874 VP 33.6 58.2 83.8 -72.8 -79.2 -103.5
875 Imp 29.6 54.2 79.8 -68.0 -74.4 -98.9
876 MSIEvoGT 31.6 56.5 82.5 -72.0 -78.4 -102.9
879 Empire 34.4 59.6 85.8 -76.0 -82.4 -106.9
882 rox.KIS 34.4 59.6 85.8 -76.0 -82.4 -106.9
887 MSIEvoGT 30.4 55.6 81.8 -69.6 -76.8 -101.7
890 GL.eu 32.7 58.3 84.7 -73.6 -80.8 -105.7
894 Life 35.2 61.3 88.1 -77.6 -84.8 -109.7
895 Next.kz 38.7 65.0 91.7 -81.6 -88.8 -113.7
900 VP 34.7 61.0 87.7 -74.6 -82.2 -107.7
902 Kaipi 36.9 63.2 90.1 -78.6 -86.2 -111.7
904 SAfrica 32.9 59.2 86.1 -73.1 -80.7 -106.5
907 NoLove 36.5 63.0 90.1 -77.1 -84.7 -110.5
910 Empire 32.5 59.0 86.1 -73.0 -80.6 -106.4
912 Kaipi 28.5 55.0 82.1 -68.5 -75.7 -101.7
913 Joiker 24.5 51.0 78.1 -60.9 -68.7 -95.6
914 StayFree 26.8 53.4 80.9 -64.9 -72.7 -99.6
918 DUZA 22.8 49.4 76.9 -59.7 -68.2 -95.3
924 ONE.dota 26.1 52.9 80.9 -63.7 -72.2 -99.3
928 LGD.cn 22.1 48.9 76.9 -59.1 -67.5 -94.5
929 Dreamz 18.1 44.9 72.9 -54.4 -63.4 -90.5
930 MiTH 20.8 47.2 75.3 -58.4 -67.4 -94.5
932 Fnatic.eu 22.8 49.6 77.9 -62.4 -71.4 -98.5
933 Empire 25.1 51.9 80.4 -66.4 -75.4 -102.5
939 Poseidon 27.9 55.3 84.1 -70.4 -79.4 -106.5
940 Next.kz 23.9 51.3 80.1 -65.0 -74.3 -101.6
942 Quantic 19.9 47.3 76.1 -60.5 -69.1 -96.7
948 Empire 22.1 49.6 78.6 -64.5 -73.1 -100.7
955 DUZA 26.1 53.0 81.9 -68.5 -77.1 -104.7
961 Life 28.3 55.9 85.2 -72.5 -81.1 -108.7
962 iG 31.5 59.3 88.8 -76.5 -85.1 -112.7
966 TongFu 35.0 62.1 91.5 -80.5 -89.1 -116.7
970 Joiker 37.8 65.0 94.6 -84.5 -93.1 -120.7
971 iG 39.8 67.5 97.4 -88.5 -97.1 -124.7
973 DUZA 35.8 63.5 93.4 -83.6 -91.9 -119.6
974 Fnatic.eu 38.6 65.9 95.9 -87.6 -95.9 -123.6
979 PR 41.2 68.2 98.3 -91.6 -99.9 -127.6
984 nAra 37.2 64.2 94.3 -86.2 -94.6 -122.9
994 Next.kz 33.2 60.2 90.3 -80.2 -88.9 -117.5
996 rox.KIS 35.9 62.6 92.8 -84.2 -92.9 -121.5
998 Mski 39.0 65.4 95.8 -88.2 -96.9 -125.5
1003 Kaipi 42.2 69.4 100.0 -92.2 -100.9 -129.5
1007 rox.KIS 45.3 72.3 103.1 -96.2 -104.9 -133.5
1011 Imp 41.3 68.3 99.1 -92.2 -100.0 -128.9
1013 Empire 41.3 68.3 99.1 -92.2 -100.0 -128.9
1014 Na'Vi 37.3 64.3 95.1 -87.4 -95.8 -124.9
1019 Empire 39.2 66.7 97.8 -91.4 -99.8 -128.9
1026 PBS 42.6 70.7 101.7 -95.4 -103.8 -132.9
1027 Next.kz 38.6 66.7 97.7 -89.3 -96.2 -125.6
1029 rox.KIS 41.2 69.8 101.0 -93.3 -100.2 -129.6
1031 Empire 44.0 72.5 103.8 -97.3 -104.2 -133.6
1033 LGD.cn 47.6 76.0 107.3 -101.3 -108.2 -137.6
1036 4FC 43.6 72.0 103.3 -95.2 -102.2 -132.2
1038 Aspera 39.6 68.0 99.3 -90.7 -97.7 -127.6
1044 Quantic 41.6 70.6 102.0 -94.7 -101.7 -131.6
1053 Kaipi 37.6 66.6 98.0 -89.1 -96.3 -126.3
1054 TR 41.3 70.0 101.4 -93.1 -100.3 -130.3
1058 UR 37.3 66.0 97.4 -88.2 -95.7 -126.0
1060 LGD.int 39.5 68.3 99.9 -92.2 -99.7 -130.0
1078 VP 41.8 70.6 102.4 -96.2 -103.7 -134.0
1084 Arcanys 37.8 66.6 98.4 -91.8 -97.9 -128.4
1086 MVP 33.8 62.6 94.4 -86.5 -92.3 -122.9
1093 Lowyat 29.8 58.6 90.4 -80.7 -86.5 -117.4
1094 DK 32.1 61.2 93.4 -84.7 -90.5 -121.4
1099 rox.KIS 34.3 63.5 95.9 -88.7 -94.5 -125.4
1100 Aspera 38.3 66.4 98.7 -92.7 -98.5 -129.4
1103 FD 38.3 66.4 98.7 -92.7 -98.5 -129.4
1107 Rain 34.3 62.4 94.7 -87.5 -93.7 -124.8
1110 bvd.dotA 36.4 64.8 97.5 -91.5 -97.7 -128.8
1113 Imp 38.3 67.5 100.6 -95.5 -101.7 -132.8
1116 NJ&Kids 34.3 63.5 96.6 -90.4 -95.4 -126.6
1119 FD 30.3 59.5 92.6 -83.6 -89.0 -120.7
1127 EG 32.6 62.0 95.4 -87.6 -93.0 -124.7
1128 TakeFive 35.8 66.4 100.1 -91.6 -97.0 -128.7
1134 PR 31.8 62.4 96.1 -87.3 -93.0 -124.7
1138 CSW 34.5 65.4 99.4 -91.3 -97.0 -128.7
1139 VT 36.5 67.8 102.1 -95.3 -101.0 -132.7
1140 SYM 32.5 63.8 98.1 -89.2 -94.4 -126.2
1142 SYF 36.0 67.0 101.2 -93.2 -98.4 -130.2
1145 Fnatic.eu 38.7 69.3 103.6 -97.2 -102.4 -134.2
1150 Speed 40.7 72.5 107.3 -101.2 -106.4 -138.2
1154 Alliance 40.7 72.5 107.3 -101.2 -106.4 -138.2
1160 Na'Vi 36.7 68.5 103.3 -93.2 -100.9 -133.2
1166 CSW 40.2 71.4 106.2 -97.2 -104.9 -137.2
1180 Empire 36.2 67.4 102.2 -92.0 -100.4 -133.1
1182 Fnatic.eu 40.1 70.4 105.1 -96.0 -104.4 -137.1
1186 iG 42.3 73.2 107.9 -100.0 -108.4 -141.1
1187 StayFree 38.3 69.2 103.9 -95.1 -103.2 -135.6
1193 Speed 34.3 65.2 99.9 -90.6 -98.1 -130.5
1198 Aspera 37.3 68.1 103.0 -94.6 -102.1 -134.5
1201 Aspera 33.3 64.1 99.0 -89.8 -97.4 -130.2
1207 mouz 29.3 60.1 95.0 -83.5 -91.1 -124.3
1209 MiTH 25.3 56.1 91.0 -76.5 -84.8 -118.5
1211 mouz 21.3 52.1 87.0 -70.8 -79.5 -113.4
1214 VG 17.3 48.1 83.0 -64.6 -72.2 -106.6
1218 CSW 13.3 44.1 79.0 -58.2 -66.4 -101.4
1219 NoX 9.3 40.1 75.0 -53.4 -61.7 -97.0
1229 StayFree 5.3 36.1 71.0 -46.7 -56.1 -92.2
1236 Speed 5.3 36.1 71.0 -46.7 -56.1 -92.2
1244 Sigma.int 7.0 38.7 74.3 -50.7 -60.1 -96.2
1246 Liquid 9.6 41.5 77.3 -54.7 -64.1 -100.2
1249 Alliance 5.6 37.5 73.3 -50.7 -60.0 -96.0
1254 Startale 5.6 37.5 73.3 -50.7 -60.0 -96.0
1259 Sigma.int 7.6 40.2 76.3 -54.7 -64.0 -100.0
1260 Sigma.int 3.6 36.2 72.3 -50.5 -59.5 -95.6
1261 mouz -0.4 32.2 68.3 -42.5 -53.6 -90.1
1270 MiTH 2.3 34.5 70.9 -46.5 -57.6 -94.1
1271 SYF 4.6 37.1 74.0 -50.5 -61.6 -98.1
1272 iG 6.6 39.6 76.8 -54.5 -65.6 -102.1
1277 Mski 2.6 35.6 72.8 -49.9 -61.8 -98.5
1280 MiTH 2.6 35.6 72.8 -49.9 -61.8 -98.5
1281 Speed 5.4 38.6 76.0 -53.9 -65.8 -102.5
1286 LGD.int 7.5 41.2 78.7 -57.9 -69.8 -106.5
1289 Titan 3.5 37.2 74.7 -52.8 -64.8 -101.6
1290 Lowyat -0.5 33.2 70.7 -46.7 -59.2 -96.2
1291 PR 2.9 35.8 73.4 -50.7 -63.2 -100.2
1295 Fnatic.eu -1.1 31.8 69.4 -45.8 -58.5 -95.8
1297 EG 1.3 34.1 72.0 -49.8 -62.5 -99.8
1298 Titan 4.0 37.1 75.4 -53.8 -66.5 -103.8
1302 DK 6.2 39.6 78.1 -57.8 -70.5 -107.8
1304 Empire 9.6 42.5 80.8 -61.8 -74.5 -111.8
1311 Sleisel 5.6 38.5 76.8 -57.8 -70.2 -107.6
1313 EG 1.6 34.5 72.8 -52.2 -64.3 -102.2
1320 Orange 5.3 37.3 75.4 -56.2 -68.3 -106.2
1337 Startale 7.8 39.7 78.1 -60.2 -72.3 -110.2
1349 Alliance 3.8 35.7 74.1 -56.3 -68.2 -105.8
1350 Fnatic.eu -0.2 31.7 70.1 -50.7 -62.3 -99.8
1358 VP -4.2 27.7 66.1 -44.8 -56.7 -94.5
1374 VP -0.7 31.5 69.8 -48.8 -60.7 -98.5
1378 Imp 2.1 35.0 73.5 -52.8 -64.7 -102.5
1385 Na'Vi -1.9 31.0 69.5 -46.7 -59.5 -97.8
1387 LGD.cn 1.2 34.2 72.8 -50.7 -63.5 -101.8
1392 EG 4.1 37.6 76.2 -54.7 -67.5 -105.8
1393 Fnatic.eu 7.4 40.3 78.9 -58.7 -71.5 -109.8
1394 LGD.cn 11.0 44.4 82.8 -62.7 -75.5 -113.8
1395 iG 14.4 47.2 85.7 -66.7 -79.5 -117.8
1398 Alliance 10.4 43.2 81.7 -62.1 -74.9 -113.2
1409 Liquid 6.4 39.2 77.7 -57.1 -69.9 -108.4
1420 FD 9.9 42.1 80.9 -61.1 -73.9 -112.4
1422 EG 5.9 38.1 76.9 -57.1 -69.6 -108.1
1433 iG 1.9 34.1 72.9 -50.1 -63.6 -102.8
1434 MiTH 5.0 36.9 75.7 -54.1 -67.6 -106.8
1435 mouz 8.5 40.0 78.7 -58.1 -71.6 -110.8
1440 Alliance 11.0 42.7 81.7 -62.1 -75.6 -114.8
1444 Fnatic.eu 7.0 38.7 77.7 -57.7 -71.6 -110.9
1446 mouz 3.0 34.7 73.7 -50.4 -65.3 -105.1
1448 MiTH -1.0 30.7 69.7 -44.2 -58.5 -98.7
1453 Liquid 1.4 33.4 72.5 -48.2 -62.5 -102.7
1467 Sigma.int -2.6 29.4 68.5 -43.2 -56.9 -97.2
1469 Alliance -2.6 29.4 68.5 -43.2 -56.9 -97.2
1472 rox.KIS -6.6 25.4 64.5 -34.8 -50.9 -92.0
1485 EG -10.6 21.4 60.5 -27.5 -44.2 -85.6
1486 Sigma.int -14.6 17.4 56.5 -23.3 -39.2 -80.5
1487 VG -12.5 19.8 59.2 -27.3 -43.2 -84.5
1491 Fnatic.eu -9.3 23.2 62.9 -31.3 -47.2 -88.5
1493 Sigma.int -13.3 19.2 58.9 -26.4 -41.6 -82.9
1502 DK -10.0 23.2 63.1 -30.4 -45.6 -86.9
1503 Speed -7.5 25.3 65.5 -34.4 -49.6 -90.9
1504 Sigma.int -4.5 28.5 68.8 -38.4 -53.6 -94.9
1505 Na'Vi -8.5 24.5 64.8 -34.0 -49.2 -90.8
1509 Speed -5.1 28.1 68.5 -38.0 -53.2 -94.8
1514 Fnatic.eu -9.1 24.1 64.5 -32.1 -47.4 -88.9
1516 DK -13.1 20.1 60.5 -27.9 -42.3 -83.8
1517 Speed -10.0 23.2 63.7 -31.9 -46.3 -87.8
1519 Orange -6.7 25.8 66.3 -35.9 -50.3 -91.8
1520 Titan -4.1 28.3 68.9 -39.9 -54.3 -95.8
1522 Next.kz -8.1 24.3 64.9 -33.5 -48.1 -90.2
1525 mouz -5.3 27.0 67.7 -37.5 -52.1 -94.2
1526 TongFu3 -2.9 29.5 70.5 -41.5 -56.1 -98.2
1532 Poseidon -6.9 25.5 66.5 -36.3 -50.8 -93.5
1535 Venum -4.9 28.0 69.3 -40.3 -54.8 -97.5
1536 Hearts -1.2 31.1 72.4 -44.3 -58.8 -101.5
1539 Next.kz 1.5 33.4 74.8 -48.3 -62.8 -105.5
1540 Next.kz 4.1 36.1 77.8 -52.3 -66.8 -109.5
1541 PR 0.1 32.1 73.8 -45.6 -60.7 -104.0
1542 rox.KIS 2.4 34.6 76.7 -49.6 -64.7 -108.0
1543 Fnatic.eu 5.0 37.0 79.2 -53.6 -68.7 -112.0
1555 Mski 8.7 40.9 83.1 -57.6 -72.7 -116.0
1556 LGD.cn 12.2 44.5 86.8 -61.6 -76.7 -120.0
1558 FD 8.2 40.5 82.8 -56.0 -71.7 -115.3
1559 Na'Vi 8.2 40.5 82.8 -56.0 -71.7 -115.3
1561 Na'Vi 10.9 43.0 85.4 -60.0 -75.7 -119.3
1563 FL 13.9 46.0 88.8 -64.0 -79.7 -123.3
1564 Mski 17.4 48.9 91.7 -68.0 -83.7 -127.3
1565 NSG 13.4 44.9 87.7 -63.3 -77.8 -121.4
1569 Next.kz 9.4 40.9 83.7 -57.2 -71.0 -115.1
1570 SSD 5.4 36.9 79.7 -53.2 -66.5 -110.4
1571 PR 8.2 39.6 82.5 -57.2 -70.5 -114.4
1575 iG 4.2 35.6 78.5 -52.8 -66.1 -110.0
1577 MVP.P 7.5 38.5 81.3 -56.8 -70.1 -114.0
1584 SSD 9.9 41.3 84.2 -60.8 -74.1 -118.0
1588 LGD.cn 5.9 37.3 80.2 -56.5 -68.3 -111.7
1591 VG 1.9 33.3 76.2 -52.4 -64.0 -107.4
1592 VG 5.6 37.0 80.1 -56.4 -68.0 -111.4
1595 Idol 1.6 33.0 76.1 -50.3 -60.1 -103.3
1596 Kawai -2.4 29.0 72.1 -46.0 -55.6 -98.6
1601 SSD 0.9 31.9 75.0 -50.0 -59.6 -102.6
1605 VG 3.3 34.8 78.2 -54.0 -63.6 -106.6
1606 CSW -0.7 30.8 74.2 -49.5 -59.9 -102.7
1609 Empire 3.6 34.3 77.6 -53.5 -63.9 -106.7
1610 VP 6.9 38.0 81.5 -57.5 -67.9 -110.7
1615 Speed 9.8 40.8 84.6 -61.5 -71.9 -114.7
1619 XctN 12.1 43.4 87.4 -65.5 -75.9 -118.7
1622 Aspera 8.1 39.4 83.4 -59.4 -69.5 -112.7
1630 Na'Vi 10.7 41.7 85.9 -63.4 -73.5 -116.7
1632 Fnatic.eu 6.7 37.7 81.9 -57.7 -67.7 -110.9
1633 Startale 10.2 40.4 84.4 -61.7 -71.7 -114.9
1635 VG 6.2 36.4 80.4 -56.6 -64.5 -107.2
1638 VG 9.2 40.7 85.1 -60.6 -68.5 -111.2
1639 Fnatic.eu 5.2 36.7 81.1 -54.8 -62.7 -106.0
1640 FD 8.3 40.3 84.7 -58.8 -66.7 -110.0
1643 VG 10.7 43.4 88.1 -62.8 -70.7 -114.0
1644 iG 6.7 39.4 84.1 -56.8 -65.2 -108.7
1645 RRQ 9.1 41.7 86.5 -60.8 -69.2 -112.7
1646 RRQ 5.1 37.7 82.5 -56.5 -64.3 -107.5
1647 MiTH 1.1 33.7 78.5 -50.8 -59.1 -103.0
1649 VP 4.8 37.7 82.4 -54.8 -63.1 -107.0
1659 Alliance 0.8 33.7 78.4 -50.5 -58.4 -102.4
1661 Alliance 3.5 36.5 81.4 -54.5 -62.4 -106.4
1666 Lowyat -0.5 32.5 77.4 -47.8 -56.7 -101.3
1670 MiTH 3.6 36.3 80.7 -51.8 -60.7 -105.3
1671 Neon 7.0 39.6 84.2 -55.8 -64.7 -109.3
1673 rox.KIS 9.8 42.9 87.9 -59.8 -68.7 -113.3
1675 Empire 13.4 46.7 91.8 -63.8 -72.7 -117.3
1680 Mski 16.7 49.6 94.7 -67.8 -76.7 -121.3
1702 DK 20.2 53.0 98.1 -71.8 -80.7 -125.3
1703 DK 16.2 49.0 94.1 -66.5 -75.8 -120.6
1704 Alliance 18.9 51.7 97.0 -70.5 -79.8 -124.6
1710 Speed 14.9 47.7 93.0 -64.4 -73.6 -118.7
1710 Speed 10.9 43.7 89.0 -57.9 -67.1 -112.8
1715 Poseidon 6.9 39.7 85.0 -52.2 -61.7 -107.5
1715 Poseidon 2.9 35.7 81.0 -47.7 -57.1 -103.5
1716 rox.KIS 5.3 38.4 83.8 -51.7 -61.1 -107.5
1716 rox.KIS 7.9 41.0 86.7 -55.7 -65.1 -111.5
1717 VP 11.6 44.5 90.2 -59.7 -69.1 -115.5
1717 VP 15.9 48.1 93.6 -63.7 -73.1 -119.5
1718 Fnatic.eu 11.9 44.1 89.6 -57.3 -66.2 -113.7
1718 Fnatic.eu 7.9 40.1 85.6 -50.4 -59.6 -107.9
1729 Sigma.int 7.9 40.1 85.6 -50.4 -59.6 -107.9
1732 rox.KIS 3.9 36.1 81.6 -44.5 -52.3 -100.6
1734 PR 7.4 39.7 85.3 -48.5 -56.3 -104.6
1737 MiTH 3.4 35.7 81.3 -43.6 -50.2 -98.8
1740 LGD.cn -0.6 31.7 77.3 -37.2 -44.6 -94.0
1741 VP 3.2 35.5 81.0 -41.2 -48.6 -98.0
1748 Idol -0.8 31.5 77.0 -36.9 -43.5 -93.0
1749 FD -4.8 27.5 73.0 -32.6 -38.4 -87.6
1757 iG -1.3 31.1 76.9 -36.6 -42.4 -91.6
1759 FD 1.8 34.6 80.8 -40.6 -46.4 -95.6
1767 rox.KIS 4.5 37.7 84.3 -44.6 -50.4 -99.6
1769 XctN 0.5 33.7 80.3 -39.6 -44.7 -94.1
1775 RRQ -3.5 29.7 76.3 -34.0 -39.8 -89.6
1778 FSid3 -7.5 25.7 72.3 -28.0 -33.2 -83.1
1782 Mski -3.7 29.2 75.8 -32.0 -37.2 -87.1
1787 Sigma.int -1.2 31.7 78.4 -36.0 -41.2 -91.1
1789 Na'Vi 1.7 34.4 81.2 -40.0 -45.2 -95.1
1794 Mski -2.3 30.4 77.2 -34.9 -39.6 -89.8
1796 Titan 0.2 33.1 79.8 -38.9 -43.6 -93.8
1798 OsG 2.5 35.8 82.6 -42.9 -47.6 -97.8
1810 TR -1.5 31.8 78.6 -38.1 -42.4 -92.6
1813 DK 0.8 34.3 81.3 -42.1 -46.4 -96.6
1816 TongFu -3.2 30.3 77.3 -36.5 -41.3 -92.2
1819 rox.KIS -0.8 32.6 79.8 -40.5 -45.3 -96.2
1824 Empire 2.4 35.8 83.3 -44.5 -49.3 -100.2
1832 TR 5.8 39.0 86.7 -48.5 -53.3 -104.2
1835 iG 1.8 35.0 82.7 -44.6 -49.1 -99.6
1838 Titan -2.2 31.0 78.7 -38.3 -42.4 -93.1
1844 VG -6.2 27.0 74.7 -32.5 -37.4 -88.4
1864 Revenge -3.9 29.5 77.5 -36.5 -41.4 -92.4
1872 rox.KIS -7.9 25.5 73.5 -31.9 -36.6 -87.7
1873 PBS -11.9 21.5 69.5 -25.6 -30.0 -84.2
1880 VG -15.9 17.5 65.5 -19.0 -22.6 -77.1
1881 LGD.cn -12.6 21.3 67.4 -23.0 -26.6 -81.1
1882 Swage -8.9 25.2 70.1 -27.0 -30.6 -85.1
1888 SMM -5.7 28.1 73.2 -31.0 -34.6 -89.1
1890 LGD.cn -9.7 24.1 69.2 -24.5 -28.7 -83.6
1891 Lowyat -13.7 20.1 65.2 -19.9 -24.1 -79.1
1895 Fnatic.eu -17.7 16.1 61.2 -15.3 -20.2 -70.4
1896 XctN -21.7 12.1 57.2 -9.9 -14.3 -64.9
1897 Idol -25.7 8.1 53.2 -4.0 -8.3 -59.2
1900 PBS -23.5 10.5 55.8 -8.0 -12.3 -63.2
1902 Idol -27.5 6.5 51.8 -3.3 -7.7 -59.1
1904 Mastery -31.5 2.5 47.8 3.2 -1.4 -51.6
1907 EOT -28.6 5.8 50.1 -0.8 -5.4 -55.6
1908 Sigma.int -32.6 1.8 46.1 4.1 1.15463194561e-14 -50.0
1909 Mski -29.5 5.4 48.8 0.1 -4.0 -54.0
1921 VP -27.0 7.8 51.1 -3.9 -8.0 -58.0
1922 VP -31.0 3.8 47.1 1.0 -3.2 -53.6
1926 PR -28.4 5.9 49.3 -3.0 -7.2 -57.6
1932 Empire -28.4 5.9 49.3 -3.0 -7.2 -57.6
1938 DK -25.9 8.6 52.2 -7.0 -11.2 -61.6
1940 Na'Vi -29.9 4.6 48.2 -1.8 -6.9 -57.3
1942 VP -26.5 7.5 51.1 -5.8 -10.9 -61.3
1946 PR -30.5 3.5 47.1 0.8 -3.8 -54.7
1947 Relax -34.5 -0.5 43.1 7.8 3.1 -48.6
1955 Life -31.7 3.0 44.8 3.8 -0.9 -52.6
1962 Fnatic.eu -29.4 5.4 47.2 -0.2 -4.9 -56.6
1966 Speed -26.6 8.7 50.9 -4.2 -8.9 -60.6
1968 Denial -24.3 11.3 53.8 -8.2 -12.9 -64.6
1969 hehe -21.4 14.7 57.5 -12.2 -16.9 -68.6
1974 bvd.dotA -25.4 10.7 53.5 -7.0 -12.0 -65.3
1976 Relax -29.4 6.7 49.5 -1.8 -7.2 -58.3
1977 Empire -33.4 2.7 45.5 3.1 -2.3 -53.8
1978 eHug -30.5 6.1 47.0 -0.9 -6.3 -57.8
1979 Empire -28.2 8.9 50.1 -4.9 -10.3 -61.8
1980 Empire -24.8 13.1 54.6 -8.9 -14.3 -65.8
1986 eHug -28.8 9.1 50.6 -2.8 -8.2 -59.9
1987 Empire -32.8 5.1 46.6 3.5 -2.7 -51.9
1993 Liquid -29.7 8.5 50.3 -0.5 -6.7 -55.9
1994 Fnatic.eu -33.7 4.5 46.3 4.0 -2.7 -52.0
2000 UG -37.7 0.5 42.3 9.1 2.2 -46.6
2002 Swage -34.8 3.6 43.9 5.1 -1.8 -50.6
2004 Empire -31.9 6.5 47.3 1.1 -5.8 -54.6
2006 Empire -35.9 2.5 43.3 5.2 -1.8 -48.6
2011 PR -39.9 -1.5 39.3 10.8 2.9 -44.1
2013 Empire -37.6 0.8 41.6 6.8 -1.1 -48.1
2025 D4D -34.5 4.0 43.9 2.8 -5.1 -52.1
2030 Empire -31.0 7.4 47.4 -1.2 -9.1 -56.1
2031 Sigma.int -35.0 3.4 43.4 5.2 -2.6 -49.5
2033 eHug -39.0 -0.6 39.4 11.7 4.1 -42.9
2036 Zephyr -36.0 2.7 42.9 7.7 0.1 -46.9
2038 SADBOYS -31.9 6.9 46.2 3.7 -3.9 -50.9
2039 Speed -35.9 2.9 42.2 10.1 2.5 -44.4
2046 Empire -32.4 6.4 45.8 6.1 -1.5 -48.4
2057 Aura -30.2 8.8 48.4 2.1 -5.5 -52.4
2060 Fnatic.eu -34.2 4.8 44.4 6.7 -1.3 -48.4
2062 PR -38.2 0.8 40.4 13.2 4.9 -42.5
2069 VP -42.2 -3.2 36.4 19.5 10.7 -36.5
2071 Cloud9 -39.1 0.2 38.5 15.5 6.7 -40.5
2078 Empire -36.6 2.8 40.5 11.5 2.7 -44.5
2084 hehe -40.6 -1.2 36.5 16.1 7.5 -40.0
2085 Next.kz -37.5 1.8 41.2 12.1 3.5 -44.0
2088 SADBOYS -34.4 5.5 43.6 8.1 -0.5 -48.0
2091 Zephyr -31.6 8.4 46.7 4.1 -4.5 -52.0
2092 Empire -35.6 4.4 42.7 8.4 -0.1 -47.7
2096 neXt! -39.6 0.4 38.7 14.2 5.3 -43.3
2101 ZR -36.5 4.0 40.8 10.2 1.3 -47.3
2103 JnRun -40.5 3.37507799486e-14 36.8 14.9 6.1 -42.4
2105 Mongolz -37.0 3.6 39.3 10.9 2.1 -46.4
2106 Panthers -34.5 6.3 42.4 6.9 -1.9 -50.4
2112 DUZA -32.0 8.9 45.0 2.9 -5.9 -54.4
2114 VP -29.3 11.9 48.2 -1.1 -9.9 -58.4
2115 Mongolz -33.3 7.9 44.2 5.3 -3.1 -52.0
2122 4FC -30.0 11.1 47.1 1.3 -7.1 -56.0
2124 neXt! -34.0 7.1 43.1 7.7 -0.2 -48.8
2126 ZR -31.8 9.4 45.2 3.7 -4.2 -52.8
2129 vhoul -29.3 12.1 47.0 -0.3 -8.2 -56.8
2142 MVP.P -25.8 14.9 49.8 -4.3 -12.2 -60.8
2150 VP -29.8 10.9 45.8 0.5 -7.7 -55.7
2151 Insane -33.8 6.9 41.8 5.3 -2.6 -50.4
2154 ZR -37.8 2.9 37.8 11.0 2.9 -45.5
2161 Osiris -41.8 -1.1 33.8 18.8 9.9 -41.6
2164 Puck -45.8 -5.1 29.8 25.1 16.9 -34.8
2166 DUZA -49.8 -9.1 25.8 32.5 23.9 -28.3
2167 Scythe -47.0 -5.9 27.5 28.5 19.9 -32.3
2168 Dignotoss -44.1 -2.3 31.3 24.5 15.9 -36.3
2176 neXt! -48.1 -6.3 27.3 30.9 21.7 -30.8
2179 PR -45.7 -3.7 29.1 26.9 17.7 -34.8
2182 MM -43.0 -0.8 30.7 22.9 13.7 -38.8
2183 4N -47.0 -4.8 26.7 27.8 18.6 -34.1
2184 Swage -51.0 -8.8 22.7 32.4 22.3 -29.0
2186 RRQ -55.0 -12.8 18.7 38.1 27.3 -21.2
2189 Dignotoss -59.0 -16.8 14.7 42.9 31.9 -15.2
2191 Orange -56.9 -14.7 16.8 38.9 27.9 -19.2
2192 PR -60.9 -18.7 12.8 45.8 34.1 -14.0
2194 Zephyr -58.2 -15.9 15.1 41.8 30.1 -18.0
2196 Dog -62.2 -19.9 11.1 45.5 34.9 -12.7
2202 neXt! -59.8 -17.4 13.4 41.5 30.9 -16.7
2203 BIP -57.2 -14.4 15.1 37.5 26.9 -20.7
2206 Mski -57.2 -14.4 15.1 37.5 26.9 -20.7
2207 PR -61.2 -18.4 11.1 42.0 31.5 -16.4
2209 DT.NGC -65.2 -22.4 7.1 47.3 36.6 -12.1
2219 rox.KIS -69.2 -26.4 3.1 52.7 41.8 -7.0
2223 Sigma.int -65.4 -22.7 7.0 48.7 37.8 -11.0
2225 Empire -69.4 -26.7 3.0 54.4 45.2 -3.3
2230 Orange -67.2 -24.6 5.2 50.4 41.2 -7.3
2232 Relax -63.5 -21.6 8.0 46.4 37.2 -11.3
2233 CIS -60.8 -18.6 10.7 42.4 33.2 -15.3
2234 5inQ -58.2 -16.5 12.9 38.4 29.2 -19.3
2245 MYM -55.4 -13.5 16.2 34.4 25.2 -23.3
2246 Execration -51.5 -9.6 19.1 30.4 21.2 -27.3
2247 Cloud9 -48.3 -5.9 21.1 26.4 17.2 -31.3
2250 Execration -52.3 -9.9 17.1 31.3 22.2 -26.8
2254 Fnatic.eu -49.4 -6.9 20.3 27.3 18.2 -30.8
2255 rox.KIS -46.9 -4.5 22.7 23.3 14.2 -34.8
2259 VG -44.2 -1.7 24.5 19.3 10.2 -38.8
2263 Cloud9 -42.0 0.9 27.4 15.3 6.2 -42.8
2272 Arrow -39.0 4.5 31.4 11.3 2.2 -46.8
2281 Titan -36.4 6.6 33.4 7.3 -1.8 -50.8
2286 Cloud9 -33.7 9.2 36.9 3.3 -5.8 -54.8
2287 VG -37.7 5.2 32.9 8.9 -0.2 -51.1
2291 Na'Vi -35.3 7.6 36.0 4.9 -4.2 -55.1
