0 0 0.0 0.0 0.0 0.0 0.0 0.0
14 Alliance -4.0 -4.0 -4.0 4.7 4.7 4.1
15 Fnatic -0.5 -0.5 -1.5 0.7 0.7 0.1
16 Empire -4.5 -4.5 -5.5 5.3 5.6 5.1
17 Turtle -1.9 -2.0 -2.7 1.3 1.6 1.1
22 Dignitas 1.6 1.4 0.9 -2.7 -2.4 -2.9
33 Dignitas -2.4 -2.6 -3.1 1.5 1.3 1.5
36 Next.kz -2.4 -2.6 -3.1 1.5 1.3 1.5
37 mouz -6.4 -6.6 -7.1 6.2 5.3 5.8
39 VP -10.4 -10.6 -11.1 12.1 11.4 11.3
42 Liquid -14.4 -14.6 -15.1 17.8 17.0 16.2
46 GU.pe -10.9 -10.8 -11.1 13.8 13.0 12.2
47 VP -14.9 -14.8 -15.1 18.5 17.5 16.0
52 Fnatic.eu -18.9 -18.8 -19.1 22.6 21.8 20.3
54 4FC -16.3 -15.6 -15.6 18.6 17.8 16.3
55 mouz -12.5 -12.1 -11.8 14.6 13.8 12.3
63 EG -16.5 -16.1 -15.8 20.2 18.7 17.2
64 iM`Bashers -12.6 -12.3 -12.0 16.2 14.7 13.2
65 VnR.Alpha -8.9 -8.8 -8.6 12.2 10.7 9.2
67 Ptd.Bravo -12.9 -12.8 -12.6 16.9 15.9 13.8
69 Dignitas -10.2 -10.0 -9.8 12.9 11.9 9.8
70 Quantic -7.1 -7.2 -6.6 8.9 7.9 5.8
72 Neo.int -11.1 -11.2 -10.6 13.8 13.3 10.7
76 eN.Legs -8.7 -8.0 -7.2 9.8 9.3 6.7
78 Fnatic.eu -12.7 -12.0 -11.2 14.5 13.9 11.3
79 Na'Vi -9.7 -9.0 -8.3 10.5 9.9 7.3
83 s4 -13.7 -13.0 -12.3 14.3 15.1 12.7
84 Liquid -17.7 -17.0 -16.3 18.7 19.7 16.8
85 Fnatic.eu -14.4 -13.7 -12.9 14.7 15.7 12.8
88 Liquid -18.4 -17.7 -16.9 20.4 21.3 18.0
90 VP -22.4 -21.7 -20.9 24.9 25.5 22.7
91 Liquid -19.1 -18.8 -18.1 20.9 21.5 18.7
92 Ptd.Bravo -19.1 -18.8 -18.1 20.9 21.5 18.7
94 Fnatic.eu -15.4 -15.0 -14.2 16.9 17.5 14.7
99 VP -12.7 -12.1 -11.0 12.9 13.5 10.7
101 3D -10.3 -9.1 -7.9 8.9 9.5 6.7
102 Dignitas -14.3 -13.1 -11.9 14.3 15.0 12.3
103 Fnatic.eu -10.5 -9.6 -8.5 10.3 11.0 8.3
105 Liquid -7.8 -6.9 -5.6 6.3 7.0 4.3
107 iM`Bashers -5.6 -4.0 -2.7 2.3 3.0 0.3
114 Fnatic.eu -9.6 -8.0 -6.7 8.3 8.6 6.1
120 Na'Vi -6.2 -4.3 -2.9 4.3 4.6 2.1
122 mouz -2.7 -0.6 0.6 0.3 0.6 -1.9
125 Empire -0.2 2.0 3.4 -3.7 -3.4 -5.9
131 Na'Vi 3.5 5.7 7.5 -7.7 -7.4 -9.9
137 Na'Vi 6.2 8.6 10.3 -11.7 -11.4 -13.9
140 CastersEN 2.2 4.6 6.3 -6.9 -5.8 -8.1
141 mouz 4.6 7.2 9.0 -10.9 -9.8 -12.1
142 Alliance 0.6 3.2 5.0 -5.7 -5.0 -7.4
144 mouz -3.4 -0.8 1.0 -0.3 2.6645352591e-15 -2.5
145 Alliance -0.2 2.5 4.2 -4.3 -4.0 -6.5
146 Liquid 2.2 5.0 7.0 -8.3 -8.0 -10.5
147 4FC -1.8 1.0 3.0 -2.8 -2.5 -4.8
148 Empire 0.9 3.9 6.1 -6.8 -6.5 -8.8
150 Fnatic.eu 0.9 3.9 6.1 -6.8 -6.5 -8.8
152 Alliance 3.9 7.1 9.3 -10.8 -10.5 -12.8
158 WH?Dota2 3.9 7.1 9.3 -10.8 -10.5 -12.8
161 Empire -0.1 3.1 5.3 -5.2 -5.0 -7.4
163 Lounge 2.5 5.8 8.2 -9.2 -9.0 -11.4
176 Alliance 4.9 8.7 11.3 -13.2 -13.0 -15.4
178 Dignitas 7.5 12.0 14.7 -17.2 -17.0 -19.4
182 Empire 9.9 14.7 17.6 -21.2 -21.0 -23.4
184 WH?Dota2 13.1 18.2 21.1 -25.2 -25.0 -27.4
188 LGD.cn 9.1 14.2 17.1 -20.2 -19.7 -22.1
190 Alliance 5.1 10.2 13.1 -14.4 -14.2 -16.6
191 Liquid 1.1 6.2 9.1 -9.3 -8.7 -11.2
192 VP -2.9 2.2 5.1 -4.5 -4.4 -7.1
193 VP -6.9 -1.8 1.1 1.0 0.9 -2.0
199 Dignitas -10.9 -5.8 -2.9 6.1 6.0 3.1
200 VP -7.1 -2.2 0.7 2.1 2.0 -0.9
201 Orange -4.1 1.1 4.2 -1.9 -2.0 -4.9
202 Alliance -1.5 3.8 7.0 -5.9 -6.0 -8.9
203 Alliance 1.8 7.2 10.5 -9.9 -10.0 -12.9
204 Fnatic.eu -2.2 3.2 6.5 -5.7 -5.6 -8.5
205 Fnatic.eu -6.2 -0.8 2.5 0.1 0.2 -2.8
210 LGD.cn -3.3 1.8 5.1 -3.9 -3.8 -6.8
211 Liquid -0.7 4.8 8.3 -7.9 -7.8 -10.8
214 Dignitas 2.9 8.7 12.2 -11.9 -11.8 -14.8
217 DK 6.3 11.6 15.0 -15.9 -15.8 -18.8
222 Dignitas 6.3 11.6 15.0 -15.9 -15.8 -18.8
232 Alliance 9.0 14.5 18.1 -19.9 -19.8 -22.8
238 rox.KIS 11.6 17.2 21.0 -23.9 -23.8 -26.8
243 Alliance 14.0 19.8 23.8 -27.9 -27.8 -30.8
247 Dignitas 16.7 23.2 27.4 -31.9 -31.8 -34.8
249 Fnatic.eu 19.7 26.0 30.3 -35.9 -35.8 -38.8
252 VP 15.7 22.0 26.3 -29.1 -29.9 -33.3
257 Liquid 19.0 25.5 29.9 -33.1 -33.9 -37.3
259 Liquid 22.1 28.8 33.4 -37.1 -37.9 -41.3
263 Prodota.ru 18.1 24.8 29.4 -33.1 -33.8 -37.3
264 Lounge 14.1 20.8 25.4 -27.5 -28.4 -32.0
265 Lounge 14.1 20.8 25.4 -27.5 -28.4 -32.0
267 mouz 17.5 24.6 29.3 -31.5 -32.4 -36.0
269 EG 13.5 20.6 25.3 -25.4 -26.8 -30.6
285 rox.KIS 16.5 23.8 28.7 -29.4 -30.8 -34.6
295 Quantic 12.5 19.8 24.7 -24.5 -25.3 -29.1
296 Quantic 15.4 22.9 27.9 -28.5 -29.3 -33.1
303 QPandas 11.4 18.9 23.9 -22.3 -23.6 -27.9
308 Quantic 7.4 14.9 19.9 -16.5 -18.6 -23.2
311 Quantic 3.4 10.9 15.9 -12.4 -13.9 -18.5
312 mouz -0.6 6.9 11.9 -6.8 -8.4 -12.9
318 mouz 2.3 10.1 15.2 -10.8 -12.4 -16.9
320 EG -1.7 6.1 11.2 -6.3 -7.8 -12.5
323 TongFu -5.7 2.1 7.2 -0.8 -2.3 -7.0
325 RS -3.2 5.0 10.2 -4.8 -6.3 -11.0
328 4FC -7.2 1.0 6.2 1.5 -0.2 -5.2
329 RAT -4.1 4.8 10.1 -2.5 -4.2 -9.2
332 RStars -1.5 7.9 13.7 -6.5 -8.2 -13.2
335 VP -5.5 3.9 9.7 -1.7 -3.9 -8.8
336 MiTH -2.6 7.2 13.4 -5.7 -7.9 -12.8
339 RStars -0.3 10.3 16.6 -9.7 -11.9 -16.8
342 Alliance 2.5 12.8 19.2 -13.7 -15.9 -20.8
343 Orange -1.5 8.8 15.2 -10.0 -11.8 -16.4
349 Quantic 1.5 12.1 18.9 -14.0 -15.8 -20.4
354 Alliance 5.3 15.7 22.5 -18.0 -19.8 -24.4
359 DK 1.3 11.7 18.5 -13.8 -15.2 -19.7
361 Orange -2.7 7.7 14.5 -9.1 -10.8 -15.4
370 iCCup -0.4 10.4 17.5 -13.1 -14.8 -19.4
374 Dignitas -4.4 6.4 13.5 -7.6 -9.4 -14.5
380 4FC -1.7 9.4 16.7 -11.6 -13.4 -18.5
381 RS 1.3 12.5 19.9 -15.6 -17.4 -22.5
385 Alliance 3.6 15.5 23.5 -19.6 -21.4 -26.5
386 TM 6.6 19.1 27.3 -23.6 -25.4 -30.5
391 mouz 10.4 22.5 30.7 -27.6 -29.4 -34.5
395 LGD.cn 13.7 25.7 34.0 -31.6 -33.4 -38.5
400 VP 9.7 21.7 30.0 -27.3 -28.6 -33.8
405 mouz 5.7 17.7 26.0 -22.7 -23.7 -28.9
411 Quantic 1.7 13.7 22.0 -17.3 -18.7 -24.2
420 Na'Vi -2.3 9.7 18.0 -10.3 -13.3 -19.3
422 Liquid -6.3 5.7 14.0 -5.7 -8.7 -14.9
423 Quantic -3.7 8.3 16.8 -9.7 -12.7 -18.9
434 EG -0.2 11.8 20.2 -13.7 -16.7 -22.9
436 EG 3.2 15.1 23.5 -17.7 -20.7 -26.9
454 Kaipi -0.8 11.1 19.5 -11.1 -15.1 -21.8
455 EG 2.0 14.1 22.5 -15.1 -19.1 -25.8
456 Fnatic.eu -2.0 10.1 18.5 -9.1 -13.0 -20.1
458 EG -6.0 6.1 14.5 -4.5 -8.1 -15.6
460 Kaipi -10.0 2.1 10.5 1.9 -2.3 -10.1
463 VP -7.3 4.6 13.2 -2.1 -6.3 -14.1
470 mouz -4.6 7.3 16.1 -6.1 -10.3 -18.1
477 mouz -1.9 10.3 19.2 -10.1 -14.3 -22.1
478 rox.KIS 1.6 13.3 22.3 -14.1 -18.3 -26.1
490 paiN.int 4.3 16.4 25.7 -18.1 -22.3 -30.1
497 DK 0.3 12.4 21.7 -12.6 -17.1 -25.1
509 Keita 3.3 14.8 24.0 -16.6 -21.1 -29.1
510 Fnatic.eu -0.7 10.8 20.0 -11.7 -16.4 -24.9
516 Quantic 2.8 14.6 24.1 -15.7 -20.4 -28.9
530 Orange 6.0 18.6 28.4 -19.7 -24.4 -32.9
534 EG 8.8 21.4 31.1 -23.7 -28.4 -36.9
539 Quantic 12.2 24.7 34.5 -27.7 -32.4 -40.9
548 Liquid 15.3 27.8 37.8 -31.7 -36.4 -44.9
556 Fnatic.eu 11.3 23.8 33.8 -26.8 -32.1 -40.9
559 mouz 14.7 27.5 37.7 -30.8 -36.1 -44.9
561 Orange 10.7 23.5 33.7 -26.2 -30.8 -39.6
563 iG 14.0 27.3 37.7 -30.2 -34.8 -43.6
565 Dignitas 10.0 23.3 33.7 -25.2 -30.3 -39.5
567 mouz 13.0 26.5 37.1 -29.2 -34.3 -43.5
568 Liquid 15.7 29.1 39.8 -33.2 -38.3 -47.5
570 VP 11.7 25.1 35.8 -29.2 -34.2 -43.3
575 TongFu 7.7 21.1 31.8 -23.7 -28.9 -38.3
579 Alliance 10.4 23.9 34.8 -27.7 -32.9 -42.3
581 LGD.cn 12.8 26.7 37.9 -31.7 -36.9 -46.3
583 iCCup 8.8 22.7 33.9 -27.3 -32.5 -42.2
586 EG 4.8 18.7 29.9 -22.7 -27.7 -37.5
591 LGD.cn 7.5 21.6 32.9 -26.7 -31.7 -41.5
594 mouz 10.7 24.9 36.4 -30.7 -35.7 -45.5
596 mouz 13.5 27.9 39.3 -34.7 -39.7 -49.5
599 Na'Vi 17.0 30.9 42.2 -38.7 -43.7 -53.5
610 LGD.cn 20.8 34.2 45.5 -42.7 -47.7 -57.5
612 Na'Vi 24.0 37.1 48.3 -46.7 -51.7 -61.5
613 Fnatic.eu 26.8 39.9 51.1 -50.7 -55.7 -65.5
614 EG 30.3 43.3 54.7 -54.7 -59.7 -69.5
619 iG 26.3 39.3 50.7 -49.4 -54.6 -64.5
620 DK 22.3 35.3 46.7 -44.8 -49.0 -58.4
625 TongFu 18.3 31.3 42.7 -39.1 -43.9 -53.7
633 Liquid 21.9 34.9 46.5 -43.1 -47.9 -57.7
634 Na'Vi 24.8 37.7 49.3 -47.1 -51.9 -61.7
638 Na'Vi 27.5 40.3 52.0 -51.1 -55.9 -65.7
639 4FC 30.8 43.1 54.8 -55.1 -59.9 -69.7
649 Fnatic.eu 34.2 46.5 58.4 -59.1 -63.9 -73.7
650 Fnatic.eu 30.2 42.5 54.4 -54.7 -59.3 -69.0
652 DK 26.2 38.5 50.4 -48.8 -53.7 -63.6
661 iG 22.2 34.5 46.4 -43.3 -48.7 -58.9
663 RS 18.2 30.5 42.4 -38.8 -43.8 -54.5
665 Orange 20.6 33.1 45.4 -42.8 -47.8 -58.5
666 LGD.cn 22.9 35.8 48.3 -46.8 -51.8 -62.5
669 iNfernity 25.2 38.4 51.5 -50.8 -55.8 -66.5
673 LGD.cn 28.2 41.7 55.0 -54.8 -59.8 -70.5
681 Quantic 24.2 37.7 51.0 -48.1 -53.9 -65.1
682 mouz 20.2 33.7 47.0 -41.8 -48.0 -59.8
683 rox.KIS 16.2 29.7 43.0 -35.4 -42.3 -54.6
684 VP 20.0 33.3 46.8 -39.4 -46.3 -58.6
685 mouz 22.6 36.3 50.1 -43.4 -50.3 -62.6
687 VP 18.6 32.3 46.1 -37.8 -45.1 -57.5
689 Kaipi 14.6 28.3 42.1 -33.5 -41.0 -53.3
701 VG 10.6 24.3 38.1 -27.4 -34.8 -47.5
706 RS 6.6 20.3 34.1 -21.9 -29.5 -42.3
709 Kaipi 9.6 23.4 37.4 -25.9 -33.5 -46.3
710 VP 12.8 26.5 40.6 -29.9 -37.5 -50.3
711 mouz 15.5 29.7 44.0 -33.9 -41.5 -54.3
714 Dreamz 18.4 32.4 46.9 -37.9 -45.5 -58.3
717 mouz 21.3 35.4 50.0 -41.9 -49.5 -62.3
724 Kaipi 24.8 39.1 53.8 -45.9 -53.5 -66.3
734 TongFu 27.8 42.4 57.2 -49.9 -57.5 -70.3
735 Dignitas 31.2 45.5 60.2 -53.9 -61.5 -74.3
743 Fnatic.eu 34.8 48.6 63.3 -57.9 -65.5 -78.3
744 Alliance 37.3 51.2 66.1 -61.9 -69.5 -82.3
750 Orange 39.9 54.3 69.3 -65.9 -73.5 -86.3
756 Dignitas 35.9 50.3 65.3 -60.5 -68.7 -81.8
772 DK 31.9 46.3 61.3 -55.0 -62.8 -76.4
775 Liquid 34.8 49.2 64.3 -59.0 -66.8 -80.4
782 iG 37.3 51.9 67.2 -63.0 -70.8 -84.4
787 TongFu 40.5 55.8 71.3 -67.0 -74.8 -88.4
789 LGD.int 36.5 51.8 67.3 -62.6 -70.2 -84.0
790 AllStarsA 32.5 47.8 63.3 -57.9 -64.9 -79.0
794 DK 28.5 43.8 59.3 -53.7 -60.4 -74.7
801 Orange 31.2 46.8 62.5 -57.7 -64.4 -78.7
804 TongFu 34.6 50.7 66.5 -61.7 -68.4 -82.7
805 Alliance 38.0 54.7 70.7 -65.7 -72.4 -86.7
808 Alliance 40.4 57.5 73.6 -69.7 -76.4 -90.7
834 Aspera 44.0 60.9 77.2 -73.7 -80.4 -94.7
835 Poseidon 46.9 63.4 79.6 -77.7 -84.4 -98.7
837 Next.kz 42.9 59.4 75.6 -71.9 -78.1 -92.7
840 TS 46.1 62.6 78.9 -75.9 -82.1 -96.7
846 Next.kz 49.2 65.9 82.3 -79.9 -86.1 -100.7
847 4FC 45.2 61.9 78.3 -75.3 -81.0 -95.4
849 Poseidon 48.5 65.3 82.0 -79.3 -85.0 -99.4
854 Life 44.5 61.3 78.0 -74.7 -79.3 -93.9
863 Next.kz 40.5 57.3 74.0 -70.1 -74.3 -89.2
868 GxGaming 36.5 53.3 70.0 -65.1 -68.5 -83.8
869 SFEC 32.5 49.3 66.0 -59.7 -63.6 -79.3
874 VP 35.8 52.5 69.5 -63.7 -67.6 -83.3
875 Imp 31.8 48.5 65.5 -58.9 -62.8 -78.7
879 Empire 34.6 51.6 68.8 -62.9 -66.8 -82.7
882 rox.KIS 34.6 51.6 68.8 -62.9 -66.8 -82.7
887 MSIEvoGT 30.6 47.6 64.8 -56.5 -61.2 -77.5
890 GL.eu 32.9 50.3 67.7 -60.5 -65.2 -81.5
894 Life 35.4 53.3 71.1 -64.5 -69.2 -85.5
895 Next.kz 38.9 57.0 74.7 -68.5 -73.2 -89.5
904 SAfrica 34.9 53.0 70.7 -63.0 -67.7 -84.3
907 NoLove 38.5 56.8 74.7 -67.0 -71.7 -88.3
910 Empire 34.5 52.8 70.7 -62.9 -67.6 -84.2
912 Kaipi 30.5 48.8 66.7 -58.4 -62.7 -79.5
918 DUZA 26.5 44.8 62.7 -53.2 -58.2 -75.2
924 ONE.dota 29.8 48.3 66.7 -57.2 -62.2 -79.2
928 LGD.cn 25.8 44.3 62.7 -52.6 -57.5 -74.4
929 Dreamz 21.8 40.3 58.7 -47.9 -53.4 -70.4
939 Poseidon 24.6 43.7 62.4 -51.9 -57.4 -74.4
940 Next.kz 20.6 39.7 58.4 -46.5 -52.3 -69.5
942 Quantic 16.6 35.7 54.4 -42.0 -47.1 -64.6
955 DUZA 20.6 39.1 57.7 -46.0 -51.1 -68.6
961 Life 22.8 42.0 61.0 -50.0 -55.1 -72.6
962 iG 26.0 45.4 64.6 -54.0 -59.1 -76.6
966 TongFu 29.5 48.2 67.3 -58.0 -63.1 -80.6
970 Joiker 32.3 51.1 70.4 -62.0 -67.1 -84.6
973 DUZA 28.3 47.1 66.4 -57.1 -61.9 -79.5
974 Fnatic.eu 31.1 49.5 68.9 -61.1 -65.9 -83.5
984 nAra 27.1 45.5 64.9 -55.7 -60.6 -78.8
994 Next.kz 23.1 41.5 60.9 -49.7 -54.9 -73.4
998 Mski 26.2 44.3 63.9 -53.7 -58.9 -77.4
1003 Kaipi 29.4 48.3 68.1 -57.7 -62.9 -81.4
1007 rox.KIS 32.5 51.2 71.2 -61.7 -66.9 -85.4
1011 Imp 28.5 47.2 67.2 -57.7 -62.0 -80.8
1013 Empire 28.5 47.2 67.2 -57.7 -62.0 -80.8
1014 Na'Vi 24.5 43.2 63.2 -52.9 -57.8 -76.8
1026 PBS 27.9 47.2 67.1 -56.9 -61.8 -80.8
1029 rox.KIS 30.5 50.3 70.4 -60.9 -65.8 -84.8
1031 Empire 33.3 53.0 73.2 -64.9 -69.8 -88.8
1033 LGD.cn 36.9 56.5 76.7 -68.9 -73.8 -92.8
1036 4FC 32.9 52.5 72.7 -62.8 -67.8 -87.4
1038 Aspera 28.9 48.5 68.7 -58.3 -63.3 -82.8
1053 Kaipi 24.9 44.5 64.7 -52.7 -57.9 -77.5
1054 TR 28.6 47.9 68.1 -56.7 -61.9 -81.5
1058 UR 24.6 43.9 64.1 -51.8 -57.3 -77.2
1084 Arcanys 20.6 39.9 60.1 -47.4 -51.5 -71.6
1086 MVP 16.6 35.9 56.1 -42.1 -45.9 -66.1
1093 Lowyat 12.6 31.9 52.1 -36.3 -40.1 -60.6
1094 DK 14.9 34.5 55.1 -40.3 -44.1 -64.6
1100 Aspera 18.9 37.4 57.9 -44.3 -48.1 -68.6
1103 FD 18.9 37.4 57.9 -44.3 -48.1 -68.6
1107 Rain 14.9 33.4 53.9 -39.1 -43.3 -64.0
1116 NJ&Kids 10.9 29.4 49.9 -34.0 -37.0 -57.8
1128 TakeFive 14.1 33.8 54.6 -38.0 -41.0 -61.8
1134 PR 10.1 29.8 50.6 -33.7 -37.0 -57.8
1138 CSW 12.8 32.8 53.9 -37.7 -41.0 -61.8
1142 SYF 16.3 36.0 57.0 -41.7 -45.0 -65.8
1150 Speed 18.3 39.2 60.7 -45.7 -49.0 -69.8
1154 Alliance 18.3 39.2 60.7 -45.7 -49.0 -69.8
1166 CSW 21.8 42.1 63.6 -49.7 -53.0 -73.8
1180 Empire 17.8 38.1 59.6 -44.5 -48.5 -69.7
1182 Fnatic.eu 21.7 41.1 62.5 -48.5 -52.5 -73.7
1187 StayFree 17.7 37.1 58.5 -43.6 -47.3 -68.2
1193 Speed 13.7 33.1 54.5 -39.1 -42.2 -63.1
1198 Aspera 16.7 36.0 57.6 -43.1 -46.2 -67.1
1201 Aspera 12.7 32.0 53.6 -38.3 -41.5 -62.8
1211 mouz 8.7 28.0 49.6 -32.6 -36.2 -57.7
1218 CSW 4.7 24.0 45.6 -26.2 -30.4 -52.5
1219 NoX 0.7 20.0 41.6 -21.4 -25.7 -48.1
1229 StayFree -3.3 16.0 37.6 -14.7 -20.1 -43.3
1236 Speed -3.3 16.0 37.6 -14.7 -20.1 -43.3
1246 Liquid -0.7 18.8 40.6 -18.7 -24.1 -47.3
1249 Alliance -4.7 14.8 36.6 -14.7 -20.0 -43.1
1254 Startale -4.7 14.8 36.6 -14.7 -20.0 -43.1
1260 Sigma.int -8.7 10.8 32.6 -10.5 -15.5 -38.7
1271 SYF -6.4 13.4 35.7 -14.5 -19.5 -42.7
1277 Mski -10.4 9.4 31.7 -9.9 -15.7 -39.1
1280 MiTH -10.4 9.4 31.7 -9.9 -15.7 -39.1
1281 Speed -7.6 12.4 34.9 -13.9 -19.7 -43.1
1289 Titan -11.6 8.4 30.9 -8.8 -14.7 -38.2
1290 Lowyat -15.6 4.4 26.9 -2.7 -9.1 -32.8
1291 PR -12.2 7.0 29.6 -6.7 -13.1 -36.8
1295 Fnatic.eu -16.2 3.0 25.6 -1.8 -8.4 -32.4
1298 Titan -13.5 6.0 29.0 -5.8 -12.4 -36.4
1304 Empire -10.1 8.9 31.7 -9.8 -16.4 -40.4
1311 Sleisel -14.1 4.9 27.7 -5.8 -12.1 -36.2
1313 EG -18.1 0.9 23.7 -0.2 -6.2 -30.8
1320 Orange -14.4 3.7 26.3 -4.2 -10.2 -34.8
1349 Alliance -18.4 -0.3 22.3 -0.3 -6.1 -30.4
1350 Fnatic.eu -22.4 -4.3 18.3 5.3 -0.2 -24.4
1358 VP -26.4 -8.3 14.3 11.2 5.4 -19.1
1374 VP -22.9 -4.5 18.0 7.2 1.4 -23.1
1378 Imp -20.1 -1.0 21.7 3.2 -2.6 -27.1
1385 Na'Vi -24.1 -5.0 17.7 9.3 2.6 -22.4
1387 LGD.cn -21.0 -1.8 21.0 5.3 -1.4 -26.4
1392 EG -18.1 1.6 24.4 1.3 -5.4 -30.4
1393 Fnatic.eu -14.8 4.3 27.1 -2.7 -9.4 -34.4
1394 LGD.cn -11.2 8.4 31.0 -6.7 -13.4 -38.4
1395 iG -7.8 11.2 33.9 -10.7 -17.4 -42.4
1398 Alliance -11.8 7.2 29.9 -6.1 -12.8 -37.8
1409 Liquid -15.8 3.2 25.9 -1.1 -7.8 -33.0
1420 FD -12.3 6.1 29.1 -5.1 -11.8 -37.0
1422 EG -16.3 2.1 25.1 -1.1 -7.5 -32.7
1434 MiTH -13.2 4.9 27.9 -5.1 -11.5 -36.7
1435 mouz -9.7 8.0 30.9 -9.1 -15.5 -40.7
1440 Alliance -7.2 10.7 33.9 -13.1 -19.5 -44.7
1444 Fnatic.eu -11.2 6.7 29.9 -8.7 -15.5 -40.8
1453 Liquid -8.8 9.4 32.7 -12.7 -19.5 -44.8
1467 Sigma.int -12.8 5.4 28.7 -7.7 -13.9 -39.3
1469 Alliance -12.8 5.4 28.7 -7.7 -13.9 -39.3
1486 Sigma.int -16.8 1.4 24.7 -3.5 -8.9 -34.2
1491 Fnatic.eu -13.6 4.8 28.4 -7.5 -12.9 -38.2
1493 Sigma.int -17.6 0.8 24.4 -2.6 -7.3 -32.6
1502 DK -14.3 4.8 28.6 -6.6 -11.3 -36.6
1504 Sigma.int -11.3 8.0 31.9 -10.6 -15.3 -40.6
1505 Na'Vi -15.3 4.0 27.9 -6.2 -10.9 -36.5
1509 Speed -11.9 7.6 31.6 -10.2 -14.9 -40.5
1514 Fnatic.eu -15.9 3.6 27.6 -4.3 -9.1 -34.6
1516 DK -19.9 -0.4 23.6 -0.1 -4.0 -29.5
1517 Speed -16.8 2.7 26.8 -4.1 -8.0 -33.5
1519 Orange -13.5 5.3 29.4 -8.1 -12.0 -37.5
1525 mouz -10.7 8.0 32.2 -12.1 -16.0 -41.5
1532 Poseidon -14.7 4.0 28.2 -6.9 -10.7 -36.8
1536 Hearts -11.0 7.1 31.3 -10.9 -14.7 -40.8
1540 Next.kz -8.4 9.8 34.3 -14.9 -18.7 -44.8
1555 Mski -4.7 13.7 38.2 -18.9 -22.7 -48.8
1556 LGD.cn -1.2 17.3 41.9 -22.9 -26.7 -52.8
1558 FD -5.2 13.3 37.9 -17.3 -21.7 -48.1
1559 Na'Vi -5.2 13.3 37.9 -17.3 -21.7 -48.1
1561 Na'Vi -2.5 15.8 40.5 -21.3 -25.7 -52.1
1563 FL 0.5 18.8 43.9 -25.3 -29.7 -56.1
1564 Mski 4.0 21.7 46.8 -29.3 -33.7 -60.1
1565 NSG -3.5527136788e-15 17.7 42.8 -24.6 -27.8 -54.2
1570 SSD -4.0 13.7 38.8 -20.6 -23.3 -49.5
1571 PR -1.2 16.4 41.6 -24.6 -27.3 -53.5
1575 iG -5.2 12.4 37.6 -20.2 -22.9 -49.1
1577 MVP.P -1.9 15.3 40.4 -24.2 -26.9 -53.1
1584 SSD 0.5 18.1 43.3 -28.2 -30.9 -57.1
1588 LGD.cn -3.5 14.1 39.3 -23.9 -25.1 -50.8
1591 VG -7.5 10.1 35.3 -19.8 -20.8 -46.5
1592 VG -3.8 13.8 39.2 -23.8 -24.8 -50.5
1596 Kawai -7.8 9.8 35.2 -19.5 -20.3 -45.8
1601 SSD -4.5 12.7 38.1 -23.5 -24.3 -49.8
1605 VG -2.1 15.6 41.3 -27.5 -28.3 -53.8
1606 CSW -6.1 11.6 37.3 -23.0 -24.6 -49.9
1609 Empire -1.8 15.1 40.7 -27.0 -28.6 -53.9
1610 VP 1.5 18.8 44.6 -31.0 -32.6 -57.9
1615 Speed 4.4 21.6 47.7 -35.0 -36.6 -61.9
1632 Fnatic.eu 0.4 17.6 43.7 -29.3 -30.8 -56.1
1633 Startale 3.9 20.3 46.2 -33.3 -34.8 -60.1
1638 VG 6.9 24.6 50.9 -37.3 -38.8 -64.1
1639 Fnatic.eu 2.9 20.6 46.9 -31.5 -33.0 -58.9
1640 FD 6.0 24.2 50.5 -35.5 -37.0 -62.9
1643 VG 8.4 27.3 53.9 -39.5 -41.0 -66.9
1644 iG 4.4 23.3 49.9 -33.5 -35.5 -61.6
1646 RRQ 0.4 19.3 45.9 -29.2 -30.6 -56.4
1647 MiTH -3.6 15.3 41.9 -23.5 -25.4 -51.9
1649 VP 0.1 19.3 45.8 -27.5 -29.4 -55.9
1659 Alliance -3.9 15.3 41.8 -23.2 -24.7 -51.3
1661 Alliance -1.2 18.1 44.8 -27.2 -28.7 -55.3
1666 Lowyat -5.2 14.1 40.8 -20.5 -23.0 -50.2
1670 MiTH -1.1 17.9 44.1 -24.5 -27.0 -54.2
1671 Neon 2.3 21.2 47.6 -28.5 -31.0 -58.2
1673 rox.KIS 5.1 24.5 51.3 -32.5 -35.0 -62.2
1675 Empire 8.7 28.3 55.2 -36.5 -39.0 -66.2
1680 Mski 12.0 31.2 58.1 -40.5 -43.0 -70.2
1702 DK 15.5 34.6 61.5 -44.5 -47.0 -74.2
1703 DK 11.5 30.6 57.5 -39.2 -42.1 -69.5
1704 Alliance 14.2 33.3 60.4 -43.2 -46.1 -73.5
1715 Poseidon 10.2 29.3 56.4 -37.5 -40.7 -68.2
1715 Poseidon 6.2 25.3 52.4 -33.0 -36.1 -64.2
1716 rox.KIS 8.6 28.0 55.2 -37.0 -40.1 -68.2
1716 rox.KIS 11.2 30.6 58.1 -41.0 -44.1 -72.2
1717 VP 14.9 34.1 61.6 -45.0 -48.1 -76.2
1717 VP 19.2 37.7 65.0 -49.0 -52.1 -80.2
1729 Sigma.int 19.2 37.7 65.0 -49.0 -52.1 -80.2
1734 PR 22.7 41.3 68.7 -53.0 -56.1 -84.2
1737 MiTH 18.7 37.3 64.7 -48.1 -50.0 -78.4
1740 LGD.cn 14.7 33.3 60.7 -41.7 -44.4 -73.6
1741 VP 18.5 37.1 64.4 -45.7 -48.4 -77.6
1748 Idol 14.5 33.1 60.4 -41.4 -43.3 -72.6
1749 FD 10.5 29.1 56.4 -37.1 -38.2 -67.2
1757 iG 14.0 32.7 60.3 -41.1 -42.2 -71.2
1759 FD 17.1 36.2 64.2 -45.1 -46.2 -75.2
1767 rox.KIS 19.8 39.3 67.7 -49.1 -50.2 -79.2
1769 XctN 15.8 35.3 63.7 -44.1 -44.5 -73.7
1775 RRQ 11.8 31.3 59.7 -38.5 -39.6 -69.2
1782 Mski 15.6 34.8 63.2 -42.5 -43.6 -73.2
1789 Na'Vi 18.5 37.5 66.0 -46.5 -47.6 -77.2
1794 Mski 14.5 33.5 62.0 -41.4 -42.0 -71.9
1810 TR 10.5 29.5 58.0 -36.6 -36.8 -66.7
1816 TongFu 6.5 25.5 54.0 -31.0 -31.7 -62.3
1824 Empire 9.7 28.7 57.5 -35.0 -35.7 -66.3
1832 TR 13.1 31.9 60.9 -39.0 -39.7 -70.3
1835 iG 9.1 27.9 56.9 -35.1 -35.5 -65.7
1844 VG 5.1 23.9 52.9 -29.3 -30.5 -61.0
1872 rox.KIS 1.1 19.9 48.9 -24.7 -25.7 -56.3
1873 PBS -2.9 15.9 44.9 -18.4 -19.1 -52.8
1881 LGD.cn 0.4 19.7 46.8 -22.4 -23.1 -56.8
1882 Swage 4.1 23.6 49.5 -26.4 -27.1 -60.8
1888 SMM 7.3 26.5 52.6 -30.4 -31.1 -64.8
1890 LGD.cn 3.3 22.5 48.6 -23.9 -25.2 -59.3
1891 Lowyat -0.7 18.5 44.6 -19.3 -20.6 -54.8
1895 Fnatic.eu -4.7 14.5 40.6 -14.7 -16.7 -46.1
1896 XctN -8.7 10.5 36.6 -9.3 -10.8 -40.6
1897 Idol -12.7 6.5 32.6 -3.4 -4.8 -34.9
1902 Idol -16.7 2.5 28.6 1.3 -0.2 -30.8
1907 EOT -13.8 5.8 30.9 -2.7 -4.2 -34.8
1908 Sigma.int -17.8 1.8 26.9 2.2 1.2 -29.2
1909 Mski -14.7 5.4 29.6 -1.8 -2.8 -33.2
1922 VP -18.7 1.4 25.6 3.1 2.0 -28.8
1932 Empire -18.7 1.4 25.6 3.1 2.0 -28.8
1938 DK -16.2 4.1 28.5 -0.9 -2.0 -32.8
1940 Na'Vi -20.2 0.1 24.5 4.3 2.3 -28.5
1942 VP -16.8 3.0 27.4 0.3 -1.7 -32.5
1955 Life -14.0 6.5 29.1 -3.7 -5.7 -36.5
1966 Speed -11.2 9.8 32.8 -7.7 -9.7 -40.5
1969 hehe -8.3 13.2 36.5 -11.7 -13.7 -44.5
1974 bvd.dotA -12.3 9.2 32.5 -6.5 -8.8 -41.2
1976 Relax -16.3 5.2 28.5 -1.3 -4.0 -34.2
1977 Empire -20.3 1.2 24.5 3.6 0.9 -29.7
1978 eHug -17.4 4.6 26.0 -0.4 -3.1 -33.7
1979 Empire -15.1 7.4 29.1 -4.4 -7.1 -37.7
1980 Empire -11.7 11.6 33.6 -8.4 -11.1 -41.7
1986 eHug -15.7 7.6 29.6 -2.3 -5.0 -35.8
1993 Liquid -12.6 11.0 33.3 -6.3 -9.0 -39.8
1994 Fnatic.eu -16.6 7.0 29.3 -1.8 -5.0 -35.9
2000 UG -20.6 3.0 25.3 3.3 -0.1 -30.5
2004 Empire -17.7 5.9 28.7 -0.7 -4.1 -34.5
2006 Empire -21.7 1.9 24.7 3.4 -0.1 -28.5
2011 PR -25.7 -2.1 20.7 9.0 4.6 -24.0
2025 D4D -22.6 1.1 23.0 5.0 0.6 -28.0
2030 Empire -19.1 4.5 26.5 1.0 -3.4 -32.0
2036 Zephyr -16.1 7.8 30.0 -3.0 -7.4 -36.0
2038 SADBOYS -12.0 12.0 33.3 -7.0 -11.4 -40.0
2046 Empire -8.5 15.5 36.9 -11.0 -15.4 -44.0
2060 Fnatic.eu -12.5 11.5 32.9 -6.4 -11.2 -40.0
2071 Cloud9 -9.4 14.9 35.0 -10.4 -15.2 -44.0
2084 hehe -13.4 10.9 31.0 -5.8 -10.4 -39.5
2085 Next.kz -10.3 13.9 35.7 -9.8 -14.4 -43.5
2088 SADBOYS -7.2 17.6 38.1 -13.8 -18.4 -47.5
2091 Zephyr -4.4 20.5 41.2 -17.8 -22.4 -51.5
2092 Empire -8.4 16.5 37.2 -13.5 -18.0 -47.2
2096 neXt! -12.4 12.5 33.2 -7.7 -12.6 -42.8
2101 ZR -9.3 16.1 35.3 -11.7 -16.6 -46.8
2103 JnRun -13.3 12.1 31.3 -7.0 -11.8 -41.9
2105 Mongolz -9.8 15.7 33.8 -11.0 -15.8 -45.9
2106 Panthers -7.3 18.4 36.9 -15.0 -19.8 -49.9
2114 VP -4.6 21.4 40.1 -19.0 -23.8 -53.9
2122 4FC -1.3 24.6 43.0 -23.0 -27.8 -57.9
2142 MVP.P 2.2 27.4 45.8 -27.0 -31.8 -61.9
2150 VP -1.8 23.4 41.8 -22.2 -27.3 -56.8
2151 Insane -5.8 19.4 37.8 -17.4 -22.2 -51.5
2154 ZR -9.8 15.4 33.8 -11.7 -16.7 -46.6
2168 Dignotoss -6.9 19.0 37.6 -15.7 -20.7 -50.6
2183 4N -10.9 15.0 33.6 -10.8 -15.8 -45.9
2184 Swage -14.9 11.0 29.6 -6.2 -12.1 -40.8
2189 Dignotoss -18.9 7.0 25.6 -1.4 -7.5 -34.8
2196 Dog -22.9 3.0 21.6 2.3 -2.7 -29.5
2206 Mski -22.9 3.0 21.6 2.3 -2.7 -29.5
2207 PR -26.9 -1.0 17.6 6.8 1.9 -25.2
2209 DT.NGC -30.9 -5.0 13.6 12.1 7.0 -20.9
2219 rox.KIS -34.9 -9.0 9.6 17.5 12.2 -15.8
2223 Sigma.int -31.1 -5.3 13.5 13.5 8.2 -19.8
2232 Relax -27.4 -2.3 16.3 9.5 4.2 -23.8
2233 CIS -24.7 0.7 19.0 5.5 0.2 -27.8
2245 MYM -21.9 3.7 22.3 1.5 -3.8 -31.8
2246 Execration -18.0 7.6 25.2 -2.5 -7.8 -35.8
2247 Cloud9 -14.8 11.3 27.2 -6.5 -11.8 -39.8
2250 Execration -18.8 7.3 23.2 -1.6 -6.8 -35.3
2254 Fnatic.eu -15.9 10.3 26.4 -5.6 -10.8 -39.3
2272 Arrow -12.9 13.9 30.4 -9.6 -14.8 -43.3
2286 Cloud9 -10.2 16.5 33.9 -13.6 -18.8 -47.3
2287 VG -14.2 12.5 29.9 -8.0 -13.2 -43.6
