0 0 0.0 0.0 0.0 0.0 0.0 0.0
14 Alliance -4.0 -4.0 -4.0 4.7 4.7 4.1
15 Fnatic -0.5 -0.5 -1.5 0.7 0.7 0.1
16 Empire -4.5 -4.5 -5.5 5.3 5.6 5.1
22 Dignitas -1.0 -1.1 -1.9 1.3 1.6 1.1
33 Dignitas -5.0 -5.1 -5.9 5.5 5.3 5.5
36 Next.kz -5.0 -5.1 -5.9 5.5 5.3 5.5
37 mouz -9.0 -9.1 -9.9 10.2 9.3 9.8
42 Liquid -13.0 -13.1 -13.9 15.9 14.9 14.7
46 GU.pe -9.5 -9.3 -9.9 11.9 10.9 10.7
47 VP -13.5 -13.3 -13.9 16.6 15.4 14.5
52 Fnatic.eu -17.5 -17.3 -17.9 20.7 19.7 18.8
54 4FC -14.9 -14.1 -14.4 16.7 15.7 14.8
55 mouz -11.1 -10.6 -10.6 12.7 11.7 10.8
63 EG -15.1 -14.6 -14.6 18.3 16.6 15.7
64 iM`Bashers -11.2 -10.8 -10.8 14.3 12.6 11.7
65 VnR.Alpha -7.5 -7.3 -7.4 10.3 8.6 7.7
67 Ptd.Bravo -11.5 -11.3 -11.4 15.0 13.8 12.3
70 Quantic -8.4 -8.5 -8.2 11.0 9.8 8.3
72 Neo.int -12.4 -12.5 -12.2 15.9 15.2 13.2
76 eN.Legs -10.0 -9.3 -8.8 11.9 11.2 9.2
78 Fnatic.eu -14.0 -13.3 -12.8 16.6 15.8 13.8
79 Na'Vi -11.0 -10.3 -9.9 12.6 11.8 9.8
83 s4 -15.0 -14.3 -13.9 16.4 17.0 15.2
84 Liquid -19.0 -18.3 -17.9 20.8 21.6 19.3
85 Fnatic.eu -15.7 -15.0 -14.5 16.8 17.6 15.3
88 Liquid -19.7 -19.0 -18.5 22.5 23.2 20.5
90 VP -23.7 -23.0 -22.5 27.0 27.4 25.2
91 Liquid -20.4 -20.1 -19.7 23.0 23.4 21.2
92 Ptd.Bravo -20.4 -20.1 -19.7 23.0 23.4 21.2
94 Fnatic.eu -16.7 -16.3 -15.8 19.0 19.4 17.2
99 VP -14.0 -13.4 -12.6 15.0 15.4 13.2
101 3D -11.6 -10.4 -9.5 11.0 11.4 9.2
102 Dignitas -15.6 -14.4 -13.5 16.4 16.9 14.8
103 Fnatic.eu -11.8 -10.9 -10.1 12.4 12.9 10.8
120 Na'Vi -8.4 -7.2 -6.3 8.4 8.9 6.8
122 mouz -4.9 -3.5 -2.8 4.4 4.9 2.8
131 Na'Vi -1.2 0.2 1.3 0.4 0.9 -1.2
137 Na'Vi 1.5 3.1 4.1 -3.6 -3.1 -5.2
140 CastersEN -2.5 -0.9 0.1 1.2 2.5 0.6
142 Alliance -6.5 -4.9 -3.9 6.4 7.3 5.3
144 mouz -10.5 -8.9 -7.9 11.8 12.3 10.2
145 Alliance -7.3 -5.6 -4.7 7.8 8.3 6.2
147 4FC -11.3 -9.6 -8.7 13.3 13.8 11.9
148 Empire -8.6 -6.7 -5.6 9.3 9.8 7.9
150 Fnatic.eu -8.6 -6.7 -5.6 9.3 9.8 7.9
152 Alliance -5.6 -3.5 -2.4 5.3 5.8 3.9
158 WH?Dota2 -5.6 -3.5 -2.4 5.3 5.8 3.9
161 Empire -9.6 -7.5 -6.4 10.9 11.3 9.3
176 Alliance -7.2 -4.6 -3.3 6.9 7.3 5.3
178 Dignitas -4.6 -1.3 0.1 2.9 3.3 1.3
184 WH?Dota2 -1.4 2.2 3.6 -1.1 -0.7 -2.7
188 LGD.cn -5.4 -1.8 -0.4 3.9 4.6 2.6
190 Alliance -9.4 -5.8 -4.4 9.7 10.1 8.1
191 Liquid -13.4 -9.8 -8.4 14.8 15.6 13.5
192 VP -17.4 -13.8 -12.4 19.6 19.9 17.6
193 VP -21.4 -17.8 -16.4 25.1 25.2 22.7
199 Dignitas -25.4 -21.8 -20.4 30.2 30.3 27.8
200 VP -21.6 -18.2 -16.8 26.2 26.3 23.8
201 Orange -18.6 -14.9 -13.3 22.2 22.3 19.8
203 Alliance -15.3 -11.5 -9.8 18.2 18.3 15.8
204 Fnatic.eu -19.3 -15.5 -13.8 22.4 22.7 20.2
211 Liquid -16.7 -12.5 -10.6 18.4 18.7 16.2
214 Dignitas -13.1 -8.6 -6.7 14.4 14.7 12.2
217 DK -9.7 -5.7 -3.9 10.4 10.7 8.2
222 Dignitas -9.7 -5.7 -3.9 10.4 10.7 8.2
232 Alliance -7.0 -2.8 -0.8 6.4 6.7 4.2
247 Dignitas -4.3 0.6 2.8 2.4 2.7 0.2
249 Fnatic.eu -1.3 3.4 5.7 -1.6 -1.3 -3.8
257 Liquid 2.0 6.9 9.3 -5.6 -5.3 -7.8
259 Liquid 5.1 10.2 12.8 -9.6 -9.3 -11.8
263 Prodota.ru 1.1 6.2 8.8 -5.6 -5.2 -7.8
264 Lounge -2.9 2.2 4.8 -5.3290705182e-15 0.2 -2.5
265 Lounge -2.9 2.2 4.8 -5.3290705182e-15 0.2 -2.5
267 mouz 0.5 6.0 8.7 -4.0 -3.8 -6.5
285 rox.KIS 3.5 9.2 12.1 -8.0 -7.8 -10.5
295 Quantic -0.5 5.2 8.1 -3.1 -2.3 -5.0
296 Quantic 2.4 8.3 11.3 -7.1 -6.3 -9.0
308 Quantic -1.6 4.3 7.3 -1.3 -1.3 -4.3
311 Quantic -5.6 0.3 3.3 2.8 3.4 0.4
312 mouz -9.6 -3.7 -0.7 8.4 8.9 6.0
318 mouz -6.7 -0.5 2.6 4.4 4.9 2.0
320 EG -10.7 -4.5 -1.4 8.9 9.5 6.4
323 TongFu -14.7 -8.5 -5.4 14.4 15.0 11.9
329 RAT -11.6 -4.7 -1.5 10.4 11.0 7.9
332 RStars -9.0 -1.6 2.1 6.4 7.0 3.9
335 VP -13.0 -5.6 -1.9 11.2 11.3 8.3
336 MiTH -10.1 -2.3 1.8 7.2 7.3 4.3
343 Orange -14.1 -6.3 -2.2 10.9 11.4 8.7
349 Quantic -11.1 -3.0 1.5 6.9 7.4 4.7
354 Alliance -7.3 0.6 5.1 2.9 3.4 0.7
359 DK -11.3 -3.4 1.1 7.1 8.0 5.4
361 Orange -15.3 -7.4 -2.9 11.8 12.4 9.7
374 Dignitas -19.3 -11.4 -6.9 17.3 17.8 14.6
380 4FC -16.6 -8.4 -3.7 13.3 13.8 10.6
381 RS -13.6 -5.3 -0.5 9.3 9.8 6.6
385 Alliance -11.3 -2.3 3.1 5.3 5.8 2.6
386 TM -8.3 1.3 6.9 1.3 1.8 -1.4
391 mouz -4.5 4.7 10.3 -2.7 -2.2 -5.4
395 LGD.cn -1.2 7.9 13.6 -6.7 -6.2 -9.4
400 VP -5.2 3.9 9.6 -2.4 -1.4 -4.7
405 mouz -9.2 -0.1 5.6 2.2 3.5 0.2
411 Quantic -13.2 -4.1 1.6 7.6 8.5 4.9
422 Liquid -17.2 -8.1 -2.4 12.2 13.1 9.3
434 EG -13.7 -4.6 1.0 8.2 9.1 5.3
436 EG -10.3 -1.3 4.3 4.2 5.1 1.3
455 EG -7.5 1.7 7.3 0.2 1.1 -2.7
458 EG -11.5 -2.3 3.3 4.8 6.0 1.8
477 mouz -8.8 0.7 6.4 0.8 2.0 -2.2
478 rox.KIS -5.3 3.7 9.5 -3.2 -2.0 -6.2
490 paiN.int -2.6 6.8 12.9 -7.2 -6.0 -10.2
497 DK -6.6 2.8 8.9 -1.7 -0.8 -5.2
510 Fnatic.eu -10.6 -1.2 4.9 3.2 3.9 -1.0
516 Quantic -7.1 2.6 9.0 -0.8 -0.1 -5.0
530 Orange -3.9 6.6 13.3 -4.8 -4.1 -9.0
539 Quantic -0.5 9.9 16.7 -8.8 -8.1 -13.0
548 Liquid 2.6 13.0 20.0 -12.8 -12.1 -17.0
556 Fnatic.eu -1.4 9.0 16.0 -7.9 -7.8 -13.0
559 mouz 2.0 12.7 19.9 -11.9 -11.8 -17.0
561 Orange -2.0 8.7 15.9 -7.3 -6.5 -11.7
563 iG 1.3 12.5 19.9 -11.3 -10.5 -15.7
565 Dignitas -2.7 8.5 15.9 -6.3 -6.0 -11.6
567 mouz 0.3 11.7 19.3 -10.3 -10.0 -15.6
570 VP -3.7 7.7 15.3 -6.3 -5.9 -11.4
575 TongFu -7.7 3.7 11.3 -0.8 -0.6 -6.4
583 iCCup -11.7 -0.3 7.3 3.6 3.8 -2.3
586 EG -15.7 -4.3 3.3 8.2 8.6 2.4
591 LGD.cn -13.0 -1.4 6.3 4.2 4.6 -1.6
594 mouz -9.8 1.9 9.8 0.2 0.6 -5.6
596 mouz -7.0 4.9 12.7 -3.8 -3.4 -9.6
599 Na'Vi -3.5 7.9 15.6 -7.8 -7.4 -13.6
610 LGD.cn 0.3 11.2 18.9 -11.8 -11.4 -17.6
612 Na'Vi 3.5 14.1 21.7 -15.8 -15.4 -21.6
613 Fnatic.eu 6.3 16.9 24.5 -19.8 -19.4 -25.6
614 EG 9.8 20.3 28.1 -23.8 -23.4 -29.6
619 iG 5.8 16.3 24.1 -18.5 -18.3 -24.6
620 DK 1.8 12.3 20.1 -13.9 -12.7 -18.5
625 TongFu -2.2 8.3 16.1 -8.2 -7.6 -13.8
633 Liquid 1.4 11.9 19.9 -12.2 -11.6 -17.8
634 Na'Vi 4.3 14.7 22.7 -16.2 -15.6 -21.8
639 4FC 7.6 17.5 25.5 -20.2 -19.6 -25.8
649 Fnatic.eu 11.0 20.9 29.1 -24.2 -23.6 -29.8
650 Fnatic.eu 7.0 16.9 25.1 -19.8 -19.0 -25.1
661 iG 3.0 12.9 21.1 -14.3 -14.0 -20.4
663 RS -1.0 8.9 17.1 -9.8 -9.1 -16.0
673 LGD.cn 2.0 12.2 20.6 -13.8 -13.1 -20.0
684 VP 5.8 15.8 24.4 -17.8 -17.1 -24.0
685 mouz 8.4 18.8 27.7 -21.8 -21.1 -28.0
687 VP 4.4 14.8 23.7 -16.2 -15.9 -22.9
689 Kaipi 0.4 10.8 19.7 -11.9 -11.8 -18.7
706 RS -3.6 6.8 15.7 -6.4 -6.5 -13.5
709 Kaipi -0.6 9.9 19.0 -10.4 -10.5 -17.5
710 VP 2.6 13.0 22.2 -14.4 -14.5 -21.5
711 mouz 5.3 16.2 25.6 -18.4 -18.5 -25.5
714 Dreamz 8.2 18.9 28.5 -22.4 -22.5 -29.5
717 mouz 11.1 21.9 31.6 -26.4 -26.5 -33.5
724 Kaipi 14.6 25.6 35.4 -30.4 -30.5 -37.5
734 TongFu 17.6 28.9 38.8 -34.4 -34.5 -41.5
735 Dignitas 21.0 32.0 41.8 -38.4 -38.5 -45.5
743 Fnatic.eu 24.6 35.1 44.9 -42.4 -42.5 -49.5
750 Orange 27.2 38.2 48.1 -46.4 -46.5 -53.5
756 Dignitas 23.2 34.2 44.1 -41.0 -41.7 -49.0
775 Liquid 26.1 37.1 47.1 -45.0 -45.7 -53.0
787 TongFu 29.3 41.0 51.2 -49.0 -49.7 -57.0
789 LGD.int 25.3 37.0 47.2 -44.6 -45.1 -52.6
790 AllStarsA 21.3 33.0 43.2 -39.9 -39.8 -47.6
794 DK 17.3 29.0 39.2 -35.7 -35.3 -43.3
801 Orange 20.0 32.0 42.4 -39.7 -39.3 -47.3
804 TongFu 23.4 35.9 46.4 -43.7 -43.3 -51.3
805 Alliance 26.8 39.9 50.6 -47.7 -47.3 -55.3
834 Aspera 30.4 43.3 54.2 -51.7 -51.3 -59.3
840 TS 33.6 46.5 57.5 -55.7 -55.3 -63.3
846 Next.kz 36.7 49.8 60.9 -59.7 -59.3 -67.3
847 4FC 32.7 45.8 56.9 -55.1 -54.2 -62.0
849 Poseidon 36.0 49.2 60.6 -59.1 -58.2 -66.0
854 Life 32.0 45.2 56.6 -54.5 -52.5 -60.5
863 Next.kz 28.0 41.2 52.6 -49.9 -47.5 -55.8
868 GxGaming 24.0 37.2 48.6 -44.9 -41.7 -50.4
869 SFEC 20.0 33.2 44.6 -39.5 -36.8 -45.9
874 VP 23.3 36.4 48.1 -43.5 -40.8 -49.9
875 Imp 19.3 32.4 44.1 -38.7 -36.0 -45.3
879 Empire 22.1 35.5 47.4 -42.7 -40.0 -49.3
882 rox.KIS 22.1 35.5 47.4 -42.7 -40.0 -49.3
894 Life 24.6 38.5 50.8 -46.7 -44.0 -53.3
895 Next.kz 28.1 42.2 54.4 -50.7 -48.0 -57.3
904 SAfrica 24.1 38.2 50.4 -45.2 -42.5 -52.1
907 NoLove 27.7 42.0 54.4 -49.2 -46.5 -56.1
910 Empire 23.7 38.0 50.4 -45.1 -42.4 -52.0
912 Kaipi 19.7 34.0 46.4 -40.6 -37.5 -47.3
918 DUZA 15.7 30.0 42.4 -35.4 -33.0 -43.0
924 ONE.dota 19.0 33.5 46.4 -39.4 -37.0 -47.0
928 LGD.cn 15.0 29.5 42.4 -34.8 -32.3 -42.2
929 Dreamz 11.0 25.5 38.4 -30.1 -28.2 -38.2
939 Poseidon 13.8 28.9 42.1 -34.1 -32.2 -42.2
940 Next.kz 9.8 24.9 38.1 -28.7 -27.1 -37.3
942 Quantic 5.8 20.9 34.1 -24.2 -21.9 -32.4
955 DUZA 9.8 24.3 37.4 -28.2 -25.9 -36.4
962 iG 13.0 27.7 41.0 -32.2 -29.9 -40.4
966 TongFu 16.5 30.5 43.7 -36.2 -33.9 -44.4
970 Joiker 19.3 33.4 46.8 -40.2 -37.9 -48.4
973 DUZA 15.3 29.4 42.8 -35.3 -32.7 -43.3
984 nAra 11.3 25.4 38.8 -29.9 -27.4 -38.6
998 Mski 14.4 28.2 41.8 -33.9 -31.4 -42.6
1003 Kaipi 17.6 32.2 46.0 -37.9 -35.4 -46.6
1007 rox.KIS 20.7 35.1 49.1 -41.9 -39.4 -50.6
1011 Imp 16.7 31.1 45.1 -37.9 -34.5 -46.0
1013 Empire 16.7 31.1 45.1 -37.9 -34.5 -46.0
1014 Na'Vi 12.7 27.1 41.1 -33.1 -30.3 -42.0
1026 PBS 16.1 31.1 45.0 -37.1 -34.3 -46.0
1029 rox.KIS 18.7 34.2 48.3 -41.1 -38.3 -50.0
1033 LGD.cn 22.3 37.7 51.8 -45.1 -42.3 -54.0
1038 Aspera 18.3 33.7 47.8 -40.6 -37.8 -49.4
1053 Kaipi 14.3 29.7 43.8 -35.0 -32.4 -44.1
1054 TR 18.0 33.1 47.2 -39.0 -36.4 -48.1
1058 UR 14.0 29.1 43.2 -34.1 -31.8 -43.8
1084 Arcanys 10.0 25.1 39.2 -29.7 -26.0 -38.2
1086 MVP 6.0 21.1 35.2 -24.4 -20.4 -32.7
1100 Aspera 10.0 24.0 38.0 -28.4 -24.4 -36.7
1103 FD 10.0 24.0 38.0 -28.4 -24.4 -36.7
1107 Rain 6.0 20.0 34.0 -23.2 -19.6 -32.1
1128 TakeFive 9.2 24.4 38.7 -27.2 -23.6 -36.1
1134 PR 5.2 20.4 34.7 -22.9 -19.6 -32.1
1138 CSW 7.9 23.4 38.0 -26.9 -23.6 -36.1
1142 SYF 11.4 26.6 41.1 -30.9 -27.6 -40.1
1154 Alliance 11.4 26.6 41.1 -30.9 -27.6 -40.1
1166 CSW 14.9 29.5 44.0 -34.9 -31.6 -44.1
1180 Empire 10.9 25.5 40.0 -29.7 -27.1 -40.0
1182 Fnatic.eu 14.8 28.5 42.9 -33.7 -31.1 -44.0
1187 StayFree 10.8 24.5 38.9 -28.8 -25.9 -38.5
1193 Speed 6.8 20.5 34.9 -24.3 -20.8 -33.4
1198 Aspera 9.8 23.4 38.0 -28.3 -24.8 -37.4
1201 Aspera 5.8 19.4 34.0 -23.5 -20.1 -33.1
1211 mouz 1.8 15.4 30.0 -17.8 -14.8 -28.0
1219 NoX -2.2 11.4 26.0 -13.0 -10.1 -23.6
1236 Speed -2.2 11.4 26.0 -13.0 -10.1 -23.6
1249 Alliance -6.2 7.4 22.0 -9.0 -6.0 -19.4
1254 Startale -6.2 7.4 22.0 -9.0 -6.0 -19.4
1260 Sigma.int -10.2 3.4 18.0 -4.8 -1.5 -15.0
1277 Mski -14.2 -0.6 14.0 -0.2 2.3 -11.4
1280 MiTH -14.2 -0.6 14.0 -0.2 2.3 -11.4
1281 Speed -11.4 2.4 17.2 -4.2 -1.7 -15.4
1289 Titan -15.4 -1.6 13.2 0.9 3.3 -10.5
1291 PR -12.0 1.0 15.9 -3.1 -0.7 -14.5
1295 Fnatic.eu -16.0 -3.0 11.9 1.8 4.0 -10.1
1298 Titan -13.3 -1.90958360236e-14 15.3 -2.2 -1.24344978758e-14 -14.1
1304 Empire -9.9 2.9 18.0 -6.2 -4.0 -18.1
1311 Sleisel -13.9 -1.1 14.0 -2.2 0.3 -13.9
1313 EG -17.9 -5.1 10.0 3.4 6.2 -8.5
1320 Orange -14.2 -2.3 12.6 -0.6 2.2 -12.5
1349 Alliance -18.2 -6.3 8.6 3.3 6.3 -8.1
1374 VP -14.7 -2.5 12.3 -0.7 2.3 -12.1
1378 Imp -11.9 1.0 16.0 -4.7 -1.7 -16.1
1385 Na'Vi -15.9 -3.0 12.0 1.4 3.5 -11.4
1387 LGD.cn -12.8 0.2 15.3 -2.6 -0.5 -15.4
1392 EG -9.9 3.6 18.7 -6.6 -4.5 -19.4
1393 Fnatic.eu -6.6 6.3 21.4 -10.6 -8.5 -23.4
1394 LGD.cn -3.0 10.4 25.3 -14.6 -12.5 -27.4
1395 iG 0.4 13.2 28.2 -18.6 -16.5 -31.4
1398 Alliance -3.6 9.2 24.2 -14.0 -11.9 -26.8
1409 Liquid -7.6 5.2 20.2 -9.0 -6.9 -22.0
1420 FD -4.1 8.1 23.4 -13.0 -10.9 -26.0
1422 EG -8.1 4.1 19.4 -9.0 -6.6 -21.7
1434 MiTH -5.0 6.9 22.2 -13.0 -10.6 -25.7
1435 mouz -1.5 10.0 25.2 -17.0 -14.6 -29.7
1444 Fnatic.eu -5.5 6.0 21.2 -12.6 -10.6 -25.8
1467 Sigma.int -9.5 2.0 17.2 -7.6 -5.0 -20.3
1469 Alliance -9.5 2.0 17.2 -7.6 -5.0 -20.3
1486 Sigma.int -13.5 -2.0 13.2 -3.4 -1.59872115546e-14 -15.2
1491 Fnatic.eu -10.3 1.4 16.9 -7.4 -4.0 -19.2
1493 Sigma.int -14.3 -2.6 12.9 -2.5 1.6 -13.6
1502 DK -11.0 1.4 17.1 -6.5 -2.4 -17.6
1504 Sigma.int -8.0 4.6 20.4 -10.5 -6.4 -21.6
1505 Na'Vi -12.0 0.6 16.4 -6.1 -2.0 -17.5
1509 Speed -8.6 4.2 20.1 -10.1 -6.0 -21.5
1516 DK -12.6 0.2 16.1 -5.9 -0.9 -16.4
1517 Speed -9.5 3.3 19.3 -9.9 -4.9 -20.4
1519 Orange -6.2 5.9 21.9 -13.9 -8.9 -24.4
1532 Poseidon -10.2 1.9 17.9 -8.7 -3.6 -19.7
1536 Hearts -6.5 5.0 21.0 -12.7 -7.6 -23.7
1555 Mski -2.8 8.9 24.9 -16.7 -11.6 -27.7
1556 LGD.cn 0.7 12.5 28.6 -20.7 -15.6 -31.7
1558 FD -3.3 8.5 24.6 -15.1 -10.6 -27.0
1559 Na'Vi -3.3 8.5 24.6 -15.1 -10.6 -27.0
1563 FL -0.3 11.5 28.0 -19.1 -14.6 -31.0
1564 Mski 3.2 14.4 30.9 -23.1 -18.6 -35.0
1565 NSG -0.8 10.4 26.9 -18.4 -12.7 -29.1
1570 SSD -4.8 6.4 22.9 -14.4 -8.2 -24.4
1575 iG -8.8 2.4 18.9 -10.0 -3.8 -20.0
1577 MVP.P -5.5 5.3 21.7 -14.0 -7.8 -24.0
1588 LGD.cn -9.5 1.3 17.7 -9.7 -2.0 -17.7
1591 VG -13.5 -2.7 13.7 -5.6 2.3 -13.4
1592 VG -9.8 1.0 17.6 -9.6 -1.7 -17.4
1596 Kawai -13.8 -3.0 13.6 -5.3 2.8 -12.7
1601 SSD -10.5 -0.1 16.5 -9.3 -1.2 -16.7
1606 CSW -14.5 -4.1 12.5 -4.8 2.5 -12.8
1609 Empire -10.2 -0.6 15.9 -8.8 -1.5 -16.8
1610 VP -6.9 3.1 19.8 -12.8 -5.5 -20.8
1615 Speed -4.0 5.9 22.9 -16.8 -9.5 -24.8
1633 Startale -0.5 8.6 25.4 -20.8 -13.5 -28.8
1638 VG 2.5 12.9 30.1 -24.8 -17.5 -32.8
1640 FD 5.6 16.5 33.7 -28.8 -21.5 -36.8
1646 RRQ 1.6 12.5 29.7 -24.5 -16.6 -31.6
1647 MiTH -2.4 8.5 25.7 -18.8 -11.4 -27.1
1649 VP 1.3 12.5 29.6 -22.8 -15.4 -31.1
1659 Alliance -2.7 8.5 25.6 -18.5 -10.7 -26.5
1661 Alliance 1.15463194561e-14 11.3 28.6 -22.5 -14.7 -30.5
1670 MiTH 4.1 15.1 31.9 -26.5 -18.7 -34.5
1671 Neon 7.5 18.4 35.4 -30.5 -22.7 -38.5
1673 rox.KIS 10.3 21.7 39.1 -34.5 -26.7 -42.5
1675 Empire 13.9 25.5 43.0 -38.5 -30.7 -46.5
1680 Mski 17.2 28.4 45.9 -42.5 -34.7 -50.5
1702 DK 20.7 31.8 49.3 -46.5 -38.7 -54.5
1703 DK 16.7 27.8 45.3 -41.2 -33.8 -49.8
1715 Poseidon 12.7 23.8 41.3 -35.5 -28.4 -44.5
1715 Poseidon 8.7 19.8 37.3 -31.0 -23.8 -40.5
1717 VP 12.4 23.3 40.8 -35.0 -27.8 -44.5
1717 VP 16.7 26.9 44.2 -39.0 -31.8 -48.5
1729 Sigma.int 16.7 26.9 44.2 -39.0 -31.8 -48.5
1734 PR 20.2 30.5 47.9 -43.0 -35.8 -52.5
1737 MiTH 16.2 26.5 43.9 -38.1 -29.7 -46.7
1741 VP 20.0 30.3 47.6 -42.1 -33.7 -50.7
1748 Idol 16.0 26.3 43.6 -37.8 -28.6 -45.7
1749 FD 12.0 22.3 39.6 -33.5 -23.5 -40.3
1757 iG 15.5 25.9 43.5 -37.5 -27.5 -44.3
1759 FD 18.6 29.4 47.4 -41.5 -31.5 -48.3
1767 rox.KIS 21.3 32.5 50.9 -45.5 -35.5 -52.3
1769 XctN 17.3 28.5 46.9 -40.5 -29.8 -46.8
1775 RRQ 13.3 24.5 42.9 -34.9 -24.9 -42.3
1782 Mski 17.1 28.0 46.4 -38.9 -28.9 -46.3
1794 Mski 13.1 24.0 42.4 -33.8 -23.3 -41.0
1810 TR 9.1 20.0 38.4 -29.0 -18.1 -35.8
1816 TongFu 5.1 16.0 34.4 -23.4 -13.0 -31.4
1824 Empire 8.3 19.2 37.9 -27.4 -17.0 -35.4
1832 TR 11.7 22.4 41.3 -31.4 -21.0 -39.4
1835 iG 7.7 18.4 37.3 -27.5 -16.8 -34.8
1844 VG 3.7 14.4 33.3 -21.7 -11.8 -30.1
1872 rox.KIS -0.3 10.4 29.3 -17.1 -7.0 -25.4
1873 PBS -4.3 6.4 25.3 -10.8 -0.4 -21.9
1881 LGD.cn -1.0 10.2 27.2 -14.8 -4.4 -25.9
1882 Swage 2.7 14.1 29.9 -18.8 -8.4 -29.9
1888 SMM 5.9 17.0 33.0 -22.8 -12.4 -33.9
1891 Lowyat 1.9 13.0 29.0 -18.2 -7.8 -29.4
1896 XctN -2.1 9.0 25.0 -12.8 -1.9 -23.9
1902 Idol -6.1 5.0 21.0 -8.1 2.7 -19.8
1907 EOT -3.2 8.3 23.3 -12.1 -1.3 -23.8
1908 Sigma.int -7.2 4.3 19.3 -7.2 4.1 -18.2
1909 Mski -4.1 7.9 22.0 -11.2 0.1 -22.2
1922 VP -8.1 3.9 18.0 -6.3 4.9 -17.8
1932 Empire -8.1 3.9 18.0 -6.3 4.9 -17.8
1940 Na'Vi -12.1 -0.1 14.0 -1.1 9.2 -13.5
1942 VP -8.7 2.8 16.9 -5.1 5.2 -17.5
1966 Speed -5.9 6.1 20.6 -9.1 1.2 -21.5
1969 hehe -3.0 9.5 24.3 -13.1 -2.8 -25.5
1974 bvd.dotA -7.0 5.5 20.3 -7.9 2.1 -22.2
1976 Relax -11.0 1.5 16.3 -2.7 6.9 -15.2
1977 Empire -15.0 -2.5 12.3 2.2 11.8 -10.7
1980 Empire -11.6 1.7 16.8 -1.8 7.8 -14.7
1993 Liquid -8.5 5.1 20.5 -5.8 3.8 -18.7
1994 Fnatic.eu -12.5 1.1 16.5 -1.3 7.8 -14.8
2000 UG -16.5 -2.9 12.5 3.8 12.7 -9.4
2004 Empire -13.6 -7.54951656745e-15 15.9 -0.2 8.7 -13.4
2006 Empire -17.6 -4.0 11.9 3.9 12.7 -7.4
2011 PR -21.6 -8.0 7.9 9.5 17.4 -2.9
2025 D4D -18.5 -4.8 10.2 5.5 13.4 -6.9
2030 Empire -15.0 -1.4 13.7 1.5 9.4 -10.9
2036 Zephyr -12.0 1.9 17.2 -2.5 5.4 -14.9
2038 SADBOYS -7.9 6.1 20.5 -6.5 1.4 -18.9
2046 Empire -4.4 9.6 24.1 -10.5 -2.6 -22.9
2060 Fnatic.eu -8.4 5.6 20.1 -5.9 1.6 -18.9
2084 hehe -12.4 1.6 16.1 -1.3 6.4 -14.4
2085 Next.kz -9.3 4.6 20.8 -5.3 2.4 -18.4
2088 SADBOYS -6.2 8.3 23.2 -9.3 -1.6 -22.4
2091 Zephyr -3.4 11.2 26.3 -13.3 -5.6 -26.4
2092 Empire -7.4 7.2 22.3 -9.0 -1.2 -22.1
2096 neXt! -11.4 3.2 18.3 -3.2 4.2 -17.7
2101 ZR -8.3 6.8 20.4 -7.2 0.2 -21.7
2103 JnRun -12.3 2.8 16.4 -2.5 5.0 -16.8
2105 Mongolz -8.8 6.4 18.9 -6.5 1.0 -20.8
2114 VP -6.1 9.4 22.1 -10.5 -3.0 -24.8
2122 4FC -2.8 12.6 25.0 -14.5 -7.0 -28.8
2142 MVP.P 0.7 15.4 27.8 -18.5 -11.0 -32.8
2150 VP -3.3 11.4 23.8 -13.7 -6.5 -27.7
2151 Insane -7.3 7.4 19.8 -8.9 -1.4 -22.4
2154 ZR -11.3 3.4 15.8 -3.2 4.1 -17.5
2168 Dignotoss -8.4 7.0 19.6 -7.2 0.1 -21.5
2183 4N -12.4 3.0 15.6 -2.3 5.0 -16.8
2184 Swage -16.4 -1.0 11.6 2.3 8.7 -11.7
2189 Dignotoss -20.4 -5.0 7.6 7.1 13.3 -5.7
2196 Dog -24.4 -9.0 3.6 10.8 18.1 -0.4
2206 Mski -24.4 -9.0 3.6 10.8 18.1 -0.4
2207 PR -28.4 -13.0 -0.4 15.3 22.7 3.9
2209 DT.NGC -32.4 -17.0 -4.4 20.6 27.8 8.2
2219 rox.KIS -36.4 -21.0 -8.4 26.0 33.0 13.3
2223 Sigma.int -32.6 -17.3 -4.5 22.0 29.0 9.3
2232 Relax -28.9 -14.3 -1.7 18.0 25.0 5.3
2245 MYM -26.1 -11.3 1.6 14.0 21.0 1.3
2246 Execration -22.2 -7.4 4.5 10.0 17.0 -2.7
2250 Execration -26.2 -11.4 0.5 14.9 22.0 1.8
2254 Fnatic.eu -23.3 -8.4 3.7 10.9 18.0 -2.2
2272 Arrow -20.3 -4.8 7.7 6.9 14.0 -6.2
2286 Cloud9 -17.6 -2.2 11.2 2.9 10.0 -10.2
2287 VG -21.6 -6.2 7.2 8.5 15.6 -6.5
