0 0 0.0 0.0 0.0 0.0 0.0 0.0
14 Alliance -4.0 -4.0 -4.0 4.7 4.7 4.1
15 Fnatic -0.5 -0.5 -1.5 0.7 0.7 0.1
16 Empire -4.5 -4.5 -5.5 5.3 5.6 5.1
22 Dignitas -1.0 -1.1 -1.9 1.3 1.6 1.1
33 Dignitas -5.0 -5.1 -5.9 5.5 5.3 5.5
36 Next.kz -5.0 -5.1 -5.9 5.5 5.3 5.5
37 mouz -9.0 -9.1 -9.9 10.2 9.3 9.8
39 VP -13.0 -13.1 -13.9 16.1 15.4 15.3
42 Liquid -17.0 -17.1 -17.9 21.8 21.0 20.2
46 GU.pe -13.5 -13.3 -13.9 17.8 17.0 16.2
47 VP -17.5 -17.3 -17.9 22.5 21.5 20.0
52 Fnatic.eu -21.5 -21.3 -21.9 26.6 25.8 24.3
54 4FC -18.9 -18.1 -18.4 22.6 21.8 20.3
55 mouz -15.1 -14.6 -14.6 18.6 17.8 16.3
63 EG -19.1 -18.6 -18.6 24.2 22.7 21.2
64 iM`Bashers -15.2 -14.8 -14.8 20.2 18.7 17.2
65 VnR.Alpha -11.5 -11.3 -11.4 16.2 14.7 13.2
67 Ptd.Bravo -15.5 -15.3 -15.4 20.9 19.9 17.8
69 Dignitas -12.8 -12.5 -12.6 16.9 15.9 13.8
70 Quantic -9.7 -9.7 -9.4 12.9 11.9 9.8
72 Neo.int -13.7 -13.7 -13.4 17.8 17.3 14.7
76 eN.Legs -11.3 -10.5 -10.0 13.8 13.3 10.7
78 Fnatic.eu -15.3 -14.5 -14.0 18.5 17.9 15.3
79 Na'Vi -12.3 -11.5 -11.1 14.5 13.9 11.3
83 s4 -16.3 -15.5 -15.1 18.3 19.1 16.7
84 Liquid -20.3 -19.5 -19.1 22.7 23.7 20.8
85 Fnatic.eu -17.0 -16.2 -15.7 18.7 19.7 16.8
88 Liquid -21.0 -20.2 -19.7 24.4 25.3 22.0
90 VP -25.0 -24.2 -23.7 28.9 29.5 26.7
91 Liquid -21.7 -21.3 -20.9 24.9 25.5 22.7
92 Ptd.Bravo -21.7 -21.3 -20.9 24.9 25.5 22.7
94 Fnatic.eu -18.0 -17.5 -17.0 20.9 21.5 18.7
99 VP -15.3 -14.6 -13.8 16.9 17.5 14.7
101 3D -12.9 -11.6 -10.7 12.9 13.5 10.7
102 Dignitas -16.9 -15.6 -14.7 18.3 19.0 16.3
103 Fnatic.eu -13.1 -12.1 -11.3 14.3 15.0 12.3
105 Liquid -10.4 -9.4 -8.4 10.3 11.0 8.3
107 iM`Bashers -8.2 -6.5 -5.5 6.3 7.0 4.3
114 Fnatic.eu -12.2 -10.5 -9.5 12.3 12.6 10.1
120 Na'Vi -8.8 -6.8 -5.7 8.3 8.6 6.1
122 mouz -5.3 -3.1 -2.2 4.3 4.6 2.1
131 Na'Vi -1.6 0.6 1.9 0.3 0.6 -1.9
137 Na'Vi 1.1 3.5 4.7 -3.7 -3.4 -5.9
140 CastersEN -2.9 -0.5 0.7 1.1 2.2 -0.1
142 Alliance -6.9 -4.5 -3.3 6.3 7.0 4.6
144 mouz -10.9 -8.5 -7.3 11.7 12.0 9.5
145 Alliance -7.7 -5.2 -4.1 7.7 8.0 5.5
147 4FC -11.7 -9.2 -8.1 13.2 13.5 11.2
148 Empire -9.0 -6.3 -5.0 9.2 9.5 7.2
150 Fnatic.eu -9.0 -6.3 -5.0 9.2 9.5 7.2
152 Alliance -6.0 -3.1 -1.8 5.2 5.5 3.2
158 WH?Dota2 -6.0 -3.1 -1.8 5.2 5.5 3.2
161 Empire -10.0 -7.1 -5.8 10.8 11.0 8.6
163 Lounge -7.4 -4.4 -2.9 6.8 7.0 4.6
176 Alliance -5.0 -1.5 0.2 2.8 3.0 0.6
178 Dignitas -2.4 1.8 3.6 -1.2 -1.0 -3.4
184 WH?Dota2 0.8 5.3 7.1 -5.2 -5.0 -7.4
188 LGD.cn -3.2 1.3 3.1 -0.2 0.3 -2.1
190 Alliance -7.2 -2.7 -0.9 5.6 5.8 3.4
191 Liquid -11.2 -6.7 -4.9 10.7 11.3 8.8
192 VP -15.2 -10.7 -8.9 15.5 15.6 12.9
193 VP -19.2 -14.7 -12.9 21.0 20.9 18.0
199 Dignitas -23.2 -18.7 -16.9 26.1 26.0 23.1
200 VP -19.4 -15.1 -13.3 22.1 22.0 19.1
201 Orange -16.4 -11.8 -9.8 18.1 18.0 15.1
203 Alliance -13.1 -8.4 -6.3 14.1 14.0 11.1
204 Fnatic.eu -17.1 -12.4 -10.3 18.3 18.4 15.5
205 Fnatic.eu -21.1 -16.4 -14.3 24.1 24.2 21.2
210 LGD.cn -18.2 -13.8 -11.7 20.1 20.2 17.2
211 Liquid -15.6 -10.8 -8.5 16.1 16.2 13.2
214 Dignitas -12.0 -6.9 -4.6 12.1 12.2 9.2
217 DK -8.6 -4.0 -1.8 8.1 8.2 5.2
222 Dignitas -8.6 -4.0 -1.8 8.1 8.2 5.2
232 Alliance -5.9 -1.1 1.3 4.1 4.2 1.2
238 rox.KIS -3.3 1.6 4.2 0.1 0.2 -2.8
247 Dignitas -0.6 5.0 7.8 -3.9 -3.8 -6.8
249 Fnatic.eu 2.4 7.8 10.7 -7.9 -7.8 -10.8
257 Liquid 5.7 11.3 14.3 -11.9 -11.8 -14.8
259 Liquid 8.8 14.6 17.8 -15.9 -15.8 -18.8
263 Prodota.ru 4.8 10.6 13.8 -11.9 -11.7 -14.8
264 Lounge 0.8 6.6 9.8 -6.3 -6.3 -9.5
265 Lounge 0.8 6.6 9.8 -6.3 -6.3 -9.5
267 mouz 4.2 10.4 13.7 -10.3 -10.3 -13.5
269 EG 0.2 6.4 9.7 -4.2 -4.7 -8.1
285 rox.KIS 3.2 9.6 13.1 -8.2 -8.7 -12.1
295 Quantic -0.8 5.6 9.1 -3.3 -3.2 -6.6
296 Quantic 2.1 8.7 12.3 -7.3 -7.2 -10.6
303 QPandas -1.9 4.7 8.3 -1.1 -1.5 -5.4
308 Quantic -5.9 0.7 4.3 4.7 3.5 -0.7
311 Quantic -9.9 -3.3 0.3 8.8 8.2 4.0
312 mouz -13.9 -7.3 -3.7 14.4 13.7 9.6
318 mouz -11.0 -4.1 -0.4 10.4 9.7 5.6
320 EG -15.0 -8.1 -4.4 14.9 14.3 10.0
323 TongFu -19.0 -12.1 -8.4 20.4 19.8 15.5
325 RS -16.5 -9.2 -5.4 16.4 15.8 11.5
329 RAT -13.4 -5.4 -1.5 12.4 11.8 7.5
332 RStars -10.8 -2.3 2.1 8.4 7.8 3.5
335 VP -14.8 -6.3 -1.9 13.2 12.1 7.9
336 MiTH -11.9 -3.0 1.8 9.2 8.1 3.9
339 RStars -9.6 0.1 5.0 5.2 4.1 -0.1
343 Orange -13.6 -3.9 1.0 8.9 8.2 4.3
349 Quantic -10.6 -0.6 4.7 4.9 4.2 0.3
354 Alliance -6.8 3.0 8.3 0.9 0.2 -3.7
359 DK -10.8 -1.0 4.3 5.1 4.8 1.0
361 Orange -14.8 -5.0 0.3 9.8 9.2 5.3
374 Dignitas -18.8 -9.0 -3.7 15.3 14.6 10.2
380 4FC -16.1 -6.0 -0.5 11.3 10.6 6.2
381 RS -13.1 -2.9 2.7 7.3 6.6 2.2
385 Alliance -10.8 0.1 6.3 3.3 2.6 -1.8
386 TM -7.8 3.7 10.1 -0.7 -1.4 -5.8
391 mouz -4.0 7.1 13.5 -4.7 -5.4 -9.8
395 LGD.cn -0.7 10.3 16.8 -8.7 -9.4 -13.8
400 VP -4.7 6.3 12.8 -4.4 -4.6 -9.1
405 mouz -8.7 2.3 8.8 0.2 0.3 -4.2
411 Quantic -12.7 -1.7 4.8 5.6 5.3 0.5
420 Na'Vi -16.7 -5.7 0.8 12.6 10.7 5.4
422 Liquid -20.7 -9.7 -3.2 17.2 15.3 9.8
434 EG -17.2 -6.2 0.2 13.2 11.3 5.8
436 EG -13.8 -2.9 3.5 9.2 7.3 1.8
454 Kaipi -17.8 -6.9 -0.5 15.8 12.9 6.9
455 EG -15.0 -3.9 2.5 11.8 8.9 2.9
458 EG -19.0 -7.9 -1.5 16.4 13.8 7.4
470 mouz -16.3 -5.2 1.4 12.4 9.8 3.4
477 mouz -13.6 -2.2 4.5 8.4 5.8 -0.6
478 rox.KIS -10.1 0.8 7.6 4.4 1.8 -4.6
490 paiN.int -7.4 3.9 11.0 0.4 -2.2 -8.6
497 DK -11.4 -0.1 7.0 5.9 3.0 -3.6
510 Fnatic.eu -15.4 -4.1 3.0 10.8 7.7 0.6
516 Quantic -11.9 -0.3 7.1 6.8 3.7 -3.4
530 Orange -8.7 3.7 11.4 2.8 -0.3 -7.4
534 EG -5.9 6.5 14.1 -1.2 -4.3 -11.4
539 Quantic -2.5 9.8 17.5 -5.2 -8.3 -15.4
548 Liquid 0.6 12.9 20.8 -9.2 -12.3 -19.4
556 Fnatic.eu -3.4 8.9 16.8 -4.3 -8.0 -15.4
559 mouz -6.66133814775e-15 12.6 20.7 -8.3 -12.0 -19.4
561 Orange -4.0 8.6 16.7 -3.7 -6.7 -14.1
563 iG -0.7 12.4 20.7 -7.7 -10.7 -18.1
565 Dignitas -4.7 8.4 16.7 -2.7 -6.2 -14.0
567 mouz -1.7 11.6 20.1 -6.7 -10.2 -18.0
570 VP -5.7 7.6 16.1 -2.7 -6.1 -13.8
575 TongFu -9.7 3.6 12.1 2.8 -0.8 -8.8
579 Alliance -7.0 6.4 15.1 -1.2 -4.8 -12.8
581 LGD.cn -4.6 9.2 18.2 -5.2 -8.8 -16.8
583 iCCup -8.6 5.2 14.2 -0.8 -4.4 -12.7
586 EG -12.6 1.2 10.2 3.8 0.4 -8.0
591 LGD.cn -9.9 4.1 13.2 -0.2 -3.6 -12.0
594 mouz -6.7 7.4 16.7 -4.2 -7.6 -16.0
596 mouz -3.9 10.4 19.6 -8.2 -11.6 -20.0
599 Na'Vi -0.4 13.4 22.5 -12.2 -15.6 -24.0
610 LGD.cn 3.4 16.7 25.8 -16.2 -19.6 -28.0
612 Na'Vi 6.6 19.6 28.6 -20.2 -23.6 -32.0
613 Fnatic.eu 9.4 22.4 31.4 -24.2 -27.6 -36.0
614 EG 12.9 25.8 35.0 -28.2 -31.6 -40.0
619 iG 8.9 21.8 31.0 -22.9 -26.5 -35.0
620 DK 4.9 17.8 27.0 -18.3 -20.9 -28.9
625 TongFu 0.9 13.8 23.0 -12.6 -15.8 -24.2
633 Liquid 4.5 17.4 26.8 -16.6 -19.8 -28.2
634 Na'Vi 7.4 20.2 29.6 -20.6 -23.8 -32.2
639 4FC 10.7 23.0 32.4 -24.6 -27.8 -36.2
649 Fnatic.eu 14.1 26.4 36.0 -28.6 -31.8 -40.2
650 Fnatic.eu 10.1 22.4 32.0 -24.2 -27.2 -35.5
652 DK 6.1 18.4 28.0 -18.3 -21.6 -30.1
661 iG 2.1 14.4 24.0 -12.8 -16.6 -25.4
663 RS -1.9 10.4 20.0 -8.3 -11.7 -21.0
673 LGD.cn 1.1 13.7 23.5 -12.3 -15.7 -25.0
683 rox.KIS -2.9 9.7 19.5 -5.9 -10.0 -19.8
684 VP 0.9 13.3 23.3 -9.9 -14.0 -23.8
685 mouz 3.5 16.3 26.6 -13.9 -18.0 -27.8
687 VP -0.5 12.3 22.6 -8.3 -12.8 -22.7
689 Kaipi -4.5 8.3 18.6 -4.0 -8.7 -18.5
706 RS -8.5 4.3 14.6 1.5 -3.4 -13.3
709 Kaipi -5.5 7.4 17.9 -2.5 -7.4 -17.3
710 VP -2.3 10.5 21.1 -6.5 -11.4 -21.3
711 mouz 0.4 13.7 24.5 -10.5 -15.4 -25.3
714 Dreamz 3.3 16.4 27.4 -14.5 -19.4 -29.3
717 mouz 6.2 19.4 30.5 -18.5 -23.4 -33.3
724 Kaipi 9.7 23.1 34.3 -22.5 -27.4 -37.3
734 TongFu 12.7 26.4 37.7 -26.5 -31.4 -41.3
735 Dignitas 16.1 29.5 40.7 -30.5 -35.4 -45.3
743 Fnatic.eu 19.7 32.6 43.8 -34.5 -39.4 -49.3
750 Orange 22.3 35.7 47.0 -38.5 -43.4 -53.3
756 Dignitas 18.3 31.7 43.0 -33.1 -38.6 -48.8
772 DK 14.3 27.7 39.0 -27.6 -32.7 -43.4
775 Liquid 17.2 30.6 42.0 -31.6 -36.7 -47.4
787 TongFu 20.4 34.5 46.1 -35.6 -40.7 -51.4
789 LGD.int 16.4 30.5 42.1 -31.2 -36.1 -47.0
790 AllStarsA 12.4 26.5 38.1 -26.5 -30.8 -42.0
794 DK 8.4 22.5 34.1 -22.3 -26.3 -37.7
801 Orange 11.1 25.5 37.3 -26.3 -30.3 -41.7
804 TongFu 14.5 29.4 41.3 -30.3 -34.3 -45.7
805 Alliance 17.9 33.4 45.5 -34.3 -38.3 -49.7
834 Aspera 21.5 36.8 49.1 -38.3 -42.3 -53.7
840 TS 24.7 40.0 52.4 -42.3 -46.3 -57.7
846 Next.kz 27.8 43.3 55.8 -46.3 -50.3 -61.7
847 4FC 23.8 39.3 51.8 -41.7 -45.2 -56.4
849 Poseidon 27.1 42.7 55.5 -45.7 -49.2 -60.4
854 Life 23.1 38.7 51.5 -41.1 -43.5 -54.9
863 Next.kz 19.1 34.7 47.5 -36.5 -38.5 -50.2
868 GxGaming 15.1 30.7 43.5 -31.5 -32.7 -44.8
869 SFEC 11.1 26.7 39.5 -26.1 -27.8 -40.3
874 VP 14.4 29.9 43.0 -30.1 -31.8 -44.3
875 Imp 10.4 25.9 39.0 -25.3 -27.0 -39.7
879 Empire 13.2 29.0 42.3 -29.3 -31.0 -43.7
882 rox.KIS 13.2 29.0 42.3 -29.3 -31.0 -43.7
887 MSIEvoGT 9.2 25.0 38.3 -22.9 -25.4 -38.5
894 Life 11.7 28.0 41.7 -26.9 -29.4 -42.5
895 Next.kz 15.2 31.7 45.3 -30.9 -33.4 -46.5
904 SAfrica 11.2 27.7 41.3 -25.4 -27.9 -41.3
907 NoLove 14.8 31.5 45.3 -29.4 -31.9 -45.3
910 Empire 10.8 27.5 41.3 -25.3 -27.8 -41.2
912 Kaipi 6.8 23.5 37.3 -20.8 -22.9 -36.5
918 DUZA 2.8 19.5 33.3 -15.6 -18.4 -32.2
924 ONE.dota 6.1 23.0 37.3 -19.6 -22.4 -36.2
928 LGD.cn 2.1 19.0 33.3 -15.0 -17.7 -31.4
929 Dreamz -1.9 15.0 29.3 -10.3 -13.6 -27.4
939 Poseidon 0.9 18.4 33.0 -14.3 -17.6 -31.4
940 Next.kz -3.1 14.4 29.0 -8.9 -12.5 -26.5
942 Quantic -7.1 10.4 25.0 -4.4 -7.3 -21.6
955 DUZA -3.1 13.8 28.3 -8.4 -11.3 -25.6
961 Life -0.9 16.7 31.6 -12.4 -15.3 -29.6
962 iG 2.3 20.1 35.2 -16.4 -19.3 -33.6
966 TongFu 5.8 22.9 37.9 -20.4 -23.3 -37.6
970 Joiker 8.6 25.8 41.0 -24.4 -27.3 -41.6
973 DUZA 4.6 21.8 37.0 -19.5 -22.1 -36.5
984 nAra 0.6 17.8 33.0 -14.1 -16.8 -31.8
994 Next.kz -3.4 13.8 29.0 -8.1 -11.1 -26.4
998 Mski -0.3 16.6 32.0 -12.1 -15.1 -30.4
1003 Kaipi 2.9 20.6 36.2 -16.1 -19.1 -34.4
1007 rox.KIS 6.0 23.5 39.3 -20.1 -23.1 -38.4
1011 Imp 2.0 19.5 35.3 -16.1 -18.2 -33.8
1013 Empire 2.0 19.5 35.3 -16.1 -18.2 -33.8
1014 Na'Vi -2.0 15.5 31.3 -11.3 -14.0 -29.8
1026 PBS 1.4 19.5 35.2 -15.3 -18.0 -33.8
1029 rox.KIS 4.0 22.6 38.5 -19.3 -22.0 -37.8
1031 Empire 6.8 25.3 41.3 -23.3 -26.0 -41.8
1033 LGD.cn 10.4 28.8 44.8 -27.3 -30.0 -45.8
1038 Aspera 6.4 24.8 40.8 -22.8 -25.5 -41.2
1053 Kaipi 2.4 20.8 36.8 -17.2 -20.1 -35.9
1054 TR 6.1 24.2 40.2 -21.2 -24.1 -39.9
1058 UR 2.1 20.2 36.2 -16.3 -19.5 -35.6
1084 Arcanys -1.9 16.2 32.2 -11.9 -13.7 -30.0
1086 MVP -5.9 12.2 28.2 -6.6 -8.1 -24.5
1093 Lowyat -9.9 8.2 24.2 -0.8 -2.3 -19.0
1100 Aspera -5.9 11.1 27.0 -4.8 -6.3 -23.0
1103 FD -5.9 11.1 27.0 -4.8 -6.3 -23.0
1107 Rain -9.9 7.1 23.0 0.4 -1.5 -18.4
1116 NJ&Kids -13.9 3.1 19.0 5.5 4.8 -12.2
1128 TakeFive -10.7 7.5 23.7 1.5 0.8 -16.2
1134 PR -14.7 3.5 19.7 5.8 4.8 -12.2
1138 CSW -12.0 6.5 23.0 1.8 0.8 -16.2
1142 SYF -8.5 9.7 26.1 -2.2 -3.2 -20.2
1150 Speed -6.5 12.9 29.8 -6.2 -7.2 -24.2
1154 Alliance -6.5 12.9 29.8 -6.2 -7.2 -24.2
1166 CSW -3.0 15.8 32.7 -10.2 -11.2 -28.2
1180 Empire -7.0 11.8 28.7 -5.0 -6.7 -24.1
1182 Fnatic.eu -3.1 14.8 31.6 -9.0 -10.7 -28.1
1187 StayFree -7.1 10.8 27.6 -4.1 -5.5 -22.6
1193 Speed -11.1 6.8 23.6 0.4 -0.4 -17.5
1198 Aspera -8.1 9.7 26.7 -3.6 -4.4 -21.5
1201 Aspera -12.1 5.7 22.7 1.2 0.3 -17.2
1211 mouz -16.1 1.7 18.7 6.9 5.6 -12.1
1218 CSW -20.1 -2.3 14.7 13.3 11.4 -6.9
1219 NoX -24.1 -6.3 10.7 18.1 16.1 -2.5
1229 StayFree -28.1 -10.3 6.7 24.8 21.7 2.3
1236 Speed -28.1 -10.3 6.7 24.8 21.7 2.3
1246 Liquid -25.5 -7.5 9.7 20.8 17.7 -1.7
1249 Alliance -29.5 -11.5 5.7 24.8 21.8 2.5
1254 Startale -29.5 -11.5 5.7 24.8 21.8 2.5
1260 Sigma.int -33.5 -15.5 1.7 29.0 26.3 6.9
1277 Mski -37.5 -19.5 -2.3 33.6 30.1 10.5
1280 MiTH -37.5 -19.5 -2.3 33.6 30.1 10.5
1281 Speed -34.7 -16.5 0.9 29.6 26.1 6.5
1289 Titan -38.7 -20.5 -3.1 34.7 31.1 11.4
1290 Lowyat -42.7 -24.5 -7.1 40.8 36.7 16.8
1291 PR -39.3 -21.9 -4.4 36.8 32.7 12.8
1295 Fnatic.eu -43.3 -25.9 -8.4 41.7 37.4 17.2
1298 Titan -40.6 -22.9 -5.0 37.7 33.4 13.2
1304 Empire -37.2 -20.0 -2.3 33.7 29.4 9.2
1311 Sleisel -41.2 -24.0 -6.3 37.7 33.7 13.4
1313 EG -45.2 -28.0 -10.3 43.3 39.6 18.8
1320 Orange -41.5 -25.2 -7.7 39.3 35.6 14.8
1349 Alliance -45.5 -29.2 -11.7 43.2 39.7 19.2
1350 Fnatic.eu -49.5 -33.2 -15.7 48.8 45.6 25.2
1358 VP -53.5 -37.2 -19.7 54.7 51.2 30.5
1374 VP -50.0 -33.4 -16.0 50.7 47.2 26.5
1378 Imp -47.2 -29.9 -12.3 46.7 43.2 22.5
1385 Na'Vi -51.2 -33.9 -16.3 52.8 48.4 27.2
1387 LGD.cn -48.1 -30.7 -13.0 48.8 44.4 23.2
1392 EG -45.2 -27.3 -9.6 44.8 40.4 19.2
1393 Fnatic.eu -41.9 -24.6 -6.9 40.8 36.4 15.2
1394 LGD.cn -38.3 -20.5 -3.0 36.8 32.4 11.2
1395 iG -34.9 -17.7 -0.1 32.8 28.4 7.2
1398 Alliance -38.9 -21.7 -4.1 37.4 33.0 11.8
1409 Liquid -42.9 -25.7 -8.1 42.4 38.0 16.6
1420 FD -39.4 -22.8 -4.9 38.4 34.0 12.6
1422 EG -43.4 -26.8 -8.9 42.4 38.3 16.9
1434 MiTH -40.3 -24.0 -6.1 38.4 34.3 12.9
1435 mouz -36.8 -20.9 -3.1 34.4 30.3 8.9
1444 Fnatic.eu -40.8 -24.9 -7.1 38.8 34.3 12.8
1467 Sigma.int -44.8 -28.9 -11.1 43.8 39.9 18.3
1469 Alliance -44.8 -28.9 -11.1 43.8 39.9 18.3
1486 Sigma.int -48.8 -32.9 -15.1 48.0 44.9 23.4
1491 Fnatic.eu -45.6 -29.5 -11.4 44.0 40.9 19.4
1493 Sigma.int -49.6 -33.5 -15.4 48.9 46.5 25.0
1502 DK -46.3 -29.5 -11.2 44.9 42.5 21.0
1504 Sigma.int -43.3 -26.3 -7.9 40.9 38.5 17.0
1505 Na'Vi -47.3 -30.3 -11.9 45.3 42.9 21.1
1509 Speed -43.9 -26.7 -8.2 41.3 38.9 17.1
1516 DK -47.9 -30.7 -12.2 45.5 44.0 22.2
1517 Speed -44.8 -27.6 -9.0 41.5 40.0 18.2
1519 Orange -41.5 -25.0 -6.4 37.5 36.0 14.2
1525 mouz -38.7 -22.3 -3.6 33.5 32.0 10.2
1532 Poseidon -42.7 -26.3 -7.6 38.7 37.3 14.9
1536 Hearts -39.0 -23.2 -4.5 34.7 33.3 10.9
1540 Next.kz -36.4 -20.5 -1.5 30.7 29.3 6.9
1555 Mski -32.7 -16.6 2.4 26.7 25.3 2.9
1556 LGD.cn -29.2 -13.0 6.1 22.7 21.3 -1.1
1558 FD -33.2 -17.0 2.1 28.3 26.3 3.6
1559 Na'Vi -33.2 -17.0 2.1 28.3 26.3 3.6
1563 FL -30.2 -14.0 5.5 24.3 22.3 -0.4
1564 Mski -26.7 -11.1 8.4 20.3 18.3 -4.4
1565 NSG -30.7 -15.1 4.4 25.0 24.2 1.5
1570 SSD -34.7 -19.1 0.4 29.0 28.7 6.2
1571 PR -31.9 -16.4 3.2 25.0 24.7 2.2
1575 iG -35.9 -20.4 -0.8 29.4 29.1 6.6
1577 MVP.P -32.6 -17.5 2.0 25.4 25.1 2.6
1588 LGD.cn -36.6 -21.5 -2.0 29.7 30.9 8.9
1591 VG -40.6 -25.5 -6.0 33.8 35.2 13.2
1592 VG -36.9 -21.8 -2.1 29.8 31.2 9.2
1596 Kawai -40.9 -25.8 -6.1 34.1 35.7 13.9
1601 SSD -37.6 -22.9 -3.2 30.1 31.7 9.9
1606 CSW -41.6 -26.9 -7.2 34.6 35.4 13.8
1609 Empire -37.3 -23.4 -3.8 30.6 31.4 9.8
1610 VP -34.0 -19.7 0.1 26.6 27.4 5.8
1615 Speed -31.1 -16.9 3.2 22.6 23.4 1.8
1632 Fnatic.eu -35.1 -20.9 -0.8 28.3 29.2 7.6
1633 Startale -31.6 -18.2 1.7 24.3 25.2 3.6
1638 VG -28.6 -13.9 6.4 20.3 21.2 -0.4
1639 Fnatic.eu -32.6 -17.9 2.4 26.1 27.0 4.8
1640 FD -29.5 -14.3 6.0 22.1 23.0 0.8
1643 VG -27.1 -11.2 9.4 18.1 19.0 -3.2
1644 iG -31.1 -15.2 5.4 24.1 24.5 2.1
1646 RRQ -35.1 -19.2 1.4 28.4 29.4 7.3
1647 MiTH -39.1 -23.2 -2.6 34.1 34.6 11.8
1649 VP -35.4 -19.2 1.3 30.1 30.6 7.8
1659 Alliance -39.4 -23.2 -2.7 34.4 35.3 12.4
1661 Alliance -36.7 -20.4 0.3 30.4 31.3 8.4
1670 MiTH -32.6 -16.6 3.6 26.4 27.3 4.4
1671 Neon -29.2 -13.3 7.1 22.4 23.3 0.4
1673 rox.KIS -26.4 -10.0 10.8 18.4 19.3 -3.6
1675 Empire -22.8 -6.2 14.7 14.4 15.3 -7.6
1680 Mski -19.5 -3.3 17.6 10.4 11.3 -11.6
1702 DK -16.0 0.1 21.0 6.4 7.3 -15.6
1703 DK -20.0 -3.9 17.0 11.7 12.2 -10.9
1704 Alliance -17.3 -1.2 19.9 7.7 8.2 -14.9
1715 Poseidon -21.3 -5.2 15.9 13.4 13.6 -9.6
1715 Poseidon -25.3 -9.2 11.9 17.9 18.2 -5.6
1717 VP -21.6 -5.7 15.4 13.9 14.2 -9.6
1717 VP -17.3 -2.1 18.8 9.9 10.2 -13.6
1729 Sigma.int -17.3 -2.1 18.8 9.9 10.2 -13.6
1734 PR -13.8 1.5 22.5 5.9 6.2 -17.6
1737 MiTH -17.8 -2.5 18.5 10.8 12.3 -11.8
1740 LGD.cn -21.8 -6.5 14.5 17.2 17.9 -7.0
1741 VP -18.0 -2.7 18.2 13.2 13.9 -11.0
1748 Idol -22.0 -6.7 14.2 17.5 19.0 -6.0
1749 FD -26.0 -10.7 10.2 21.8 24.1 -0.6
1757 iG -22.5 -7.1 14.1 17.8 20.1 -4.6
1759 FD -19.4 -3.6 18.0 13.8 16.1 -8.6
1767 rox.KIS -16.7 -0.5 21.5 9.8 12.1 -12.6
1769 XctN -20.7 -4.5 17.5 14.8 17.8 -7.1
1775 RRQ -24.7 -8.5 13.5 20.4 22.7 -2.6
1782 Mski -20.9 -5.0 17.0 16.4 18.7 -6.6
1789 Na'Vi -18.0 -2.3 19.8 12.4 14.7 -10.6
1794 Mski -22.0 -6.3 15.8 17.5 20.3 -5.3
1810 TR -26.0 -10.3 11.8 22.3 25.5 -0.1
1816 TongFu -30.0 -14.3 7.8 27.9 30.6 4.3
1824 Empire -26.8 -11.1 11.3 23.9 26.6 0.3
1832 TR -23.4 -7.9 14.7 19.9 22.6 -3.7
1835 iG -27.4 -11.9 10.7 23.8 26.8 0.9
1844 VG -31.4 -15.9 6.7 29.6 31.8 5.6
1872 rox.KIS -35.4 -19.9 2.7 34.2 36.6 10.3
1873 PBS -39.4 -23.9 -1.3 40.5 43.2 13.8
1881 LGD.cn -36.1 -20.1 0.6 36.5 39.2 9.8
1882 Swage -32.4 -16.2 3.3 32.5 35.2 5.8
1888 SMM -29.2 -13.3 6.4 28.5 31.2 1.8
1891 Lowyat -33.2 -17.3 2.4 33.1 35.8 6.3
1895 Fnatic.eu -37.2 -21.3 -1.6 37.7 39.7 15.0
1896 XctN -41.2 -25.3 -5.6 43.1 45.6 20.5
1902 Idol -45.2 -29.3 -9.6 47.8 50.2 24.6
1907 EOT -42.3 -26.0 -7.3 43.8 46.2 20.6
1908 Sigma.int -46.3 -30.0 -11.3 48.7 51.6 26.2
1909 Mski -43.2 -26.4 -8.6 44.7 47.6 22.2
1922 VP -47.2 -30.4 -12.6 49.6 52.4 26.6
1932 Empire -47.2 -30.4 -12.6 49.6 52.4 26.6
1940 Na'Vi -51.2 -34.4 -16.6 54.8 56.7 30.9
1942 VP -47.8 -31.5 -13.7 50.8 52.7 26.9
1966 Speed -45.0 -28.2 -10.0 46.8 48.7 22.9
1969 hehe -42.1 -24.8 -6.3 42.8 44.7 18.9
1974 bvd.dotA -46.1 -28.8 -10.3 48.0 49.6 22.2
1976 Relax -50.1 -32.8 -14.3 53.2 54.4 29.2
1977 Empire -54.1 -36.8 -18.3 58.1 59.3 33.7
1980 Empire -50.7 -32.6 -13.8 54.1 55.3 29.7
1993 Liquid -47.6 -29.2 -10.1 50.1 51.3 25.7
1994 Fnatic.eu -51.6 -33.2 -14.1 54.6 55.3 29.6
2000 UG -55.6 -37.2 -18.1 59.7 60.2 35.0
2004 Empire -52.7 -34.3 -14.7 55.7 56.2 31.0
2006 Empire -56.7 -38.3 -18.7 59.8 60.2 37.0
2011 PR -60.7 -42.3 -22.7 65.4 64.9 41.5
2025 D4D -57.6 -39.1 -20.4 61.4 60.9 37.5
2030 Empire -54.1 -35.7 -16.9 57.4 56.9 33.5
2036 Zephyr -51.1 -32.4 -13.4 53.4 52.9 29.5
2038 SADBOYS -47.0 -28.2 -10.1 49.4 48.9 25.5
2046 Empire -43.5 -24.7 -6.5 45.4 44.9 21.5
2060 Fnatic.eu -47.5 -28.7 -10.5 50.0 49.1 25.5
2084 hehe -51.5 -32.7 -14.5 54.6 53.9 30.0
2085 Next.kz -48.4 -29.7 -9.8 50.6 49.9 26.0
2088 SADBOYS -45.3 -26.0 -7.4 46.6 45.9 22.0
2091 Zephyr -42.5 -23.1 -4.3 42.6 41.9 18.0
2092 Empire -46.5 -27.1 -8.3 46.9 46.3 22.3
2096 neXt! -50.5 -31.1 -12.3 52.7 51.7 26.7
2101 ZR -47.4 -27.5 -10.2 48.7 47.7 22.7
2103 JnRun -51.4 -31.5 -14.2 53.4 52.5 27.6
2105 Mongolz -47.9 -27.9 -11.7 49.4 48.5 23.6
2106 Panthers -45.4 -25.2 -8.6 45.4 44.5 19.6
2114 VP -42.7 -22.2 -5.4 41.4 40.5 15.6
2122 4FC -39.4 -19.0 -2.5 37.4 36.5 11.6
2142 MVP.P -35.9 -16.2 0.3 33.4 32.5 7.6
2150 VP -39.9 -20.2 -3.7 38.2 37.0 12.7
2151 Insane -43.9 -24.2 -7.7 43.0 42.1 18.0
2154 ZR -47.9 -28.2 -11.7 48.7 47.6 22.9
2168 Dignotoss -45.0 -24.6 -7.9 44.7 43.6 18.9
2183 4N -49.0 -28.6 -11.9 49.6 48.5 23.6
2184 Swage -53.0 -32.6 -15.9 54.2 52.2 28.7
2189 Dignotoss -57.0 -36.6 -19.9 59.0 56.8 34.7
2196 Dog -61.0 -40.6 -23.9 62.7 61.6 40.0
2206 Mski -61.0 -40.6 -23.9 62.7 61.6 40.0
2207 PR -65.0 -44.6 -27.9 67.2 66.2 44.3
2209 DT.NGC -69.0 -48.6 -31.9 72.5 71.3 48.6
2219 rox.KIS -73.0 -52.6 -35.9 77.9 76.5 53.7
2223 Sigma.int -69.2 -48.9 -32.0 73.9 72.5 49.7
2232 Relax -65.5 -45.9 -29.2 69.9 68.5 45.7
2245 MYM -62.7 -42.9 -25.9 65.9 64.5 41.7
2246 Execration -58.8 -39.0 -23.0 61.9 60.5 37.7
2247 Cloud9 -55.6 -35.3 -21.0 57.9 56.5 33.7
2250 Execration -59.6 -39.3 -25.0 62.8 61.5 38.2
2254 Fnatic.eu -56.7 -36.3 -21.8 58.8 57.5 34.2
2272 Arrow -53.7 -32.7 -17.8 54.8 53.5 30.2
2286 Cloud9 -51.0 -30.1 -14.3 50.8 49.5 26.2
2287 VG -55.0 -34.1 -18.3 56.4 55.1 29.9
