0 0 0.0 0.0 0.0 0.0 0.0 0.0
14 Alliance -4.0 -4.0 -4.0 4.7 4.7 4.1
22 Dignitas -0.5 -0.6 -0.4 0.7 0.7 0.1
33 Dignitas -4.5 -4.6 -4.4 4.9 4.4 4.5
36 Next.kz -4.5 -4.6 -4.4 4.9 4.4 4.5
37 mouz -8.5 -8.6 -8.4 9.6 8.4 8.8
46 GU.pe -5.0 -4.8 -4.4 5.6 4.4 4.8
47 VP -9.0 -8.8 -8.4 10.3 8.9 8.6
52 Fnatic.eu -13.0 -12.8 -12.4 14.4 13.2 12.9
55 mouz -9.2 -9.3 -8.6 10.4 9.2 8.9
64 iM`Bashers -5.3 -5.5 -4.8 6.4 5.2 4.9
65 VnR.Alpha -1.6 -2.0 -1.4 2.4 1.2 0.9
78 Fnatic.eu -5.6 -6.0 -5.4 7.1 5.8 5.5
84 Liquid -9.6 -10.0 -9.4 11.5 10.4 9.6
85 Fnatic.eu -6.3 -6.7 -6.0 7.5 6.4 5.6
90 VP -10.3 -10.7 -10.0 12.0 10.6 10.3
92 Ptd.Bravo -10.3 -10.7 -10.0 12.0 10.6 10.3
94 Fnatic.eu -6.6 -6.9 -6.1 8.0 6.6 6.3
103 Fnatic.eu -2.8 -3.4 -2.7 4.0 2.6 2.3
120 Na'Vi 0.6 0.3 1.1 0.0 -1.4 -1.7
122 mouz 4.1 4.0 4.6 -4.0 -5.4 -5.7
131 Na'Vi 7.8 7.7 8.7 -8.0 -9.4 -9.7
150 Fnatic.eu 7.8 7.7 8.7 -8.0 -9.4 -9.7
158 WH?Dota2 7.8 7.7 8.7 -8.0 -9.4 -9.7
184 WH?Dota2 11.0 11.2 12.2 -12.0 -13.4 -13.7
192 VP 7.0 7.2 8.2 -7.2 -9.1 -9.6
200 VP 10.8 10.8 11.8 -11.2 -13.1 -13.6
203 Alliance 14.1 14.2 15.3 -15.2 -17.1 -17.6
204 Fnatic.eu 10.1 10.2 11.3 -11.0 -12.7 -13.2
214 Dignitas 13.7 14.1 15.2 -15.0 -16.7 -17.2
222 Dignitas 13.7 14.1 15.2 -15.0 -16.7 -17.2
257 Liquid 17.0 17.6 18.8 -19.0 -20.7 -21.2
263 Prodota.ru 13.0 13.6 14.8 -15.0 -16.6 -17.2
265 Lounge 13.0 13.6 14.8 -15.0 -16.6 -17.2
267 mouz 16.4 17.4 18.7 -19.0 -20.6 -21.2
311 Quantic 12.4 13.4 14.7 -14.9 -15.9 -16.5
320 EG 8.4 9.4 10.7 -10.4 -11.3 -12.1
329 RAT 11.5 13.2 14.6 -14.4 -15.3 -16.1
335 VP 7.5 9.2 10.6 -9.6 -11.0 -11.7
336 MiTH 10.4 12.5 14.3 -13.6 -15.0 -15.7
343 Orange 6.4 8.5 10.3 -9.9 -10.9 -11.3
354 Alliance 10.2 12.1 13.9 -13.9 -14.9 -15.3
359 DK 6.2 8.1 9.9 -9.7 -10.3 -10.6
361 Orange 2.2 4.1 5.9 -5.0 -5.9 -6.3
386 TM 5.2 7.7 9.7 -9.0 -9.9 -10.3
391 mouz 9.0 11.1 13.1 -13.0 -13.9 -14.3
400 VP 5.0 7.1 9.1 -8.7 -9.1 -9.6
422 Liquid 1.0 3.1 5.1 -4.1 -4.5 -5.2
434 EG 4.5 6.6 8.5 -8.1 -8.5 -9.2
436 EG 7.9 9.9 11.8 -12.1 -12.5 -13.2
458 EG 3.9 5.9 7.8 -7.5 -7.6 -8.7
510 Fnatic.eu -0.1 1.9 3.8 -2.6 -2.9 -4.5
516 Quantic 3.4 5.7 7.9 -6.6 -6.9 -8.5
530 Orange 6.6 9.7 12.2 -10.6 -10.9 -12.5
539 Quantic 10.0 13.0 15.6 -14.6 -14.9 -16.5
556 Fnatic.eu 6.0 9.0 11.6 -9.7 -10.6 -12.5
559 mouz 9.4 12.7 15.5 -13.7 -14.6 -16.5
563 iG 12.7 16.5 19.5 -17.7 -18.6 -20.5
565 Dignitas 8.7 12.5 15.5 -12.7 -14.1 -16.4
570 VP 4.7 8.5 11.5 -8.7 -10.0 -12.2
583 iCCup 0.7 4.5 7.5 -4.3 -5.6 -8.1
586 EG -3.3 0.5 3.5 0.3 -0.8 -3.4
594 mouz -0.1 3.8 7.0 -3.7 -4.8 -7.4
610 LGD.cn 3.7 7.1 10.3 -7.7 -8.8 -11.4
614 EG 7.2 10.5 13.9 -11.7 -12.8 -15.4
633 Liquid 10.8 14.1 17.7 -15.7 -16.8 -19.4
649 Fnatic.eu 14.2 17.5 21.3 -19.7 -20.8 -23.4
650 Fnatic.eu 10.2 13.5 17.3 -15.3 -16.2 -18.7
663 RS 6.2 9.5 13.3 -10.8 -11.3 -14.3
684 VP 10.0 13.1 17.1 -14.8 -15.3 -18.3
689 Kaipi 6.0 9.1 13.1 -10.5 -11.2 -14.1
724 Kaipi 9.5 12.8 16.9 -14.5 -15.2 -18.1
743 Fnatic.eu 13.1 15.9 20.0 -18.5 -19.2 -22.1
787 TongFu 16.3 19.8 24.1 -22.5 -23.2 -26.1
789 LGD.int 12.3 15.8 20.1 -18.1 -18.6 -21.7
794 DK 8.3 11.8 16.1 -13.9 -14.1 -17.4
804 TongFu 11.7 15.7 20.1 -17.9 -18.1 -21.4
805 Alliance 15.1 19.7 24.3 -21.9 -22.1 -25.4
834 Aspera 18.7 23.1 27.9 -25.9 -26.1 -29.4
849 Poseidon 22.0 26.5 31.6 -29.9 -30.1 -33.4
863 Next.kz 18.0 22.5 27.6 -25.3 -25.1 -28.7
874 VP 21.3 25.7 31.1 -29.3 -29.1 -32.7
875 Imp 17.3 21.7 27.1 -24.5 -24.3 -28.1
882 rox.KIS 17.3 21.7 27.1 -24.5 -24.3 -28.1
895 Next.kz 20.8 25.4 30.7 -28.5 -28.3 -32.1
907 NoLove 24.4 29.2 34.7 -32.5 -32.3 -36.1
910 Empire 20.4 25.2 30.7 -28.4 -28.2 -32.0
912 Kaipi 16.4 21.2 26.7 -23.9 -23.3 -27.3
918 DUZA 12.4 17.2 22.7 -18.7 -18.8 -23.0
924 ONE.dota 15.7 20.7 26.7 -22.7 -22.8 -27.0
928 LGD.cn 11.7 16.7 22.7 -18.1 -18.1 -22.2
929 Dreamz 7.7 12.7 18.7 -13.4 -14.0 -18.2
955 DUZA 11.7 16.1 22.0 -17.4 -18.0 -22.2
962 iG 14.9 19.5 25.6 -21.4 -22.0 -26.2
1003 Kaipi 18.1 23.5 29.8 -25.4 -26.0 -30.2
1011 Imp 14.1 19.5 25.8 -21.4 -21.1 -25.6
1013 Empire 14.1 19.5 25.8 -21.4 -21.1 -25.6
1014 Na'Vi 10.1 15.5 21.8 -16.6 -16.9 -21.6
1026 PBS 13.5 19.5 25.7 -20.6 -20.9 -25.6
1033 LGD.cn 17.1 23.0 29.2 -24.6 -24.9 -29.6
1038 Aspera 13.1 19.0 25.2 -20.1 -20.4 -25.0
1054 TR 16.8 22.4 28.6 -24.1 -24.4 -29.0
1058 UR 12.8 18.4 24.6 -19.2 -19.8 -24.7
1100 Aspera 16.8 21.3 27.4 -23.2 -23.8 -28.7
1103 FD 16.8 21.3 27.4 -23.2 -23.8 -28.7
1128 TakeFive 20.0 25.7 32.1 -27.2 -27.8 -32.7
1134 PR 16.0 21.7 28.1 -22.9 -23.8 -28.7
1154 Alliance 16.0 21.7 28.1 -22.9 -23.8 -28.7
1180 Empire 12.0 17.7 24.1 -17.7 -19.3 -24.6
1182 Fnatic.eu 15.9 20.7 27.0 -21.7 -23.3 -28.6
1201 Aspera 11.9 16.7 23.0 -16.9 -18.6 -24.3
1219 NoX 7.9 12.7 19.0 -12.1 -13.9 -19.9
1236 Speed 7.9 12.7 19.0 -12.1 -13.9 -19.9
1249 Alliance 3.9 8.7 15.0 -8.1 -9.8 -15.7
1254 Startale 3.9 8.7 15.0 -8.1 -9.8 -15.7
1260 Sigma.int -0.1 4.7 11.0 -3.9 -5.3 -11.3
1277 Mski -4.1 0.7 7.0 0.7 -1.5 -7.7
1280 MiTH -4.1 0.7 7.0 0.7 -1.5 -7.7
1295 Fnatic.eu -8.1 -3.3 3.0 5.6 3.2 -3.3
1311 Sleisel -12.1 -7.3 -1.0 9.6 7.5 0.9
1349 Alliance -16.1 -11.3 -5.0 13.5 11.6 5.3
1374 VP -12.6 -7.5 -1.3 9.5 7.6 1.3
1394 LGD.cn -9.0 -3.4 2.6 5.5 3.6 -2.7
1398 Alliance -13.0 -7.4 -1.4 10.1 8.2 1.9
1422 EG -17.0 -11.4 -5.4 14.1 12.5 6.2
1444 Fnatic.eu -21.0 -15.4 -9.4 18.5 16.5 10.1
1469 Alliance -21.0 -15.4 -9.4 18.5 16.5 10.1
1486 Sigma.int -25.0 -19.4 -13.4 22.7 21.5 15.2
1502 DK -21.7 -15.4 -9.2 18.7 17.5 11.2
1505 Na'Vi -25.7 -19.4 -13.2 23.1 21.9 15.3
1509 Speed -22.3 -15.8 -9.5 19.1 17.9 11.3
1516 DK -26.3 -19.8 -13.5 23.3 23.0 16.4
1536 Hearts -22.6 -16.7 -10.4 19.3 19.0 12.4
1555 Mski -18.9 -12.8 -6.5 15.3 15.0 8.4
1556 LGD.cn -15.4 -9.2 -2.8 11.3 11.0 4.4
1559 Na'Vi -15.4 -9.2 -2.8 11.3 11.0 4.4
1570 SSD -19.4 -13.2 -6.8 15.3 15.5 9.1
1575 iG -23.4 -17.2 -10.8 19.7 19.9 13.5
1591 VG -27.4 -21.2 -14.8 23.8 24.2 17.8
1592 VG -23.7 -17.5 -10.9 19.8 20.2 13.8
1596 Kawai -27.7 -21.5 -14.9 24.1 24.7 18.5
1606 CSW -31.7 -25.5 -18.9 28.6 28.4 22.4
1609 Empire -27.4 -22.0 -15.5 24.6 24.4 18.4
1610 VP -24.1 -18.3 -11.6 20.6 20.4 14.4
1638 VG -21.1 -14.0 -6.9 16.6 16.4 10.4
1640 FD -18.0 -10.4 -3.3 12.6 12.4 6.4
1646 RRQ -22.0 -14.4 -7.3 16.9 17.3 11.6
1649 VP -18.3 -10.4 -3.4 12.9 13.3 7.6
1659 Alliance -22.3 -14.4 -7.4 17.2 18.0 12.2
1670 MiTH -18.2 -10.6 -4.1 13.2 14.0 8.2
1671 Neon -14.8 -7.3 -0.6 9.2 10.0 4.2
1675 Empire -11.2 -3.5 3.3 5.2 6.0 0.2
1702 DK -7.7 -0.1 6.7 1.2 2.0 -3.8
1715 Poseidon -11.7 -4.1 2.7 5.7 6.6 0.2
1717 VP -8.0 -0.6 6.2 1.7 2.6 -3.8
1717 VP -3.7 3.0 9.6 -2.3 -1.4 -7.8
1729 Sigma.int -3.7 3.0 9.6 -2.3 -1.4 -7.8
1734 PR -0.2 6.6 13.3 -6.3 -5.4 -11.8
1741 VP 3.6 10.4 17.0 -10.3 -9.4 -15.8
1748 Idol -0.4 6.4 13.0 -6.0 -4.3 -10.8
1749 FD -4.4 2.4 9.0 -1.7 0.8 -5.4
1757 iG -0.9 6.0 12.9 -5.7 -3.2 -9.4
1759 FD 2.2 9.5 16.8 -9.7 -7.2 -13.4
1782 Mski 6.0 13.0 20.3 -13.7 -11.2 -17.4
1832 TR 9.4 16.2 23.7 -17.7 -15.2 -21.4
1835 iG 5.4 12.2 19.7 -13.8 -11.0 -16.8
1872 rox.KIS 1.4 8.2 15.7 -9.2 -6.2 -12.1
1882 Swage 5.1 12.1 18.4 -13.2 -10.2 -16.1
1891 Lowyat 1.1 8.1 14.4 -8.6 -5.6 -11.6
1902 Idol -2.9 4.1 10.4 -3.9 -1.0 -7.5
1922 VP -6.9 0.1 6.4 1.0 3.8 -3.1
1932 Empire -6.9 0.1 6.4 1.0 3.8 -3.1
1940 Na'Vi -10.9 -3.9 2.4 6.2 8.1 1.2
1980 Empire -7.5 0.3 6.9 2.2 4.1 -2.8
1994 Fnatic.eu -11.5 -3.7 2.9 6.7 8.1 1.1
2006 Empire -15.5 -7.7 -1.1 10.8 12.1 7.1
2030 Empire -12.0 -4.3 2.4 6.8 8.1 3.1
2038 SADBOYS -7.9 -0.1 5.7 2.8 4.1 -0.9
2046 Empire -4.4 3.4 9.3 -1.2 0.1 -4.9
2060 Fnatic.eu -8.4 -0.6 5.3 3.4 4.3 -0.9
2084 hehe -12.4 -4.6 1.3 8.0 9.1 3.6
2085 Next.kz -9.3 -1.6 6.0 4.0 5.1 -0.4
2092 Empire -13.3 -5.6 2.0 8.3 9.5 3.9
2103 JnRun -17.3 -9.6 -2.0 13.0 14.3 8.8
2150 VP -21.3 -13.6 -6.0 17.8 18.8 13.9
2184 Swage -25.3 -17.6 -10.0 22.4 22.5 19.0
2196 Dog -29.3 -21.6 -14.0 26.1 27.3 24.3
2206 Mski -29.3 -21.6 -14.0 26.1 27.3 24.3
2207 PR -33.3 -25.6 -18.0 30.6 31.9 28.6
2209 DT.NGC -37.3 -29.6 -22.0 35.9 37.0 32.9
2223 Sigma.int -33.5 -25.9 -18.1 31.9 33.0 28.9
2232 Relax -29.8 -22.9 -15.3 27.9 29.0 24.9
2246 Execration -25.9 -19.0 -12.4 23.9 25.0 20.9
