0 0 0.0 0.0 0.0 0.0 0.0 0.0
14 Alliance -4.0 -4.0 -4.0 4.7 4.7 4.1
16 Empire -8.0 -8.0 -8.0 9.3 9.6 9.1
22 Dignitas -4.5 -4.6 -4.4 5.3 5.6 5.1
33 Dignitas -8.5 -8.6 -8.4 9.5 9.3 9.5
36 Next.kz -8.5 -8.6 -8.4 9.5 9.3 9.5
37 mouz -12.5 -12.6 -12.4 14.2 13.3 13.8
46 GU.pe -9.0 -8.8 -8.4 10.2 9.3 9.8
47 VP -13.0 -12.8 -12.4 14.9 13.8 13.6
52 Fnatic.eu -17.0 -16.8 -16.4 19.0 18.1 17.9
54 4FC -14.4 -13.6 -12.9 15.0 14.1 13.9
55 mouz -10.6 -10.1 -9.1 11.0 10.1 9.9
63 EG -14.6 -14.1 -13.1 16.6 15.0 14.8
64 iM`Bashers -10.7 -10.3 -9.3 12.6 11.0 10.8
65 VnR.Alpha -7.0 -6.8 -5.9 8.6 7.0 6.8
67 Ptd.Bravo -11.0 -10.8 -9.9 13.3 12.2 11.4
72 Neo.int -15.0 -14.8 -13.9 18.2 17.6 16.3
76 eN.Legs -12.6 -11.6 -10.5 14.2 13.6 12.3
78 Fnatic.eu -16.6 -15.6 -14.5 18.9 18.2 16.9
83 s4 -20.6 -19.6 -18.5 22.7 23.4 22.3
84 Liquid -24.6 -23.6 -22.5 27.1 28.0 26.4
85 Fnatic.eu -21.3 -20.3 -19.1 23.1 24.0 22.4
90 VP -25.3 -24.3 -23.1 27.6 28.2 27.1
92 Ptd.Bravo -25.3 -24.3 -23.1 27.6 28.2 27.1
94 Fnatic.eu -21.6 -20.5 -19.2 23.6 24.2 23.1
103 Fnatic.eu -17.8 -17.0 -15.8 19.6 20.2 19.1
120 Na'Vi -14.4 -13.3 -12.0 15.6 16.2 15.1
122 mouz -10.9 -9.6 -8.5 11.6 12.2 11.1
131 Na'Vi -7.2 -5.9 -4.4 7.6 8.2 7.1
142 Alliance -11.2 -9.9 -8.4 12.8 13.0 11.8
144 mouz -15.2 -13.9 -12.4 18.2 18.0 16.7
145 Alliance -12.0 -10.6 -9.2 14.2 14.0 12.7
150 Fnatic.eu -12.0 -10.6 -9.2 14.2 14.0 12.7
152 Alliance -9.0 -7.4 -6.0 10.2 10.0 8.7
158 WH?Dota2 -9.0 -7.4 -6.0 10.2 10.0 8.7
178 Dignitas -6.4 -4.1 -2.6 6.2 6.0 4.7
184 WH?Dota2 -3.2 -0.6 0.9 2.2 2.0 0.7
192 VP -7.2 -4.6 -3.1 7.0 6.3 4.8
199 Dignitas -11.2 -8.6 -7.1 12.1 11.4 9.9
200 VP -7.4 -5.0 -3.5 8.1 7.4 5.9
201 Orange -4.4 -1.7 4.4408920985e-16 4.1 3.4 1.9
203 Alliance -1.1 1.7 3.5 0.1 -0.6 -2.1
204 Fnatic.eu -5.1 -2.3 -0.5 4.3 3.8 2.3
214 Dignitas -1.5 1.6 3.4 0.3 -0.2 -1.7
222 Dignitas -1.5 1.6 3.4 0.3 -0.2 -1.7
247 Dignitas 1.2 5.0 7.0 -3.7 -4.2 -5.7
257 Liquid 4.5 8.5 10.6 -7.7 -8.2 -9.7
259 Liquid 7.6 11.8 14.1 -11.7 -12.2 -13.7
263 Prodota.ru 3.6 7.8 10.1 -7.7 -8.1 -9.7
265 Lounge 3.6 7.8 10.1 -7.7 -8.1 -9.7
267 mouz 7.0 11.6 14.0 -11.7 -12.1 -13.7
285 rox.KIS 10.0 14.8 17.4 -15.7 -16.1 -17.7
311 Quantic 6.0 10.8 13.4 -11.6 -11.4 -13.0
318 mouz 8.9 14.0 16.7 -15.6 -15.4 -17.0
320 EG 4.9 10.0 12.7 -11.1 -10.8 -12.6
329 RAT 8.0 13.8 16.6 -15.1 -14.8 -16.6
332 RStars 10.6 16.9 20.2 -19.1 -18.8 -20.6
335 VP 6.6 12.9 16.2 -14.3 -14.5 -16.2
336 MiTH 9.5 16.2 19.9 -18.3 -18.5 -20.2
343 Orange 5.5 12.2 15.9 -14.6 -14.4 -15.8
349 Quantic 8.5 15.5 19.6 -18.6 -18.4 -19.8
354 Alliance 12.3 19.1 23.2 -22.6 -22.4 -23.8
359 DK 8.3 15.1 19.2 -18.4 -17.8 -19.1
361 Orange 4.3 11.1 15.2 -13.7 -13.4 -14.8
381 RS 7.3 14.2 18.4 -17.7 -17.4 -18.8
386 TM 10.3 17.8 22.2 -21.7 -21.4 -22.8
391 mouz 14.1 21.2 25.6 -25.7 -25.4 -26.8
395 LGD.cn 17.4 24.4 28.9 -29.7 -29.4 -30.8
400 VP 13.4 20.4 24.9 -25.4 -24.6 -26.1
405 mouz 9.4 16.4 20.9 -20.8 -19.7 -21.2
411 Quantic 5.4 12.4 16.9 -15.4 -14.7 -16.5
422 Liquid 1.4 8.4 12.9 -10.8 -10.1 -12.1
434 EG 4.9 11.9 16.3 -14.8 -14.1 -16.1
436 EG 8.3 15.2 19.6 -18.8 -18.1 -20.1
458 EG 4.3 11.2 15.6 -14.2 -13.2 -15.6
478 rox.KIS 7.8 14.2 18.7 -18.2 -17.2 -19.6
490 paiN.int 10.5 17.3 22.1 -22.2 -21.2 -23.6
510 Fnatic.eu 6.5 13.3 18.1 -17.3 -16.5 -19.4
516 Quantic 10.0 17.1 22.2 -21.3 -20.5 -23.4
530 Orange 13.2 21.1 26.5 -25.3 -24.5 -27.4
539 Quantic 16.6 24.4 29.9 -29.3 -28.5 -31.4
548 Liquid 19.7 27.5 33.2 -33.3 -32.5 -35.4
556 Fnatic.eu 15.7 23.5 29.2 -28.4 -28.2 -31.4
559 mouz 19.1 27.2 33.1 -32.4 -32.2 -35.4
561 Orange 15.1 23.2 29.1 -27.8 -26.9 -30.1
563 iG 18.4 27.0 33.1 -31.8 -30.9 -34.1
565 Dignitas 14.4 23.0 29.1 -26.8 -26.4 -30.0
567 mouz 17.4 26.2 32.5 -30.8 -30.4 -34.0
570 VP 13.4 22.2 28.5 -26.8 -26.3 -29.8
583 iCCup 9.4 18.2 24.5 -22.4 -21.9 -25.7
586 EG 5.4 14.2 20.5 -17.8 -17.1 -21.0
594 mouz 8.6 17.5 24.0 -21.8 -21.1 -25.0
599 Na'Vi 12.1 20.5 26.9 -25.8 -25.1 -29.0
610 LGD.cn 15.9 23.8 30.2 -29.8 -29.1 -33.0
614 EG 19.4 27.2 33.8 -33.8 -33.1 -37.0
619 iG 15.4 23.2 29.8 -28.5 -28.0 -32.0
633 Liquid 19.0 26.8 33.6 -32.5 -32.0 -36.0
649 Fnatic.eu 22.4 30.2 37.2 -36.5 -36.0 -40.0
650 Fnatic.eu 18.4 26.2 33.2 -32.1 -31.4 -35.3
661 iG 14.4 22.2 29.2 -26.6 -26.4 -30.6
663 RS 10.4 18.2 25.2 -22.1 -21.5 -26.2
673 LGD.cn 13.4 21.5 28.7 -26.1 -25.5 -30.2
684 VP 17.2 25.1 32.5 -30.1 -29.5 -34.2
689 Kaipi 13.2 21.1 28.5 -25.8 -25.4 -30.0
709 Kaipi 16.2 24.2 31.8 -29.8 -29.4 -34.0
710 VP 19.4 27.3 35.0 -33.8 -33.4 -38.0
711 mouz 22.1 30.5 38.4 -37.8 -37.4 -42.0
724 Kaipi 25.6 34.2 42.2 -41.8 -41.4 -46.0
734 TongFu 28.6 37.5 45.6 -45.8 -45.4 -50.0
735 Dignitas 32.0 40.6 48.6 -49.8 -49.4 -54.0
743 Fnatic.eu 35.6 43.7 51.7 -53.8 -53.4 -58.0
756 Dignitas 31.6 39.7 47.7 -48.4 -48.6 -53.5
787 TongFu 34.8 43.6 51.8 -52.4 -52.6 -57.5
789 LGD.int 30.8 39.6 47.8 -48.0 -48.0 -53.1
790 AllStarsA 26.8 35.6 43.8 -43.3 -42.7 -48.1
794 DK 22.8 31.6 39.8 -39.1 -38.2 -43.8
804 TongFu 26.2 35.5 43.8 -43.1 -42.2 -47.8
805 Alliance 29.6 39.5 48.0 -47.1 -46.2 -51.8
834 Aspera 33.2 42.9 51.6 -51.1 -50.2 -55.8
840 TS 36.4 46.1 54.9 -55.1 -54.2 -59.8
846 Next.kz 39.5 49.4 58.3 -59.1 -58.2 -63.8
847 4FC 35.5 45.4 54.3 -54.5 -53.1 -58.5
849 Poseidon 38.8 48.8 58.0 -58.5 -57.1 -62.5
854 Life 34.8 44.8 54.0 -53.9 -51.4 -57.0
863 Next.kz 30.8 40.8 50.0 -49.3 -46.4 -52.3
869 SFEC 26.8 36.8 46.0 -43.9 -41.5 -47.8
874 VP 30.1 40.0 49.5 -47.9 -45.5 -51.8
875 Imp 26.1 36.0 45.5 -43.1 -40.7 -47.2
882 rox.KIS 26.1 36.0 45.5 -43.1 -40.7 -47.2
895 Next.kz 29.6 39.7 49.1 -47.1 -44.7 -51.2
907 NoLove 33.2 43.5 53.1 -51.1 -48.7 -55.2
910 Empire 29.2 39.5 49.1 -47.0 -44.6 -51.1
912 Kaipi 25.2 35.5 45.1 -42.5 -39.7 -46.4
918 DUZA 21.2 31.5 41.1 -37.3 -35.2 -42.1
924 ONE.dota 24.5 35.0 45.1 -41.3 -39.2 -46.1
928 LGD.cn 20.5 31.0 41.1 -36.7 -34.5 -41.3
929 Dreamz 16.5 27.0 37.1 -32.0 -30.4 -37.3
939 Poseidon 19.3 30.4 40.8 -36.0 -34.4 -41.3
940 Next.kz 15.3 26.4 36.8 -30.6 -29.3 -36.4
942 Quantic 11.3 22.4 32.8 -26.1 -24.1 -31.5
955 DUZA 15.3 25.8 36.1 -30.1 -28.1 -35.5
962 iG 18.5 29.2 39.7 -34.1 -32.1 -39.5
966 TongFu 22.0 32.0 42.4 -38.1 -36.1 -43.5
973 DUZA 18.0 28.0 38.4 -33.2 -30.9 -38.4
984 nAra 14.0 24.0 34.4 -27.8 -25.6 -33.7
1003 Kaipi 17.2 28.0 38.6 -31.8 -29.6 -37.7
1011 Imp 13.2 24.0 34.6 -27.8 -24.7 -33.1
1013 Empire 13.2 24.0 34.6 -27.8 -24.7 -33.1
1014 Na'Vi 9.2 20.0 30.6 -23.0 -20.5 -29.1
1026 PBS 12.6 24.0 34.5 -27.0 -24.5 -33.1
1033 LGD.cn 16.2 27.5 38.0 -31.0 -28.5 -37.1
1038 Aspera 12.2 23.5 34.0 -26.5 -24.0 -32.5
1054 TR 15.9 26.9 37.4 -30.5 -28.0 -36.5
1058 UR 11.9 22.9 33.4 -25.6 -23.4 -32.2
1084 Arcanys 7.9 18.9 29.4 -21.2 -17.6 -26.6
1100 Aspera 11.9 21.8 32.2 -25.2 -21.6 -30.6
1103 FD 11.9 21.8 32.2 -25.2 -21.6 -30.6
1107 Rain 7.9 17.8 28.2 -20.0 -16.8 -26.0
1128 TakeFive 11.1 22.2 32.9 -24.0 -20.8 -30.0
1134 PR 7.1 18.2 28.9 -19.7 -16.8 -26.0
1142 SYF 10.6 21.4 32.0 -23.7 -20.8 -30.0
1154 Alliance 10.6 21.4 32.0 -23.7 -20.8 -30.0
1166 CSW 14.1 24.3 34.9 -27.7 -24.8 -34.0
1180 Empire 10.1 20.3 30.9 -22.5 -20.3 -29.9
1182 Fnatic.eu 14.0 23.3 33.8 -26.5 -24.3 -33.9
1187 StayFree 10.0 19.3 29.8 -21.6 -19.1 -28.4
1193 Speed 6.0 15.3 25.8 -17.1 -14.0 -23.3
1201 Aspera 2.0 11.3 21.8 -12.3 -9.3 -19.0
1219 NoX -2.0 7.3 17.8 -7.5 -4.6 -14.6
1236 Speed -2.0 7.3 17.8 -7.5 -4.6 -14.6
1249 Alliance -6.0 3.3 13.8 -3.5 -0.5 -10.4
1254 Startale -6.0 3.3 13.8 -3.5 -0.5 -10.4
1260 Sigma.int -10.0 -0.7 9.8 0.7 4.0 -6.0
1277 Mski -14.0 -4.7 5.8 5.3 7.8 -2.4
1280 MiTH -14.0 -4.7 5.8 5.3 7.8 -2.4
1289 Titan -18.0 -8.7 1.8 10.4 12.8 2.5
1295 Fnatic.eu -22.0 -12.7 -2.2 15.3 17.5 6.9
1311 Sleisel -26.0 -16.7 -6.2 19.3 21.8 11.1
1320 Orange -22.3 -13.9 -3.6 15.3 17.8 7.1
1349 Alliance -26.3 -17.9 -7.6 19.2 21.9 11.5
1374 VP -22.8 -14.1 -3.9 15.2 17.9 7.5
1378 Imp -20.0 -10.6 -0.2 11.2 13.9 3.5
1387 LGD.cn -16.9 -7.4 3.1 7.2 9.9 -0.5
1392 EG -14.0 -4.0 6.5 3.2 5.9 -4.5
1394 LGD.cn -10.4 0.1 10.4 -0.8 1.9 -8.5
1395 iG -7.0 2.9 13.3 -4.8 -2.1 -12.5
1398 Alliance -11.0 -1.1 9.3 -0.2 2.5 -7.9
1409 Liquid -15.0 -5.1 5.3 4.8 7.5 -3.1
1420 FD -11.5 -2.2 8.5 0.8 3.5 -7.1
1422 EG -15.5 -6.2 4.5 4.8 7.8 -2.8
1435 mouz -12.0 -3.1 7.5 0.8 3.8 -6.8
1444 Fnatic.eu -16.0 -7.1 3.5 5.2 7.8 -2.9
1469 Alliance -16.0 -7.1 3.5 5.2 7.8 -2.9
1486 Sigma.int -20.0 -11.1 -0.5 9.4 12.8 2.2
1491 Fnatic.eu -16.8 -7.7 3.2 5.4 8.8 -1.8
1502 DK -13.5 -3.7 7.4 1.4 4.8 -5.8
1504 Sigma.int -10.5 -0.5 10.7 -2.6 0.8 -9.8
1505 Na'Vi -14.5 -4.5 6.7 1.8 5.2 -5.7
1509 Speed -11.1 -0.9 10.4 -2.2 1.2 -9.7
1516 DK -15.1 -4.9 6.4 2.0 6.3 -4.6
1517 Speed -12.0 -1.8 9.6 -2.0 2.3 -8.6
1532 Poseidon -16.0 -5.8 5.6 3.2 7.6 -3.9
1536 Hearts -12.3 -2.7 8.7 -0.8 3.6 -7.9
1555 Mski -8.6 1.2 12.6 -4.8 -0.4 -11.9
1556 LGD.cn -5.1 4.8 16.3 -8.8 -4.4 -15.9
1559 Na'Vi -5.1 4.8 16.3 -8.8 -4.4 -15.9
1563 FL -2.1 7.8 19.7 -12.8 -8.4 -19.9
1564 Mski 1.4 10.7 22.6 -16.8 -12.4 -23.9
1570 SSD -2.6 6.7 18.6 -12.8 -7.9 -19.2
1575 iG -6.6 2.7 14.6 -8.4 -3.5 -14.8
1577 MVP.P -3.3 5.6 17.4 -12.4 -7.5 -18.8
1588 LGD.cn -7.3 1.6 13.4 -8.1 -1.7 -12.5
1591 VG -11.3 -2.4 9.4 -4.0 2.6 -8.2
1592 VG -7.6 1.3 13.3 -8.0 -1.4 -12.2
1596 Kawai -11.6 -2.7 9.3 -3.7 3.1 -7.5
1601 SSD -8.3 0.2 12.2 -7.7 -0.9 -11.5
1606 CSW -12.3 -3.8 8.2 -3.2 2.8 -7.6
1609 Empire -8.0 -0.3 11.6 -7.2 -1.2 -11.6
1610 VP -4.7 3.4 15.5 -11.2 -5.2 -15.6
1633 Startale -1.2 6.1 18.0 -15.2 -9.2 -19.6
1638 VG 1.8 10.4 22.7 -19.2 -13.2 -23.6
1640 FD 4.9 14.0 26.3 -23.2 -17.2 -27.6
1646 RRQ 0.9 10.0 22.3 -18.9 -12.3 -22.4
1649 VP 4.6 14.0 26.2 -22.9 -16.3 -26.4
1659 Alliance 0.6 10.0 22.2 -18.6 -11.6 -21.8
1670 MiTH 4.7 13.8 25.5 -22.6 -15.6 -25.8
1671 Neon 8.1 17.1 29.0 -26.6 -19.6 -29.8
1673 rox.KIS 10.9 20.4 32.7 -30.6 -23.6 -33.8
1675 Empire 14.5 24.2 36.6 -34.6 -27.6 -37.8
1680 Mski 17.8 27.1 39.5 -38.6 -31.6 -41.8
1702 DK 21.3 30.5 42.9 -42.6 -35.6 -45.8
1703 DK 17.3 26.5 38.9 -37.3 -30.7 -41.1
1715 Poseidon 13.3 22.5 34.9 -32.8 -26.1 -37.1
1717 VP 17.0 26.0 38.4 -36.8 -30.1 -41.1
1717 VP 21.3 29.6 41.8 -40.8 -34.1 -45.1
1729 Sigma.int 21.3 29.6 41.8 -40.8 -34.1 -45.1
1734 PR 24.8 33.2 45.5 -44.8 -38.1 -49.1
1741 VP 28.6 37.0 49.2 -48.8 -42.1 -53.1
1748 Idol 24.6 33.0 45.2 -44.5 -37.0 -48.1
1749 FD 20.6 29.0 41.2 -40.2 -31.9 -42.7
1757 iG 24.1 32.6 45.1 -44.2 -35.9 -46.7
1759 FD 27.2 36.1 49.0 -48.2 -39.9 -50.7
1775 RRQ 23.2 32.1 45.0 -42.6 -35.0 -46.2
1782 Mski 27.0 35.6 48.5 -46.6 -39.0 -50.2
1810 TR 23.0 31.6 44.5 -41.8 -33.8 -45.0
1816 TongFu 19.0 27.6 40.5 -36.2 -28.7 -40.6
1824 Empire 22.2 30.8 44.0 -40.2 -32.7 -44.6
1832 TR 25.6 34.0 47.4 -44.2 -36.7 -48.6
1835 iG 21.6 30.0 43.4 -40.3 -32.5 -44.0
1872 rox.KIS 17.6 26.0 39.4 -35.7 -27.7 -39.3
1882 Swage 21.3 29.9 42.1 -39.7 -31.7 -43.3
1888 SMM 24.5 32.8 45.2 -43.7 -35.7 -47.3
1891 Lowyat 20.5 28.8 41.2 -39.1 -31.1 -42.8
1902 Idol 16.5 24.8 37.2 -34.4 -26.5 -38.7
1922 VP 12.5 20.8 33.2 -29.5 -21.7 -34.3
1932 Empire 12.5 20.8 33.2 -29.5 -21.7 -34.3
1940 Na'Vi 8.5 16.8 29.2 -24.3 -17.4 -30.0
1942 VP 11.9 19.7 32.1 -28.3 -21.4 -34.0
1966 Speed 14.7 23.0 35.8 -32.3 -25.4 -38.0
1969 hehe 17.6 26.4 39.5 -36.3 -29.4 -42.0
1974 bvd.dotA 13.6 22.4 35.5 -31.1 -24.5 -38.7
1977 Empire 9.6 18.4 31.5 -26.2 -19.6 -34.2
1980 Empire 13.0 22.6 36.0 -30.2 -23.6 -38.2
1993 Liquid 16.1 26.0 39.7 -34.2 -27.6 -42.2
1994 Fnatic.eu 12.1 22.0 35.7 -29.7 -23.6 -38.3
2000 UG 8.1 18.0 31.7 -24.6 -18.7 -32.9
2006 Empire 4.1 14.0 27.7 -20.5 -14.7 -26.9
2011 PR 0.1 10.0 23.7 -14.9 -10.0 -22.4
2030 Empire 3.6 13.4 27.2 -18.9 -14.0 -26.4
2036 Zephyr 6.6 16.7 30.7 -22.9 -18.0 -30.4
2038 SADBOYS 10.7 20.9 34.0 -26.9 -22.0 -34.4
2046 Empire 14.2 24.4 37.6 -30.9 -26.0 -38.4
2060 Fnatic.eu 10.2 20.4 33.6 -26.3 -21.8 -34.4
2084 hehe 6.2 16.4 29.6 -21.7 -17.0 -29.9
2085 Next.kz 9.3 19.4 34.3 -25.7 -21.0 -33.9
2092 Empire 5.3 15.4 30.3 -21.4 -16.6 -29.6
2103 JnRun 1.3 11.4 26.3 -16.7 -11.8 -24.7
2105 Mongolz 4.8 15.0 28.8 -20.7 -15.8 -28.7
2122 4FC 8.1 18.2 31.7 -24.7 -19.8 -32.7
2142 MVP.P 11.6 21.0 34.5 -28.7 -23.8 -36.7
2150 VP 7.6 17.0 30.5 -23.9 -19.3 -31.6
2151 Insane 3.6 13.0 26.5 -19.1 -14.2 -26.3
2168 Dignotoss 6.5 16.6 30.3 -23.1 -18.2 -30.3
2183 4N 2.5 12.6 26.3 -18.2 -13.3 -25.6
2184 Swage -1.5 8.6 22.3 -13.6 -9.6 -20.5
2196 Dog -5.5 4.6 18.3 -9.9 -4.8 -15.2
2206 Mski -5.5 4.6 18.3 -9.9 -4.8 -15.2
2207 PR -9.5 0.6 14.3 -5.4 -0.2 -10.9
2209 DT.NGC -13.5 -3.4 10.3 -0.1 4.9 -6.6
2223 Sigma.int -9.7 0.3 14.2 -4.1 0.9 -10.6
2232 Relax -6.0 3.3 17.0 -8.1 -3.1 -14.6
2246 Execration -2.1 7.2 19.9 -12.1 -7.1 -18.6
2250 Execration -6.1 3.2 15.9 -7.2 -2.1 -14.1
2272 Arrow -3.1 6.8 19.9 -11.2 -6.1 -18.1
2287 VG -7.1 2.8 15.9 -5.6 -0.5 -14.4
