0 0 0.0 0.0 0.0 0.0 0.0 0.0
14 Alliance -4.0 -4.0 -4.0 4.7 4.7 4.1
15 Fnatic -0.5 -0.5 -1.5 0.7 0.7 0.1
16 Empire -4.5 -4.5 -5.5 5.3 5.6 5.1
17 Turtle -1.9 -2.0 -2.7 1.3 1.6 1.1
22 Dignitas 1.6 1.4 0.9 -2.7 -2.4 -2.9
28 Quantic -2.4 -2.6 -3.1 3.9 4.7 3.7
33 Dignitas -6.4 -6.6 -7.1 8.1 8.4 8.1
34 EG -10.4 -10.6 -11.1 16.3 15.3 14.6
36 Next.kz -10.4 -10.6 -11.1 16.3 15.3 14.6
37 mouz -14.4 -14.6 -15.1 21.0 19.3 18.9
39 VP -18.4 -18.6 -19.1 26.9 25.4 24.4
42 Liquid -22.4 -22.6 -23.1 32.6 31.0 29.3
45 Quantic -20.4 -20.2 -20.8 28.6 27.0 25.3
46 GU.pe -16.9 -16.4 -16.8 24.6 23.0 21.3
47 VP -20.9 -20.4 -20.8 29.3 27.5 25.1
52 Fnatic.eu -24.9 -24.4 -24.8 33.4 31.8 29.4
54 4FC -22.3 -21.2 -21.3 29.4 27.8 25.4
55 mouz -18.5 -17.7 -17.5 25.4 23.8 21.4
57 Dignitas -16.8 -15.5 -15.1 21.4 19.8 17.4
63 EG -20.8 -19.5 -19.1 27.0 24.7 22.3
64 iM`Bashers -16.9 -15.7 -15.3 23.0 20.7 18.3
65 VnR.Alpha -13.2 -12.2 -11.9 19.0 16.7 14.3
67 Ptd.Bravo -17.2 -16.2 -15.9 23.7 21.9 18.9
69 Dignitas -14.5 -13.4 -13.1 19.7 17.9 14.9
70 Quantic -11.4 -10.6 -9.9 15.7 13.9 10.9
72 Neo.int -15.4 -14.6 -13.9 20.6 19.3 15.8
74 Dignitas -19.4 -18.6 -17.9 27.3 25.4 21.9
76 eN.Legs -17.0 -15.4 -14.5 23.3 21.4 17.9
77 VnR.Alpha -14.4 -13.5 -11.8 19.3 17.4 13.9
78 Fnatic.eu -18.4 -17.5 -15.8 24.0 22.0 18.5
79 Na'Vi -15.4 -14.5 -12.9 20.0 18.0 14.5
80 Liquid -19.4 -18.5 -16.9 27.5 25.9 20.6
81 Neo.int -16.9 -16.5 -14.6 23.5 21.9 16.6
82 Orange -20.9 -20.5 -18.6 31.2 29.5 23.8
83 s4 -24.9 -24.5 -22.6 35.0 34.7 29.2
84 Liquid -28.9 -28.5 -26.6 39.4 39.3 33.3
85 Fnatic.eu -25.6 -25.2 -23.2 35.4 35.3 29.3
88 Liquid -29.6 -29.2 -27.2 41.1 40.9 34.5
90 VP -33.6 -33.2 -31.2 45.6 45.1 39.2
91 Liquid -30.3 -30.3 -28.4 41.6 41.1 35.2
92 Ptd.Bravo -30.3 -30.3 -28.4 41.6 41.1 35.2
94 Fnatic.eu -26.6 -26.5 -24.5 37.6 37.1 31.2
96 Empire -24.4 -24.2 -22.0 33.6 33.1 27.2
99 VP -21.7 -21.3 -18.8 29.6 29.1 23.2
100 Liquid -19.6 -19.1 -16.4 25.6 25.1 19.2
101 3D -17.2 -16.1 -13.3 21.6 21.1 15.2
102 Dignitas -21.2 -20.1 -17.3 27.0 26.6 20.8
103 Fnatic.eu -17.4 -16.6 -13.9 23.0 22.6 16.8
105 Liquid -14.7 -13.9 -11.0 19.0 18.6 12.8
106 Dignitas -12.4 -11.4 -8.2 15.0 14.6 8.8
107 iM`Bashers -10.2 -8.5 -5.3 11.0 10.6 4.8
111 Fnatic.eu -8.2 -6.0 -2.7 7.0 6.6 0.8
114 Fnatic.eu -12.2 -10.0 -6.7 13.0 12.2 6.6
120 Na'Vi -8.8 -6.3 -2.9 9.0 8.2 2.6
122 mouz -5.3 -2.6 0.6 5.0 4.2 -1.4
125 Empire -2.8 -4.88498130835e-15 3.4 1.0 0.2 -5.4
126 rox.KIS -6.8 -4.0 -0.6 8.2 7.3 0.6
131 Na'Vi -3.1 -0.3 3.5 4.2 3.3 -3.4
132 Alliance -7.1 -4.3 -0.5 12.8 10.0 3.1
137 Na'Vi -4.4 -1.4 2.3 8.8 6.0 -0.9
140 CastersEN -8.4 -5.4 -1.7 13.6 11.6 4.9
141 mouz -6.0 -2.8 1.0 9.6 7.6 0.9
142 Alliance -10.0 -6.8 -3.0 14.8 12.4 5.6
144 mouz -14.0 -10.8 -7.0 20.2 17.4 10.5
145 Alliance -10.8 -7.5 -3.8 16.2 13.4 6.5
146 Liquid -8.4 -5.0 -1.0 12.2 9.4 2.5
147 4FC -12.4 -9.0 -5.0 17.7 14.9 8.2
148 Empire -9.7 -6.1 -1.9 13.7 10.9 4.2
150 Fnatic.eu -9.7 -6.1 -1.9 13.7 10.9 4.2
152 Alliance -6.7 -2.9 1.3 9.7 6.9 0.2
153 Liquid -10.7 -6.9 -2.7 16.5 14.4 7.8
154 VP -8.2 -4.5 -0.3 12.5 10.4 3.8
155 iG -6.2 -2.2 2.2 8.5 6.4 -0.2
157 Fnatic.eu -3.9 0.1 4.5 4.5 2.4 -4.2
158 WH?Dota2 -3.9 0.1 4.5 4.5 2.4 -4.2
159 VP -7.9 -3.9 0.5 12.5 9.5 1.8
161 Empire -11.9 -7.9 -3.5 18.1 15.0 7.2
163 Lounge -9.3 -5.2 -0.6 14.1 11.0 3.2
166 Fnatic.eu -7.3 -3.1 1.7 10.1 7.0 -0.8
173 VP -5.3 -0.8 4.2 6.1 3.0 -4.8
176 Alliance -2.9 2.1 7.3 2.1 -1.0 -8.8
178 Dignitas -0.3 5.4 10.7 -1.9 -5.0 -12.8
182 Empire 2.1 8.1 13.6 -5.9 -9.0 -16.8
183 Fnatic.eu -1.9 4.1 9.6 1.6 -2.5 -10.5
184 WH?Dota2 1.3 7.6 13.1 -2.4 -6.5 -14.5
187 VP -2.7 3.6 9.1 4.6 1.24344978758e-14 -8.6
188 LGD.cn -6.7 -0.4 5.1 9.6 5.3 -3.3
189 Dignitas -10.7 -4.4 1.1 16.3 11.6 2.5
190 Alliance -14.7 -8.4 -2.9 22.1 17.1 8.0
191 Liquid -18.7 -12.4 -6.9 27.2 22.6 13.4
192 VP -22.7 -16.4 -10.9 32.0 26.9 17.5
193 VP -26.7 -20.4 -14.9 37.5 32.2 22.6
195 Dignitas -30.7 -24.4 -18.9 43.1 38.5 30.3
199 Dignitas -34.7 -28.4 -22.9 48.2 43.6 35.4
200 VP -30.9 -24.8 -19.3 44.2 39.6 31.4
201 Orange -27.9 -21.5 -15.8 40.2 35.6 27.4
202 Alliance -25.3 -18.8 -13.0 36.2 31.6 23.4
203 Alliance -22.0 -15.4 -9.5 32.2 27.6 19.4
204 Fnatic.eu -26.0 -19.4 -13.5 36.4 32.0 23.8
205 Fnatic.eu -30.0 -23.4 -17.5 42.2 37.8 29.5
210 LGD.cn -27.1 -20.8 -14.9 38.2 33.8 25.5
211 Liquid -24.5 -17.8 -11.7 34.2 29.8 21.5
212 Dignitas -28.5 -21.8 -15.7 40.3 36.0 27.5
214 Dignitas -24.9 -17.9 -11.8 36.3 32.0 23.5
215 Liquid -22.6 -15.4 -9.3 32.3 28.0 19.5
216 Liquid -26.6 -19.4 -13.3 39.7 34.8 26.2
217 DK -23.2 -16.5 -10.5 35.7 30.8 22.2
218 Fnatic.eu -21.0 -14.4 -8.3 31.7 26.8 18.2
222 Dignitas -21.0 -14.4 -8.3 31.7 26.8 18.2
230 VP -18.8 -11.9 -5.6 27.7 22.8 14.2
232 Alliance -16.1 -9.0 -2.5 23.7 18.8 10.2
238 rox.KIS -13.5 -6.3 0.4 19.7 14.8 6.2
243 Alliance -11.1 -3.7 3.2 15.7 10.8 2.2
244 Alliance -9.2 -1.5 5.9 11.7 6.8 -1.8
247 Dignitas -6.5 1.9 9.5 7.7 2.8 -5.8
249 Fnatic.eu -3.5 4.7 12.4 3.7 -1.2 -9.8
250 Alliance -7.5 0.7 8.4 10.9 6.1 -3.1
252 VP -11.5 -3.3 4.4 17.7 12.0 2.4
254 EG -15.5 -7.3 0.4 25.5 19.3 8.9
257 Liquid -12.2 -3.8 4.0 21.5 15.3 4.9
259 Liquid -9.1 -0.5 7.5 17.5 11.3 0.9
261 Liquid -6.8 2.1 10.2 13.5 7.3 -3.1
263 Prodota.ru -10.8 -1.9 6.2 17.5 11.4 0.9
264 Lounge -14.8 -5.9 2.2 23.1 16.8 6.2
265 Lounge -14.8 -5.9 2.2 23.1 16.8 6.2
267 mouz -11.4 -2.1 6.1 19.1 12.8 2.2
269 EG -15.4 -6.1 2.1 25.2 18.4 7.6
281 EG -19.4 -10.1 -1.9 33.3 25.4 13.8
284 Liquid -17.3 -7.7 0.7 29.3 21.4 9.8
285 rox.KIS -14.3 -4.5 4.1 25.3 17.4 5.8
289 Dignitas -12.4 -2.2 6.5 21.3 13.4 1.8
290 Na'Vi -10.2 0.1 9.0 17.3 9.4 -2.2
292 rox.KIS -14.2 -3.9 5.0 25.7 16.8 4.6
295 Quantic -18.2 -7.9 1.0 30.6 22.3 10.1
296 Quantic -15.3 -4.8 4.2 26.6 18.3 6.1
299 rox.KIS -13.3 -2.7 6.4 22.6 14.3 2.1
302 EG -11.4 -0.5 8.9 18.6 10.3 -1.9
303 QPandas -15.4 -4.5 4.9 24.8 16.0 3.3
305 mouz -13.4 -2.3 7.3 20.8 12.0 -0.7
307 rox.KIS -17.4 -6.3 3.3 29.1 18.6 5.0
308 Quantic -21.4 -10.3 -0.7 34.9 23.6 9.7
311 Quantic -25.4 -14.3 -4.7 39.0 28.3 14.4
312 mouz -29.4 -18.3 -8.7 44.6 33.8 20.0
313 mouz -33.4 -22.3 -12.7 51.1 40.1 25.9
318 mouz -30.5 -19.1 -9.4 47.1 36.1 21.9
320 EG -34.5 -23.1 -13.4 51.6 40.7 26.3
323 TongFu -38.5 -27.1 -17.4 57.1 46.2 31.8
325 RS -36.0 -24.2 -14.4 53.1 42.2 27.8
328 4FC -40.0 -28.2 -18.4 59.4 48.3 33.6
329 RAT -36.9 -24.4 -14.5 55.4 44.3 29.6
332 RStars -34.3 -21.3 -10.9 51.4 40.3 25.6
335 VP -38.3 -25.3 -14.9 56.2 44.6 30.0
336 MiTH -35.4 -22.0 -11.2 52.2 40.6 26.0
339 RStars -33.1 -18.9 -8.0 48.2 36.6 22.0
342 Alliance -30.3 -16.4 -5.4 44.2 32.6 18.0
343 Orange -34.3 -20.4 -9.4 47.9 36.7 22.4
347 Orange -38.3 -24.4 -13.4 56.2 43.1 28.2
349 Quantic -35.3 -21.1 -9.7 52.2 39.1 24.2
351 Alliance -33.3 -18.9 -7.4 48.2 35.1 20.2
354 Alliance -29.5 -15.3 -3.8 44.2 31.1 16.2
359 DK -33.5 -19.3 -7.8 48.4 35.7 20.9
361 Orange -37.5 -23.3 -11.8 53.1 40.1 25.2
363 Alliance -35.4 -21.2 -9.7 49.1 36.1 21.2
365 rox.KIS -39.4 -25.2 -13.7 57.4 43.4 27.5
370 iCCup -37.1 -22.5 -10.7 53.4 39.4 23.5
374 Dignitas -41.1 -26.5 -14.7 58.9 44.8 28.4
380 4FC -38.4 -23.5 -11.5 54.9 40.8 24.4
381 RS -35.4 -20.4 -8.3 50.9 36.8 20.4
382 Fnatic.eu -39.4 -24.4 -12.3 59.3 43.9 26.8
385 Alliance -37.1 -21.4 -8.7 55.3 39.9 22.8
386 TM -34.1 -17.8 -4.9 51.3 35.9 18.8
391 mouz -30.3 -14.4 -1.5 47.3 31.9 14.8
394 MX -28.1 -12.0 1.2 43.3 27.9 10.8
395 LGD.cn -24.8 -8.8 4.5 39.3 23.9 6.8
397 rox.KIS -22.3 -6.7 6.7 35.3 19.9 2.8
400 VP -26.3 -10.7 2.7 39.6 24.7 7.5
402 DK -30.3 -14.7 -1.3 45.7 32.0 14.6
405 mouz -34.3 -18.7 -5.3 50.3 36.9 19.5
407 PR -32.5 -16.4 -2.5 46.3 32.9 15.5
411 Quantic -36.5 -20.4 -6.5 51.7 37.9 20.2
412 mouz -34.6 -18.3 -4.2 47.7 33.9 16.2
420 Na'Vi -38.6 -22.3 -8.2 54.7 39.3 21.1
422 Liquid -42.6 -26.3 -12.2 59.3 43.9 25.5
423 Quantic -40.0 -23.7 -9.4 55.3 39.9 21.5
426 Artyk -38.1 -21.3 -6.6 51.3 35.9 17.5
429 Liquid -35.5 -18.8 -4.0 47.3 31.9 13.5
434 EG -32.0 -15.3 -0.6 43.3 27.9 9.5
436 EG -28.6 -12.0 2.7 39.3 23.9 5.5
440 Orange -26.6 -9.5 5.4 35.3 19.9 1.5
454 Kaipi -30.6 -13.5 1.4 41.9 25.5 6.6
455 EG -27.8 -10.5 4.4 37.9 21.5 2.6
456 Fnatic.eu -31.8 -14.5 0.4 43.9 27.6 8.3
458 EG -35.8 -18.5 -3.6 48.5 32.5 12.8
460 Kaipi -39.8 -22.5 -7.6 54.9 38.3 18.3
463 VP -37.1 -20.0 -4.9 50.9 34.3 14.3
467 Na'Vi -35.3 -17.9 -2.6 46.9 30.3 10.3
470 mouz -32.6 -15.2 0.3 42.9 26.3 6.3
477 mouz -29.9 -12.2 3.4 38.9 22.3 2.3
478 rox.KIS -26.4 -9.2 6.5 34.9 18.3 -1.7
482 Smeagol -24.6 -6.9 8.9 30.9 14.3 -5.7
487 Kaipi -22.4 -4.3 11.8 26.9 10.3 -9.7
490 paiN.int -19.7 -1.2 15.2 22.9 6.3 -13.7
496 TongFu -17.7 1.2 17.8 18.9 2.3 -17.7
497 DK -21.7 -2.8 13.8 24.4 7.5 -12.7
500 Liquid -25.7 -6.8 9.8 30.6 14.5 -6.0
501 eLPride -29.7 -10.8 5.8 36.2 20.9 0.5
509 Keita -26.7 -8.4 8.1 32.2 16.9 -3.5
510 Fnatic.eu -30.7 -12.4 4.1 37.1 21.6 0.7
511 Alliance -28.6 -10.1 6.6 33.1 17.6 -3.3
516 Quantic -25.1 -6.3 10.7 29.1 13.6 -7.3
518 Alliance -23.1 -3.9 13.3 25.1 9.6 -11.3
519 FSid3 -21.1 -1.5 16.0 21.1 5.6 -15.3
530 Orange -17.9 2.5 20.3 17.1 1.6 -19.3
534 EG -15.1 5.3 23.0 13.1 -2.4 -23.3
539 Quantic -11.7 8.6 26.4 9.1 -6.4 -27.3
540 EG -9.1 11.1 29.0 5.1 -10.4 -31.3
543 VP -6.5 13.4 31.6 1.1 -14.4 -35.3
546 Orange -4.0 15.5 33.7 -2.9 -18.4 -39.3
548 Liquid -0.9 18.6 37.0 -6.9 -22.4 -43.3
556 Fnatic.eu -4.9 14.6 33.0 -2.0 -18.1 -39.3
559 mouz -1.5 18.3 36.9 -6.0 -22.1 -43.3
561 Orange -5.5 14.3 32.9 -1.4 -16.8 -38.0
563 iG -2.2 18.1 36.9 -5.4 -20.8 -42.0
564 EG -6.2 14.1 32.9 1.5 -14.2 -35.9
565 Dignitas -10.2 10.1 28.9 6.5 -9.7 -31.8
567 mouz -7.2 13.3 32.3 2.5 -13.7 -35.8
568 Liquid -4.5 15.9 35.0 -1.5 -17.7 -39.8
570 VP -8.5 11.9 31.0 2.5 -13.6 -35.6
571 DK -12.5 7.9 27.0 9.9 -6.5 -28.8
575 TongFu -16.5 3.9 23.0 15.4 -1.2 -23.8
577 rox.KIS -14.5 6.0 25.5 11.4 -5.2 -27.8
579 Alliance -11.8 8.8 28.5 7.4 -9.2 -31.8
581 LGD.cn -9.4 11.6 31.6 3.4 -13.2 -35.8
583 iCCup -13.4 7.6 27.6 7.8 -8.8 -31.7
584 Alliance -11.4 10.1 30.3 3.8 -12.8 -35.7
586 EG -15.4 6.1 26.3 8.4 -8.0 -31.0
588 Zenith -19.4 2.1 22.3 15.8 -0.4 -24.1
589 Alliance -17.4 4.2 24.7 11.8 -4.4 -28.1
591 LGD.cn -14.7 7.1 27.7 7.8 -8.4 -32.1
593 Quantic -12.2 9.6 30.3 3.8 -12.4 -36.1
594 mouz -9.0 12.9 33.8 -0.2 -16.4 -40.1
596 mouz -6.2 15.9 36.7 -4.2 -20.4 -44.1
599 Na'Vi -2.7 18.9 39.6 -8.2 -24.4 -48.1
610 LGD.cn 1.1 22.2 42.9 -12.2 -28.4 -52.1
611 Denial 3.1 24.6 45.6 -16.2 -32.4 -56.1
612 Na'Vi 6.3 27.5 48.4 -20.2 -36.4 -60.1
613 Fnatic.eu 9.1 30.3 51.2 -24.2 -40.4 -64.1
614 EG 12.6 33.7 54.8 -28.2 -44.4 -68.1
616 TongFu 14.4 35.9 57.4 -32.2 -48.4 -72.1
619 iG 10.4 31.9 53.4 -26.9 -43.3 -67.1
620 DK 6.4 27.9 49.4 -22.3 -37.7 -61.0
622 Fnatic.eu 8.7 30.0 51.5 -26.3 -41.7 -65.0
625 TongFu 4.7 26.0 47.5 -20.6 -36.6 -60.3
629 LGD.cn 0.7 22.0 43.5 -13.7 -29.3 -53.5
630 iG 2.7 24.1 45.8 -17.7 -33.3 -57.5
633 Liquid 6.3 27.7 49.6 -21.7 -37.3 -61.5
634 Na'Vi 9.2 30.5 52.4 -25.7 -41.3 -65.5
638 Na'Vi 11.9 33.1 55.1 -29.7 -45.3 -69.5
639 4FC 15.2 35.9 57.9 -33.7 -49.3 -73.5
641 mouz 17.3 38.5 60.7 -37.7 -53.3 -77.5
643 iG 19.6 40.6 63.0 -41.7 -57.3 -81.5
646 Fnatic.eu 22.0 42.7 65.2 -45.7 -61.3 -85.5
649 Fnatic.eu 25.4 46.1 68.8 -49.7 -65.3 -89.5
650 Fnatic.eu 21.4 42.1 64.8 -45.3 -60.7 -84.8
652 DK 17.4 38.1 60.8 -39.4 -55.1 -79.4
654 DK 19.4 40.7 64.0 -43.4 -59.1 -83.4
661 iG 15.4 36.7 60.0 -37.9 -54.1 -78.7
663 RS 11.4 32.7 56.0 -33.4 -49.2 -74.3
665 Orange 13.8 35.3 59.0 -37.4 -53.2 -78.3
666 LGD.cn 16.1 38.0 61.9 -41.4 -57.2 -82.3
669 iNfernity 18.4 40.6 65.1 -45.4 -61.2 -86.3
673 LGD.cn 21.4 43.9 68.6 -49.4 -65.2 -90.3
675 EG 17.4 39.9 64.6 -43.0 -59.0 -84.4
680 Liquid 13.4 35.9 60.6 -36.4 -52.3 -78.7
681 Quantic 9.4 31.9 56.6 -29.7 -46.4 -73.3
682 mouz 5.4 27.9 52.6 -23.4 -40.5 -68.0
683 rox.KIS 1.4 23.9 48.6 -17.0 -34.8 -62.8
684 VP 5.2 27.5 52.4 -21.0 -38.8 -66.8
685 mouz 7.8 30.5 55.7 -25.0 -42.8 -70.8
687 VP 3.8 26.5 51.7 -19.4 -37.6 -65.7
688 VP 5.8 28.6 54.1 -23.4 -41.6 -69.7
689 Kaipi 1.8 24.6 50.1 -19.1 -37.5 -65.5
690 EG 3.7 27.0 52.7 -23.1 -41.5 -69.5
691 Liquid 5.9 29.4 55.3 -27.1 -45.5 -73.5
695 Alliance 7.9 31.6 57.7 -31.1 -49.5 -77.5
701 VG 3.9 27.6 53.7 -25.0 -43.3 -71.7
704 EG -0.1 23.6 49.7 -17.0 -36.3 -65.4
706 RS -4.1 19.6 45.7 -11.5 -31.0 -60.2
709 Kaipi -1.1 22.7 49.0 -15.5 -35.0 -64.2
710 VP 2.1 25.8 52.2 -19.5 -39.0 -68.2
711 mouz 4.8 29.0 55.6 -23.5 -43.0 -72.2
714 Dreamz 7.7 31.7 58.5 -27.5 -47.0 -76.2
716 mouz 9.8 34.1 61.2 -31.5 -51.0 -80.2
717 mouz 12.7 37.1 64.3 -35.5 -55.0 -84.2
724 Kaipi 16.2 40.8 68.1 -39.5 -59.0 -88.2
726 RS 12.2 36.8 64.1 -32.6 -52.0 -81.9
734 TongFu 15.2 40.1 67.5 -36.6 -56.0 -85.9
735 Dignitas 18.6 43.2 70.5 -40.6 -60.0 -89.9
737 Na'Vi 20.8 45.6 73.1 -44.6 -64.0 -93.9
743 Fnatic.eu 24.4 48.7 76.2 -48.6 -68.0 -97.9
744 Alliance 26.9 51.3 79.0 -52.6 -72.0 -101.9
750 Orange 29.5 54.4 82.2 -56.6 -76.0 -105.9
756 Dignitas 25.5 50.4 78.2 -51.2 -71.2 -101.4
762 Na'Vi 27.6 52.4 80.4 -55.2 -75.2 -105.4
772 DK 23.6 48.4 76.4 -49.7 -69.3 -100.0
774 TongFu 19.6 44.4 72.4 -43.1 -63.1 -94.3
775 Liquid 22.5 47.3 75.4 -47.1 -67.1 -98.3
782 iG 25.0 50.0 78.3 -51.1 -71.1 -102.3
785 LGD.cn 27.0 52.3 80.8 -55.1 -75.1 -106.3
787 TongFu 30.2 56.2 84.9 -59.1 -79.1 -110.3
788 Dignitas 32.6 58.6 87.5 -63.1 -83.1 -114.3
789 LGD.int 28.6 54.6 83.5 -58.7 -78.5 -109.9
790 AllStarsA 24.6 50.6 79.5 -54.0 -73.2 -104.9
792 Fnatic.eu 27.2 53.1 82.2 -58.0 -77.2 -108.9
794 DK 23.2 49.1 78.2 -53.8 -72.7 -104.6
801 Orange 25.9 52.1 81.4 -57.8 -76.7 -108.6
802 iG 28.0 54.4 84.0 -61.8 -80.7 -112.6
804 TongFu 31.4 58.3 88.0 -65.8 -84.7 -116.6
805 Alliance 34.8 62.3 92.2 -69.8 -88.7 -120.6
806 Orange 30.8 58.3 88.2 -62.7 -82.5 -114.9
808 Alliance 33.2 61.1 91.1 -66.7 -86.5 -118.9
817 Lounge 35.2 63.1 93.4 -70.7 -90.5 -122.9
827 TS 31.2 59.1 89.4 -65.6 -83.6 -116.4
834 Aspera 34.8 62.5 93.0 -69.6 -87.6 -120.4
835 Poseidon 37.7 65.0 95.4 -73.6 -91.6 -124.4
836 Poseidon 39.5 67.1 97.8 -77.6 -95.6 -128.4
837 Next.kz 35.5 63.1 93.8 -71.8 -89.3 -122.4
840 TS 38.7 66.3 97.1 -75.8 -93.3 -126.4
846 Next.kz 41.8 69.6 100.5 -79.8 -97.3 -130.4
847 4FC 37.8 65.6 96.5 -75.2 -92.2 -125.1
848 DUZA 33.8 61.6 92.5 -68.3 -85.7 -119.3
849 Poseidon 37.1 65.0 96.2 -72.3 -89.7 -123.3
854 Life 33.1 61.0 92.2 -67.7 -84.0 -117.8
855 Imp 35.3 63.3 94.7 -71.7 -88.0 -121.8
858 FSid3 37.2 65.3 97.1 -75.7 -92.0 -125.8
861 Aspera 39.5 67.3 99.2 -79.7 -96.0 -129.8
863 Next.kz 35.5 63.3 95.2 -75.1 -91.0 -125.1
868 GxGaming 31.5 59.3 91.2 -70.1 -85.2 -119.7
869 SFEC 27.5 55.3 87.2 -64.7 -80.3 -115.2
874 VP 30.8 58.5 90.7 -68.7 -84.3 -119.2
875 Imp 26.8 54.5 86.7 -63.9 -79.5 -114.6
876 MSIEvoGT 28.8 56.8 89.4 -67.9 -83.5 -118.6
879 Empire 31.6 59.9 92.7 -71.9 -87.5 -122.6
882 rox.KIS 31.6 59.9 92.7 -71.9 -87.5 -122.6
887 MSIEvoGT 27.6 55.9 88.7 -65.5 -81.9 -117.4
890 GL.eu 29.9 58.6 91.6 -69.5 -85.9 -121.4
892 Kaipi 31.9 60.9 94.2 -73.5 -89.9 -125.4
894 Life 34.4 63.9 97.6 -77.5 -93.9 -129.4
895 Next.kz 37.9 67.6 101.2 -81.5 -97.9 -133.4
900 VP 33.9 63.6 97.2 -74.5 -91.3 -127.4
902 Kaipi 36.1 65.8 99.6 -78.5 -95.3 -131.4
904 SAfrica 32.1 61.8 95.6 -73.0 -89.8 -126.2
907 NoLove 35.7 65.6 99.6 -77.0 -93.8 -130.2
910 Empire 31.7 61.6 95.6 -72.9 -89.7 -126.1
912 Kaipi 27.7 57.6 91.6 -68.4 -84.8 -121.4
913 Joiker 23.7 53.6 87.6 -60.8 -77.8 -115.3
914 StayFree 26.0 56.0 90.4 -64.8 -81.8 -119.3
918 DUZA 22.0 52.0 86.4 -59.6 -77.3 -115.0
922 PR 18.0 48.0 82.4 -52.0 -70.4 -108.4
924 ONE.dota 21.3 51.5 86.4 -56.0 -74.4 -112.4
928 LGD.cn 17.3 47.5 82.4 -51.4 -69.7 -107.6
929 Dreamz 13.3 43.5 78.4 -46.7 -65.6 -103.6
930 MiTH 16.0 45.8 80.8 -50.7 -69.6 -107.6
932 Fnatic.eu 18.0 48.2 83.4 -54.7 -73.6 -111.6
933 Empire 20.3 50.5 85.9 -58.7 -77.6 -115.6
939 Poseidon 23.1 53.9 89.6 -62.7 -81.6 -119.6
940 Next.kz 19.1 49.9 85.6 -57.3 -76.5 -114.7
942 Quantic 15.1 45.9 81.6 -52.8 -71.3 -109.8
948 Empire 17.3 48.2 84.1 -56.8 -75.3 -113.8
955 DUZA 21.3 51.6 87.4 -60.8 -79.3 -117.8
961 Life 23.5 54.5 90.7 -64.8 -83.3 -121.8
962 iG 26.7 57.9 94.3 -68.8 -87.3 -125.8
966 TongFu 30.2 60.7 97.0 -72.8 -91.3 -129.8
970 Joiker 33.0 63.6 100.1 -76.8 -95.3 -133.8
971 iG 35.0 66.1 102.9 -80.8 -99.3 -137.8
973 DUZA 31.0 62.1 98.9 -75.9 -94.1 -132.7
974 Fnatic.eu 33.8 64.5 101.4 -79.9 -98.1 -136.7
979 PR 36.4 66.8 103.8 -83.9 -102.1 -140.7
984 nAra 32.4 62.8 99.8 -78.5 -96.8 -136.0
985 Inv.kwnku 34.2 64.9 102.2 -82.5 -100.8 -140.0
994 Next.kz 30.2 60.9 98.2 -76.5 -95.1 -134.6
995 Inv.kwnku 31.9 63.0 100.8 -80.5 -99.1 -138.6
996 rox.KIS 34.6 65.4 103.3 -84.5 -103.1 -142.6
998 Mski 37.7 68.2 106.3 -88.5 -107.1 -146.6
999 Empire 39.6 70.6 109.0 -92.5 -111.1 -150.6
1003 Kaipi 42.8 74.6 113.2 -96.5 -115.1 -154.6
1007 rox.KIS 45.9 77.5 116.3 -100.5 -119.1 -158.6
1010 Aspera 41.9 73.5 112.3 -93.1 -112.1 -152.0
1011 Imp 37.9 69.5 108.3 -89.1 -107.2 -147.4
1013 Empire 37.9 69.5 108.3 -89.1 -107.2 -147.4
1014 Na'Vi 33.9 65.5 104.3 -84.3 -103.0 -143.4
1015 StayFree 35.6 67.9 107.0 -88.3 -107.0 -147.4
1019 Empire 37.5 70.3 109.7 -92.3 -111.0 -151.4
1023 VG 39.5 72.5 111.9 -96.3 -115.0 -155.4
1024 LGD.cn 41.8 74.5 113.9 -100.3 -119.0 -159.4
1026 PBS 45.2 78.5 117.8 -104.3 -123.0 -163.4
1027 Next.kz 41.2 74.5 113.8 -98.2 -115.4 -156.1
1029 rox.KIS 43.8 77.6 117.1 -102.2 -119.4 -160.1
1031 Empire 46.6 80.3 119.9 -106.2 -123.4 -164.1
1033 LGD.cn 50.2 83.8 123.4 -110.2 -127.4 -168.1
1036 4FC 46.2 79.8 119.4 -104.1 -121.4 -162.7
1038 Aspera 42.2 75.8 115.4 -99.6 -116.9 -158.1
1044 Quantic 44.2 78.4 118.1 -103.6 -120.9 -162.1
1049 Dreamz 46.1 80.6 120.6 -107.6 -124.9 -166.1
1053 Kaipi 42.1 76.6 116.6 -102.0 -119.5 -160.8
1054 TR 45.8 80.0 120.0 -106.0 -123.5 -164.8
1058 UR 41.8 76.0 116.0 -101.1 -118.9 -160.5
1060 LGD.int 44.0 78.3 118.5 -105.1 -122.9 -164.5
1069 Poseidon 40.0 74.3 114.5 -98.3 -115.4 -157.0
1078 VP 42.3 76.6 117.0 -102.3 -119.4 -161.0
1080 SYF 44.8 78.6 119.1 -106.3 -123.4 -165.0
1084 Arcanys 40.8 74.6 115.1 -101.9 -117.6 -159.4
1086 MVP 36.8 70.6 111.1 -96.6 -112.0 -153.9
1093 Lowyat 32.8 66.6 107.1 -90.8 -106.2 -148.4
1094 DK 35.1 69.2 110.1 -94.8 -110.2 -152.4
1099 rox.KIS 37.3 71.5 112.6 -98.8 -114.2 -156.4
1100 Aspera 41.3 74.4 115.4 -102.8 -118.2 -160.4
1103 FD 41.3 74.4 115.4 -102.8 -118.2 -160.4
1107 Rain 37.3 70.4 111.4 -97.6 -113.4 -155.8
1110 bvd.dotA 39.4 72.8 114.2 -101.6 -117.4 -159.8
1113 Imp 41.3 75.5 117.3 -105.6 -121.4 -163.8
1116 NJ&Kids 37.3 71.5 113.3 -100.5 -115.1 -157.6
1119 FD 33.3 67.5 109.3 -93.7 -108.7 -151.7
1127 EG 35.6 70.0 112.1 -97.7 -112.7 -155.7
1128 TakeFive 38.8 74.4 116.8 -101.7 -116.7 -159.7
1134 PR 34.8 70.4 112.8 -97.4 -112.7 -155.7
1138 CSW 37.5 73.4 116.1 -101.4 -116.7 -159.7
1139 VT 39.5 75.8 118.8 -105.4 -120.7 -163.7
1140 SYM 35.5 71.8 114.8 -99.3 -114.1 -157.2
1142 SYF 39.0 75.0 117.9 -103.3 -118.1 -161.2
1145 Fnatic.eu 41.7 77.3 120.3 -107.3 -122.1 -165.2
1148 HR 43.4 79.5 122.9 -111.3 -126.1 -169.2
1150 Speed 45.4 82.7 126.6 -115.3 -130.1 -173.2
1154 Alliance 45.4 82.7 126.6 -115.3 -130.1 -173.2
1160 Na'Vi 41.4 78.7 122.6 -107.3 -124.6 -168.2
1164 Titan 37.4 74.7 118.6 -100.4 -116.5 -160.3
1166 CSW 40.9 77.6 121.5 -104.4 -120.5 -164.3
1170 VG 43.0 79.7 123.8 -108.4 -124.5 -168.3
1180 Empire 39.0 75.7 119.8 -103.2 -120.0 -164.2
1182 Fnatic.eu 42.9 78.7 122.7 -107.2 -124.0 -168.2
1186 iG 45.1 81.5 125.5 -111.2 -128.0 -172.2
1187 StayFree 41.1 77.5 121.5 -106.3 -122.8 -166.7
1193 Speed 37.1 73.5 117.5 -101.8 -117.7 -161.6
1198 Aspera 40.1 76.4 120.6 -105.8 -121.7 -165.6
1201 Aspera 36.1 72.4 116.6 -101.0 -117.0 -161.3
1207 mouz 32.1 68.4 112.6 -94.7 -110.7 -155.4
1209 MiTH 28.1 64.4 108.6 -87.7 -104.4 -149.6
1211 mouz 24.1 60.4 104.6 -82.0 -99.1 -144.5
1212 Fnatic.eu 26.0 62.6 107.1 -86.0 -103.1 -148.5
1214 VG 22.0 58.6 103.1 -79.8 -95.8 -141.7
1218 CSW 18.0 54.6 99.1 -73.4 -90.0 -136.5
1219 NoX 14.0 50.6 95.1 -68.6 -85.3 -132.1
1227 Empire 15.8 52.8 97.5 -72.6 -89.3 -136.1
1229 StayFree 11.8 48.8 93.5 -65.9 -83.7 -131.3
1234 VG 13.7 51.0 96.1 -69.9 -87.7 -135.3
1236 Speed 13.7 51.0 96.1 -69.9 -87.7 -135.3
1244 Sigma.int 15.4 53.6 99.4 -73.9 -91.7 -139.3
1246 Liquid 18.0 56.4 102.4 -77.9 -95.7 -143.3
1249 Alliance 14.0 52.4 98.4 -73.9 -91.6 -139.1
1254 Startale 14.0 52.4 98.4 -73.9 -91.6 -139.1
1255 Empire 16.0 54.5 100.7 -77.9 -95.6 -143.1
1259 Sigma.int 18.0 57.2 103.7 -81.9 -99.6 -147.1
1260 Sigma.int 14.0 53.2 99.7 -77.7 -95.1 -142.7
1261 mouz 10.0 49.2 95.7 -69.7 -89.2 -137.2
1265 Fnatic.eu 6.0 45.2 91.7 -61.6 -81.7 -130.6
1270 MiTH 8.7 47.5 94.3 -65.6 -85.7 -134.6
1271 SYF 11.0 50.1 97.4 -69.6 -89.7 -138.6
1272 iG 13.0 52.6 100.2 -73.6 -93.7 -142.6
1277 Mski 9.0 48.6 96.2 -69.0 -89.9 -139.0
1280 MiTH 9.0 48.6 96.2 -69.0 -89.9 -139.0
1281 Speed 11.8 51.6 99.4 -73.0 -93.9 -143.0
1286 LGD.int 13.9 54.2 102.1 -77.0 -97.9 -147.0
1289 Titan 9.9 50.2 98.1 -71.9 -92.9 -142.1
1290 Lowyat 5.9 46.2 94.1 -65.8 -87.3 -136.7
1291 PR 9.3 48.8 96.8 -69.8 -91.3 -140.7
1295 Fnatic.eu 5.3 44.8 92.8 -64.9 -86.6 -136.3
1297 EG 7.7 47.1 95.4 -68.9 -90.6 -140.3
1298 Titan 10.4 50.1 98.8 -72.9 -94.6 -144.3
1300 4FC 12.4 52.2 101.2 -76.9 -98.6 -148.3
1302 DK 14.6 54.7 103.9 -80.9 -102.6 -152.3
1304 Empire 18.0 57.6 106.6 -84.9 -106.6 -156.3
1309 4FC 20.2 59.5 108.7 -88.9 -110.6 -160.3
1311 Sleisel 16.2 55.5 104.7 -84.9 -106.3 -156.1
1312 Arteezy 18.2 57.5 106.9 -88.9 -110.3 -160.1
1313 EG 14.2 53.5 102.9 -83.3 -104.4 -154.7
1320 Orange 17.9 56.3 105.5 -87.3 -108.4 -158.7
1337 Startale 20.4 58.7 108.2 -91.3 -112.4 -162.7
1349 Alliance 16.4 54.7 104.2 -87.4 -108.3 -158.3
1350 Fnatic.eu 12.4 50.7 100.2 -81.8 -102.4 -152.3
1358 VP 8.4 46.7 96.2 -75.9 -96.8 -147.0
1363 Speed 10.5 48.7 98.6 -79.9 -100.8 -151.0
1374 VP 14.0 52.5 102.3 -83.9 -104.8 -155.0
1378 Imp 16.8 56.0 106.0 -87.9 -108.8 -159.0
1385 Na'Vi 12.8 52.0 102.0 -81.8 -103.6 -154.3
1387 LGD.cn 15.9 55.2 105.3 -85.8 -107.6 -158.3
1392 EG 18.8 58.6 108.7 -89.8 -111.6 -162.3
1393 Fnatic.eu 22.1 61.3 111.4 -93.8 -115.6 -166.3
1394 LGD.cn 25.7 65.4 115.3 -97.8 -119.6 -170.3
1395 iG 29.1 68.2 118.2 -101.8 -123.6 -174.3
1398 Alliance 25.1 64.2 114.2 -97.2 -119.0 -169.7
1400 VP 27.0 66.4 116.8 -101.2 -123.0 -173.7
1402 Liquid 29.1 68.6 119.1 -105.2 -127.0 -177.7
1406 EG 25.1 64.6 115.1 -96.7 -119.7 -171.6
1409 Liquid 21.1 60.6 111.1 -91.7 -114.7 -166.8
1420 FD 24.6 63.5 114.3 -95.7 -118.7 -170.8
1422 EG 20.6 59.5 110.3 -91.7 -114.4 -166.5
1433 iG 16.6 55.5 106.3 -84.7 -108.4 -161.2
1434 MiTH 19.7 58.3 109.1 -88.7 -112.4 -165.2
1435 mouz 23.2 61.4 112.1 -92.7 -116.4 -169.2
1437 Liquid 25.2 63.6 114.5 -96.7 -120.4 -173.2
1440 Alliance 27.7 66.3 117.5 -100.7 -124.4 -177.2
1444 Fnatic.eu 23.7 62.3 113.5 -96.3 -120.4 -173.3
1445 Speed 25.5 64.7 116.2 -100.3 -124.4 -177.3
1446 mouz 21.5 60.7 112.2 -93.0 -118.1 -171.5
1448 MiTH 17.5 56.7 108.2 -86.8 -111.3 -165.1
1453 Liquid 19.9 59.4 111.0 -90.8 -115.3 -169.1
1467 Sigma.int 15.9 55.4 107.0 -85.8 -109.7 -163.6
1469 Alliance 15.9 55.4 107.0 -85.8 -109.7 -163.6
1471 Mts 11.9 51.4 103.0 -77.0 -103.1 -158.2
1472 rox.KIS 7.9 47.4 99.0 -68.6 -97.1 -153.0
1484 DK 9.8 49.6 101.5 -72.6 -101.1 -157.0
1485 EG 5.8 45.6 97.5 -65.3 -94.4 -150.6
1486 Sigma.int 1.8 41.6 93.5 -61.1 -89.4 -145.5
1487 VG 3.9 44.0 96.2 -65.1 -93.4 -149.5
1491 Fnatic.eu 7.1 47.4 99.9 -69.1 -97.4 -153.5
1493 Sigma.int 3.1 43.4 95.9 -64.2 -91.8 -147.9
1496 Sigma.int 5.0 45.7 98.6 -68.2 -95.8 -151.9
1502 DK 8.3 49.7 102.8 -72.2 -99.8 -155.9
1503 Speed 10.8 51.8 105.2 -76.2 -103.8 -159.9
1504 Sigma.int 13.8 55.0 108.5 -80.2 -107.8 -163.9
1505 Na'Vi 9.8 51.0 104.5 -75.8 -103.4 -159.8
1509 Speed 13.2 54.6 108.2 -79.8 -107.4 -163.8
1514 Fnatic.eu 9.2 50.6 104.2 -73.9 -101.6 -157.9
1516 DK 5.2 46.6 100.2 -69.7 -96.5 -152.8
1517 Speed 8.3 49.7 103.4 -73.7 -100.5 -156.8
1519 Orange 11.6 52.3 106.0 -77.7 -104.5 -160.8
1520 Titan 14.2 54.8 108.6 -81.7 -108.5 -164.8
1522 Next.kz 10.2 50.8 104.6 -75.3 -102.3 -159.2
1525 mouz 13.0 53.5 107.4 -79.3 -106.3 -163.2
1526 TongFu3 15.4 56.0 110.2 -83.3 -110.3 -167.2
1532 Poseidon 11.4 52.0 106.2 -78.1 -105.0 -162.5
1535 Venum 13.4 54.5 109.0 -82.1 -109.0 -166.5
1536 Hearts 17.1 57.6 112.1 -86.1 -113.0 -170.5
1539 Next.kz 19.8 59.9 114.5 -90.1 -117.0 -174.5
1540 Next.kz 22.4 62.6 117.5 -94.1 -121.0 -178.5
1541 PR 18.4 58.6 113.5 -87.4 -114.9 -173.0
1542 rox.KIS 20.7 61.1 116.4 -91.4 -118.9 -177.0
1543 Fnatic.eu 23.3 63.5 118.9 -95.4 -122.9 -181.0
1555 Mski 27.0 67.4 122.8 -99.4 -126.9 -185.0
1556 LGD.cn 30.5 71.0 126.5 -103.4 -130.9 -189.0
1558 FD 26.5 67.0 122.5 -97.8 -125.9 -184.3
1559 Na'Vi 26.5 67.0 122.5 -97.8 -125.9 -184.3
1561 Na'Vi 29.2 69.5 125.1 -101.8 -129.9 -188.3
1563 FL 32.2 72.5 128.5 -105.8 -133.9 -192.3
1564 Mski 35.7 75.4 131.4 -109.8 -137.9 -196.3
1565 NSG 31.7 71.4 127.4 -105.1 -132.0 -190.4
1569 Next.kz 27.7 67.4 123.4 -99.0 -125.2 -184.1
1570 SSD 23.7 63.4 119.4 -95.0 -120.7 -179.4
1571 PR 26.5 66.1 122.2 -99.0 -124.7 -183.4
1575 iG 22.5 62.1 118.2 -94.6 -120.3 -179.0
1577 MVP.P 25.8 65.0 121.0 -98.6 -124.3 -183.0
1584 SSD 28.2 67.8 123.9 -102.6 -128.3 -187.0
1588 LGD.cn 24.2 63.8 119.9 -98.3 -122.5 -180.7
1591 VG 20.2 59.8 115.9 -94.2 -118.2 -176.4
1592 VG 23.9 63.5 119.8 -98.2 -122.2 -180.4
1595 Idol 19.9 59.5 115.8 -92.1 -114.3 -172.3
1596 Kawai 15.9 55.5 111.8 -87.8 -109.8 -167.6
1601 SSD 19.2 58.4 114.7 -91.8 -113.8 -171.6
1605 VG 21.6 61.3 117.9 -95.8 -117.8 -175.6
1606 CSW 17.6 57.3 113.9 -91.3 -114.1 -171.7
1609 Empire 21.9 60.8 117.3 -95.3 -118.1 -175.7
1610 VP 25.2 64.5 121.2 -99.3 -122.1 -179.7
1615 Speed 28.1 67.3 124.3 -103.3 -126.1 -183.7
1617 Siltherin 30.1 69.6 126.9 -107.3 -130.1 -187.7
1619 XctN 32.4 72.2 129.7 -111.3 -134.1 -191.7
1622 Aspera 28.4 68.2 125.7 -105.2 -127.7 -185.7
1630 Na'Vi 31.0 70.5 128.2 -109.2 -131.7 -189.7
1632 Fnatic.eu 27.0 66.5 124.2 -103.5 -125.9 -183.9
1633 Startale 30.5 69.2 126.7 -107.5 -129.9 -187.9
1635 VG 26.5 65.2 122.7 -102.4 -122.7 -180.2
1638 VG 29.5 69.5 127.4 -106.4 -126.7 -184.2
1639 Fnatic.eu 25.5 65.5 123.4 -100.6 -120.9 -179.0
1640 FD 28.6 69.1 127.0 -104.6 -124.9 -183.0
1643 VG 31.0 72.2 130.4 -108.6 -128.9 -187.0
1644 iG 27.0 68.2 126.4 -102.6 -123.4 -181.7
1645 RRQ 29.4 70.5 128.8 -106.6 -127.4 -185.7
1646 RRQ 25.4 66.5 124.8 -102.3 -122.5 -180.5
1647 MiTH 21.4 62.5 120.8 -96.6 -117.3 -176.0
1649 VP 25.1 66.5 124.7 -100.6 -121.3 -180.0
1650 VP 27.0 68.7 126.9 -104.6 -125.3 -184.0
1655 RRQ 29.5 70.6 128.8 -108.6 -129.3 -188.0
1659 Alliance 25.5 66.6 124.8 -104.3 -124.6 -183.4
1661 Alliance 28.2 69.4 127.8 -108.3 -128.6 -187.4
1666 Lowyat 24.2 65.4 123.8 -101.6 -122.9 -182.3
1670 MiTH 28.3 69.2 127.1 -105.6 -126.9 -186.3
1671 Neon 31.7 72.5 130.6 -109.6 -130.9 -190.3
1673 rox.KIS 34.5 75.8 134.3 -113.6 -134.9 -194.3
1675 Empire 38.1 79.6 138.2 -117.6 -138.9 -198.3
1680 Mski 41.4 82.5 141.1 -121.6 -142.9 -202.3
1702 DK 44.9 85.9 144.5 -125.6 -146.9 -206.3
1703 DK 40.9 81.9 140.5 -120.3 -142.0 -201.6
1704 Alliance 43.6 84.6 143.4 -124.3 -146.0 -205.6
1710 Speed 39.6 80.6 139.4 -118.2 -139.8 -199.7
1710 Speed 35.6 76.6 135.4 -111.7 -133.3 -193.8
1715 Poseidon 31.6 72.6 131.4 -106.0 -127.9 -188.5
1715 Poseidon 27.6 68.6 127.4 -101.5 -123.3 -184.5
1716 rox.KIS 30.0 71.3 130.2 -105.5 -127.3 -188.5
1716 rox.KIS 32.6 73.9 133.1 -109.5 -131.3 -192.5
1717 VP 36.3 77.4 136.6 -113.5 -135.3 -196.5
1717 VP 40.6 81.0 140.0 -117.5 -139.3 -200.5
1718 Fnatic.eu 36.6 77.0 136.0 -111.1 -132.4 -194.7
1718 Fnatic.eu 32.6 73.0 132.0 -104.2 -125.8 -188.9
1729 Sigma.int 32.6 73.0 132.0 -104.2 -125.8 -188.9
1732 rox.KIS 28.6 69.0 128.0 -98.3 -118.5 -181.6
1734 PR 32.1 72.6 131.7 -102.3 -122.5 -185.6
1737 MiTH 28.1 68.6 127.7 -97.4 -116.4 -179.8
1739 5inQ 24.1 64.6 123.7 -89.6 -108.6 -173.4
1740 LGD.cn 20.1 60.6 119.7 -83.2 -103.0 -168.6
1741 VP 23.9 64.4 123.4 -87.2 -107.0 -172.6
1748 Idol 19.9 60.4 119.4 -82.9 -101.9 -167.6
1749 FD 15.9 56.4 115.4 -78.6 -96.8 -162.2
1756 TongFu 11.9 52.4 111.4 -70.8 -89.9 -156.5
1757 iG 15.4 56.0 115.3 -74.8 -93.9 -160.5
1759 FD 18.5 59.5 119.2 -78.8 -97.9 -164.5
1767 rox.KIS 21.2 62.6 122.7 -82.8 -101.9 -168.5
1769 XctN 17.2 58.6 118.7 -77.8 -96.2 -163.0
1770 5inQ 18.9 61.2 121.7 -81.8 -100.2 -167.0
1775 RRQ 14.9 57.2 117.7 -76.2 -95.3 -162.5
1778 FSid3 10.9 53.2 113.7 -70.2 -88.7 -156.0
1782 Mski 14.7 56.7 117.2 -74.2 -92.7 -160.0
1787 Sigma.int 17.2 59.2 119.8 -78.2 -96.7 -164.0
1789 Na'Vi 20.1 61.9 122.6 -82.2 -100.7 -168.0
1794 Mski 16.1 57.9 118.6 -77.1 -95.1 -162.7
1796 Titan 18.6 60.6 121.2 -81.1 -99.1 -166.7
1798 OsG 20.9 63.3 124.0 -85.1 -103.1 -170.7
1799 VP 16.9 59.3 120.0 -76.4 -96.4 -164.9
1810 TR 12.9 55.3 116.0 -71.6 -91.2 -159.7
1813 DK 15.2 57.8 118.7 -75.6 -95.2 -163.7
1816 TongFu 11.2 53.8 114.7 -70.0 -90.1 -159.3
1818 FD 13.4 55.9 116.8 -74.0 -94.1 -163.3
1819 rox.KIS 15.8 58.2 119.3 -78.0 -98.1 -167.3
1824 Empire 19.0 61.4 122.8 -82.0 -102.1 -171.3
1830 mouz 21.2 63.6 125.0 -86.0 -106.1 -175.3
1832 TR 24.6 66.8 128.4 -90.0 -110.1 -179.3
1835 iG 20.6 62.8 124.4 -86.1 -105.9 -174.7
1838 Titan 16.6 58.8 120.4 -79.8 -99.2 -168.2
1843 iG 18.6 61.2 123.0 -83.8 -103.2 -172.2
1844 VG 14.6 57.2 119.0 -78.0 -98.2 -167.5
1854 SSD 10.6 53.2 115.0 -71.1 -90.0 -159.7
1858 Empire 12.9 55.9 116.4 -75.1 -94.0 -163.7
1864 Revenge 15.2 58.4 119.2 -79.1 -98.0 -167.7
1869 FSid3 11.2 54.4 115.2 -71.3 -90.5 -161.4
1872 rox.KIS 7.2 50.4 111.2 -66.7 -85.7 -156.7
1873 PBS 3.2 46.4 107.2 -60.4 -79.1 -153.2
1880 VG -0.8 42.4 103.2 -53.8 -71.7 -146.1
1881 LGD.cn 2.5 46.2 105.1 -57.8 -75.7 -150.1
1882 Swage 6.2 50.1 107.8 -61.8 -79.7 -154.1
1888 SMM 9.4 53.0 110.9 -65.8 -83.7 -158.1
1890 LGD.cn 5.4 49.0 106.9 -59.3 -77.8 -152.6
1891 Lowyat 1.4 45.0 102.9 -54.7 -73.2 -148.1
1895 Fnatic.eu -2.6 41.0 98.9 -50.1 -69.3 -139.4
1896 XctN -6.6 37.0 94.9 -44.7 -63.4 -133.9
1897 Idol -10.6 33.0 90.9 -38.8 -57.4 -128.2
1899 LGD.cn -8.1 35.6 92.9 -42.8 -61.4 -132.2
1900 PBS -5.9 38.0 95.5 -46.8 -65.4 -136.2
1902 Idol -9.9 34.0 91.5 -42.1 -60.8 -132.1
1904 Mastery -13.9 30.0 87.5 -35.6 -54.5 -124.6
1905 Swage -17.9 26.0 83.5 -28.0 -47.8 -118.6
1907 EOT -15.0 29.3 85.8 -32.0 -51.8 -122.6
1908 Sigma.int -19.0 25.3 81.8 -27.1 -46.4 -117.0
1909 Mski -15.9 28.9 84.5 -31.1 -50.4 -121.0
1920 Mski -19.9 24.9 80.5 -22.8 -43.9 -115.0
1921 VP -17.4 27.3 82.8 -26.8 -47.9 -119.0
1922 VP -21.4 23.3 78.8 -21.9 -43.1 -114.6
1924 Sigma.int -19.1 26.0 80.5 -25.9 -47.1 -118.6
1926 PR -16.5 28.1 82.7 -29.9 -51.1 -122.6
1930 Alliance -14.4 30.2 85.1 -33.9 -55.1 -126.6
1931 Swage -18.4 26.2 81.1 -25.9 -47.8 -120.0
1932 Empire -18.4 26.2 81.1 -25.9 -47.8 -120.0
1933 Alliance -16.2 28.4 83.5 -29.9 -51.8 -124.0
1938 DK -13.7 31.1 86.4 -33.9 -55.8 -128.0
1940 Na'Vi -17.7 27.1 82.4 -28.7 -51.5 -123.7
1942 VP -14.3 30.0 85.3 -32.7 -55.5 -127.7
1946 PR -18.3 26.0 81.3 -26.1 -48.4 -121.1
1947 Relax -22.3 22.0 77.3 -19.1 -41.5 -115.0
1955 Life -19.5 25.5 79.0 -23.1 -45.5 -119.0
1962 Fnatic.eu -17.2 27.9 81.4 -27.1 -49.5 -123.0
1966 Speed -14.4 31.2 85.1 -31.1 -53.5 -127.0
1968 Denial -12.1 33.8 88.0 -35.1 -57.5 -131.0
1969 hehe -9.2 37.2 91.7 -39.1 -61.5 -135.0
1970 hehe -7.1 39.3 93.6 -43.1 -65.5 -139.0
1974 bvd.dotA -11.1 35.3 89.6 -37.9 -60.6 -135.7
1976 Relax -15.1 31.3 85.6 -32.7 -55.8 -128.7
1977 Empire -19.1 27.3 81.6 -27.8 -50.9 -124.2
1978 eHug -16.2 30.7 83.1 -31.8 -54.9 -128.2
1979 Empire -13.9 33.5 86.2 -35.8 -58.9 -132.2
1980 Empire -10.5 37.7 90.7 -39.8 -62.9 -136.2
1986 eHug -14.5 33.7 86.7 -33.7 -56.8 -130.3
1987 Empire -18.5 29.7 82.7 -27.4 -51.3 -122.3
1988 Liquid -22.5 25.7 78.7 -19.9 -44.7 -115.7
1993 Liquid -19.4 29.1 82.4 -23.9 -48.7 -119.7
1994 Fnatic.eu -23.4 25.1 78.4 -19.4 -44.7 -115.8
2000 UG -27.4 21.1 74.4 -14.3 -39.8 -110.4
2002 Swage -24.5 24.2 76.0 -18.3 -43.8 -114.4
2003 Empire -28.5 20.2 72.0 -12.1 -38.4 -105.9
2004 Empire -25.6 23.1 75.4 -16.1 -42.4 -109.9
2005 5inQ -23.0 26.0 76.9 -20.1 -46.4 -113.9
2006 Empire -27.0 22.0 72.9 -16.0 -42.4 -107.9
2008 SADBOYS -31.0 18.0 68.9 -8.7 -35.3 -100.8
2011 PR -35.0 14.0 64.9 -3.1 -30.6 -96.3
2013 Empire -32.7 16.3 67.2 -7.1 -34.6 -100.3
2025 D4D -29.6 19.5 69.5 -11.1 -38.6 -104.3
2026 Execration -27.6 21.8 72.1 -15.1 -42.6 -108.3
2030 Empire -24.1 25.2 75.6 -19.1 -46.6 -112.3
2031 Sigma.int -28.1 21.2 71.6 -12.7 -40.1 -105.7
2033 eHug -32.1 17.2 67.6 -6.2 -33.4 -99.1
2036 Zephyr -29.1 20.5 71.1 -10.2 -37.4 -103.1
2038 SADBOYS -25.0 24.7 74.4 -14.2 -41.4 -107.1
2039 Speed -29.0 20.7 70.4 -7.8 -35.0 -100.6
2043 Liquid -26.5 23.3 71.7 -11.8 -39.0 -104.6
2044 Arrow -24.2 26.1 73.1 -15.8 -43.0 -108.6
2046 Empire -20.7 29.6 76.7 -19.8 -47.0 -112.6
2057 Aura -18.5 32.0 79.3 -23.8 -51.0 -116.6
2060 Fnatic.eu -22.5 28.0 75.3 -19.2 -46.8 -112.6
2062 PR -26.5 24.0 71.3 -12.7 -40.6 -106.7
2069 VP -30.5 20.0 67.3 -6.4 -34.8 -100.7
2071 Cloud9 -27.4 23.4 69.4 -10.4 -38.8 -104.7
2072 About -31.4 19.4 65.4 -3.0 -31.7 -97.0
2078 Empire -28.9 22.0 67.4 -7.0 -35.7 -101.0
2084 hehe -32.9 18.0 63.4 -2.4 -30.9 -96.5
2085 Next.kz -29.8 21.0 68.1 -6.4 -34.9 -100.5
2086 PssT -33.8 17.0 64.1 0.9 -29.1 -91.9
2088 SADBOYS -30.7 20.7 66.5 -3.1 -33.1 -95.9
2091 Zephyr -27.9 23.6 69.6 -7.1 -37.1 -99.9
2092 Empire -31.9 19.6 65.6 -2.8 -32.7 -95.6
2094 Insane -35.9 15.6 61.6 5.0 -25.7 -89.4
2096 neXt! -39.9 11.6 57.6 10.8 -20.3 -85.0
2101 ZR -36.8 15.2 59.7 6.8 -24.3 -89.0
2103 JnRun -40.8 11.2 55.7 11.5 -19.5 -84.1
2105 Mongolz -37.3 14.8 58.2 7.5 -23.5 -88.1
2106 Panthers -34.8 17.5 61.3 3.5 -27.5 -92.1
2112 DUZA -32.3 20.1 63.9 -0.5 -31.5 -96.1
2114 VP -29.6 23.1 67.1 -4.5 -35.5 -100.1
2115 Mongolz -33.6 19.1 63.1 1.9 -28.7 -93.7
2122 4FC -30.3 22.3 66.0 -2.1 -32.7 -97.7
2124 neXt! -34.3 18.3 62.0 4.3 -25.8 -90.5
2126 ZR -32.1 20.6 64.1 0.3 -29.8 -94.5
2129 vhoul -29.6 23.3 65.9 -3.7 -33.8 -98.5
2135 rox.KIS -27.6 25.5 68.4 -7.7 -37.8 -102.5
2140 PssT -31.6 21.5 64.4 -0.3 -29.8 -95.2
2142 MVP.P -28.1 24.3 67.2 -4.3 -33.8 -99.2
2150 VP -32.1 20.3 63.2 0.5 -29.3 -94.1
2151 Insane -36.1 16.3 59.2 5.3 -24.2 -88.8
2154 ZR -40.1 12.3 55.2 11.0 -18.7 -83.9
2161 Osiris -44.1 8.3 51.2 18.8 -11.7 -80.0
2164 Puck -48.1 4.3 47.2 25.1 -4.7 -73.2
2166 DUZA -52.1 0.3 43.2 32.5 2.3 -66.7
2167 Scythe -49.3 3.5 44.9 28.5 -1.7 -70.7
2168 Dignotoss -46.4 7.1 48.7 24.5 -5.7 -74.7
2176 neXt! -50.4 3.1 44.7 30.9 0.0999999999999 -69.2
2179 PR -48.0 5.7 46.5 26.9 -3.9 -73.2
2180 Puck -52.0 1.7 42.5 33.8 2.2 -64.8
2182 MM -49.3 4.6 44.1 29.8 -1.8 -68.8
2183 4N -53.3 0.6 40.1 34.7 3.1 -64.1
2184 Swage -57.3 -3.4 36.1 39.3 6.8 -59.0
2186 RRQ -61.3 -7.4 32.1 45.0 11.8 -51.2
2189 Dignotoss -65.3 -11.4 28.1 49.8 16.4 -45.2
2191 Orange -63.2 -9.3 30.2 45.8 12.4 -49.2
2192 PR -67.2 -13.3 26.2 52.7 18.6 -44.0
2194 Zephyr -64.5 -10.5 28.5 48.7 14.6 -48.0
2196 Dog -68.5 -14.5 24.5 52.4 19.4 -42.7
2201 eN.Legs -66.3 -12.3 26.7 48.4 15.4 -46.7
2202 neXt! -63.9 -9.8 29.0 44.4 11.4 -50.7
2203 BIP -61.3 -6.8 30.7 40.4 7.4 -54.7
2206 Mski -61.3 -6.8 30.7 40.4 7.4 -54.7
2207 PR -65.3 -10.8 26.7 44.9 12.0 -50.4
2209 DT.NGC -69.3 -14.8 22.7 50.2 17.1 -46.1
2219 rox.KIS -73.3 -18.8 18.7 55.6 22.3 -41.0
2223 Sigma.int -69.5 -15.1 22.6 51.6 18.3 -45.0
2225 Empire -73.5 -19.1 18.6 57.3 25.7 -37.3
2230 Orange -71.3 -17.0 20.8 53.3 21.7 -41.3
2232 Relax -67.6 -14.0 23.6 49.3 17.7 -45.3
2233 CIS -64.9 -11.0 26.3 45.3 13.7 -49.3
2234 5inQ -62.3 -8.9 28.5 41.3 9.7 -53.3
2245 MYM -59.5 -5.9 31.8 37.3 5.7 -57.3
2246 Execration -55.6 -2.0 34.7 33.3 1.7 -61.3
2247 Cloud9 -52.4 1.7 36.7 29.3 -2.3 -65.3
2250 Execration -56.4 -2.3 32.7 34.2 2.7 -60.8
2252 FD -54.1 0.1 34.6 30.2 -1.3 -64.8
2254 Fnatic.eu -51.2 3.1 37.8 26.2 -5.3 -68.8
2255 rox.KIS -48.7 5.5 40.2 22.2 -9.3 -72.8
2258 Arrow -52.7 1.5 36.2 30.5 -2.5 -67.1
2259 VG -50.0 4.3 38.0 26.5 -6.5 -71.1
2263 Cloud9 -47.8 6.9 40.9 22.5 -10.5 -75.1
2270 RRQ -51.8 2.9 36.9 29.9 -3.2 -68.1
2272 Arrow -48.8 6.5 40.9 25.9 -7.2 -72.1
2281 Titan -46.2 8.6 42.9 21.9 -11.2 -76.1
2286 Cloud9 -43.5 11.2 46.4 17.9 -15.2 -80.1
2287 VG -47.5 7.2 42.4 23.5 -9.6 -76.4
2291 Na'Vi -45.1 9.6 45.5 19.5 -13.6 -80.4
