54 81 -4.0 -4.0 -4.0 2.5 2.0 2.3
257 317 8.8 6.0 4.5 -1.5 -2.0 -1.7
265 325 4.8 2.0 0.5 1.0 0.9 1.3
302 364 0.8 -2.0 -3.5 2.1 2.2 2.8
617 719 -3.2 -6.0 -7.5 4.2 4.0 4.7
688 811 -7.2 -10.0 -11.5 5.4 5.5 6.5
695 818 -6.0 -8.8 -10.0 1.4 1.5 2.5
798 930 -10.0 -12.8 -14.0 4.1 3.8 4.9
856 1001 -8.3 -10.8 -11.5 0.1 -0.2 0.9
927 1085 -7.5 -9.7 -10.1 -3.9 -4.2 -3.1
939 1097 -6.8 -8.8 -8.8 -7.9 -8.2 -7.1
944 1103 -3.1 -4.4 -4.6 -11.9 -12.2 -11.1
957 1119 3.7 2.0 1.3 -15.9 -16.2 -15.1
995 1161 5.5 4.0 3.3 -19.9 -20.2 -19.1
996 1165 1.5 0.0 -0.7 -9.4 -8.8 -9.0
1039 1209 -2.5 -4.0 -4.7 -2.4 -2.5 -3.2
1098 1280 -6.5 -8.0 -8.7 2.2 1.2 0.3
1185 1378 -10.5 -12.0 -12.7 5.0 4.7 4.0
1217 1420 -7.0 -9.1 -9.5 1.0 0.7 -1.7763568394e-15
1241 1447 1.2 -1.4 -2.3 -3.0 -3.3 -4.0
1302 1520 -2.8 -5.4 -6.3 -0.4 -0.8 -1.4
1338 1558 2.8 -0.4 -1.6 -4.4 -4.8 -5.4
1366 1589 3.8 0.7 -0.3 -8.4 -8.8 -9.4
1370 1593 4.5 1.7 1.0 -12.4 -12.8 -13.4
1371 1594 13.3 11.7 10.2 -16.4 -16.8 -17.4
1392 1618 14.9 13.4 12.3 -20.4 -20.8 -21.4
1398 1625 10.9 9.4 8.3 -11.3 -12.0 -13.7
1399 1626 11.8 10.6 9.7 -15.3 -16.0 -17.7
1413 1640 14.9 14.2 13.3 -19.3 -20.0 -21.7
1511 1749 19.2 19.3 18.7 -23.3 -24.0 -25.7
1520 1759 22.3 22.8 22.6 -27.3 -28.0 -29.7
1531 1773 24.4 24.6 24.6 -31.3 -32.0 -33.7
1539 1781 26.1 26.5 26.7 -35.3 -36.0 -37.7
1551 1794 22.1 22.5 22.7 -30.2 -30.4 -32.4
1565 1818 24.3 24.6 24.8 -34.2 -34.4 -36.4
1620 1877 25.9 26.3 26.1 -38.2 -38.4 -40.4
1651 1910 27.8 28.5 27.6 -42.2 -42.4 -44.4
1659 1920 23.8 24.5 23.6 -33.9 -35.9 -38.4
1896 2206 19.8 20.5 19.6 -29.4 -32.4 -35.3
1917 2238 21.3 22.2 21.1 -33.4 -36.4 -39.3
