0 0 0.0 0.0 0.0 0.0 0.0 0.0
50 3DMAX -4.0 -4.0 -4.0 25.0 17.0 15.0
316 LGD.cn -3.0 -3.0 -3.0 21.0 13.0 11.0
494 zRage -7.0 -7.0 -7.0 41.0 31.0 27.0
502 VP -6.0 -6.0 -6.0 37.0 27.0 23.0
514 Dignitas -10.0 -10.0 -10.0 59.0 46.0 39.0
538 Alliance -9.0 -9.0 -9.0 55.0 42.0 35.0
832 CDCD -13.0 -13.0 -13.0 78.0 60.0 51.0
982 Fnatic.eu -12.0 -12.0 -12.0 74.0 56.0 47.0
990 Kaipi -11.0 -11.0 -11.0 70.0 52.0 43.0
1034 Alliance -10.0 -10.0 -10.0 66.0 48.0 39.0
1090 MiTH -9.0 -9.0 -9.0 62.0 44.0 35.0
1117 VG -8.0 -8.0 -8.0 58.0 40.0 31.0
1157 Na'Vi -7.0 -7.0 -7.0 54.0 36.0 27.0
1243 Alliance -6.0 -6.0 -6.0 50.0 32.0 23.0
1264 DK -5.0 -5.0 -5.0 46.0 28.0 19.0
1266 Alliance -4.0 -4.0 -4.0 42.0 24.0 15.0
1284 Alliance -3.0 -3.0 -3.0 38.0 20.0 11.0
1310 Sigma.int -2.0 -2.0 -2.0 34.0 16.0 7.0
1315 Empire -1.0 -1.0 -1.0 30.0 12.0 3.0
1333 Alliance 0.0 0.0 0.0 26.0 8.0 -1.0
1438 Liquid 1.0 1.0 1.0 22.0 4.0 -5.0
1443 TongFu 2.0 2.0 2.0 18.0 0.0 -9.0
1479 Liquid 3.0 3.0 3.0 14.0 -4.0 -13.0
1528 TongFu 4.0 4.0 4.0 10.0 -8.0 -17.0
1549 VG 5.0 5.0 5.0 6.0 -12.0 -21.0
1550 DK 6.0 6.0 6.0 2.0 -16.0 -25.0
1634 Alliance 7.0 7.0 7.0 -2.0 -20.0 -29.0
1636 Sigma.int 8.0 8.0 8.0 -6.0 -24.0 -33.0
1657 RRQ 9.0 9.0 9.0 -10.0 -28.0 -37.0
1697 mouz 5.0 5.0 5.0 7.0 -8.0 -17.0
1706 Sigma.int 6.0 6.0 6.0 3.0 -12.0 -21.0
1711 Next.kz 7.0 7.0 7.0 -1.0 -16.0 -25.0
1714 rox.KIS 8.0 8.0 8.0 -5.0 -20.0 -29.0
1735 Mski 9.0 9.0 9.0 -9.0 -24.0 -33.0
1745 Na'Vi 10.0 10.0 10.0 -13.0 -28.0 -37.0
1746 Alliance 11.0 11.0 11.0 -17.0 -32.0 -41.0
1846 DK 12.0 12.0 12.0 -21.0 -36.0 -45.0
1867 Fnatic.eu 13.0 13.0 13.0 -25.0 -40.0 -49.0
2022 Liquid 14.0 14.0 14.0 -29.0 -44.0 -53.0
2023 SADBOYS 15.0 15.0 15.0 -33.0 -48.0 -57.0
2035 SADBOYS 16.0 16.0 16.0 -37.0 -52.0 -61.0
2131 Titan 17.0 17.0 17.0 -41.0 -56.0 -65.0
2159 SADBOYS 18.0 18.0 18.0 -45.0 -60.0 -69.0
2210 Titan 19.0 19.0 19.0 -49.0 -64.0 -73.0
2213 Arrow 20.0 20.0 20.0 -53.0 -68.0 -77.0
2241 hehe 16.0 16.0 16.0 -36.0 -53.0 -50.0
2273 VG 17.0 17.0 17.0 -40.0 -57.0 -54.0
