0 0 0.0 0.0 0.0 0.0 0.0 0.0
75 Fnatic.eu 1.0 1.0 2.0 -4.0 -4.0 -4.0
108 ASF.R5 2.0 3.0 4.0 -8.0 -8.0 -8.0
119 Fnatic.eu 3.0 5.0 6.0 -12.0 -12.0 -12.0
180 Empire -1.0 1.0 2.0 0.0 -2.0 -4.0
198 iG 0.0 3.0 4.0 -4.0 -6.0 -8.0
239 Na'Vi 1.0 5.0 6.0 -8.0 -10.0 -12.0
286 Dignitas 2.0 7.0 8.0 -12.0 -14.0 -16.0
291 Alliance 3.0 9.0 10.0 -16.0 -18.0 -20.0
314 VP 4.0 11.0 12.0 -20.0 -22.0 -24.0
344 LGD.cn 0.0 7.0 8.0 -9.0 -12.0 -15.0
348 Na'Vi 1.0 9.0 10.0 -13.0 -16.0 -19.0
368 mouz 2.0 11.0 12.0 -17.0 -20.0 -23.0
390 Na'Vi 3.0 13.0 14.0 -21.0 -24.0 -27.0
421 Na'Vi 4.0 15.0 16.0 -25.0 -28.0 -31.0
448 VP 0.0 11.0 12.0 -14.0 -18.0 -23.0
468 Quantic 1.0 12.0 14.0 -18.0 -22.0 -27.0
476 Na'Vi 2.0 14.0 16.0 -22.0 -26.0 -31.0
491 TM 3.0 16.0 18.0 -26.0 -30.0 -35.0
492 iCCup 4.0 18.0 20.0 -30.0 -34.0 -39.0
542 Alliance 5.0 20.0 22.0 -34.0 -38.0 -43.0
544 EG 1.0 16.0 18.0 -24.0 -28.0 -34.0
576 iCCup -3.0 12.0 14.0 -12.0 -18.0 -26.0
617 VP -2.0 14.0 16.0 -16.0 -22.0 -30.0
644 rox.KIS -6.0 10.0 12.0 -5.0 -12.0 -21.0
659 Na'Vi -4.0 12.0 14.0 -9.0 -16.0 -25.0
692 Na'Vi -2.0 14.0 16.0 -13.0 -20.0 -29.0
721 Mski -6.0 10.0 12.0 -4.0 -10.0 -20.0
758 iG -5.0 12.0 14.0 -8.0 -14.0 -24.0
770 LGD.cn -3.0 14.0 16.0 -12.0 -18.0 -28.0
856 Empire -2.0 15.0 18.0 -16.0 -22.0 -32.0
893 Menace -6.0 11.0 14.0 -6.0 -12.0 -23.0
988 4FC -10.0 7.0 10.0 4.0 -2.0 -14.0
991 Empire -14.0 3.0 6.0 15.0 7.0 -6.0
1037 VP -18.0 -1.0 2.0 27.0 16.0 2.0
1067 Hearts -17.0 1.0 4.0 23.0 12.0 -2.0
1098 Lowyat -21.0 -3.0 0.0 34.0 22.0 7.0
1125 Empire -19.0 -1.0 2.0 30.0 18.0 3.0
1136 Empire -18.0 1.0 4.0 26.0 14.0 -1.0
1176 LGD.cn -22.0 -3.0 0.0 38.0 24.0 7.0
1194 Dignitas -21.0 -2.0 2.0 34.0 20.0 3.0
1197 CSW -20.0 0.0 4.0 30.0 16.0 -1.0
1220 Empire -19.0 2.0 6.0 26.0 12.0 -5.0
1257 mouz -23.0 -2.0 2.0 38.0 22.0 3.0
1267 Na'Vi -22.0 0.0 4.0 34.0 18.0 -1.0
1370 LGD.int -26.0 -4.0 0.0 43.0 28.0 8.0
1377 LGD.cn -25.0 -2.0 2.0 39.0 24.0 4.0
1386 StayFree -29.0 -6.0 -2.0 49.0 34.0 13.0
1459 Na'Vi -27.0 -5.0 0.0 45.0 30.0 9.0
1480 Na'Vi -25.0 -4.0 2.0 41.0 26.0 5.0
1510 Na'Vi -24.0 -2.0 4.0 37.0 22.0 1.0
1547 Fnatic.eu -28.0 -6.0 0.0 47.0 32.0 11.0
1656 HR -32.0 -10.0 -4.0 56.0 43.0 21.0
1709 iG -31.0 -8.0 -2.0 52.0 39.0 17.0
1709 iG -30.0 -6.0 0.0 48.0 35.0 13.0
1713 Alliance -28.0 -4.0 2.0 44.0 31.0 9.0
1760 Duskbin -32.0 -8.0 -2.0 53.0 42.0 19.0
1768 QPandas -36.0 -12.0 -6.0 63.0 52.0 27.0
1777 PR -35.0 -10.0 -4.0 59.0 48.0 23.0
1801 Na'Vi -33.0 -9.0 -2.0 55.0 44.0 19.0
1837 Titan -31.0 -8.0 0.0 51.0 40.0 15.0
1877 FD -29.0 -6.0 1.0 47.0 36.0 11.0
1923 VP -28.0 -4.0 3.0 43.0 32.0 7.0
1925 PR -26.0 -2.0 4.0 39.0 28.0 3.0
1949 EOT.Ham. -30.0 -6.0 0.0 50.0 37.0 11.0
2010 Na'Vi -29.0 -4.0 2.0 46.0 33.0 7.0
2048 Arrow -27.0 -2.0 3.0 42.0 29.0 3.0
2143 MiTH -26.0 -1.0 4.0 38.0 25.0 -1.0
2152 Relax -30.0 -5.0 0.0 48.0 35.0 9.0
2160 Dog -29.0 -3.0 2.0 44.0 31.0 5.0
2237 Execration -27.0 -1.0 4.0 40.0 27.0 1.0
2238 FD -26.0 1.0 5.0 36.0 23.0 -3.0
2322 Arrow -24.0 2.0 7.0 32.0 19.0 -7.0
