0 0 0.0 0.0 0.0 0.0 0.0 0.0
18 Na'Vi 1.0 1.0 1.0 -4.0 -4.0 -4.0
276 Alliance 2.0 2.0 2.0 -8.0 -8.0 -8.0
282 Alliance 3.0 3.0 3.0 -12.0 -12.0 -12.0
294 Alliance 4.0 4.0 4.0 -16.0 -16.0 -16.0
310 iG 5.0 5.0 6.0 -20.0 -20.0 -20.0
338 Na'Vi 6.0 6.0 7.0 -24.0 -24.0 -24.0
377 LGD.cn 7.0 7.0 8.0 -28.0 -28.0 -28.0
493 iCCup 8.0 8.0 9.0 -32.0 -32.0 -32.0
527 Na'Vi 9.0 9.0 10.0 -36.0 -36.0 -36.0
541 VP 10.0 10.0 11.0 -40.0 -40.0 -40.0
580 VP 11.0 11.0 12.0 -44.0 -44.0 -44.0
664 RStars 7.0 7.0 8.0 -28.0 -31.0 -33.0
812 Empire 8.0 8.0 10.0 -32.0 -35.0 -37.0
821 4++ 4.0 4.0 6.0 -18.0 -20.0 -25.0
841 VP 5.0 5.0 7.0 -22.0 -24.0 -29.0
865 Mski 6.0 6.0 8.0 -26.0 -28.0 -33.0
950 Kaipi 7.0 7.0 9.0 -30.0 -32.0 -37.0
951 Mski 8.0 8.0 10.0 -34.0 -36.0 -41.0
986 Na'Vi 9.0 9.0 11.0 -38.0 -40.0 -45.0
1104 Poseidon 5.0 5.0 7.0 -22.0 -26.0 -34.0
1111 LGD.int 6.0 6.0 8.0 -26.0 -30.0 -38.0
1135 Empire 7.0 7.0 9.0 -30.0 -34.0 -42.0
1205 HR 3.0 3.0 5.0 -18.0 -19.0 -29.0
1223 DK 4.0 4.0 6.0 -22.0 -23.0 -33.0
1278 Lowyat 0.0 0.0 2.0 -10.0 -8.0 -19.0
1279 Titan 1.0 1.0 3.0 -14.0 -12.0 -23.0
1293 TongFu 2.0 2.0 4.0 -18.0 -16.0 -27.0
1317 Na'Vi 3.0 3.0 5.0 -22.0 -20.0 -31.0
1318 QPandas -1.0 -1.0 1.0 -8.0 -7.0 -18.0
1324 VG -5.0 -5.0 -3.0 6.0 7.0 -6.0
1381 Liquid -9.0 -9.0 -7.0 21.0 21.0 6.0
1574 DK -8.0 -8.0 -6.0 17.0 17.0 2.0
1626 FD -7.0 -7.0 -5.0 13.0 13.0 -2.0
1668 Duskbin -6.0 -6.0 -3.0 9.0 9.0 -6.0
1707 mouz -5.0 -5.0 -2.0 5.0 5.0 -10.0
1721 Lowyat -4.0 -4.0 -1.0 1.0 1.0 -14.0
1744 Sigma.int -3.0 -3.0 0.0 -3.0 -3.0 -18.0
1761 Mski -2.0 -2.0 1.0 -7.0 -7.0 -22.0
1764 Na'Vi -1.0 -1.0 2.0 -11.0 -11.0 -26.0
1785 Fnatic.eu 0.0 0.0 3.0 -15.0 -15.0 -30.0
1809 Titan 1.0 1.0 4.0 -19.0 -19.0 -34.0
1850 rox.KIS 2.0 3.0 5.0 -23.0 -23.0 -38.0
1861 Sigma.int 3.0 4.0 6.0 -27.0 -27.0 -42.0
1863 Fnatic.eu 4.0 5.0 7.0 -31.0 -31.0 -46.0
1885 Mski 5.0 6.0 8.0 -35.0 -35.0 -50.0
1948 Empire 6.0 7.0 9.0 -39.0 -39.0 -54.0
1951 Empire 7.0 8.0 10.0 -43.0 -43.0 -58.0
1971 Relax 3.0 4.0 6.0 -28.0 -30.0 -47.0
1981 Liquid 4.0 5.0 7.0 -32.0 -34.0 -51.0
2001 Speed 5.0 6.0 8.0 -36.0 -38.0 -55.0
2024 SADBOYS 6.0 7.0 9.0 -40.0 -42.0 -59.0
2064 Cloud9 7.0 8.0 10.0 -44.0 -46.0 -63.0
2087 Liquid 8.0 9.0 11.0 -48.0 -50.0 -67.0
2098 Zephyr 9.0 10.0 12.0 -52.0 -54.0 -71.0
2121 Relax 10.0 11.0 13.0 -56.0 -58.0 -75.0
2188 Everlast 6.0 7.0 9.0 -40.0 -46.0 -64.0
2190 VP 7.0 8.0 10.0 -44.0 -50.0 -68.0
2249 Titan 8.0 9.0 11.0 -48.0 -54.0 -72.0
