0 0 0.0 0.0 0.0 0.0 0.0 0.0
54 4FC 3.0 3.0 3.0 -4.0 -4.0 -4.0
63 EG -1.0 -1.0 -1.0 2.0 1.0 1.0
72 Neo.int -5.0 -5.0 -5.0 7.0 6.0 6.0
76 eN.Legs -3.0 -2.0 -2.0 3.0 2.0 2.0
144 mouz -7.0 -6.0 -6.0 8.0 7.0 7.0
152 Alliance -4.0 -3.0 -3.0 4.0 3.0 3.0
178 Dignitas -1.0 0.0 0.0 0.0 -1.0 -1.0
199 Dignitas -5.0 -4.0 -4.0 5.0 4.0 4.0
318 mouz -2.0 -1.0 -1.0 1.0 0.0 0.0
332 RStars 1.0 2.0 3.0 -3.0 -4.0 -4.0
381 RS 4.0 5.0 6.0 -7.0 -8.0 -8.0
411 Quantic 0.0 1.0 2.0 -2.0 -3.0 -3.0
490 paiN.int 3.0 4.0 5.0 -6.0 -7.0 -7.0
548 Liquid 6.0 7.0 8.0 -10.0 -11.0 -11.0
561 Orange 2.0 3.0 4.0 -5.0 -6.0 -6.0
619 iG -2.0 -1.0 0.0 0.0 -1.0 -1.0
661 iG -6.0 -5.0 -4.0 5.0 4.0 4.0
709 Kaipi -3.0 -2.0 -1.0 1.0 0.0 0.0
711 mouz 0.0 1.0 2.0 -3.0 -4.0 -4.0
734 TongFu 3.0 4.0 5.0 -7.0 -8.0 -8.0
756 Dignitas -1.0 0.0 1.0 -2.0 -3.0 -4.0
790 AllStarsA -5.0 -4.0 -3.0 3.0 2.0 1.0
847 4FC -9.0 -8.0 -7.0 8.0 7.0 6.0
854 Life -13.0 -12.0 -11.0 13.0 13.0 11.0
940 Next.kz -17.0 -16.0 -15.0 18.0 18.0 16.0
966 TongFu -14.0 -13.0 -12.0 14.0 14.0 12.0
973 DUZA -18.0 -17.0 -16.0 19.0 19.0 17.0
984 nAra -22.0 -21.0 -20.0 24.0 24.0 22.0
1084 Arcanys -26.0 -25.0 -24.0 28.0 30.0 28.0
1166 CSW -23.0 -22.0 -21.0 24.0 26.0 24.0
1187 StayFree -27.0 -26.0 -25.0 29.0 31.0 29.0
1289 Titan -31.0 -30.0 -29.0 34.0 36.0 34.0
1320 Orange -27.0 -27.0 -26.0 30.0 32.0 30.0
1387 LGD.cn -24.0 -24.0 -23.0 26.0 28.0 26.0
1392 EG -21.0 -21.0 -20.0 22.0 24.0 22.0
1395 iG -18.0 -18.0 -17.0 18.0 20.0 18.0
1409 Liquid -22.0 -22.0 -21.0 23.0 25.0 23.0
1504 Sigma.int -19.0 -19.0 -18.0 19.0 21.0 19.0
1517 Speed -16.0 -16.0 -15.0 15.0 17.0 15.0
1532 Poseidon -20.0 -20.0 -19.0 20.0 22.0 20.0
1563 FL -17.0 -17.0 -16.0 16.0 18.0 16.0
1564 Mski -14.0 -14.0 -13.0 12.0 14.0 12.0
1577 MVP.P -11.0 -11.0 -10.0 8.0 10.0 8.0
1601 SSD -8.0 -8.0 -7.0 4.0 6.0 4.0
1633 Startale -5.0 -5.0 -5.0 0.0 2.0 0.0
1673 rox.KIS -2.0 -2.0 -1.0 -4.0 -2.0 -4.0
1680 Mski 1.0 1.0 2.0 -8.0 -6.0 -8.0
1703 DK -3.0 -3.0 -2.0 -3.0 -1.0 -3.0
1775 RRQ -7.0 -7.0 -6.0 3.0 4.0 1.0
1810 TR -11.0 -11.0 -10.0 8.0 9.0 6.0
1816 TongFu -15.0 -15.0 -14.0 14.0 14.0 10.0
1888 SMM -12.0 -12.0 -11.0 10.0 10.0 6.0
1942 VP -9.0 -9.0 -8.0 6.0 6.0 2.0
1966 Speed -6.0 -6.0 -4.0 2.0 2.0 -2.0
2000 UG -10.0 -10.0 -8.0 7.0 7.0 3.0
2011 PR -14.0 -14.0 -12.0 13.0 12.0 7.0
