0 0 0.0 0.0 0.0 0.0 0.0 0.0
78 Fnatic.eu -4.0 -4.0 -4.0 5.0 5.0 5.0
85 Fnatic.eu -1.0 -1.0 -1.0 1.0 1.0 1.0
203 Alliance 2.0 2.0 2.0 -3.0 -3.0 -3.0
336 MiTH 5.0 5.0 6.0 -7.0 -7.0 -7.0
400 VP 1.0 1.0 2.0 -3.0 -2.0 -2.0
436 EG 4.0 4.0 5.0 -7.0 -6.0 -6.0
458 EG 0.0 0.0 1.0 -2.0 -1.0 -2.0
510 Fnatic.eu -4.0 -4.0 -3.0 3.0 4.0 2.0
539 Quantic -1.0 -1.0 0.0 -1.0 0.0 -2.0
586 EG -5.0 -5.0 -4.0 4.0 5.0 3.0
594 mouz -2.0 -2.0 -1.0 0.0 1.0 -1.0
649 Fnatic.eu 1.0 1.0 3.0 -4.0 -3.0 -5.0
663 RS -3.0 -3.0 -1.0 0.0 2.0 -1.0
743 Fnatic.eu 1.0 0.0 2.0 -4.0 -2.0 -5.0
863 Next.kz -3.0 -4.0 -2.0 1.0 3.0 0.0
874 VP 0.0 -1.0 1.0 -3.0 -1.0 -4.0
875 Imp -4.0 -5.0 -3.0 2.0 4.0 1.0
912 Kaipi -8.0 -9.0 -7.0 6.0 9.0 6.0
918 DUZA -12.0 -13.0 -11.0 11.0 13.0 10.0
928 LGD.cn -16.0 -17.0 -15.0 16.0 18.0 15.0
962 iG -13.0 -14.0 -11.0 12.0 14.0 11.0
1058 UR -17.0 -18.0 -15.0 17.0 19.0 15.0
1100 Aspera -13.0 -15.0 -12.0 13.0 15.0 11.0
1180 Empire -17.0 -19.0 -16.0 18.0 19.0 15.0
1182 Fnatic.eu -13.0 -16.0 -13.0 14.0 15.0 11.0
1201 Aspera -17.0 -20.0 -17.0 19.0 20.0 15.0
1219 NoX -21.0 -24.0 -21.0 24.0 25.0 19.0
1295 Fnatic.eu -25.0 -28.0 -25.0 29.0 30.0 23.0
1398 Alliance -29.0 -32.0 -29.0 34.0 35.0 28.0
1486 Sigma.int -33.0 -36.0 -33.0 38.0 40.0 33.0
1516 DK -37.0 -40.0 -37.0 42.0 45.0 38.0
1536 Hearts -33.0 -37.0 -34.0 38.0 41.0 34.0
1640 FD -30.0 -33.0 -30.0 34.0 37.0 30.0
1646 RRQ -34.0 -37.0 -34.0 38.0 42.0 35.0
1671 Neon -31.0 -34.0 -31.0 34.0 38.0 31.0
1748 Idol -35.0 -38.0 -35.0 38.0 43.0 36.0
1749 FD -39.0 -42.0 -39.0 42.0 48.0 41.0
1759 FD -36.0 -39.0 -35.0 38.0 44.0 37.0
1832 TR -33.0 -36.0 -32.0 34.0 40.0 33.0
1872 rox.KIS -37.0 -40.0 -36.0 39.0 45.0 38.0
1882 Swage -33.0 -36.0 -33.0 35.0 41.0 34.0
1922 VP -37.0 -40.0 -37.0 40.0 46.0 38.0
1940 Na'Vi -41.0 -44.0 -41.0 45.0 50.0 42.0
2084 hehe -45.0 -48.0 -45.0 50.0 55.0 46.0
2103 JnRun -49.0 -52.0 -49.0 55.0 60.0 51.0
2150 VP -53.0 -56.0 -53.0 60.0 64.0 56.0
2209 DT.NGC -57.0 -60.0 -57.0 65.0 69.0 60.0
2232 Relax -53.0 -57.0 -54.0 61.0 65.0 56.0
