0 0 0.0 0.0 0.0 0.0 0.0 0.0
42 Liquid -4.0 -4.0 -4.0 6.0 6.0 5.0
88 Liquid -8.0 -8.0 -8.0 12.0 12.0 10.0
101 3D -6.0 -5.0 -5.0 8.0 8.0 6.0
102 Dignitas -10.0 -9.0 -9.0 13.0 13.0 12.0
137 Na'Vi -7.0 -6.0 -6.0 9.0 9.0 8.0
140 CastersEN -11.0 -10.0 -10.0 14.0 15.0 14.0
147 4FC -15.0 -14.0 -14.0 19.0 20.0 20.0
161 Empire -19.0 -18.0 -18.0 25.0 25.0 25.0
176 Alliance -17.0 -15.0 -15.0 21.0 21.0 21.0
190 Alliance -21.0 -19.0 -19.0 27.0 26.0 26.0
232 Alliance -18.0 -16.0 -16.0 23.0 22.0 22.0
249 Fnatic.eu -15.0 -13.0 -13.0 19.0 18.0 18.0
264 Lounge -19.0 -17.0 -17.0 25.0 23.0 23.0
312 mouz -23.0 -21.0 -21.0 31.0 28.0 29.0
323 TongFu -27.0 -25.0 -25.0 36.0 33.0 34.0
380 4FC -24.0 -22.0 -22.0 32.0 29.0 30.0
385 Alliance -22.0 -19.0 -18.0 28.0 25.0 26.0
455 EG -19.0 -16.0 -15.0 24.0 21.0 22.0
477 mouz -16.0 -13.0 -12.0 20.0 17.0 18.0
591 LGD.cn -13.0 -10.0 -9.0 16.0 13.0 14.0
596 mouz -10.0 -7.0 -6.0 12.0 9.0 10.0
613 Fnatic.eu -7.0 -4.0 -3.0 8.0 5.0 6.0
634 Na'Vi -4.0 -1.0 0.0 4.0 1.0 2.0
685 mouz -1.0 2.0 3.0 0.0 -3.0 -2.0
714 Dreamz 2.0 5.0 6.0 -4.0 -7.0 -6.0
750 Orange 5.0 8.0 9.0 -8.0 -11.0 -10.0
775 Liquid 8.0 11.0 12.0 -12.0 -15.0 -14.0
801 Orange 11.0 14.0 15.0 -16.0 -19.0 -18.0
894 Life 13.0 17.0 18.0 -20.0 -23.0 -22.0
904 SAfrica 9.0 13.0 14.0 -15.0 -18.0 -17.0
970 Joiker 12.0 16.0 17.0 -19.0 -22.0 -21.0
1053 Kaipi 8.0 12.0 13.0 -13.0 -17.0 -16.0
1086 MVP 4.0 8.0 9.0 -8.0 -11.0 -11.0
1211 mouz 0.0 4.0 5.0 -2.0 -6.0 -6.0
1291 PR 3.0 7.0 8.0 -6.0 -10.0 -10.0
1313 EG -1.0 3.0 4.0 0.0 -4.0 -5.0
1385 Na'Vi -5.0 -1.0 0.0 6.0 1.0 0.0
1434 MiTH -2.0 2.0 3.0 2.0 -3.0 -4.0
1615 Speed 1.0 5.0 6.0 -2.0 -7.0 -8.0
1661 Alliance 4.0 8.0 9.0 -6.0 -11.0 -12.0
1715 Poseidon 0.0 4.0 5.0 0.0 -6.0 -7.0
1844 VG -4.0 0.0 1.0 6.0 -1.0 -2.0
1881 LGD.cn -1.0 4.0 3.0 2.0 -5.0 -6.0
1896 XctN -5.0 0.0 -1.0 7.0 1.0 -1.0
1907 EOT -2.0 3.0 1.0 3.0 -3.0 -5.0
1976 Relax -6.0 -1.0 -3.0 8.0 2.0 2.0
2025 D4D -3.0 2.0 -1.0 4.0 -2.0 -2.0
2088 SADBOYS 0.0 6.0 1.0 0.0 -6.0 -6.0
2091 Zephyr 3.0 9.0 4.0 -4.0 -10.0 -10.0
2096 neXt! -1.0 5.0 0.0 2.0 -5.0 -6.0
2114 VP 2.0 8.0 3.0 -2.0 -9.0 -10.0
2154 ZR -2.0 4.0 -1.0 4.0 -4.0 -5.0
2286 Cloud9 1.0 7.0 2.0 0.0 -8.0 -9.0
2330 MkSp 4.0 10.0 6.0 -4.0 -12.0 -13.0
