0 0 0.0 0.0 0.0 0.0 0.0 0.0
57 Dignitas 2.0 2.0 2.0 -4.0 -4.0 -4.0
82 Orange -2.0 -2.0 -2.0 4.0 4.0 3.0
153 Liquid -6.0 -6.0 -6.0 11.0 11.0 11.0
166 Fnatic.eu -4.0 -4.0 -4.0 7.0 7.0 7.0
292 rox.KIS -8.0 -8.0 -8.0 15.0 14.0 14.0
299 rox.KIS -6.0 -6.0 -6.0 11.0 10.0 10.0
302 EG -4.0 -4.0 -4.0 7.0 6.0 6.0
305 mouz -2.0 -2.0 -2.0 3.0 2.0 2.0
363 Alliance 0.0 0.0 0.0 -1.0 -2.0 -2.0
365 rox.KIS -4.0 -4.0 -4.0 7.0 5.0 4.0
412 mouz -2.0 -2.0 -2.0 3.0 1.0 0.0
467 Na'Vi 0.0 0.0 0.0 -1.0 -3.0 -4.0
482 Smeagol 2.0 2.0 2.0 -5.0 -7.0 -8.0
588 Zenith -2.0 -2.0 -2.0 2.0 1.0 -1.0
589 Alliance 0.0 0.0 0.0 -2.0 -3.0 -5.0
616 TongFu 2.0 2.0 3.0 -6.0 -7.0 -9.0
630 iG 4.0 4.0 5.0 -10.0 -11.0 -13.0
688 VP 6.0 6.0 7.0 -14.0 -15.0 -17.0
695 Alliance 8.0 8.0 9.0 -18.0 -19.0 -21.0
762 Na'Vi 10.0 10.0 11.0 -22.0 -23.0 -25.0
817 Lounge 12.0 12.0 13.0 -26.0 -27.0 -29.0
836 Poseidon 14.0 14.0 15.0 -30.0 -31.0 -33.0
858 FSid3 16.0 16.0 17.0 -34.0 -35.0 -37.0
861 Aspera 18.0 18.0 19.0 -38.0 -39.0 -41.0
985 Inv.kwnku 20.0 20.0 21.0 -42.0 -43.0 -45.0
995 Inv.kwnku 22.0 22.0 24.0 -46.0 -47.0 -49.0
1023 VG 24.0 24.0 26.0 -50.0 -51.0 -53.0
1024 LGD.cn 26.0 26.0 28.0 -54.0 -55.0 -57.0
1049 Dreamz 28.0 28.0 30.0 -58.0 -59.0 -61.0
1148 HR 30.0 30.0 33.0 -62.0 -63.0 -65.0
1164 Titan 26.0 26.0 29.0 -55.0 -55.0 -57.0
1170 VG 28.0 28.0 31.0 -59.0 -59.0 -61.0
1227 Empire 30.0 30.0 33.0 -63.0 -63.0 -65.0
1255 Empire 32.0 32.0 35.0 -67.0 -67.0 -69.0
1265 Fnatic.eu 28.0 28.0 31.0 -59.0 -60.0 -62.0
1300 4FC 30.0 30.0 33.0 -63.0 -64.0 -66.0
1309 4FC 32.0 32.0 35.0 -67.0 -68.0 -70.0
1312 Arteezy 34.0 34.0 37.0 -71.0 -72.0 -74.0
1363 Speed 36.0 36.0 39.0 -75.0 -76.0 -78.0
1406 EG 32.0 32.0 35.0 -67.0 -69.0 -72.0
1437 Liquid 34.0 34.0 37.0 -71.0 -73.0 -76.0
1484 DK 36.0 36.0 39.0 -75.0 -77.0 -80.0
1496 Sigma.int 38.0 38.0 42.0 -79.0 -81.0 -84.0
1650 VP 40.0 40.0 44.0 -83.0 -85.0 -88.0
1739 5inQ 36.0 36.0 40.0 -75.0 -77.0 -82.0
1770 5inQ 38.0 39.0 43.0 -79.0 -81.0 -86.0
1818 FD 40.0 41.0 45.0 -83.0 -85.0 -90.0
1854 SSD 36.0 37.0 41.0 -76.0 -77.0 -82.0
1858 Empire 38.0 40.0 42.0 -80.0 -81.0 -86.0
1920 Mski 34.0 36.0 38.0 -72.0 -75.0 -80.0
1924 Sigma.int 36.0 39.0 40.0 -76.0 -79.0 -84.0
1931 Swage 32.0 35.0 36.0 -68.0 -72.0 -77.0
1970 hehe 34.0 37.0 38.0 -72.0 -76.0 -81.0
2043 Liquid 36.0 40.0 39.0 -76.0 -80.0 -85.0
2044 Arrow 38.0 43.0 40.0 -80.0 -84.0 -89.0
2072 About 34.0 39.0 36.0 -73.0 -77.0 -81.0
2086 PssT 30.0 35.0 32.0 -66.0 -71.0 -72.0
2094 Insane 26.0 31.0 28.0 -58.0 -64.0 -66.0
2135 rox.KIS 28.0 33.0 30.0 -62.0 -68.0 -70.0
2140 PssT 24.0 29.0 26.0 -55.0 -60.0 -63.0
2258 Arrow 20.0 25.0 22.0 -47.0 -53.0 -57.0
2270 RRQ 16.0 21.0 18.0 -40.0 -46.0 -50.0
