0 0 0.0 0.0 0.0 0.0 0.0 0.0
74 Dignitas -4.0 -4.0 -4.0 7.0 6.0 6.0
106 Dignitas -2.0 -2.0 -1.0 3.0 2.0 2.0
189 Dignitas -6.0 -6.0 -5.0 10.0 8.0 8.0
212 Dignitas -10.0 -10.0 -9.0 16.0 14.0 14.0
230 VP -8.0 -8.0 -6.0 12.0 10.0 10.0
261 Liquid -6.0 -5.0 -3.0 8.0 6.0 6.0
313 mouz -10.0 -9.0 -7.0 14.0 12.0 12.0
394 MX -8.0 -7.0 -4.0 10.0 8.0 8.0
429 Liquid -5.0 -5.0 -1.0 6.0 4.0 4.0
487 Kaipi -3.0 -2.0 2.0 2.0 0.0 0.0
501 eLPride -7.0 -6.0 -2.0 8.0 6.0 6.0
540 EG -4.0 -4.0 1.0 4.0 2.0 2.0
593 Quantic -2.0 -2.0 4.0 0.0 -2.0 -2.0
654 DK 0.0 1.0 7.0 -4.0 -6.0 -6.0
675 EG -4.0 -3.0 3.0 2.0 0.0 0.0
680 Liquid -8.0 -7.0 -1.0 9.0 7.0 6.0
774 TongFu -12.0 -11.0 -5.0 16.0 13.0 12.0
792 Fnatic.eu -9.0 -9.0 -2.0 12.0 9.0 8.0
827 TS -13.0 -13.0 -6.0 17.0 16.0 14.0
914 StayFree -11.0 -11.0 -3.0 13.0 12.0 10.0
930 MiTH -8.0 -9.0 -1.0 9.0 8.0 6.0
996 rox.KIS -5.0 -7.0 1.0 5.0 4.0 2.0
1127 EG -3.0 -5.0 4.0 1.0 0.0 -2.0
1145 Fnatic.eu 0.0 -3.0 6.0 -3.0 -4.0 -6.0
1160 Na'Vi -4.0 -7.0 2.0 5.0 1.0 -1.0
1186 iG -2.0 -4.0 5.0 1.0 -3.0 -5.0
1207 mouz -6.0 -8.0 1.0 7.0 3.0 1.0
1259 Sigma.int -4.0 -5.0 4.0 3.0 -1.0 -3.0
1270 MiTH -1.0 -3.0 7.0 -1.0 -5.0 -7.0
1337 Startale 1.0 -1.0 10.0 -5.0 -9.0 -11.0
1433 iG -3.0 -5.0 6.0 2.0 -3.0 -6.0
1520 Titan 0.0 -3.0 9.0 -2.0 -7.0 -10.0
1522 Next.kz -4.0 -7.0 5.0 4.0 -1.0 -4.0
1526 TongFu3 -2.0 -5.0 8.0 0.0 -5.0 -8.0
1539 Next.kz 1.0 -3.0 10.0 -4.0 -9.0 -12.0
1541 PR -3.0 -7.0 6.0 3.0 -3.0 -7.0
1542 rox.KIS -1.0 -5.0 9.0 -1.0 -7.0 -11.0
1543 Fnatic.eu 2.0 -3.0 11.0 -5.0 -11.0 -15.0
1569 Next.kz -2.0 -7.0 7.0 1.0 -4.0 -9.0
1619 XctN 0.0 -4.0 10.0 -3.0 -8.0 -13.0
1622 Aspera -4.0 -8.0 6.0 3.0 -2.0 -7.0
1635 VG -8.0 -12.0 2.0 8.0 5.0 1.0
1710 Speed -12.0 -16.0 -2.0 14.0 11.0 7.0
1710 Speed -16.0 -20.0 -6.0 20.0 17.0 13.0
1718 Fnatic.eu -20.0 -24.0 -10.0 26.0 24.0 19.0
1778 FSid3 -24.0 -28.0 -14.0 32.0 31.0 25.0
1787 Sigma.int -22.0 -26.0 -11.0 28.0 27.0 21.0
1796 Titan -20.0 -23.0 -8.0 24.0 23.0 17.0
1798 OsG -18.0 -20.0 -5.0 20.0 19.0 13.0
1968 Denial -16.0 -17.0 -2.0 16.0 15.0 9.0
2002 Swage -13.0 -14.0 0.0 12.0 11.0 5.0
2069 VP -17.0 -18.0 -4.0 18.0 17.0 11.0
2112 DUZA -15.0 -15.0 -1.0 14.0 13.0 7.0
2176 neXt! -19.0 -19.0 -5.0 20.0 19.0 12.0
2186 RRQ -23.0 -23.0 -9.0 26.0 24.0 20.0
2194 Zephyr -20.0 -20.0 -7.0 22.0 20.0 16.0
2225 Empire -24.0 -24.0 -11.0 28.0 27.0 24.0
2255 rox.KIS -22.0 -22.0 -9.0 24.0 23.0 20.0
2291 Na'Vi -20.0 -20.0 -6.0 20.0 19.0 16.0
2328 rox.KIS -18.0 -17.0 -3.0 16.0 15.0 12.0
