0 0 0.0 0.0 0.0 0.0 0.0 0.0
98 Fnatic.eu -4.0 -4.0 -4.0 14.0 10.0 10.0
112 eN.Legs -3.0 -3.0 -3.0 10.0 6.0 6.0
118 mouz -7.0 -7.0 -7.0 23.0 18.0 15.0
143 Na'Vi -6.0 -6.0 -5.0 19.0 14.0 11.0
177 QPandas -10.0 -10.0 -9.0 32.0 25.0 20.0
181 iCCup -14.0 -14.0 -13.0 48.0 36.0 30.0
271 Na'Vi -13.0 -13.0 -11.0 44.0 32.0 26.0
301 EG -12.0 -12.0 -9.0 40.0 28.0 22.0
324 QPandas -16.0 -16.0 -13.0 53.0 39.0 32.0
362 LGD.cn -15.0 -15.0 -12.0 49.0 35.0 28.0
387 LGD.cn -14.0 -14.0 -10.0 45.0 31.0 24.0
409 Orange -13.0 -13.0 -8.0 41.0 27.0 20.0
447 DK -12.0 -12.0 -6.0 37.0 23.0 16.0
498 mouz -11.0 -11.0 -4.0 33.0 19.0 12.0
522 Na'Vi -10.0 -10.0 -2.0 29.0 15.0 8.0
587 Alliance -9.0 -9.0 -1.0 25.0 11.0 4.0
600 mouz -13.0 -13.0 -5.0 37.0 23.0 14.0
618 Alliance -12.0 -12.0 -3.0 33.0 19.0 10.0
660 RS -16.0 -16.0 -7.0 45.0 30.0 20.0
729 DK -15.0 -15.0 -5.0 41.0 26.0 16.0
749 Liquid -19.0 -19.0 -9.0 53.0 36.0 26.0
800 Na'Vi -18.0 -18.0 -8.0 49.0 32.0 22.0
816 Kaipi -17.0 -17.0 -7.0 45.0 28.0 18.0
829 TLP -21.0 -21.0 -11.0 59.0 40.0 27.0
877 Mski -20.0 -20.0 -9.0 55.0 36.0 23.0
878 Lowyat -24.0 -24.0 -13.0 69.0 47.0 32.0
889 Next.kz -23.0 -23.0 -12.0 65.0 43.0 28.0
901 Fnatic.eu -22.0 -22.0 -11.0 61.0 39.0 24.0
925 Empire -21.0 -21.0 -10.0 57.0 35.0 20.0
937 OguraYui -25.0 -25.0 -14.0 68.0 48.0 31.0
949 VP -24.0 -24.0 -13.0 64.0 44.0 27.0
1077 StayFree -23.0 -23.0 -11.0 60.0 40.0 23.0
1122 PR -22.0 -22.0 -10.0 56.0 36.0 19.0
1137 TakeFive -26.0 -26.0 -14.0 67.0 49.0 30.0
1155 Empire -25.0 -25.0 -12.0 63.0 45.0 26.0
1159 SAfrica -24.0 -24.0 -10.0 59.0 41.0 22.0
1189 EG -23.0 -23.0 -8.0 55.0 37.0 18.0
1262 iG -22.0 -22.0 -6.0 51.0 33.0 14.0
1273 RS -26.0 -26.0 -10.0 64.0 44.0 24.0
1306 FXopen -25.0 -25.0 -8.0 60.0 40.0 20.0
1335 LGD.int -24.0 -24.0 -6.0 56.0 36.0 16.0
1355 Alliance -23.0 -23.0 -4.0 52.0 32.0 12.0
1391 Fnatic.eu -22.0 -22.0 -2.0 48.0 28.0 8.0
1451 Na'Vi -21.0 -21.0 -1.0 44.0 24.0 4.0
1483 Sigma.int -25.0 -25.0 -5.0 55.0 36.0 16.0
1506 Liquid -24.0 -24.0 -4.0 51.0 32.0 12.0
1546 iG -23.0 -23.0 -2.0 47.0 28.0 8.0
1572 Fnatic.eu -22.0 -22.0 -1.0 43.0 24.0 4.0
1579 DK -21.0 -21.0 1.0 39.0 20.0 0.0
1582 PR -20.0 -20.0 2.0 35.0 16.0 -4.0
1684 Alliance -19.0 -19.0 3.0 31.0 12.0 -8.0
1754 TR -23.0 -23.0 -1.0 44.0 23.0 2.0
1774 Idol -22.0 -22.0 1.0 40.0 19.0 -2.0
1786 Fnatic.eu -21.0 -21.0 2.0 36.0 15.0 -6.0
1840 PR -25.0 -25.0 -2.0 48.0 26.0 4.0
1874 Revenge -24.0 -23.0 -1.0 44.0 22.0 0.0
1913 rox.KIS -23.0 -21.0 0.0 40.0 18.0 -4.0
1916 rox.KIS -22.0 -20.0 1.0 36.0 14.0 -8.0
1928 Zephyr -21.0 -19.0 3.0 32.0 10.0 -12.0
1935 EOT.Ham. -25.0 -23.0 -1.0 47.0 20.0 -4.0
2200 Alliance -24.0 -22.0 0.0 43.0 16.0 -8.0
2242 PR -28.0 -26.0 -4.0 53.0 25.0 5.0
2251 Zephyr -27.0 -25.0 -2.0 49.0 21.0 1.0
2260 FL -26.0 -23.0 -1.0 45.0 17.0 -3.0
2284 Zephyr -25.0 -22.0 0.0 41.0 13.0 -7.0
