0 0 0.0 0.0 0.0 0.0 0.0 0.0
31 Liquid 2.0 2.0 2.0 -4.0 -4.0 -4.0
95 Na'Vi 4.0 4.0 4.0 -8.0 -8.0 -8.0
104 PtD.Alpha 6.0 6.0 6.0 -12.0 -12.0 -12.0
121 eN.Legs 7.0 8.0 8.0 -16.0 -16.0 -16.0
162 rox.KIS 9.0 10.0 10.0 -20.0 -20.0 -20.0
186 Alliance 11.0 12.0 12.0 -24.0 -24.0 -24.0
194 Alliance 13.0 14.0 14.0 -28.0 -28.0 -28.0
209 Liquid 15.0 16.0 16.0 -32.0 -32.0 -32.0
227 Kaipi 11.0 12.0 12.0 -23.0 -24.0 -25.0
242 EG 7.0 8.0 8.0 -15.0 -16.0 -17.0
255 Na'Vi 9.0 10.0 10.0 -19.0 -20.0 -21.0
331 EG 5.0 6.0 6.0 -10.0 -12.0 -13.0
360 mouz 7.0 8.0 8.0 -14.0 -16.0 -17.0
375 VG 9.0 10.0 10.0 -18.0 -20.0 -21.0
399 VP 5.0 6.0 6.0 -10.0 -12.0 -13.0
408 TM 7.0 8.0 8.0 -14.0 -16.0 -17.0
428 Kaipi 9.0 10.0 10.0 -18.0 -20.0 -21.0
438 Na'Vi 11.0 12.0 12.0 -22.0 -24.0 -25.0
457 Alliance 13.0 14.0 14.0 -26.0 -28.0 -29.0
483 paiN 9.0 10.0 10.0 -17.0 -20.0 -22.0
592 Fnatic.eu 11.0 12.0 12.0 -21.0 -24.0 -26.0
645 VP 7.0 8.0 8.0 -13.0 -16.0 -19.0
662 DK 9.0 10.0 10.0 -17.0 -20.0 -23.0
667 DK 11.0 12.0 12.0 -21.0 -24.0 -27.0
676 LGD.cn 13.0 14.0 14.0 -25.0 -28.0 -31.0
677 mouz 15.0 16.0 16.0 -29.0 -32.0 -35.0
686 VP 17.0 18.0 18.0 -33.0 -36.0 -39.0
707 Orange 19.0 20.0 20.0 -37.0 -40.0 -43.0
713 MiTH 21.0 22.0 22.0 -41.0 -44.0 -47.0
719 Mski 23.0 24.0 24.0 -45.0 -48.0 -51.0
725 Romania 25.0 26.0 26.0 -49.0 -52.0 -55.0
798 iG 27.0 28.0 28.0 -53.0 -56.0 -59.0
828 EVOPLAY 29.0 30.0 30.0 -57.0 -60.0 -63.0
831 Awake 31.0 32.0 32.0 -61.0 -64.0 -67.0
838 Kaipi 33.0 34.0 34.0 -65.0 -68.0 -71.0
872 Aspera 29.0 30.0 30.0 -56.0 -60.0 -64.0
909 VG 30.0 32.0 32.0 -60.0 -64.0 -68.0
923 DUZA 32.0 34.0 34.0 -64.0 -68.0 -72.0
993 SFEC 28.0 30.0 30.0 -55.0 -60.0 -65.0
1141 EOT 29.0 32.0 33.0 -59.0 -64.0 -69.0
1161 FD 31.0 34.0 35.0 -63.0 -68.0 -73.0
1199 Menace 33.0 36.0 37.0 -67.0 -72.0 -77.0
1242 mouz 35.0 38.0 39.0 -71.0 -76.0 -81.0
1330 Na'Vi 37.0 40.0 41.0 -75.0 -80.0 -85.0
1481 DK 33.0 36.0 37.0 -66.0 -72.0 -78.0
1534 Poseidon 35.0 38.0 39.0 -70.0 -76.0 -82.0
1562 VG 31.0 34.0 35.0 -63.0 -66.0 -73.0
1573 iG 33.0 36.0 37.0 -67.0 -70.0 -77.0
1599 OsG 29.0 32.0 33.0 -58.0 -62.0 -70.0
1612 Fnatic.eu 31.0 34.0 35.0 -62.0 -66.0 -74.0
1623 SSD 33.0 36.0 37.0 -66.0 -70.0 -78.0
1642 MiTH 35.0 38.0 39.0 -70.0 -74.0 -82.0
1669 Neon 31.0 34.0 35.0 -61.0 -66.0 -75.0
1672 MiTH 33.0 36.0 37.0 -65.0 -70.0 -79.0
1743 Na'Vi 35.0 38.0 39.0 -69.0 -74.0 -83.0
1831 rox.KIS 31.0 34.0 35.0 -60.0 -67.0 -76.0
1841 SSD 33.0 36.0 37.0 -64.0 -71.0 -80.0
1848 TongFu 35.0 38.0 39.0 -68.0 -75.0 -84.0
1876 GB 37.0 40.0 41.0 -72.0 -79.0 -88.0
1883 iG 33.0 36.0 37.0 -64.0 -72.0 -78.0
1918 Orange 35.0 38.0 39.0 -68.0 -76.0 -82.0
1937 Na'Vi 37.0 40.0 41.0 -72.0 -80.0 -86.0
2049 GL 39.0 42.0 43.0 -76.0 -84.0 -90.0
2099 rox.KIS 41.0 44.0 45.0 -80.0 -88.0 -94.0
2104 Arrow 37.0 40.0 41.0 -71.0 -79.0 -86.0
2117 Titan 39.0 42.0 42.0 -75.0 -83.0 -90.0
2155 MYM 41.0 44.0 44.0 -79.0 -87.0 -94.0
2169 WWD 43.0 47.0 45.0 -83.0 -91.0 -98.0
2240 Spirit 39.0 43.0 41.0 -75.0 -83.0 -89.0
2248 DT.NGC 41.0 45.0 43.0 -79.0 -87.0 -93.0
