0 0 0.0 0.0 0.0 0.0 0.0 0.0
32 Alliance 1.0 1.0 1.0 -4.0 -4.0 -4.0
167 LGD.int 2.0 2.0 2.0 -8.0 -8.0 -8.0
171 LGD.int 3.0 3.0 3.0 -12.0 -12.0 -12.0
226 Alliance 4.0 4.0 4.0 -16.0 -16.0 -16.0
246 Na'Vi 5.0 5.0 5.0 -20.0 -20.0 -20.0
321 mouz 6.0 6.0 6.0 -24.0 -24.0 -24.0
330 TongFu 2.0 2.0 2.0 -4.0 -8.0 -13.0
441 Na'Vi 3.0 3.0 3.0 -8.0 -12.0 -17.0
446 Orange 4.0 4.0 4.0 -12.0 -16.0 -21.0
451 Kaipi 5.0 5.0 5.0 -16.0 -20.0 -25.0
475 Na'Vi 6.0 6.0 6.0 -20.0 -24.0 -29.0
488 Fnatic.eu 2.0 2.0 2.0 -2.0 -9.0 -17.0
503 Dignitas 3.0 3.0 3.0 -6.0 -13.0 -21.0
507 Na'Vi 4.0 4.0 4.0 -10.0 -17.0 -25.0
533 rox.KIS 5.0 5.0 5.0 -14.0 -21.0 -29.0
553 TongFu 1.0 1.0 1.0 2.0 -6.0 -16.0
628 EG 2.0 2.0 2.0 -2.0 -10.0 -20.0
651 Denial -2.0 -2.0 -2.0 16.0 5.0 -8.0
668 mouz -1.0 -1.0 -1.0 12.0 1.0 -12.0
671 Fnatic.eu 0.0 0.0 0.0 8.0 -3.0 -16.0
703 mouz 1.0 1.0 1.0 4.0 -7.0 -20.0
723 Kaipi 2.0 2.0 2.0 0.0 -11.0 -24.0
751 Alliance 3.0 3.0 3.0 -4.0 -15.0 -28.0
769 mouz 4.0 4.0 4.0 -8.0 -19.0 -32.0
779 Zenith 5.0 5.0 5.0 -12.0 -23.0 -36.0
795 Liquid 6.0 6.0 6.0 -16.0 -27.0 -40.0
906 Dignitas 7.0 7.0 7.0 -20.0 -31.0 -44.0
921 Alliance 8.0 8.0 8.0 -24.0 -35.0 -48.0
975 Dignitas 9.0 9.0 9.0 -28.0 -39.0 -52.0
997 PR 5.0 5.0 5.0 -10.0 -24.0 -40.0
1085 FD 6.0 6.0 6.0 -14.0 -28.0 -44.0
1091 Na'Vi 7.0 7.0 7.0 -18.0 -32.0 -48.0
1132 Fnatic.eu 8.0 8.0 8.0 -22.0 -36.0 -52.0
1149 Na'Vi 9.0 9.0 9.0 -26.0 -40.0 -56.0
1190 TongFu 10.0 10.0 10.0 -30.0 -44.0 -60.0
1256 RS 11.0 11.0 11.0 -34.0 -48.0 -64.0
1340 Fnatic.eu 12.0 12.0 12.0 -38.0 -52.0 -68.0
1372 VP 8.0 8.0 8.0 -20.0 -37.0 -55.0
1382 Titan 9.0 9.0 9.0 -24.0 -41.0 -59.0
1399 EG 5.0 5.0 5.0 -9.0 -25.0 -46.0
1430 Na'Vi 6.0 6.0 6.0 -13.0 -29.0 -50.0
1450 Na'Vi 7.0 7.0 7.0 -17.0 -33.0 -54.0
1678 Na'Vi 8.0 8.0 8.0 -21.0 -37.0 -58.0
1701 TongFu 9.0 9.0 9.0 -25.0 -41.0 -62.0
1714 rox.KIS 10.0 10.0 10.0 -29.0 -45.0 -66.0
1726 Lowyat 11.0 11.0 11.0 -33.0 -49.0 -70.0
1826 Titan 12.0 12.0 12.0 -37.0 -53.0 -74.0
1847 DK 13.0 13.0 13.0 -41.0 -57.0 -78.0
1889 Fnatic.eu 9.0 9.0 9.0 -24.0 -44.0 -66.0
2029 Empire 10.0 10.0 10.0 -28.0 -48.0 -70.0
2061 rox.KIS 6.0 6.0 6.0 -12.0 -33.0 -57.0
2068 Fnatic.eu 7.0 7.0 7.0 -16.0 -37.0 -61.0
2089 SADBOYS 8.0 8.0 8.0 -20.0 -41.0 -65.0
2162 Orange 9.0 9.0 9.0 -24.0 -45.0 -69.0
2172 Na'Vi 10.0 10.0 10.0 -28.0 -49.0 -73.0
2185 Scythe 11.0 12.0 10.0 -32.0 -53.0 -77.0
2303 Alliance 12.0 13.0 11.0 -36.0 -57.0 -81.0
2334 Na'Vi 13.0 14.0 12.0 -40.0 -61.0 -85.0
