0 0 0.0 0.0 0.0 0.0 0.0 0.0
15 Fnatic 3.0 3.0 2.0 -4.0 -4.0 -4.0
70 Quantic 6.0 6.0 5.0 -8.0 -8.0 -8.0
79 Na'Vi 9.0 9.0 8.0 -12.0 -12.0 -12.0
91 Liquid 12.0 12.0 11.0 -16.0 -16.0 -16.0
99 VP 15.0 15.0 14.0 -20.0 -20.0 -20.0
148 Empire 18.0 18.0 17.0 -24.0 -24.0 -24.0
188 LGD.cn 14.0 14.0 13.0 -19.0 -19.0 -19.0
191 Liquid 10.0 10.0 9.0 -14.0 -14.0 -14.0
193 VP 6.0 6.0 5.0 -9.0 -9.0 -9.0
211 Liquid 9.0 9.0 8.0 -13.0 -13.0 -13.0
217 DK 12.0 12.0 11.0 -17.0 -17.0 -17.0
295 Quantic 8.0 8.0 7.0 -12.0 -12.0 -12.0
296 Quantic 11.0 11.0 10.0 -16.0 -16.0 -16.0
308 Quantic 7.0 7.0 6.0 -10.0 -11.0 -11.0
374 Dignitas 3.0 3.0 2.0 -5.0 -6.0 -6.0
497 DK -1.0 -1.0 -2.0 0.0 -1.0 -1.0
575 TongFu -5.0 -5.0 -6.0 5.0 4.0 4.0
612 Na'Vi -2.0 -2.0 -3.0 1.0 0.0 0.0
620 DK -6.0 -6.0 -7.0 6.0 6.0 6.0
625 TongFu -10.0 -10.0 -11.0 12.0 11.0 11.0
639 4FC -7.0 -7.0 -8.0 8.0 7.0 7.0
687 VP -11.0 -11.0 -12.0 14.0 12.0 12.0
706 RS -15.0 -15.0 -16.0 19.0 17.0 17.0
717 mouz -12.0 -12.0 -13.0 15.0 13.0 13.0
868 GxGaming -16.0 -16.0 -17.0 20.0 19.0 18.0
879 Empire -13.0 -13.0 -14.0 16.0 15.0 14.0
998 Mski -10.0 -10.0 -11.0 12.0 11.0 10.0
1007 rox.KIS -7.0 -7.0 -8.0 8.0 7.0 6.0
1029 rox.KIS -4.0 -4.0 -5.0 4.0 3.0 2.0
1138 CSW -1.0 -1.0 -2.0 0.0 -1.0 -2.0
1198 Aspera 2.0 2.0 1.0 -4.0 -5.0 -6.0
1281 Speed 5.0 5.0 4.0 -8.0 -9.0 -10.0
1298 Titan 8.0 8.0 7.0 -12.0 -13.0 -14.0
1304 Empire 11.0 11.0 10.0 -16.0 -17.0 -18.0
1393 Fnatic.eu 14.0 14.0 13.0 -20.0 -21.0 -22.0
1467 Sigma.int 10.0 10.0 9.0 -15.0 -15.0 -17.0
1493 Sigma.int 6.0 6.0 5.0 -10.0 -9.0 -11.0
1519 Orange 9.0 9.0 8.0 -14.0 -13.0 -15.0
1558 FD 5.0 5.0 4.0 -8.0 -8.0 -10.0
1565 NSG 1.0 1.0 0.0 -3.0 -2.0 -4.0
1647 MiTH -3.0 -3.0 -4.0 3.0 3.0 0.0
1737 MiTH -7.0 -7.0 -8.0 8.0 9.0 6.0
1767 rox.KIS -4.0 -4.0 -5.0 4.0 5.0 2.0
1769 XctN -8.0 -8.0 -9.0 9.0 11.0 7.0
1794 Mski -12.0 -12.0 -13.0 14.0 17.0 12.0
1873 PBS -16.0 -16.0 -17.0 20.0 24.0 15.0
1908 Sigma.int -20.0 -20.0 -21.0 25.0 29.0 21.0
1909 Mski -17.0 -16.0 -18.0 21.0 25.0 17.0
2004 Empire -14.0 -13.0 -15.0 17.0 21.0 13.0
2101 ZR -11.0 -9.0 -13.0 13.0 17.0 9.0
2189 Dignotoss -15.0 -13.0 -17.0 18.0 22.0 15.0
2219 rox.KIS -19.0 -17.0 -21.0 23.0 27.0 20.0
2245 MYM -16.0 -14.0 -18.0 19.0 23.0 16.0
2254 Fnatic.eu -13.0 -11.0 -15.0 15.0 19.0 12.0
