0 0 0.0 0.0 0.0 0.0 0.0 0.0
41 Empire 1.0 1.0 2.0 -4.0 -4.0 -4.0
208 iG 2.0 2.0 4.0 -8.0 -8.0 -8.0
235 aL 3.0 3.0 5.0 -12.0 -12.0 -12.0
280 Zenith 4.0 4.0 7.0 -16.0 -16.0 -16.0
352 LGD.cn 5.0 5.0 8.0 -20.0 -20.0 -20.0
356 Liquid 1.0 1.0 4.0 -6.0 -8.0 -10.0
364 Zenith 2.0 2.0 5.0 -10.0 -12.0 -14.0
417 mouz -2.0 -2.0 1.0 4.0 0.0 -4.0
430 rox.KIS -1.0 -1.0 2.0 0.0 -4.0 -8.0
431 Quantic 0.0 0.0 4.0 -4.0 -8.0 -12.0
445 TM 1.0 1.0 6.0 -8.0 -12.0 -16.0
471 4FC -3.0 -3.0 2.0 5.0 1.0 -5.0
479 4FC -2.0 -2.0 3.0 1.0 -3.0 -9.0
499 Liquid -1.0 -1.0 4.0 -3.0 -7.0 -13.0
513 EG -5.0 -5.0 0.0 10.0 4.0 -3.0
520 Quantic -4.0 -4.0 2.0 6.0 0.0 -7.0
621 iCCup -8.0 -8.0 -2.0 20.0 13.0 3.0
718 Dreamz -7.0 -7.0 -1.0 16.0 9.0 -1.0
748 Na'Vi -6.0 -6.0 1.0 12.0 5.0 -5.0
771 Na'Vi -5.0 -5.0 2.0 8.0 1.0 -9.0
793 Alliance -4.0 -4.0 4.0 4.0 -3.0 -13.0
797 Liquid -8.0 -8.0 0.0 18.0 8.0 -3.0
818 FD -7.0 -7.0 1.0 14.0 4.0 -7.0
864 Poseidon -6.0 -6.0 2.0 10.0 0.0 -11.0
867 Dreamz -5.0 -5.0 4.0 6.0 -4.0 -15.0
899 Menace -4.0 -4.0 5.0 2.0 -8.0 -19.0
903 Kaipi -3.0 -3.0 6.0 -2.0 -12.0 -23.0
954 Cascade -7.0 -7.0 2.0 11.0 0.0 -13.0
964 Alliance -6.0 -6.0 3.0 7.0 -4.0 -17.0
1008 Menace -10.0 -10.0 -1.0 19.0 8.0 -6.0
1065 SSD -9.0 -9.0 1.0 15.0 4.0 -10.0
1096 VG -8.0 -8.0 3.0 11.0 0.0 -14.0
1126 Life -12.0 -12.0 -1.0 21.0 14.0 -1.0
1174 Fnatic -11.0 -11.0 0.0 17.0 10.0 -5.0
1206 EG -10.0 -10.0 1.0 13.0 6.0 -9.0
1210 Liquid -14.0 -14.0 -3.0 25.0 18.0 2.0
1245 Speed -13.0 -13.0 -1.0 21.0 14.0 -2.0
1268 Mski -12.0 -12.0 1.0 17.0 10.0 -6.0
1326 Dignitas -16.0 -16.0 -3.0 30.0 22.0 4.0
1354 VP -20.0 -20.0 -7.0 43.0 34.0 15.0
1373 Liquid -19.0 -19.0 -6.0 39.0 30.0 11.0
1415 VP -23.0 -23.0 -10.0 51.0 43.0 22.0
1458 Fnatic.eu -27.0 -27.0 -14.0 64.0 55.0 33.0
1478 Alliance -26.0 -26.0 -13.0 60.0 51.0 29.0
1492 Alliance -25.0 -25.0 -12.0 56.0 47.0 25.0
1527 VP -24.0 -24.0 -10.0 52.0 43.0 21.0
1533 OsG -28.0 -28.0 -14.0 65.0 55.0 31.0
1607 Idol -27.0 -27.0 -12.0 61.0 51.0 27.0
1654 MVP.P -26.0 -26.0 -10.0 57.0 47.0 23.0
1674 Empire -25.0 -25.0 -9.0 53.0 43.0 19.0
1676 TR -29.0 -29.0 -13.0 67.0 55.0 29.0
1677 Na'Vi -28.0 -28.0 -12.0 63.0 51.0 25.0
1682 Lowyat -27.0 -27.0 -10.0 59.0 47.0 21.0
1728 sQreen -31.0 -31.0 -14.0 71.0 59.0 32.0
1731 Empire -35.0 -35.0 -18.0 83.0 72.0 43.0
1755 SSD -34.0 -34.0 -16.0 79.0 68.0 39.0
1793 Fnatic.eu -33.0 -33.0 -15.0 75.0 64.0 35.0
1803 Sigma.int -32.0 -32.0 -14.0 71.0 60.0 31.0
1886 Invasion -31.0 -31.0 -13.0 67.0 56.0 27.0
1894 Spirit -35.0 -35.0 -17.0 79.0 67.0 43.0
1967 Liquid -34.0 -34.0 -16.0 75.0 63.0 39.0
2095 Titan -33.0 -32.0 -15.0 71.0 59.0 35.0
2097 rox.KIS -32.0 -30.0 -14.0 67.0 55.0 31.0
2100 PR -31.0 -29.0 -13.0 63.0 51.0 27.0
2178 VP -30.0 -28.0 -12.0 59.0 47.0 23.0
2181 MiT -34.0 -32.0 -16.0 72.0 59.0 34.0
2229 Scythe -33.0 -30.0 -15.0 68.0 55.0 30.0
2277 FD -32.0 -29.0 -14.0 64.0 51.0 26.0
