0 0 0.0 0.0 0.0 0.0 0.0 0.0
123 eLPride 1.0 1.0 2.0 -4.0 -4.0 -4.0
138 TCM -3.0 -3.0 -2.0 9.0 7.0 6.0
273 mouz -2.0 -2.0 0.0 5.0 3.0 2.0
300 mouz -1.0 -1.0 2.0 1.0 -1.0 -2.0
427 rox.KIS 0.0 0.0 4.0 -3.0 -5.0 -6.0
433 DK 1.0 1.0 6.0 -7.0 -9.0 -10.0
453 Fnatic.eu -3.0 -3.0 2.0 6.0 2.0 -1.0
465 Alliance -2.0 -2.0 4.0 2.0 -2.0 -5.0
524 Na'Vi -1.0 -1.0 6.0 -2.0 -6.0 -9.0
549 Fnatic.eu -5.0 -5.0 2.0 10.0 5.0 0.0
551 Kaipi -9.0 -9.0 -2.0 20.0 16.0 11.0
615 Orange -8.0 -8.0 0.0 16.0 12.0 7.0
658 mouz -12.0 -12.0 -4.0 27.0 22.0 17.0
700 Orange -11.0 -11.0 -2.0 23.0 18.0 13.0
776 Orange -10.0 -10.0 0.0 19.0 14.0 9.0
815 TTD -9.0 -9.0 2.0 15.0 10.0 5.0
833 Menace -13.0 -13.0 -2.0 28.0 21.0 14.0
844 Kaipi -12.0 -12.0 0.0 24.0 17.0 10.0
862 rox.KIS -11.0 -11.0 1.0 20.0 13.0 6.0
883 Kaipi -10.0 -10.0 3.0 16.0 9.0 2.0
916 Property -14.0 -14.0 -1.0 29.0 20.0 11.0
919 LGD.cn -13.0 -13.0 1.0 25.0 16.0 7.0
927 iG -12.0 -12.0 2.0 21.0 12.0 3.0
944 Imp -16.0 -16.0 -2.0 32.0 23.0 13.0
963 Na'Vi -15.0 -15.0 0.0 28.0 19.0 9.0
1028 4FC -19.0 -19.0 -4.0 38.0 30.0 19.0
1092 ONE.dota -23.0 -23.0 -8.0 49.0 42.0 29.0
1147 LGD.cn -22.0 -22.0 -6.0 45.0 38.0 25.0
1156 iG -21.0 -20.0 -4.0 41.0 34.0 21.0
1165 Titan -25.0 -24.0 -8.0 51.0 45.0 31.0
1183 Speed -24.0 -23.0 -7.0 47.0 41.0 27.0
1200 Liquid -22.0 -22.0 -6.0 43.0 37.0 23.0
1202 SSD -21.0 -21.0 -4.0 39.0 33.0 19.0
1332 Fnatic.eu -25.0 -25.0 -8.0 49.0 45.0 29.0
1345 Sigma.int -24.0 -24.0 -6.0 45.0 41.0 25.0
1515 Speed -28.0 -28.0 -10.0 56.0 52.0 35.0
1568 Next.kz -27.0 -27.0 -8.0 52.0 48.0 31.0
1603 Fnatic.eu -26.0 -26.0 -7.0 48.0 44.0 27.0
1613 Fnatic.eu -25.0 -25.0 -5.0 44.0 40.0 23.0
1688 Fnatic.eu -24.0 -24.0 -4.0 40.0 36.0 19.0
1698 Alliance -23.0 -23.0 -3.0 36.0 32.0 15.0
1753 Na'Vi -22.0 -22.0 -1.0 32.0 28.0 11.0
1821 QPandas -26.0 -26.0 -5.0 43.0 39.0 21.0
1833 Fnatic.eu -25.0 -25.0 -4.0 39.0 35.0 17.0
1862 Next.kz -29.0 -29.0 -8.0 50.0 46.0 27.0
1906 5inQ -28.0 -27.0 -6.0 46.0 42.0 23.0
1927 Titan -26.0 -25.0 -5.0 42.0 38.0 19.0
1929 MVP -25.0 -24.0 -3.0 38.0 34.0 15.0
1934 Sigma.int -29.0 -28.0 -7.0 49.0 45.0 26.0
1985 SADBOYS -33.0 -32.0 -11.0 59.0 54.0 36.0
2019 Na'Vi -32.0 -31.0 -9.0 55.0 50.0 32.0
2148 PR -36.0 -35.0 -13.0 67.0 60.0 40.0
2244 EG -34.0 -33.0 -12.0 63.0 56.0 36.0
2292 Na'Vi -33.0 -32.0 -11.0 59.0 52.0 32.0
