0 0 0.0 0.0 0.0 0.0 0.0 0.0
33 Dignitas -4.0 -4.0 -4.0 4.0 4.0 4.0
46 GU.pe -1.0 0.0 0.0 0.0 0.0 0.0
64 iM`Bashers 3.0 4.0 4.0 -4.0 -4.0 -4.0
94 Fnatic.eu 7.0 8.0 8.0 -8.0 -8.0 -8.0
131 Na'Vi 11.0 12.0 12.0 -12.0 -12.0 -12.0
214 Dignitas 15.0 16.0 16.0 -16.0 -16.0 -16.0
263 Prodota.ru 11.0 12.0 12.0 -12.0 -12.0 -12.0
343 Orange 7.0 8.0 8.0 -8.0 -8.0 -8.0
570 VP 3.0 4.0 4.0 -4.0 -4.0 -4.0
689 Kaipi -1.0 0.0 0.0 0.0 0.0 0.0
805 Alliance 2.0 4.0 4.0 -4.0 -4.0 -4.0
907 NoLove 6.0 8.0 8.0 -8.0 -8.0 -8.0
910 Empire 2.0 4.0 4.0 -4.0 -4.0 -4.0
1128 TakeFive 5.0 8.0 9.0 -8.0 -8.0 -8.0
1134 PR 1.0 4.0 5.0 -4.0 -4.0 -4.0
1249 Alliance -3.0 0.0 1.0 0.0 0.0 0.0
1277 Mski -7.0 -4.0 -3.0 5.0 4.0 4.0
1311 Sleisel -11.0 -8.0 -7.0 9.0 8.0 8.0
1349 Alliance -15.0 -12.0 -11.0 13.0 12.0 12.0
1394 LGD.cn -11.0 -8.0 -7.0 9.0 8.0 8.0
1422 EG -15.0 -12.0 -11.0 13.0 12.0 12.0
1444 Fnatic.eu -19.0 -16.0 -15.0 17.0 16.0 16.0
1555 Mski -15.0 -12.0 -11.0 13.0 12.0 12.0
1591 VG -19.0 -16.0 -15.0 17.0 16.0 16.0
1606 CSW -23.0 -20.0 -19.0 21.0 20.0 20.0
1609 Empire -19.0 -17.0 -16.0 17.0 16.0 16.0
1649 VP -15.0 -13.0 -12.0 13.0 12.0 12.0
1670 MiTH -11.0 -9.0 -9.0 9.0 8.0 8.0
1717 VP -7.0 -5.0 -6.0 5.0 4.0 4.0
1741 VP -3.0 -1.0 -2.0 1.0 0.0 0.0
1835 iG -7.0 -5.0 -6.0 5.0 4.0 5.0
1980 Empire -4.0 -1.0 -2.0 1.0 0.0 1.0
1994 Fnatic.eu -8.0 -5.0 -6.0 5.0 4.0 5.0
2038 SADBOYS -4.0 -1.0 -3.0 1.0 0.0 1.0
2196 Dog -8.0 -5.0 -7.0 5.0 5.0 6.0
2223 Sigma.int -4.0 -1.0 -3.0 1.0 1.0 2.0
