0 0 0.0 0.0 0.0 0.0 0.0 0.0
37 mouz -4.0 -4.0 -4.0 5.0 4.0 4.0
47 VP -8.0 -8.0 -8.0 10.0 8.0 8.0
52 Fnatic.eu -12.0 -12.0 -12.0 14.0 12.0 12.0
55 mouz -8.0 -9.0 -8.0 10.0 8.0 8.0
84 Liquid -12.0 -13.0 -12.0 14.0 13.0 12.0
103 Fnatic.eu -8.0 -10.0 -9.0 10.0 9.0 8.0
120 Na'Vi -5.0 -6.0 -5.0 6.0 5.0 4.0
192 VP -9.0 -10.0 -9.0 11.0 9.0 8.0
200 VP -5.0 -6.0 -5.0 7.0 5.0 4.0
204 Fnatic.eu -9.0 -10.0 -9.0 11.0 9.0 8.0
267 mouz -6.0 -6.0 -5.0 7.0 5.0 4.0
329 RAT -3.0 -2.0 -1.0 3.0 1.0 0.0
354 Alliance 1.0 2.0 3.0 -1.0 -3.0 -4.0
516 Quantic 4.0 6.0 7.0 -5.0 -7.0 -8.0
530 Orange 7.0 10.0 11.0 -9.0 -11.0 -12.0
559 mouz 10.0 14.0 15.0 -13.0 -15.0 -16.0
563 iG 13.0 18.0 19.0 -17.0 -19.0 -20.0
583 iCCup 9.0 14.0 15.0 -13.0 -15.0 -16.0
633 Liquid 13.0 18.0 19.0 -17.0 -19.0 -20.0
684 VP 17.0 22.0 23.0 -21.0 -23.0 -24.0
724 Kaipi 20.0 26.0 27.0 -25.0 -27.0 -28.0
787 TongFu 23.0 30.0 31.0 -29.0 -31.0 -32.0
794 DK 19.0 26.0 27.0 -25.0 -27.0 -28.0
804 TongFu 22.0 30.0 31.0 -29.0 -31.0 -32.0
895 Next.kz 25.0 34.0 35.0 -33.0 -35.0 -36.0
929 Dreamz 21.0 30.0 31.0 -28.0 -31.0 -32.0
955 DUZA 25.0 33.0 34.0 -32.0 -35.0 -36.0
1003 Kaipi 28.0 37.0 38.0 -36.0 -39.0 -40.0
1014 Na'Vi 24.0 33.0 34.0 -31.0 -35.0 -36.0
1026 PBS 27.0 37.0 38.0 -35.0 -39.0 -40.0
1260 Sigma.int 23.0 33.0 34.0 -31.0 -35.0 -36.0
1374 VP 26.0 37.0 38.0 -35.0 -39.0 -40.0
1502 DK 29.0 41.0 42.0 -39.0 -43.0 -44.0
1505 Na'Vi 25.0 37.0 38.0 -35.0 -39.0 -40.0
1570 SSD 21.0 33.0 34.0 -31.0 -35.0 -35.0
1592 VG 25.0 37.0 38.0 -35.0 -39.0 -39.0
1638 VG 28.0 41.0 43.0 -39.0 -43.0 -43.0
1675 Empire 32.0 45.0 47.0 -43.0 -47.0 -47.0
1715 Poseidon 28.0 41.0 43.0 -39.0 -42.0 -43.0
1717 VP 32.0 44.0 46.0 -43.0 -46.0 -47.0
1757 iG 35.0 48.0 50.0 -47.0 -50.0 -51.0
1782 Mski 39.0 51.0 53.0 -51.0 -54.0 -55.0
2060 Fnatic.eu 35.0 47.0 49.0 -46.0 -50.0 -51.0
2092 Empire 31.0 43.0 45.0 -42.0 -46.0 -47.0
2246 Execration 35.0 47.0 48.0 -46.0 -50.0 -51.0
