0 0 0.0 0.0 0.0 0.0 0.0 0.0
398 Alliance 1.0 1.0 1.0 -4.0 -4.0 -4.0
529 EG 2.0 2.0 2.0 -8.0 -8.0 -8.0
536 Liquid 3.0 3.0 3.0 -12.0 -12.0 -12.0
746 DK 4.0 4.0 4.0 -16.0 -16.0 -16.0
754 Na'Vi 5.0 5.0 5.0 -20.0 -20.0 -20.0
761 Fnatic.eu 6.0 6.0 6.0 -24.0 -24.0 -24.0
773 Alliance 7.0 7.0 7.0 -28.0 -28.0 -28.0
820 4FC 8.0 8.0 8.0 -32.0 -32.0 -32.0
908 iG 9.0 9.0 9.0 -36.0 -36.0 -36.0
920 TongFu 10.0 10.0 10.0 -40.0 -40.0 -40.0
957 Na'Vi 11.0 11.0 11.0 -44.0 -44.0 -44.0
972 Aspera 7.0 7.0 7.0 -22.0 -25.0 -28.0
1063 Alliance 8.0 8.0 8.0 -26.0 -29.0 -32.0
1081 Na'Vi 9.0 9.0 9.0 -30.0 -33.0 -36.0
1114 Na'Vi 10.0 10.0 10.0 -34.0 -37.0 -40.0
1172 Speed 6.0 6.0 6.0 -15.0 -16.0 -20.0
1185 Liquid 2.0 2.0 2.0 6.0 5.0 -1.0
1305 Empire 3.0 3.0 3.0 2.0 1.0 -5.0
1308 LGD.cn 4.0 4.0 4.0 -2.0 -3.0 -9.0
1361 Dignitas 5.0 5.0 5.0 -6.0 -7.0 -13.0
1369 Na'Vi 6.0 6.0 6.0 -10.0 -11.0 -17.0
1384 Empire 7.0 7.0 7.0 -14.0 -15.0 -21.0
1425 VG 8.0 8.0 8.0 -18.0 -19.0 -25.0
1529 LGD.int 9.0 9.0 9.0 -22.0 -23.0 -29.0
1614 Alliance 10.0 10.0 10.0 -26.0 -27.0 -33.0
1664 DK 11.0 11.0 11.0 -30.0 -31.0 -37.0
1665 LGD.cn 12.0 12.0 12.0 -34.0 -35.0 -41.0
1722 Mski 13.0 13.0 13.0 -38.0 -39.0 -45.0
1727 Mski 14.0 14.0 14.0 -42.0 -43.0 -49.0
1750 Alliance 15.0 15.0 15.0 -46.0 -47.0 -53.0
1851 Alliance 16.0 16.0 16.0 -50.0 -51.0 -57.0
1860 Fnatic.eu 17.0 17.0 17.0 -54.0 -55.0 -61.0
1961 Fnatic.eu 18.0 18.0 18.0 -58.0 -59.0 -65.0
2058 Cloud9 19.0 19.0 18.0 -62.0 -63.0 -69.0
2332 Alliance 20.0 20.0 19.0 -66.0 -67.0 -73.0
