0 0 0.0 0.0 0.0 0.0 0.0 0.0
23 mouz 1.0 1.0 1.0 -4.0 -4.0 -4.0
73 Zenith 2.0 2.0 2.0 -8.0 -8.0 -8.0
304 VG 3.0 3.0 3.0 -12.0 -12.0 -12.0
306 LGD.cn 4.0 4.0 4.0 -16.0 -16.0 -16.0
340 mouz 5.0 5.0 5.0 -20.0 -20.0 -20.0
376 LGD.cn 6.0 6.0 6.0 -24.0 -24.0 -24.0
416 4FC 2.0 2.0 2.0 -6.0 -8.0 -10.0
461 Alliance 3.0 3.0 3.0 -10.0 -12.0 -14.0
506 EG 4.0 4.0 4.0 -14.0 -16.0 -18.0
512 Quantic 0.0 0.0 0.0 4.0 -1.0 -4.0
531 Na'Vi 1.0 1.0 1.0 0.0 -5.0 -8.0
678 Kaipi -3.0 -3.0 -3.0 19.0 11.0 6.0
702 Na'Vi -2.0 -2.0 -2.0 15.0 7.0 2.0
745 Dignitas -6.0 -6.0 -6.0 36.0 21.0 14.0
766 Alliance -5.0 -5.0 -5.0 32.0 17.0 10.0
781 Alliance -4.0 -4.0 -4.0 28.0 13.0 6.0
813 Empire -3.0 -3.0 -3.0 24.0 9.0 2.0
866 Poseidon -2.0 -2.0 -2.0 20.0 5.0 -2.0
905 Dignitas -1.0 -1.0 -1.0 16.0 1.0 -6.0
915 Fnatic.eu 0.0 0.0 0.0 12.0 -3.0 -10.0
941 Alliance 1.0 1.0 1.0 8.0 -7.0 -14.0
959 Kaipi 2.0 2.0 2.0 4.0 -11.0 -18.0
1009 Kaipi 3.0 3.0 3.0 0.0 -15.0 -22.0
1018 Alliance 4.0 4.0 4.0 -4.0 -19.0 -26.0
1025 Dignitas 5.0 5.0 5.0 -8.0 -23.0 -30.0
1051 iG 6.0 6.0 6.0 -12.0 -27.0 -34.0
1083 Titan 7.0 7.0 7.0 -16.0 -31.0 -38.0
1089 Imp 8.0 8.0 8.0 -20.0 -35.0 -42.0
1105 Na'Vi 9.0 9.0 9.0 -24.0 -39.0 -46.0
1171 Empire 10.0 10.0 10.0 -28.0 -43.0 -50.0
1192 Na'Vi 11.0 11.0 11.0 -32.0 -47.0 -54.0
1232 Alliance 12.0 12.0 12.0 -36.0 -51.0 -58.0
1307 LGD.int 13.0 13.0 13.0 -40.0 -55.0 -62.0
1323 VG 14.0 14.0 14.0 -44.0 -59.0 -66.0
1336 TongFu 15.0 15.0 15.0 -48.0 -63.0 -70.0
1389 RStars 16.0 16.0 16.0 -52.0 -67.0 -74.0
1498 Fnatic.eu 12.0 12.0 12.0 -36.0 -52.0 -59.0
1512 Alliance 13.0 13.0 13.0 -40.0 -56.0 -63.0
1585 Fnatic.eu 14.0 14.0 14.0 -44.0 -60.0 -67.0
1590 Orange 15.0 15.0 15.0 -48.0 -64.0 -71.0
1593 FD 16.0 16.0 16.0 -52.0 -68.0 -75.0
1598 Alliance 17.0 17.0 17.0 -56.0 -72.0 -79.0
1662 Fnatic.eu 18.0 18.0 18.0 -60.0 -76.0 -83.0
1711 Next.kz 19.0 19.0 19.0 -64.0 -80.0 -87.0
1720 Mski 20.0 20.0 20.0 -68.0 -84.0 -91.0
1751 Na'Vi 21.0 21.0 21.0 -72.0 -88.0 -95.0
1763 rox.KIS 22.0 22.0 22.0 -76.0 -92.0 -99.0
1790 Na'Vi 23.0 23.0 23.0 -80.0 -96.0 -103.0
1811 TongFu 24.0 24.0 24.0 -84.0 -100.0 -107.0
1865 TongFu 25.0 25.0 25.0 -88.0 -104.0 -111.0
1954 Empire 26.0 26.0 26.0 -92.0 -108.0 -115.0
1982 Speed 27.0 27.0 27.0 -96.0 -112.0 -119.0
2032 Liquid 28.0 28.0 28.0 -100.0 -116.0 -123.0
2055 Na'Vi 29.0 29.0 29.0 -104.0 -120.0 -127.0
2080 rox.KIS 25.0 25.0 25.0 -88.0 -104.0 -114.0
2083 PR 26.0 26.0 26.0 -92.0 -108.0 -118.0
2133 Next.kz 22.0 22.0 22.0 -76.0 -93.0 -98.0
2138 Liquid 23.0 23.0 23.0 -80.0 -97.0 -102.0
2175 Liquid 24.0 24.0 24.0 -84.0 -101.0 -106.0
2261 CIS 20.0 20.0 20.0 -65.0 -87.0 -96.0
