0 0 0.0 0.0 0.0 0.0 0.0 0.0
40 Fnatic.eu 1.0 2.0 2.0 -4.0 -4.0 -4.0
43 mouz 3.0 4.0 4.0 -8.0 -8.0 -8.0
44 Quantic 4.0 6.0 6.0 -12.0 -12.0 -12.0
113 Fnatic.eu 6.0 8.0 8.0 -16.0 -16.0 -16.0
128 ASF.R5 2.0 4.0 4.0 -6.0 -7.0 -9.0
130 Alliance -2.0 0.0 0.0 4.0 1.0 -1.0
151 EG -6.0 -4.0 -4.0 13.0 9.0 7.0
196 Orange -10.0 -8.0 -8.0 22.0 18.0 15.0
206 LGD.cn -8.0 -6.0 -6.0 18.0 14.0 11.0
219 Dignitas -6.0 -4.0 -4.0 14.0 10.0 7.0
220 Fnatic.eu -4.0 -2.0 -2.0 10.0 6.0 3.0
237 Na'Vi -2.0 0.0 0.0 6.0 2.0 -1.0
256 Alliance 0.0 2.0 2.0 2.0 -2.0 -5.0
322 RS 1.0 4.0 4.0 -2.0 -6.0 -9.0
345 LGD.cn 3.0 6.0 6.0 -6.0 -10.0 -13.0
353 iG 5.0 8.0 8.0 -10.0 -14.0 -17.0
366 Dignitas 1.0 4.0 4.0 -1.0 -5.0 -9.0
404 MiTH 3.0 6.0 6.0 -5.0 -9.0 -13.0
418 VP 5.0 8.0 8.0 -9.0 -13.0 -17.0
504 VP 7.0 10.0 10.0 -13.0 -17.0 -21.0
521 LGD.int 3.0 6.0 6.0 -3.0 -9.0 -14.0
523 Na'Vi 5.0 8.0 8.0 -7.0 -13.0 -18.0
547 iG 7.0 10.0 10.0 -11.0 -17.0 -22.0
562 TongFu 9.0 12.0 12.0 -15.0 -21.0 -26.0
590 Na'Vi 11.0 14.0 14.0 -19.0 -25.0 -30.0
597 Alliance 13.0 16.0 16.0 -23.0 -29.0 -34.0
607 Kaipi 9.0 12.0 12.0 -14.0 -20.0 -26.0
657 mouz 11.0 14.0 14.0 -18.0 -24.0 -30.0
720 MiTH 13.0 16.0 16.0 -22.0 -28.0 -34.0
731 iG 15.0 18.0 18.0 -26.0 -32.0 -38.0
791 Orange 17.0 20.0 20.0 -30.0 -36.0 -42.0
825 WARDGS 19.0 22.0 22.0 -34.0 -40.0 -46.0
845 DUZA 15.0 18.0 18.0 -25.0 -32.0 -38.0
857 Next.kz 17.0 20.0 20.0 -29.0 -36.0 -42.0
880 Empire 13.0 16.0 16.0 -20.0 -27.0 -34.0
891 Menace 15.0 18.0 18.0 -24.0 -31.0 -38.0
896 Life 11.0 14.0 14.0 -16.0 -22.0 -29.0
897 Kaipi 13.0 16.0 16.0 -20.0 -26.0 -33.0
1000 Inv.kwnku 15.0 18.0 18.0 -24.0 -30.0 -37.0
1002 Empire 16.0 20.0 20.0 -28.0 -34.0 -41.0
1040 PBS 17.0 22.0 22.0 -32.0 -38.0 -45.0
1052 DK 19.0 24.0 24.0 -36.0 -42.0 -49.0
1108 eN.Legs 20.0 26.0 26.0 -40.0 -46.0 -53.0
1124 bvd.dotA 22.0 28.0 28.0 -44.0 -50.0 -57.0
1168 LGD.cn 24.0 30.0 30.0 -48.0 -54.0 -61.0
1179 RStars 20.0 26.0 26.0 -39.0 -45.0 -53.0
1239 RStars 21.0 28.0 28.0 -43.0 -49.0 -57.0
1240 Na'Vi 23.0 30.0 30.0 -47.0 -53.0 -61.0
1251 UR 24.0 32.0 32.0 -51.0 -57.0 -65.0
1275 FXopen 26.0 34.0 34.0 -55.0 -61.0 -69.0
1288 Alliance 28.0 36.0 36.0 -59.0 -65.0 -73.0
1319 Empire 30.0 38.0 38.0 -63.0 -69.0 -77.0
1343 Fnatic.eu 26.0 34.0 34.0 -55.0 -60.0 -69.0
1364 Na'Vi 28.0 36.0 36.0 -59.0 -64.0 -73.0
1367 Liquid 30.0 38.0 38.0 -63.0 -68.0 -77.0
1408 Liquid 32.0 40.0 40.0 -67.0 -72.0 -81.0
1416 Liquid 34.0 42.0 42.0 -71.0 -76.0 -85.0
1449 Titan 36.0 44.0 44.0 -75.0 -80.0 -89.0
1468 Alliance 38.0 46.0 46.0 -79.0 -84.0 -93.0
1544 SSD 40.0 48.0 48.0 -83.0 -88.0 -97.0
1554 Alliance 42.0 50.0 50.0 -87.0 -92.0 -101.0
1597 Empire 44.0 52.0 52.0 -91.0 -96.0 -105.0
1602 VP 46.0 54.0 54.0 -95.0 -100.0 -109.0
1625 Idol 42.0 50.0 50.0 -86.0 -91.0 -101.0
1627 MVP 44.0 52.0 52.0 -90.0 -95.0 -105.0
1637 Na'Vi 46.0 54.0 54.0 -94.0 -99.0 -109.0
1648 Poseidon 42.0 50.0 50.0 -86.0 -91.0 -101.0
1705 Next.kz 44.0 52.0 52.0 -90.0 -95.0 -105.0
1762 TR 40.0 48.0 48.0 -81.0 -87.0 -98.0
1781 FD 42.0 50.0 50.0 -85.0 -91.0 -102.0
1839 Sigma.int 38.0 46.0 46.0 -76.0 -83.0 -94.0
1866 Sigma.int 40.0 48.0 48.0 -80.0 -87.0 -98.0
1871 Relax 42.0 50.0 50.0 -84.0 -91.0 -102.0
1914 rox.KIS 44.0 52.0 52.0 -88.0 -95.0 -106.0
1944 VP 46.0 54.0 53.0 -92.0 -99.0 -110.0
1960 Empire 48.0 56.0 55.0 -96.0 -103.0 -114.0
2016 Revenge 50.0 58.0 57.0 -100.0 -107.0 -118.0
2020 PR 52.0 60.0 59.0 -104.0 -111.0 -122.0
2052 Nullis 48.0 56.0 55.0 -96.0 -104.0 -113.0
2146 Fnatic.eu 50.0 58.0 57.0 -100.0 -108.0 -117.0
2193 Na'Vi 52.0 60.0 59.0 -104.0 -112.0 -121.0
2231 Arrow 54.0 62.0 61.0 -108.0 -116.0 -125.0
2271 Titan 56.0 64.0 63.0 -112.0 -120.0 -129.0
