0 0 0.0 0.0 0.0 0.0 0.0 0.0
77 VnR.Alpha 3.0 2.0 3.0 -4.0 -4.0 -4.0
154 VP 5.0 4.0 5.0 -8.0 -8.0 -8.0
187 VP 1.0 0.0 1.0 -1.0 -2.0 -2.0
195 Dignitas -3.0 -4.0 -3.0 5.0 4.0 6.0
215 Liquid -1.0 -2.0 -1.0 1.0 0.0 2.0
284 Liquid 1.0 0.0 2.0 -3.0 -4.0 -2.0
426 Artyk 3.0 2.0 5.0 -7.0 -8.0 -6.0
500 Liquid -1.0 -2.0 1.0 -1.0 -1.0 1.0
543 VP 2.0 0.0 4.0 -5.0 -5.0 -3.0
564 EG -2.0 -4.0 0.0 2.0 2.0 3.0
641 mouz 0.0 -1.0 3.0 -2.0 -2.0 -1.0
737 Na'Vi 2.0 1.0 6.0 -6.0 -6.0 -5.0
788 Dignitas 4.0 3.0 9.0 -10.0 -10.0 -9.0
806 Orange 0.0 -1.0 5.0 -3.0 -4.0 -3.0
848 DUZA -4.0 -5.0 1.0 4.0 2.0 3.0
900 VP -8.0 -9.0 -3.0 11.0 9.0 9.0
971 iG -6.0 -7.0 0.0 7.0 5.0 5.0
979 PR -3.0 -5.0 2.0 3.0 1.0 1.0
1110 bvd.dotA -1.0 -3.0 5.0 -1.0 -3.0 -3.0
1119 FD -5.0 -7.0 1.0 6.0 3.0 3.0
1140 SYM -9.0 -11.0 -3.0 12.0 10.0 9.0
1209 MiTH -13.0 -15.0 -7.0 19.0 16.0 15.0
1214 VG -17.0 -19.0 -11.0 25.0 23.0 22.0
1244 Sigma.int -15.0 -16.0 -8.0 21.0 19.0 18.0
1261 mouz -19.0 -20.0 -12.0 29.0 25.0 23.0
1286 LGD.int -17.0 -17.0 -9.0 25.0 21.0 19.0
1297 EG -15.0 -15.0 -6.0 21.0 17.0 15.0
1302 DK -13.0 -13.0 -3.0 17.0 13.0 11.0
1446 mouz -17.0 -17.0 -7.0 24.0 19.0 17.0
1448 MiTH -21.0 -21.0 -11.0 30.0 26.0 23.0
1503 Speed -19.0 -19.0 -9.0 26.0 22.0 19.0
1630 Na'Vi -16.0 -17.0 -7.0 22.0 18.0 15.0
1718 Fnatic.eu -20.0 -21.0 -11.0 29.0 25.0 21.0
1732 rox.KIS -24.0 -25.0 -15.0 35.0 32.0 28.0
1813 DK -22.0 -23.0 -12.0 31.0 28.0 24.0
1819 rox.KIS -20.0 -21.0 -10.0 27.0 24.0 20.0
1838 Titan -24.0 -25.0 -14.0 33.0 31.0 26.0
1864 Revenge -22.0 -23.0 -11.0 29.0 27.0 22.0
1921 VP -20.0 -21.0 -9.0 25.0 23.0 18.0
1926 PR -17.0 -19.0 -7.0 21.0 19.0 14.0
2031 Sigma.int -21.0 -23.0 -11.0 27.0 25.0 21.0
2033 eHug -25.0 -27.0 -15.0 33.0 32.0 28.0
2039 Speed -29.0 -31.0 -19.0 39.0 38.0 34.0
2062 PR -33.0 -35.0 -23.0 45.0 44.0 40.0
2078 Empire -31.0 -32.0 -21.0 41.0 40.0 36.0
2115 Mongolz -35.0 -36.0 -25.0 47.0 47.0 42.0
2161 Osiris -39.0 -40.0 -29.0 55.0 54.0 46.0
2164 Puck -43.0 -44.0 -33.0 61.0 61.0 53.0
2182 MM -40.0 -41.0 -31.0 57.0 57.0 49.0
2192 PR -44.0 -45.0 -35.0 64.0 63.0 54.0
2202 neXt! -42.0 -43.0 -33.0 60.0 59.0 50.0
2234 5inQ -39.0 -41.0 -31.0 56.0 55.0 46.0
2263 Cloud9 -37.0 -38.0 -28.0 52.0 51.0 42.0
2326 PR -41.0 -42.0 -32.0 59.0 57.0 48.0
