0 0 0.0 0.0 0.0 0.0 0.0 0.0
275 EG -4.0 -4.0 -4.0 19.0 17.0 14.0
373 Na'Vi -3.0 -3.0 -3.0 15.0 13.0 10.0
410 Alliance -2.0 -2.0 -2.0 11.0 9.0 6.0
636 EG -1.0 -1.0 -1.0 7.0 5.0 2.0
674 mouz 0.0 0.0 0.0 3.0 1.0 -2.0
730 LGD.cn 1.0 1.0 1.0 -1.0 -3.0 -6.0
783 TongFu 2.0 2.0 2.0 -5.0 -7.0 -10.0
873 PR -2.0 -2.0 -2.0 16.0 11.0 5.0
931 Alliance -1.0 -1.0 -1.0 12.0 7.0 1.0
960 Kaipi 0.0 0.0 0.0 8.0 3.0 -3.0
1017 Na'Vi 1.0 1.0 1.0 4.0 -1.0 -7.0
1030 Na'Vi 2.0 2.0 2.0 0.0 -5.0 -11.0
1050 Alliance 3.0 3.0 3.0 -4.0 -9.0 -15.0
1064 Alliance 4.0 4.0 4.0 -8.0 -13.0 -19.0
1082 Fnatic.eu 5.0 5.0 5.0 -12.0 -17.0 -23.0
1095 Arcanys 1.0 1.0 1.0 9.0 0.0 -10.0
1097 FD 2.0 2.0 2.0 5.0 -4.0 -14.0
1175 TongFu 3.0 3.0 3.0 1.0 -8.0 -18.0
1181 Alliance 4.0 4.0 4.0 -3.0 -12.0 -22.0
1204 iG 5.0 5.0 5.0 -7.0 -16.0 -26.0
1238 LGD.cn 6.0 6.0 6.0 -11.0 -20.0 -30.0
1263 LGD.cn 7.0 7.0 7.0 -15.0 -24.0 -34.0
1316 VG 8.0 8.0 8.0 -19.0 -28.0 -38.0
1460 Alliance 9.0 9.0 9.0 -23.0 -32.0 -42.0
1482 Fnatic.eu 10.0 10.0 10.0 -27.0 -36.0 -46.0
1490 EG 11.0 11.0 11.0 -31.0 -40.0 -50.0
1499 DK 12.0 12.0 12.0 -35.0 -44.0 -54.0
1500 Speed 13.0 13.0 13.0 -39.0 -48.0 -58.0
1820 Empire 14.0 14.0 14.0 -43.0 -52.0 -62.0
1853 Alliance 15.0 15.0 15.0 -47.0 -56.0 -66.0
1857 iG 16.0 16.0 16.0 -51.0 -60.0 -70.0
1879 Orange 17.0 17.0 17.0 -55.0 -64.0 -74.0
1984 Empire 18.0 18.0 18.0 -59.0 -68.0 -78.0
2015 Speed 19.0 19.0 19.0 -63.0 -72.0 -82.0
2059 Empire 20.0 20.0 20.0 -67.0 -76.0 -86.0
2067 Na'Vi 21.0 21.0 21.0 -71.0 -80.0 -90.0
2123 rox.KIS 22.0 22.0 22.0 -75.0 -84.0 -94.0
2156 Cloud9 23.0 23.0 23.0 -79.0 -88.0 -98.0
2197 Empire 24.0 24.0 24.0 -83.0 -92.0 -102.0
