0 0 0.0 0.0 0.0 0.0 0.0 0.0
508 Na'Vi 0.0 1.0 1.0 -4.0 -4.0 -4.0
956 Alliance 0.0 1.0 2.0 -8.0 -8.0 -8.0
1123 Na'Vi 0.0 2.0 3.0 -12.0 -12.0 -12.0
1146 iG 0.0 3.0 4.0 -16.0 -16.0 -16.0
1169 DK 0.0 4.0 5.0 -20.0 -20.0 -20.0
1203 TongFu 0.0 5.0 6.0 -24.0 -24.0 -24.0
1247 iG 0.0 6.0 7.0 -28.0 -28.0 -28.0
1314 TongFu 0.0 7.0 8.0 -32.0 -32.0 -32.0
1322 DK 0.0 7.0 9.0 -36.0 -36.0 -36.0
1341 Alliance 0.0 8.0 10.0 -40.0 -40.0 -40.0
1442 LGD.int 0.0 9.0 11.0 -44.0 -44.0 -44.0
1685 Alliance 0.0 10.0 12.0 -48.0 -48.0 -48.0
1689 iG 0.0 11.0 13.0 -52.0 -52.0 -52.0
1699 OsG -4.0 7.0 9.0 -24.0 -26.0 -29.0
1808 iG -4.0 8.0 10.0 -28.0 -30.0 -33.0
2315 Alliance -3.0 9.0 10.0 -32.0 -34.0 -37.0
