0 0 0.0 0.0 0.0 0.0 0.0 0.0
29 GU.pe -4.0 -4.0 -4.0 12.0 10.0 9.0
58 Na'Vi -3.0 -2.0 -2.0 8.0 6.0 5.0
110 Empire -2.0 0.0 0.0 4.0 2.0 1.0
117 VP -1.0 1.0 2.0 0.0 -2.0 -3.0
135 Fnatic.eu 0.0 2.0 4.0 -4.0 -6.0 -7.0
164 Dignitas 1.0 3.0 6.0 -8.0 -10.0 -11.0
185 LGD.int 2.0 4.0 8.0 -12.0 -14.0 -15.0
317 FD -2.0 0.0 4.0 1.0 -4.0 -7.0
369 iCCup -6.0 -4.0 0.0 12.0 6.0 3.0
403 RStars -10.0 -8.0 -4.0 23.0 17.0 12.0
424 Kaipi -14.0 -12.0 -8.0 34.0 28.0 22.0
432 Kaipi -12.0 -11.0 -6.0 30.0 24.0 18.0
444 Artyk -16.0 -15.0 -10.0 41.0 34.0 27.0
464 Fnatic.eu -15.0 -14.0 -8.0 37.0 30.0 23.0
495 Artyk -14.0 -12.0 -6.0 33.0 26.0 19.0
550 Kaipi -18.0 -16.0 -10.0 43.0 36.0 29.0
573 VP -22.0 -20.0 -14.0 55.0 46.0 38.0
574 Fnatic.eu -26.0 -24.0 -18.0 67.0 56.0 47.0
608 Alliance -25.0 -23.0 -16.0 63.0 52.0 43.0
635 Dignitas -24.0 -22.0 -14.0 59.0 48.0 39.0
757 Alliance -22.0 -21.0 -13.0 55.0 44.0 35.0
803 Orange -26.0 -25.0 -17.0 67.0 54.0 43.0
811 RStars -25.0 -24.0 -15.0 63.0 50.0 39.0
859 FSid3 -29.0 -28.0 -19.0 73.0 61.0 49.0
886 Fnatic.eu -28.0 -27.0 -17.0 69.0 57.0 45.0
917 Menace -32.0 -31.0 -21.0 80.0 68.0 54.0
926 Empire -31.0 -29.0 -19.0 76.0 64.0 50.0
967 mouz -30.0 -28.0 -17.0 72.0 60.0 46.0
1005 Dignitas -34.0 -32.0 -21.0 84.0 70.0 54.0
1012 DK -33.0 -31.0 -19.0 80.0 66.0 50.0
1073 Titan -32.0 -30.0 -17.0 76.0 62.0 46.0
1120 Ahead.kz -31.0 -29.0 -15.0 72.0 58.0 42.0
1177 TongFu -30.0 -28.0 -13.0 68.0 54.0 38.0
1230 Property -34.0 -32.0 -17.0 81.0 64.0 47.0
1274 LGD.cn -33.0 -31.0 -15.0 77.0 60.0 43.0
1301 Hearts -32.0 -29.0 -13.0 73.0 56.0 39.0
1325 Kawai -36.0 -33.0 -17.0 85.0 66.0 48.0
1338 Liquid -35.0 -32.0 -15.0 81.0 62.0 44.0
1426 Speed -34.0 -31.0 -13.0 77.0 58.0 40.0
1462 rox.KIS -33.0 -30.0 -11.0 73.0 54.0 36.0
1465 DK -32.0 -29.0 -9.0 69.0 50.0 32.0
1531 Aspera -31.0 -28.0 -7.0 65.0 46.0 28.0
1537 FL -35.0 -32.0 -11.0 75.0 57.0 38.0
1604 Sigma.int -39.0 -36.0 -15.0 85.0 68.0 48.0
1620 VP -38.0 -35.0 -13.0 81.0 64.0 44.0
1667 Fnatic.eu -37.0 -34.0 -11.0 77.0 60.0 40.0
1683 rox.KIS -36.0 -32.0 -9.0 73.0 56.0 36.0
1733 PR -40.0 -36.0 -13.0 84.0 66.0 46.0
1780 Titan -39.0 -34.0 -11.0 80.0 62.0 42.0
1791 Revenge -43.0 -38.0 -15.0 89.0 73.0 54.0
1829 Sigma.int -42.0 -36.0 -13.0 85.0 69.0 50.0
1836 DK -41.0 -34.0 -11.0 81.0 65.0 46.0
1842 DK -40.0 -32.0 -9.0 77.0 61.0 42.0
1870 FSid3 -44.0 -36.0 -13.0 87.0 72.0 53.0
1887 Lowyat -43.0 -35.0 -12.0 83.0 68.0 49.0
1956 rox.KIS -41.0 -34.0 -11.0 79.0 64.0 45.0
1972 PR -45.0 -38.0 -15.0 89.0 72.0 60.0
2009 Fnatic.eu -44.0 -36.0 -14.0 85.0 68.0 56.0
2034 Denial -48.0 -40.0 -18.0 95.0 78.0 66.0
2113 TCN -46.0 -38.0 -17.0 91.0 74.0 62.0
2141 WWD -45.0 -37.0 -15.0 87.0 70.0 58.0
2158 Denial -49.0 -41.0 -19.0 97.0 79.0 70.0
2216 Alliance -48.0 -39.0 -17.0 93.0 75.0 66.0
2239 Orange -52.0 -43.0 -21.0 105.0 84.0 74.0
2279 DUZA -51.0 -41.0 -20.0 101.0 80.0 70.0
2301 Fnatic.eu -55.0 -45.0 -24.0 112.0 91.0 79.0
2308 MVP.P -54.0 -43.0 -22.0 108.0 87.0 75.0
2336 PR -53.0 -42.0 -20.0 104.0 83.0 71.0
