0 0 0.0 0.0 0.0 0.0 0.0 0.0
958 PR -4.0 -4.0 -4.0 25.0 24.0 21.0
1112 DK -4.0 -3.0 -3.0 21.0 20.0 17.0
1129 iG -4.0 -2.0 -2.0 17.0 16.0 13.0
1195 VG -4.0 -1.0 -1.0 13.0 12.0 9.0
1321 Fnatic.eu -3.0 0.0 0.0 9.0 8.0 5.0
1352 DK -2.0 1.0 1.0 5.0 4.0 1.0
1388 iG -2.0 2.0 2.0 1.0 0.0 -3.0
1412 DK -2.0 3.0 3.0 -3.0 -4.0 -7.0
1494 Na'Vi -1.0 4.0 4.0 -7.0 -8.0 -11.0
1629 Fnatic.eu -1.0 5.0 5.0 -11.0 -12.0 -15.0
1788 Sigma.int 0.0 6.0 6.0 -15.0 -16.0 -19.0
1814 LGD.cn 0.0 7.0 7.0 -19.0 -20.0 -23.0
1868 Na'Vi 1.0 8.0 7.0 -23.0 -24.0 -27.0
1975 Fnatic.eu 2.0 9.0 7.0 -27.0 -28.0 -31.0
2275 Orange 3.0 10.0 8.0 -31.0 -32.0 -35.0
2282 iG 4.0 11.0 8.0 -35.0 -36.0 -39.0
2313 Alliance 5.0 12.0 9.0 -39.0 -40.0 -43.0
2321 Liquid 6.0 13.0 9.0 -43.0 -44.0 -47.0
