0 0 0.0 0.0 0.0 0.0 0.0 0.0
39 VP -4.0 -4.0 -4.0 6.0 6.0 5.0
69 Dignitas -1.0 -1.0 -1.0 2.0 2.0 1.0
105 Liquid 2.0 2.0 2.0 -2.0 -2.0 -3.0
107 iM`Bashers 4.0 5.0 5.0 -6.0 -6.0 -7.0
114 Fnatic.eu 0.0 1.0 1.0 0.0 0.0 -1.0
163 Lounge 3.0 4.0 4.0 -4.0 -4.0 -5.0
205 Fnatic.eu -1.0 0.0 0.0 2.0 2.0 1.0
210 LGD.cn 2.0 3.0 3.0 -2.0 -2.0 -3.0
238 rox.KIS 5.0 6.0 6.0 -6.0 -6.0 -7.0
269 EG 1.0 2.0 2.0 0.0 0.0 -2.0
303 QPandas -3.0 -2.0 -2.0 6.0 6.0 3.0
325 RS -1.0 1.0 1.0 2.0 2.0 -1.0
339 RStars 1.0 4.0 4.0 -2.0 -2.0 -5.0
420 Na'Vi -3.0 0.0 0.0 5.0 3.0 0.0
454 Kaipi -7.0 -4.0 -4.0 12.0 9.0 5.0
470 mouz -4.0 -1.0 -1.0 8.0 5.0 1.0
534 EG -1.0 2.0 2.0 4.0 1.0 -3.0
579 Alliance 2.0 5.0 5.0 0.0 -3.0 -7.0
581 LGD.cn 4.0 8.0 8.0 -4.0 -7.0 -11.0
652 DK 0.0 4.0 4.0 2.0 -1.0 -6.0
683 rox.KIS -4.0 0.0 0.0 8.0 5.0 -1.0
772 DK -8.0 -4.0 -4.0 13.0 11.0 4.0
887 MSIEvoGT -12.0 -8.0 -8.0 19.0 17.0 9.0
961 Life -10.0 -5.0 -5.0 15.0 13.0 5.0
994 Next.kz -14.0 -9.0 -9.0 21.0 19.0 10.0
1031 Empire -11.0 -6.0 -6.0 17.0 15.0 6.0
1093 Lowyat -15.0 -10.0 -10.0 23.0 21.0 11.0
1116 NJ&Kids -19.0 -14.0 -14.0 28.0 27.0 17.0
1150 Speed -17.0 -11.0 -10.0 24.0 23.0 13.0
1218 CSW -21.0 -15.0 -14.0 30.0 29.0 18.0
1229 StayFree -25.0 -19.0 -18.0 37.0 35.0 23.0
1246 Liquid -22.0 -16.0 -15.0 33.0 31.0 19.0
1290 Lowyat -26.0 -20.0 -19.0 39.0 37.0 24.0
1350 Fnatic.eu -30.0 -24.0 -23.0 45.0 43.0 30.0
1358 VP -34.0 -28.0 -27.0 51.0 49.0 35.0
1525 mouz -31.0 -25.0 -24.0 47.0 45.0 31.0
1540 Next.kz -28.0 -22.0 -21.0 43.0 41.0 27.0
1571 PR -25.0 -19.0 -18.0 39.0 37.0 23.0
1632 Fnatic.eu -29.0 -23.0 -22.0 45.0 43.0 29.0
1639 Fnatic.eu -33.0 -27.0 -26.0 51.0 49.0 34.0
1643 VG -31.0 -24.0 -23.0 47.0 45.0 30.0
1644 iG -35.0 -28.0 -27.0 53.0 50.0 35.0
1704 Alliance -32.0 -25.0 -24.0 49.0 46.0 31.0
1740 LGD.cn -36.0 -29.0 -28.0 55.0 52.0 36.0
1789 Na'Vi -33.0 -26.0 -25.0 51.0 48.0 32.0
1895 Fnatic.eu -37.0 -30.0 -29.0 56.0 52.0 41.0
2106 Panthers -35.0 -27.0 -26.0 52.0 48.0 37.0
2247 Cloud9 -32.0 -23.0 -24.0 48.0 44.0 33.0
