0 0 0.0 0.0 0.0 0.0 0.0 0.0
34 EG -4.0 -4.0 -4.0 8.0 7.0 6.0
80 Liquid -8.0 -8.0 -8.0 15.0 15.0 12.0
81 Neo.int -6.0 -6.0 -6.0 11.0 11.0 8.0
100 Liquid -4.0 -4.0 -4.0 7.0 7.0 4.0
132 Alliance -8.0 -8.0 -8.0 16.0 14.0 10.0
159 VP -12.0 -12.0 -12.0 24.0 21.0 16.0
173 VP -10.0 -10.0 -10.0 20.0 17.0 12.0
216 Liquid -14.0 -14.0 -14.0 27.0 24.0 19.0
218 Fnatic.eu -12.0 -12.0 -12.0 23.0 20.0 15.0
244 Alliance -10.0 -10.0 -9.0 19.0 16.0 11.0
250 Alliance -14.0 -14.0 -13.0 26.0 23.0 18.0
254 EG -18.0 -18.0 -17.0 34.0 30.0 24.0
281 EG -22.0 -22.0 -21.0 42.0 37.0 30.0
289 Dignitas -20.0 -20.0 -19.0 38.0 33.0 26.0
351 Alliance -18.0 -18.0 -17.0 34.0 29.0 22.0
382 Fnatic.eu -22.0 -22.0 -21.0 42.0 36.0 28.0
546 Orange -20.0 -20.0 -19.0 38.0 32.0 24.0
571 DK -24.0 -24.0 -23.0 45.0 39.0 31.0
577 rox.KIS -22.0 -22.0 -21.0 41.0 35.0 27.0
622 Fnatic.eu -20.0 -20.0 -19.0 37.0 31.0 23.0
629 LGD.cn -24.0 -24.0 -23.0 44.0 38.0 30.0
643 iG -22.0 -22.0 -21.0 40.0 34.0 26.0
646 Fnatic.eu -20.0 -20.0 -19.0 36.0 30.0 22.0
704 EG -24.0 -24.0 -23.0 44.0 37.0 28.0
785 LGD.cn -22.0 -22.0 -21.0 40.0 33.0 24.0
892 Kaipi -20.0 -20.0 -18.0 36.0 29.0 20.0
922 PR -24.0 -24.0 -22.0 44.0 36.0 27.0
999 Empire -22.0 -22.0 -19.0 40.0 32.0 23.0
1010 Aspera -26.0 -26.0 -23.0 47.0 39.0 30.0
1015 StayFree -24.0 -24.0 -20.0 43.0 35.0 26.0
1069 Poseidon -28.0 -28.0 -24.0 50.0 42.0 33.0
1080 SYF -26.0 -26.0 -22.0 46.0 38.0 29.0
1212 Fnatic.eu -24.0 -24.0 -20.0 42.0 34.0 25.0
1234 VG -22.0 -22.0 -17.0 38.0 30.0 21.0
1400 VP -20.0 -20.0 -14.0 34.0 26.0 17.0
1402 Liquid -18.0 -18.0 -12.0 30.0 22.0 13.0
1445 Speed -16.0 -16.0 -9.0 26.0 18.0 9.0
1471 Mts -20.0 -20.0 -13.0 35.0 25.0 14.0
1617 Siltherin -18.0 -18.0 -10.0 31.0 21.0 10.0
1655 RRQ -16.0 -16.0 -8.0 27.0 17.0 6.0
1756 TongFu -20.0 -20.0 -12.0 35.0 24.0 12.0
1799 VP -24.0 -24.0 -16.0 44.0 31.0 18.0
1830 mouz -22.0 -22.0 -14.0 40.0 27.0 14.0
1843 iG -20.0 -20.0 -11.0 36.0 23.0 10.0
1869 FSid3 -24.0 -24.0 -15.0 44.0 30.0 16.0
1899 LGD.cn -22.0 -21.0 -13.0 40.0 26.0 12.0
1905 Swage -26.0 -25.0 -17.0 48.0 33.0 18.0
1930 Alliance -24.0 -23.0 -15.0 44.0 29.0 14.0
1933 Alliance -22.0 -21.0 -13.0 40.0 25.0 10.0
1988 Liquid -26.0 -25.0 -17.0 47.0 32.0 17.0
2003 Empire -30.0 -29.0 -21.0 53.0 37.0 25.0
2005 5inQ -27.0 -26.0 -20.0 49.0 33.0 21.0
2008 SADBOYS -31.0 -30.0 -24.0 56.0 40.0 28.0
2026 Execration -29.0 -28.0 -21.0 52.0 36.0 24.0
2180 Puck -33.0 -32.0 -25.0 59.0 42.0 32.0
2201 eN.Legs -31.0 -30.0 -23.0 55.0 38.0 28.0
2252 FD -29.0 -28.0 -21.0 51.0 34.0 24.0
2312 Na'Vi -27.0 -26.0 -19.0 47.0 30.0 20.0
