0 0 0.0 0.0 0.0 0.0 0.0 0.0
505 Na'Vi 0.0 1.0 1.0 -4.0 -4.0 -4.0
1118 LGD.cn 0.0 2.0 2.0 -8.0 -8.0 -8.0
1151 Alliance 0.0 3.0 3.0 -12.0 -12.0 -12.0
1191 DK 0.0 4.0 4.0 -16.0 -16.0 -16.0
1215 iG 0.0 5.0 5.0 -20.0 -20.0 -20.0
1351 VG 0.0 6.0 6.0 -24.0 -24.0 -24.0
1390 Alliance 0.0 7.0 7.0 -28.0 -28.0 -28.0
1423 Alliance 0.0 8.0 8.0 -32.0 -32.0 -32.0
1511 Sigma.int 0.0 9.0 9.0 -36.0 -36.0 -36.0
1807 LGD.cn 0.0 10.0 10.0 -40.0 -40.0 -40.0
1822 Fnatic.eu 0.0 11.0 11.0 -44.0 -44.0 -44.0
2228 Titan 1.0 12.0 11.0 -48.0 -48.0 -48.0
