0 0 0.0 0.0 0.0 0.0 0.0 0.0
19 Empire 1.0 2.0 2.0 -4.0 -4.0 -4.0
26 Empire -3.0 -2.0 -2.0 6.0 4.0 4.0
48 VP -2.0 0.0 0.0 2.0 0.0 0.0
53 VP -6.0 -4.0 -4.0 13.0 9.0 8.0
93 Na'Vi -4.0 -2.0 -2.0 9.0 5.0 4.0
179 Liquid -8.0 -6.0 -6.0 19.0 14.0 12.0
213 DK -12.0 -10.0 -10.0 28.0 23.0 20.0
221 Alliance -10.0 -8.0 -8.0 24.0 19.0 16.0
224 mouz -14.0 -12.0 -12.0 33.0 28.0 24.0
229 Liquid -18.0 -16.0 -16.0 43.0 37.0 32.0
233 mouz -16.0 -14.0 -14.0 39.0 33.0 28.0
260 Alliance -14.0 -12.0 -12.0 35.0 29.0 24.0
297 rox.KIS -13.0 -10.0 -10.0 31.0 25.0 20.0
315 Liquid -11.0 -8.0 -8.0 27.0 21.0 16.0
327 rox.KIS -15.0 -12.0 -12.0 37.0 30.0 24.0
334 VP -14.0 -10.0 -10.0 33.0 26.0 20.0
357 LGD.cn -12.0 -8.0 -8.0 29.0 22.0 16.0
383 RS -16.0 -12.0 -12.0 38.0 31.0 25.0
449 VP -15.0 -10.0 -10.0 34.0 27.0 21.0
452 EG -13.0 -8.0 -8.0 30.0 23.0 17.0
459 Alliance -11.0 -6.0 -6.0 26.0 19.0 13.0
515 Alliance -10.0 -4.0 -4.0 22.0 15.0 9.0
517 Alliance -9.0 -2.0 -2.0 18.0 11.0 5.0
545 Alliance -8.0 0.0 0.0 14.0 7.0 1.0
558 rox.KIS -6.0 2.0 2.0 10.0 3.0 -3.0
595 Alliance -4.0 4.0 4.0 6.0 -1.0 -7.0
602 Alliance -2.0 6.0 6.0 2.0 -5.0 -11.0
605 LGD.int 0.0 8.0 8.0 -2.0 -9.0 -15.0
623 Alliance 2.0 10.0 10.0 -6.0 -13.0 -19.0
627 EG 4.0 12.0 12.0 -10.0 -17.0 -23.0
679 Fnatic.eu 0.0 8.0 8.0 0.0 -8.0 -15.0
693 Alliance 2.0 10.0 10.0 -4.0 -12.0 -19.0
708 iCCup -2.0 6.0 6.0 6.0 -3.0 -11.0
741 TongFu -1.0 8.0 8.0 2.0 -7.0 -15.0
807 Na'Vi 1.0 10.0 10.0 -2.0 -11.0 -19.0
814 Kaipi 2.0 12.0 12.0 -6.0 -15.0 -23.0
842 Menace -2.0 8.0 8.0 3.0 -6.0 -14.0
843 Empire 0.0 10.0 10.0 -1.0 -10.0 -18.0
885 Aspera 2.0 12.0 12.0 -5.0 -14.0 -22.0
898 Mski 4.0 14.0 14.0 -9.0 -18.0 -26.0
983 Fnatic.eu 6.0 16.0 16.0 -13.0 -22.0 -30.0
987 Fnatic.eu 8.0 18.0 18.0 -17.0 -26.0 -34.0
992 PBS 4.0 14.0 14.0 -7.0 -18.0 -26.0
1004 EG 6.0 16.0 16.0 -11.0 -22.0 -30.0
1020 Na'Vi 8.0 18.0 18.0 -15.0 -26.0 -34.0
1048 MiTH 10.0 20.0 20.0 -19.0 -30.0 -38.0
1061 RS.int 11.0 22.0 22.0 -23.0 -34.0 -42.0
1062 MiTH 13.0 24.0 24.0 -27.0 -38.0 -46.0
1071 Quantic 15.0 26.0 26.0 -31.0 -42.0 -50.0
1130 TongFu 17.0 28.0 28.0 -35.0 -46.0 -54.0
1173 Empire 19.0 30.0 30.0 -39.0 -50.0 -58.0
1208 Imp 15.0 26.0 26.0 -31.0 -41.0 -49.0
1216 LGD.cn 16.0 28.0 28.0 -35.0 -45.0 -53.0
1221 iG 12.0 24.0 24.0 -24.0 -36.0 -46.0
1292 SSD 8.0 20.0 20.0 -16.0 -27.0 -37.0
1296 mouz 10.0 22.0 22.0 -20.0 -31.0 -41.0
1334 iG 11.0 24.0 24.0 -24.0 -35.0 -45.0
1353 Alliance 13.0 26.0 26.0 -28.0 -39.0 -49.0
1401 Alliance 15.0 28.0 28.0 -32.0 -43.0 -53.0
1456 Liquid 16.0 30.0 30.0 -36.0 -47.0 -57.0
1461 rox.KIS 12.0 26.0 26.0 -26.0 -38.0 -49.0
1475 TongFu3 14.0 28.0 28.0 -30.0 -42.0 -53.0
1518 Speed 10.0 24.0 24.0 -20.0 -34.0 -45.0
1545 LGD.cn 11.0 26.0 26.0 -24.0 -38.0 -49.0
1553 Fnatic.eu 7.0 22.0 22.0 -15.0 -29.0 -41.0
1557 LGD.int 3.0 18.0 18.0 -6.0 -20.0 -33.0
1576 5inQ 4.0 20.0 20.0 -10.0 -24.0 -37.0
1578 VG 0.0 16.0 16.0 -1.0 -15.0 -29.0
1587 Idol 1.0 18.0 18.0 -5.0 -19.0 -33.0
1600 TR -3.0 14.0 14.0 6.0 -11.0 -26.0
1608 VP -7.0 10.0 10.0 16.0 -2.0 -19.0
1618 FD -5.0 12.0 12.0 12.0 -6.0 -23.0
1624 PR -3.0 14.0 14.0 8.0 -10.0 -27.0
1651 rox.KIS -1.0 16.0 16.0 4.0 -14.0 -31.0
1679 Speed 1.0 18.0 18.0 0.0 -18.0 -35.0
1690 Mski 3.0 19.0 19.0 -4.0 -22.0 -39.0
1712 VP 5.0 21.0 21.0 -8.0 -26.0 -43.0
1736 Lowyat 1.0 17.0 17.0 1.0 -17.0 -35.0
1742 Na'Vi 2.0 19.0 19.0 -3.0 -21.0 -39.0
1758 DK 4.0 21.0 21.0 -7.0 -25.0 -43.0
1825 DK 6.0 23.0 23.0 -11.0 -29.0 -47.0
1845 DK 8.0 25.0 24.0 -15.0 -33.0 -51.0
1875 iG 10.0 27.0 26.0 -19.0 -37.0 -55.0
1903 Titan 12.0 29.0 27.0 -23.0 -41.0 -59.0
1910 FD 14.0 31.0 28.0 -27.0 -45.0 -63.0
1917 Orange 16.0 33.0 30.0 -31.0 -49.0 -67.0
1936 Alliance 18.0 35.0 32.0 -35.0 -53.0 -71.0
1963 Life 14.0 31.0 28.0 -26.0 -43.0 -64.0
1965 Relax 16.0 33.0 30.0 -30.0 -47.0 -68.0
1995 SADBOYS 17.0 35.0 32.0 -34.0 -51.0 -72.0
2018 Fnatic.eu 13.0 31.0 28.0 -25.0 -42.0 -63.0
2074 vhoul 9.0 27.0 24.0 -15.0 -32.0 -56.0
2079 Empire 11.0 29.0 26.0 -19.0 -36.0 -60.0
2093 rox.KIS 13.0 31.0 27.0 -23.0 -40.0 -64.0
2136 Swage 15.0 33.0 29.0 -27.0 -44.0 -68.0
2171 Relax 17.0 35.0 31.0 -31.0 -48.0 -72.0
2218 VP 13.0 31.0 27.0 -22.0 -40.0 -64.0
2269 Na'Vi 15.0 33.0 29.0 -26.0 -44.0 -68.0
2274 LGD.cn 17.0 35.0 30.0 -30.0 -48.0 -72.0
2283 Fnatic.eu 19.0 37.0 32.0 -34.0 -52.0 -76.0
2289 DT.NGC 15.0 33.0 28.0 -24.0 -41.0 -70.0
2290 Orange 11.0 29.0 24.0 -15.0 -33.0 -62.0
