0 0 0.0 0.0 0.0 0.0 0.0 0.0
396 Liquid 1.0 1.0 1.0 -4.0 -4.0 -4.0
537 Liquid 2.0 2.0 2.0 -8.0 -8.0 -8.0
1035 Alliance 3.0 3.0 3.0 -12.0 -12.0 -12.0
1039 Ahead.kz -1.0 -1.0 -1.0 9.0 10.0 6.0
1055 Alliance 0.0 0.0 0.0 5.0 6.0 2.0
1143 DK 0.0 1.0 1.0 1.0 2.0 -2.0
1188 LGD.int 1.0 2.0 2.0 -3.0 -2.0 -6.0
1196 LGD.cn 1.0 3.0 3.0 -7.0 -6.0 -10.0
1253 LGD.int -3.0 -1.0 -1.0 22.0 14.0 6.0
1327 Speed -2.0 0.0 0.0 18.0 10.0 2.0
1329 Alliance -1.0 1.0 1.0 14.0 6.0 -2.0
1365 Alliance 0.0 2.0 2.0 10.0 2.0 -6.0
1473 LGD.cn 1.0 3.0 3.0 6.0 -2.0 -10.0
1508 Alliance 2.0 4.0 4.0 2.0 -6.0 -14.0
1628 Alliance 3.0 5.0 5.0 -2.0 -10.0 -18.0
1631 VG 3.0 6.0 6.0 -6.0 -14.0 -22.0
1805 VG 4.0 7.0 7.0 -10.0 -18.0 -26.0
2053 SADBOYS 5.0 8.0 7.0 -14.0 -22.0 -30.0
2119 Empire 6.0 9.0 7.0 -18.0 -26.0 -34.0
2187 Titan 7.0 10.0 8.0 -22.0 -30.0 -38.0
2214 Orange 8.0 11.0 8.0 -26.0 -34.0 -42.0
2280 DK 9.0 12.0 9.0 -30.0 -38.0 -46.0
2307 Fnatic.eu 10.0 13.0 9.0 -34.0 -42.0 -50.0
2314 Na'Vi 11.0 14.0 10.0 -38.0 -46.0 -54.0
