0 0 0.0 0.0 0.0 0.0 0.0 0.0
49 Liquid 1.0 1.0 1.0 -4.0 -4.0 -4.0
136 Alliance 2.0 2.0 2.0 -8.0 -8.0 -8.0
240 Na'Vi 3.0 3.0 3.0 -12.0 -12.0 -12.0
253 Liquid -1.0 -1.0 -1.0 5.0 2.0 -1.0
379 Na'Vi 0.0 0.0 0.0 1.0 -2.0 -5.0
389 iG 1.0 1.0 1.0 -3.0 -6.0 -9.0
414 Alliance 2.0 2.0 2.0 -7.0 -10.0 -13.0
437 Quantic 3.0 3.0 3.0 -11.0 -14.0 -17.0
439 Artyk 4.0 4.0 4.0 -15.0 -18.0 -21.0
484 Empire 0.0 0.0 0.0 2.0 -3.0 -9.0
528 Liquid 1.0 1.0 1.0 -2.0 -7.0 -13.0
532 Empire 2.0 2.0 2.0 -6.0 -11.0 -17.0
631 Alliance 3.0 3.0 3.0 -10.0 -15.0 -21.0
670 EG 4.0 4.0 4.0 -14.0 -19.0 -25.0
712 Na'Vi 5.0 5.0 5.0 -18.0 -23.0 -29.0
727 Fnatic.eu 1.0 1.0 1.0 -1.0 -9.0 -18.0
767 LGD.int -3.0 -3.0 -3.0 15.0 5.0 -6.0
786 Na'Vi -2.0 -2.0 -2.0 11.0 1.0 -10.0
1032 Na'Vi -1.0 -1.0 -1.0 7.0 -3.0 -14.0
1131 Na'Vi 0.0 0.0 0.0 3.0 -7.0 -18.0
1235 TongFu -4.0 -4.0 -4.0 21.0 7.0 -7.0
1269 Orange -3.0 -3.0 -3.0 17.0 3.0 -11.0
1331 Na'Vi -2.0 -2.0 -2.0 13.0 -1.0 -15.0
1357 Na'Vi -1.0 -1.0 -1.0 9.0 -5.0 -19.0
1404 VG 0.0 0.0 0.0 5.0 -9.0 -23.0
1405 Speed 1.0 1.0 1.0 1.0 -13.0 -27.0
1439 Empire -3.0 -3.0 -3.0 14.0 2.0 -13.0
1589 FD -2.0 -2.0 -2.0 10.0 -2.0 -17.0
1660 Poseidon -6.0 -6.0 -6.0 26.0 13.0 -5.0
1681 Mski -5.0 -5.0 -5.0 22.0 9.0 -9.0
1771 VG -4.0 -4.0 -3.0 18.0 5.0 -13.0
1783 Titan -3.0 -3.0 -2.0 14.0 1.0 -17.0
1802 PR -7.0 -7.0 -6.0 27.0 17.0 -2.0
1827 MVP.P -6.0 -6.0 -5.0 23.0 13.0 -6.0
1893 Mski -5.0 -5.0 -4.0 19.0 9.0 -10.0
1911 Titan -4.0 -4.0 -3.0 15.0 5.0 -14.0
1945 rox.KIS -3.0 -3.0 -2.0 11.0 1.0 -18.0
1953 Fnatic.eu -2.0 -2.0 -1.0 7.0 -3.0 -22.0
1964 Fnatic.eu -1.0 -1.0 0.0 3.0 -7.0 -26.0
1992 Speed 0.0 0.0 1.0 -1.0 -11.0 -30.0
2014 Speed 1.0 1.0 2.0 -5.0 -15.0 -34.0
2076 Courage -3.0 -3.0 -2.0 8.0 -4.0 -12.0
2082 rox.KIS -2.0 -2.0 -1.0 4.0 -8.0 -16.0
2165 TR -6.0 -6.0 -5.0 18.0 5.0 3.0
2278 MiTH -5.0 -5.0 -4.0 14.0 1.0 -1.0
2285 Na'Vi -4.0 -4.0 -3.0 10.0 -3.0 -5.0
2293 Alliance -3.0 -3.0 -2.0 6.0 -7.0 -9.0
2295 Arrow -2.0 -2.0 -1.0 2.0 -11.0 -13.0
2306 MVP.P -1.0 -1.0 0.0 -2.0 -15.0 -17.0
