0 0 0.0 0.0 0.0 0.0 0.0 0.0
16 Empire -4.0 -4.0 -4.0 5.0 5.0 5.0
67 Ptd.Bravo -8.0 -8.0 -8.0 10.0 10.0 10.0
83 s4 -12.0 -12.0 -12.0 14.0 15.0 15.0
142 Alliance -16.0 -16.0 -16.0 19.0 20.0 20.0
145 Alliance -13.0 -13.0 -13.0 15.0 16.0 16.0
201 Orange -10.0 -10.0 -10.0 11.0 12.0 12.0
247 Dignitas -7.0 -7.0 -6.0 7.0 8.0 8.0
259 Liquid -4.0 -4.0 -3.0 3.0 4.0 4.0
285 rox.KIS -1.0 -1.0 0.0 -1.0 0.0 0.0
349 Quantic 2.0 2.0 4.0 -5.0 -4.0 -4.0
395 LGD.cn 5.0 5.0 7.0 -9.0 -8.0 -8.0
405 mouz 1.0 1.0 3.0 -4.0 -3.0 -3.0
478 rox.KIS 4.0 4.0 6.0 -8.0 -7.0 -7.0
567 mouz 7.0 7.0 9.0 -12.0 -11.0 -11.0
599 Na'Vi 10.0 10.0 12.0 -16.0 -15.0 -15.0
673 LGD.cn 13.0 13.0 15.0 -20.0 -19.0 -19.0
710 VP 16.0 16.0 18.0 -24.0 -23.0 -23.0
735 Dignitas 19.0 19.0 21.0 -28.0 -27.0 -27.0
840 TS 22.0 22.0 24.0 -32.0 -31.0 -31.0
846 Next.kz 25.0 25.0 27.0 -36.0 -35.0 -35.0
869 SFEC 21.0 21.0 23.0 -31.0 -30.0 -31.0
939 Poseidon 24.0 24.0 27.0 -35.0 -34.0 -35.0
942 Quantic 20.0 20.0 23.0 -31.0 -29.0 -30.0
1107 Rain 16.0 16.0 19.0 -26.0 -24.0 -25.0
1142 SYF 19.0 19.0 22.0 -30.0 -28.0 -29.0
1193 Speed 15.0 15.0 18.0 -26.0 -23.0 -24.0
1378 Imp 18.0 18.0 22.0 -30.0 -27.0 -28.0
1420 FD 21.0 21.0 25.0 -34.0 -31.0 -32.0
1435 mouz 24.0 24.0 28.0 -38.0 -35.0 -36.0
1491 Fnatic.eu 27.0 27.0 32.0 -42.0 -39.0 -40.0
1588 LGD.cn 23.0 23.0 28.0 -38.0 -33.0 -34.0
1824 Empire 26.0 26.0 31.0 -42.0 -37.0 -38.0
1969 hehe 29.0 29.0 35.0 -46.0 -41.0 -42.0
1974 bvd.dotA 25.0 25.0 31.0 -41.0 -36.0 -39.0
1977 Empire 21.0 21.0 27.0 -36.0 -31.0 -35.0
1993 Liquid 24.0 24.0 31.0 -40.0 -35.0 -39.0
2036 Zephyr 27.0 27.0 34.0 -44.0 -39.0 -43.0
2105 Mongolz 30.0 31.0 36.0 -48.0 -43.0 -47.0
2122 4FC 33.0 34.0 39.0 -52.0 -47.0 -51.0
2142 MVP.P 36.0 37.0 42.0 -56.0 -51.0 -55.0
2151 Insane 32.0 33.0 38.0 -51.0 -46.0 -50.0
2168 Dignotoss 35.0 37.0 42.0 -55.0 -50.0 -54.0
2183 4N 31.0 33.0 38.0 -50.0 -45.0 -49.0
2250 Execration 27.0 29.0 34.0 -45.0 -40.0 -45.0
2272 Arrow 30.0 33.0 38.0 -49.0 -44.0 -49.0
2287 VG 26.0 29.0 34.0 -43.0 -38.0 -45.0
