0 0 0.0 0.0 0.0 0.0 0.0 0.0
14 Alliance -4.0 -4.0 -4.0 5.0 5.0 4.0
22 Dignitas -1.0 -1.0 0.0 1.0 1.0 0.0
65 VnR.Alpha 3.0 2.0 3.0 -3.0 -3.0 -4.0
90 VP -1.0 -2.0 -1.0 1.0 1.0 1.0
122 mouz 2.0 2.0 2.0 -3.0 -3.0 -3.0
184 WH?Dota2 5.0 5.0 5.0 -7.0 -7.0 -7.0
257 Liquid 8.0 8.0 9.0 -11.0 -11.0 -11.0
311 Quantic 4.0 4.0 5.0 -7.0 -6.0 -6.0
320 EG 0.0 0.0 1.0 -3.0 -1.0 -2.0
335 VP -4.0 -4.0 -3.0 2.0 3.0 2.0
359 DK -8.0 -8.0 -7.0 6.0 8.0 7.0
361 Orange -12.0 -12.0 -11.0 11.0 12.0 11.0
386 TM -9.0 -8.0 -7.0 7.0 8.0 7.0
391 mouz -5.0 -5.0 -4.0 3.0 4.0 3.0
422 Liquid -9.0 -9.0 -8.0 8.0 9.0 7.0
434 EG -6.0 -6.0 -5.0 4.0 5.0 3.0
556 Fnatic.eu -10.0 -10.0 -9.0 9.0 9.0 7.0
565 Dignitas -14.0 -14.0 -13.0 14.0 13.0 11.0
610 LGD.cn -10.0 -11.0 -10.0 10.0 9.0 7.0
614 EG -7.0 -8.0 -6.0 6.0 5.0 3.0
650 Fnatic.eu -11.0 -12.0 -10.0 10.0 10.0 8.0
789 LGD.int -15.0 -16.0 -14.0 14.0 15.0 12.0
834 Aspera -11.0 -13.0 -10.0 10.0 11.0 8.0
849 Poseidon -8.0 -10.0 -6.0 6.0 7.0 4.0
924 ONE.dota -5.0 -7.0 -2.0 2.0 3.0 0.0
1011 Imp -9.0 -11.0 -6.0 6.0 8.0 5.0
1033 LGD.cn -5.0 -8.0 -3.0 2.0 4.0 1.0
1038 Aspera -9.0 -12.0 -7.0 6.0 8.0 6.0
1054 TR -5.0 -9.0 -4.0 2.0 4.0 2.0
1509 Speed -2.0 -5.0 0.0 -2.0 0.0 -2.0
1556 LGD.cn 1.0 -1.0 4.0 -6.0 -4.0 -6.0
1575 iG -3.0 -5.0 0.0 -2.0 0.0 -2.0
1596 Kawai -7.0 -9.0 -4.0 2.0 4.0 3.0
1610 VP -4.0 -5.0 0.0 -2.0 0.0 -1.0
1659 Alliance -8.0 -9.0 -4.0 2.0 5.0 4.0
1702 DK -5.0 -6.0 -1.0 -2.0 1.0 0.0
1734 PR -2.0 -2.0 3.0 -6.0 -3.0 -4.0
1891 Lowyat -6.0 -6.0 -1.0 -1.0 2.0 0.0
1902 Idol -10.0 -10.0 -5.0 4.0 7.0 4.0
2006 Empire -14.0 -14.0 -9.0 8.0 11.0 10.0
2030 Empire -11.0 -11.0 -6.0 4.0 7.0 6.0
2046 Empire -8.0 -8.0 -2.0 0.0 3.0 2.0
2085 Next.kz -5.0 -5.0 3.0 -4.0 -1.0 -2.0
2184 Swage -9.0 -9.0 -1.0 1.0 3.0 3.0
2207 PR -13.0 -13.0 -5.0 5.0 8.0 7.0
