0 0 0.0 0.0 0.0 0.0 0.0 0.0
60 Na'Vi 1.0 1.0 1.0 -4.0 -4.0 -4.0
124 VP 2.0 2.0 2.0 -8.0 -8.0 -8.0
175 Na'Vi 3.0 3.0 4.0 -12.0 -12.0 -12.0
236 mouz -1.0 -1.0 0.0 4.0 0.0 -2.0
268 Na'Vi 0.0 0.0 1.0 0.0 -4.0 -6.0
283 VG -4.0 -4.0 -3.0 15.0 9.0 4.0
293 aL -8.0 -8.0 -7.0 29.0 22.0 15.0
319 Na'Vi -7.0 -7.0 -6.0 25.0 18.0 11.0
337 TongFu -6.0 -6.0 -4.0 21.0 14.0 7.0
346 Alliance -5.0 -5.0 -3.0 17.0 10.0 3.0
384 Alliance -4.0 -4.0 -1.0 13.0 6.0 -1.0
388 Dignitas -3.0 -3.0 1.0 9.0 2.0 -5.0
392 Alliance -2.0 -2.0 2.0 5.0 -2.0 -9.0
443 Kaipi -6.0 -6.0 -2.0 18.0 11.0 3.0
480 Orange -5.0 -5.0 -1.0 14.0 7.0 -1.0
486 Na'Vi -4.0 -4.0 0.0 10.0 3.0 -5.0
604 Orange -3.0 -3.0 1.0 6.0 -1.0 -9.0
642 Alliance -2.0 -2.0 2.0 2.0 -5.0 -13.0
653 VG -6.0 -6.0 -2.0 17.0 8.0 -2.0
656 Na'Vi -5.0 -5.0 -1.0 13.0 4.0 -6.0
699 Alliance -4.0 -4.0 0.0 9.0 0.0 -10.0
732 Alliance -3.0 -3.0 2.0 5.0 -4.0 -14.0
799 Alliance -2.0 -2.0 3.0 1.0 -8.0 -18.0
822 MiTH -1.0 -1.0 4.0 -3.0 -12.0 -22.0
851 VP 0.0 0.0 5.0 -7.0 -16.0 -26.0
871 Next.kz 1.0 1.0 6.0 -11.0 -20.0 -30.0
911 4FC -3.0 -3.0 2.0 2.0 -6.0 -19.0
1021 Na'Vi -2.0 -2.0 3.0 -2.0 -10.0 -23.0
1022 LGD.cn -1.0 -1.0 4.0 -6.0 -14.0 -27.0
1041 Alliance 0.0 0.0 5.0 -10.0 -18.0 -31.0
1045 iG 1.0 1.0 7.0 -14.0 -22.0 -35.0
1046 Liquid 2.0 2.0 8.0 -18.0 -26.0 -39.0
1088 FXopen 3.0 3.0 9.0 -22.0 -30.0 -43.0
1101 Fnatic.eu 4.0 4.0 10.0 -26.0 -34.0 -47.0
1144 VG 0.0 0.0 6.0 -11.0 -21.0 -37.0
1283 Speed 1.0 1.0 7.0 -15.0 -25.0 -41.0
1294 VG -3.0 -3.0 3.0 -1.0 -12.0 -30.0
1299 EG -2.0 -2.0 4.0 -5.0 -16.0 -34.0
1303 Sigma.int -1.0 -1.0 5.0 -9.0 -20.0 -38.0
1356 Alliance 0.0 0.0 6.0 -13.0 -24.0 -42.0
1368 Fnatic.eu 1.0 1.0 7.0 -17.0 -28.0 -46.0
1379 Fnatic.eu 2.0 2.0 8.0 -21.0 -32.0 -50.0
1380 Liquid 3.0 3.0 9.0 -25.0 -36.0 -54.0
1429 Empire 4.0 4.0 10.0 -29.0 -40.0 -58.0
1466 4FC 0.0 0.0 6.0 -16.0 -27.0 -46.0
1495 DK 1.0 1.0 7.0 -20.0 -31.0 -50.0
1497 Speed -3.0 -3.0 3.0 -6.0 -19.0 -39.0
1501 Liquid -7.0 -7.0 -1.0 7.0 -6.0 -27.0
1523 SSD -11.0 -11.0 -5.0 20.0 7.0 -16.0
1580 Alliance -10.0 -10.0 -4.0 16.0 3.0 -20.0
1611 Sigma.int -9.0 -9.0 -3.0 12.0 -1.0 -24.0
1652 PR -8.0 -8.0 -2.0 8.0 -5.0 -28.0
1686 Sigma.int -7.0 -7.0 -1.0 4.0 -9.0 -32.0
1708 HR -6.0 -6.0 1.0 0.0 -13.0 -36.0
1725 VG -5.0 -5.0 2.0 -4.0 -17.0 -40.0
1730 rox.KIS -4.0 -4.0 3.0 -8.0 -21.0 -44.0
1776 Fnatic.eu -3.0 -3.0 4.0 -12.0 -25.0 -48.0
1815 iG -2.0 -2.0 6.0 -16.0 -29.0 -52.0
1817 Mski -1.0 -1.0 7.0 -20.0 -33.0 -56.0
1828 TongFu -5.0 -5.0 3.0 -6.0 -22.0 -46.0
1878 Invasion -9.0 -9.0 -1.0 6.0 -12.0 -32.0
1898 Titan -8.0 -7.0 0.0 2.0 -16.0 -36.0
1973 Sigma.int -7.0 -5.0 1.0 -2.0 -20.0 -40.0
2054 Empire -6.0 -4.0 3.0 -6.0 -24.0 -44.0
2066 Alliance -5.0 -3.0 4.0 -10.0 -28.0 -48.0
2147 Na'Vi -4.0 -2.0 5.0 -14.0 -32.0 -52.0
