0 0 0.0 0.0 0.0 0.0 0.0 0.0
165 eN.Legs 2.0 2.0 2.0 -4.0 -4.0 -4.0
207 Alliance 4.0 4.0 4.0 -8.0 -8.0 -8.0
277 Na'Vi 6.0 6.0 6.0 -12.0 -12.0 -12.0
298 Zenith 8.0 8.0 8.0 -16.0 -16.0 -16.0
358 Alliance 10.0 10.0 10.0 -20.0 -20.0 -20.0
372 Quantic 6.0 6.0 6.0 -12.0 -12.0 -13.0
425 mouz 8.0 8.0 8.0 -16.0 -16.0 -17.0
442 Kaipi 10.0 10.0 10.0 -20.0 -20.0 -21.0
466 iCCup 12.0 12.0 12.0 -24.0 -24.0 -25.0
525 LGD.cn 14.0 14.0 14.0 -28.0 -28.0 -29.0
648 VP 16.0 16.0 16.0 -32.0 -32.0 -33.0
722 iCCup 18.0 18.0 18.0 -36.0 -36.0 -37.0
796 Zenith 20.0 20.0 20.0 -40.0 -40.0 -41.0
830 DUZA 16.0 16.0 16.0 -32.0 -32.0 -34.0
860 Bambang 12.0 12.0 12.0 -24.0 -24.0 -27.0
881 Quantic 8.0 8.0 8.0 -15.0 -16.0 -20.0
888 Mski 10.0 10.0 10.0 -19.0 -20.0 -24.0
953 Kaipi 12.0 12.0 12.0 -23.0 -24.0 -28.0
978 rox.KIS 8.0 8.0 8.0 -16.0 -16.0 -20.0
981 PR 10.0 10.0 10.0 -20.0 -20.0 -24.0
1001 FD 12.0 12.0 12.0 -24.0 -24.0 -28.0
1047 EG 8.0 8.0 8.0 -15.0 -16.0 -22.0
1068 rox.KIS 10.0 10.0 10.0 -19.0 -20.0 -26.0
1087 UR 12.0 12.0 12.0 -23.0 -24.0 -30.0
1167 EOT 14.0 14.0 14.0 -27.0 -28.0 -34.0
1213 Poseidon 10.0 10.0 10.0 -20.0 -20.0 -26.0
1231 TTD 6.0 6.0 6.0 -13.0 -11.0 -18.0
1375 Startale 2.0 2.0 2.0 -3.0 -4.0 -13.0
1428 EG -2.0 -2.0 -2.0 4.0 4.0 -5.0
1441 PR -6.0 -6.0 -6.0 12.0 12.0 3.0
1447 FD -10.0 -10.0 -10.0 20.0 20.0 10.0
1463 Na'Vi -8.0 -8.0 -8.0 16.0 16.0 6.0
1488 Imp -6.0 -6.0 -6.0 12.0 12.0 2.0
1521 Next.kz -4.0 -4.0 -4.0 8.0 8.0 -2.0
1538 NoX -8.0 -8.0 -8.0 15.0 16.0 6.0
1560 EOT -6.0 -6.0 -6.0 11.0 12.0 2.0
1738 Lowyat -4.0 -4.0 -4.0 7.0 8.0 -2.0
1773 FD -2.0 -2.0 -2.0 3.0 4.0 -6.0
1792 Empire -6.0 -6.0 -6.0 11.0 12.0 1.0
1849 PBS -4.0 -4.0 -3.0 7.0 8.0 -3.0
1892 nAra -8.0 -8.0 -7.0 15.0 15.0 5.0
1912 Orange -6.0 -6.0 -5.0 11.0 11.0 1.0
1941 Zephyr -4.0 -3.0 -4.0 7.0 7.0 -3.0
1943 PR -2.0 -1.0 -2.0 3.0 3.0 -7.0
1983 SADBOYS -6.0 -5.0 -6.0 10.0 12.0 2.0
1991 PR -4.0 -3.0 -4.0 6.0 8.0 -2.0
1996 TR -8.0 -7.0 -8.0 14.0 15.0 5.0
2028 Next.kz -12.0 -11.0 -12.0 22.0 23.0 12.0
2051 Nullis -10.0 -9.0 -10.0 18.0 19.0 8.0
2070 rox.KIS -14.0 -13.0 -14.0 25.0 25.0 18.0
2073 4FC -12.0 -11.0 -13.0 21.0 21.0 14.0
2075 Liquid -16.0 -15.0 -17.0 28.0 27.0 23.0
2262 Mski -14.0 -13.0 -15.0 24.0 23.0 19.0
