0 0 0.0 0.0 0.0 0.0 0.0 0.0
2047 Empire 2.0 2.0 1.0 -4.0 -4.0 -4.0
2056 bvd.dotA 3.0 4.0 3.0 -8.0 -8.0 -8.0
2102 MYM 5.0 6.0 5.0 -12.0 -12.0 -12.0
2128 Alliance 7.0 8.0 7.0 -16.0 -16.0 -16.0
2132 Fnatic.eu 9.0 10.0 9.0 -20.0 -20.0 -20.0
2137 Revenge 11.0 12.0 10.0 -24.0 -24.0 -24.0
2139 eHug 13.0 14.0 11.0 -28.0 -28.0 -28.0
2149 Sigma.int 15.0 16.0 13.0 -32.0 -32.0 -32.0
2170 ZR 11.0 12.0 9.0 -23.0 -22.0 -23.0
2177 Dog 12.0 14.0 11.0 -27.0 -26.0 -27.0
2204 Osiris 8.0 10.0 7.0 -18.0 -16.0 -18.0
2215 ADN 4.0 6.0 3.0 -9.0 -6.0 -11.0
2226 Empire 0.0 2.0 -1.0 1.0 4.0 -5.0
2288 EG -4.0 -2.0 -5.0 10.0 14.0 3.0
