0 0 0.0 0.0 0.0 0.0 0.0 0.0
28 Quantic -4.0 -4.0 -4.0 7.0 7.0 7.0
45 Quantic -2.0 -2.0 -2.0 3.0 3.0 3.0
96 Empire 0.0 0.0 0.0 -1.0 -1.0 -1.0
111 Fnatic.eu 2.0 2.0 3.0 -5.0 -5.0 -5.0
126 rox.KIS -2.0 -2.0 -1.0 2.0 2.0 1.0
155 iG 0.0 0.0 1.0 -2.0 -2.0 -3.0
157 Fnatic.eu 2.0 2.0 3.0 -6.0 -6.0 -7.0
183 Fnatic.eu -2.0 -2.0 -1.0 1.0 0.0 -1.0
290 Na'Vi 0.0 0.0 1.0 -3.0 -4.0 -5.0
307 rox.KIS -4.0 -4.0 -3.0 5.0 3.0 1.0
347 Orange -8.0 -8.0 -7.0 13.0 9.0 7.0
397 rox.KIS -6.0 -6.0 -5.0 9.0 5.0 3.0
402 DK -10.0 -10.0 -9.0 15.0 12.0 10.0
407 PR -8.0 -8.0 -6.0 11.0 8.0 6.0
440 Orange -6.0 -6.0 -3.0 7.0 4.0 2.0
496 TongFu -4.0 -4.0 0.0 3.0 0.0 -2.0
511 Alliance -2.0 -2.0 2.0 -1.0 -4.0 -6.0
518 Alliance 0.0 0.0 5.0 -5.0 -8.0 -10.0
519 FSid3 2.0 2.0 8.0 -9.0 -12.0 -14.0
584 Alliance 4.0 4.0 11.0 -13.0 -16.0 -18.0
611 Denial 6.0 6.0 14.0 -17.0 -20.0 -22.0
690 EG 8.0 8.0 17.0 -21.0 -24.0 -26.0
691 Liquid 10.0 10.0 20.0 -25.0 -28.0 -30.0
716 mouz 12.0 12.0 23.0 -29.0 -32.0 -34.0
726 RS 8.0 8.0 19.0 -22.0 -25.0 -28.0
802 iG 10.0 10.0 22.0 -26.0 -29.0 -32.0
855 Imp 12.0 12.0 24.0 -30.0 -33.0 -36.0
876 MSIEvoGT 14.0 14.0 27.0 -34.0 -37.0 -40.0
902 Kaipi 16.0 16.0 29.0 -38.0 -41.0 -44.0
913 Joiker 12.0 12.0 25.0 -30.0 -34.0 -38.0
932 Fnatic.eu 14.0 14.0 28.0 -34.0 -38.0 -42.0
933 Empire 16.0 16.0 30.0 -38.0 -42.0 -46.0
948 Empire 18.0 18.0 32.0 -42.0 -46.0 -50.0
1019 Empire 20.0 20.0 35.0 -46.0 -50.0 -54.0
1027 Next.kz 16.0 16.0 31.0 -40.0 -42.0 -47.0
1044 Quantic 18.0 19.0 34.0 -44.0 -46.0 -51.0
1060 LGD.int 20.0 21.0 36.0 -48.0 -50.0 -55.0
1078 VP 22.0 23.0 38.0 -52.0 -54.0 -59.0
1099 rox.KIS 24.0 25.0 40.0 -56.0 -58.0 -63.0
1113 Imp 26.0 28.0 43.0 -60.0 -62.0 -67.0
1139 VT 28.0 30.0 46.0 -64.0 -66.0 -71.0
1272 iG 30.0 32.0 49.0 -68.0 -70.0 -75.0
1472 rox.KIS 26.0 28.0 45.0 -60.0 -64.0 -70.0
1485 EG 22.0 24.0 41.0 -53.0 -57.0 -64.0
1487 VG 24.0 26.0 44.0 -57.0 -61.0 -68.0
1535 Venum 26.0 28.0 47.0 -61.0 -65.0 -72.0
1595 Idol 22.0 24.0 43.0 -55.0 -57.0 -64.0
1645 RRQ 24.0 26.0 45.0 -59.0 -61.0 -68.0
1880 VG 20.0 22.0 41.0 -52.0 -54.0 -61.0
1900 PBS 22.0 24.0 44.0 -56.0 -58.0 -65.0
1904 Mastery 18.0 20.0 40.0 -50.0 -52.0 -58.0
1946 PR 14.0 16.0 36.0 -43.0 -45.0 -51.0
1947 Relax 10.0 12.0 32.0 -36.0 -38.0 -45.0
1962 Fnatic.eu 12.0 14.0 34.0 -40.0 -42.0 -49.0
1987 Empire 8.0 10.0 30.0 -34.0 -37.0 -41.0
2013 Empire 10.0 12.0 32.0 -38.0 -41.0 -45.0
2057 Aura 12.0 14.0 35.0 -42.0 -45.0 -49.0
2124 neXt! 8.0 10.0 31.0 -36.0 -38.0 -42.0
2126 ZR 10.0 12.0 33.0 -40.0 -42.0 -46.0
2129 vhoul 12.0 15.0 35.0 -44.0 -46.0 -50.0
2166 DUZA 8.0 11.0 31.0 -37.0 -39.0 -44.0
2167 Scythe 11.0 14.0 33.0 -41.0 -43.0 -48.0
2179 PR 13.0 17.0 35.0 -45.0 -47.0 -52.0
2191 Orange 15.0 19.0 37.0 -49.0 -51.0 -56.0
2203 BIP 18.0 22.0 39.0 -53.0 -55.0 -60.0
2230 Orange 20.0 24.0 41.0 -57.0 -59.0 -64.0
2259 VG 23.0 27.0 43.0 -61.0 -63.0 -68.0
2281 Titan 26.0 29.0 45.0 -65.0 -67.0 -72.0
2327 Empire 29.0 32.0 47.0 -69.0 -71.0 -76.0
