1 15 3.5 3.5 2.5 -4.0 -4.0 -4.0
813 941 -0.5 -0.5 -1.5 -3.1 -3.0 -2.9
874 1013 -4.5 -4.5 -5.5 0.8 1.0 1.1
1015 1174 -3.2 -3.2 -4.1 -3.2 -3.0 -2.9
1267 1466 -7.2 -7.2 -8.1 9.7 9.8 8.9
1450 1661 -11.2 -11.2 -12.1 12.4 12.6 11.9
2531 2922 -4.8 -3.7 -4.9 8.4 8.6 7.9
2559 2957 -3.2 -1.9 -3.7 4.4 4.6 3.9
2568 2969 0.4 1.4 0.4 0.4 0.6 -0.1
2569 2970 8.1 8.6 7.5 -3.6 -3.4 -4.1
2581 2983 12.7 13.2 12.0 -7.6 -7.4 -8.1
2585 2988 8.7 9.2 8.0 -5.0 -4.5 -5.0
2652 3060 4.7 5.2 4.0 0.9 2.7 2.6
2653 3062 8.7 8.6 7.2 -3.1 -1.3 -1.4
2683 3092 10.3 10.3 9.1 -7.1 -5.3 -5.4
