429 508 -4.0 -4.0 -4.0 0.5 0.6 0.7
430 509 -8.0 -8.0 -8.0 3.5 3.0 3.0
440 519 -6.0 -5.6 -5.3 -0.5 -1.0 -1.0
441 520 -10.0 -9.6 -9.3 0.6 0.3 0.6
571 670 -14.0 -13.6 -13.3 1.6 1.4 2.0
728 858 -12.1 -11.6 -10.9 -2.4 -2.6 -2.0
729 859 -2.3 -0.9 -1.1 -6.4 -6.6 -6.0
1030 1200 -6.3 -4.9 -5.1 -4.8 -5.2 -4.5
1036 1206 -10.3 -8.9 -9.1 -3.3 -4.1 -3.3
1055 1229 -14.3 -12.9 -13.1 3.4 1.5 1.5
1061 1237 -3.9 -3.4 -4.7 -0.6 -2.5 -2.5
1312 1530 -7.9 -7.4 -8.7 0.9 -0.8 -0.6
1316 1534 -11.9 -11.4 -12.7 2.8 1.1 1.5
1346 1568 -15.9 -15.4 -16.7 4.0 2.6 3.2
1359 1582 -19.9 -19.4 -20.7 5.4 3.9 4.6
1394 1620 -23.9 -23.4 -24.7 6.9 5.3 6.2
1469 1706 -27.9 -27.4 -28.7 7.8 6.1 7.1
1470 1707 -31.9 -31.4 -32.7 9.0 7.2 8.3
1509 1746 -35.9 -35.4 -36.7 9.7 8.0 9.4
1524 1763 -39.9 -39.4 -40.7 10.6 9.0 10.6
1536 1778 -33.9 -32.8 -34.2 6.6 5.0 6.6
1570 1823 -37.9 -36.8 -38.2 8.3 6.6 8.3
1603 1860 -41.9 -40.8 -42.2 8.9 7.4 9.2
1611 1868 -45.9 -44.8 -46.2 9.6 8.2 9.7
1612 1869 -38.1 -37.3 -39.9 5.6 4.2 5.7
1613 1870 -28.4 -25.8 -28.6 1.6 0.2 1.7
1687 1948 -32.4 -29.8 -32.6 2.6 1.3 3.1
1699 1965 -36.4 -33.8 -36.6 4.3 3.3 4.7
