923 1067 1.5 1.6 1.8 -4.0 -4.0 -4.0
959 1111 -2.5 -2.4 -2.2 -3.0 -2.9 -2.6
964 1117 -6.5 -6.4 -6.2 -2.3 -2.1 -1.6
992 1146 -10.5 -10.4 -10.2 -1.9 -1.5 -0.9
1019 1178 -14.5 -14.4 -14.2 -1.5 -1.0 -0.2
1043 1203 -18.5 -18.4 -18.2 -1.1 -0.4 0.5
1073 1238 -22.5 -22.4 -22.2 -0.5 0.5 1.7
1128 1301 -21.2 -20.8 -20.4 -4.5 -3.5 -2.3
1134 1307 -25.2 -24.8 -24.4 -3.6 -2.5 -1.1
1172 1351 -29.2 -28.8 -28.4 -3.2 -1.8 -0.3
1207 1388 -33.2 -32.8 -32.4 -2.7 -1.1 0.5
1233 1424 -37.2 -36.8 -36.4 -2.4 -0.7 1.1
1333 1536 -33.5 -33.7 -33.3 -6.4 -4.7 -2.9
1346 1549 -37.5 -37.7 -37.3 -5.8 -3.8 -1.7
1358 1563 -41.5 -41.7 -41.3 -2.8 -0.8 1.7
1595 1809 -45.5 -45.7 -45.3 -1.6 0.3 3.0
1936 2209 -49.5 -49.7 -49.3 3.7 5.4 7.3
1952 2233 -53.5 -53.7 -53.3 6.4 8.4 10.0
1973 2260 -57.5 -57.7 -57.3 7.9 10.1 11.0
