136 181 15.6 11.3 9.9 -4.0 -4.0 -4.0
137 182 11.6 7.3 5.9 -1.6 -1.3 -1.1
243 300 7.6 3.3 1.9 -0.4 0.1 0.6
246 303 3.6 -0.7 -2.1 5.8 5.8 5.8
280 338 -0.4 -4.7 -6.1 6.7 6.9 7.2
308 369 10.5 5.7 3.5 2.7 2.9 3.2
309 370 12.8 8.4 6.5 -1.3 -1.1 -0.8
335 397 8.8 4.4 2.5 1.2 1.0 1.4
352 418 4.8 0.4 -1.5 3.0 2.8 3.5
374 442 0.8 -3.6 -5.5 5.1 4.7 5.5
392 461 -3.2 -7.6 -9.5 5.9 5.6 6.7
394 464 -7.2 -11.6 -13.5 7.4 7.1 8.3
396 466 -5.3 -9.6 -11.2 3.4 3.1 4.3
398 468 -9.3 -13.6 -15.2 4.9 4.6 6.0
418 492 -8.0 -12.0 -13.4 0.9 0.6 2.0
419 493 -7.0 -10.8 -12.0 -3.1 -3.4 -2.0
493 576 5.4 -0.9 -3.5 -7.1 -7.4 -6.0
498 583 9.8 3.5 0.6 -11.1 -11.4 -10.0
528 617 5.8 -0.5 -3.4 -9.7 -9.8 -8.2
532 621 19.4 12.6 7.1 -13.7 -13.8 -12.2
537 626 30.2 22.1 15.3 -17.7 -17.8 -16.2
542 631 26.2 18.1 11.3 -16.8 -16.6 -14.7
563 656 22.2 14.1 7.3 -15.7 -15.4 -13.2
598 691 18.2 10.1 3.3 -13.5 -13.0 -10.6
612 708 28.1 19.0 11.3 -17.5 -17.0 -14.6
619 715 24.1 15.0 7.3 -16.0 -15.3 -12.7
626 722 26.0 17.0 9.6 -20.0 -19.3 -16.7
628 724 22.0 13.0 5.6 -16.5 -15.6 -12.9
