0 0 0.0 0.0 0.0 0.0 0.0 0.0
16 Empire -4.0 -4.0 -4.0 4.6 4.9 5.0
17 Turtle -1.4 -1.5 -1.2 0.6 0.9 1.0
19 Empire 0.1 0.4 0.7 -3.4 -3.1 -3.0
26 Empire -3.9 -3.6 -3.3 7.0 5.4 4.8
29 GU.pe 8.2 6.3 6.2 3.0 1.4 0.8
31 Liquid 9.9 8.2 8.3 -1.0 -2.6 -3.2
34 EG 18.1 15.1 14.8 -5.0 -6.6 -7.2
37 mouz 14.1 11.1 10.8 -0.3 -2.6 -2.9
39 VP 20.0 17.2 16.3 -4.3 -6.6 -6.9
43 mouz 21.6 19.1 18.2 -8.3 -10.6 -10.9
44 Quantic 23.0 21.0 20.3 -12.3 -14.6 -14.9
47 VP 19.0 17.0 16.3 -7.6 -10.1 -11.1
48 VP 20.4 18.6 18.4 -11.6 -14.1 -15.1
50 3DMAX 16.4 14.6 14.4 13.6 3.4 -0.1
51 Liquid 12.4 10.6 10.4 24.7 13.0 7.5
53 VP 8.4 6.6 6.4 35.3 21.7 15.6
57 Dignitas 10.1 8.8 8.8 31.3 17.7 11.6
59 VP 6.1 4.8 4.8 42.7 26.6 19.9
69 Dignitas 2.1 0.8 0.8 45.4 29.4 22.7
71 Liquid 3.5 2.4 2.7 41.4 25.4 18.7
73 Zenith 4.3 3.4 3.8 37.4 21.4 14.7
77 VnR.Alpha 0.3 -0.6 -0.2 40.0 23.3 17.4
80 Liquid 7.8 7.3 5.9 36.0 19.3 13.4
81 Neo.int 3.8 3.3 1.9 38.5 21.3 15.7
82 Orange -0.2 -0.7 -2.1 46.2 28.9 22.9
83 s4 -4.2 -4.7 -6.1 50.0 34.1 28.3
85 Fnatic.eu -8.2 -8.7 -10.1 53.3 37.4 31.7
89 Liquid -6.7 -7.0 -8.3 49.3 33.4 27.7
95 Na'Vi -5.0 -5.1 -6.2 45.3 29.4 23.7
98 Fnatic.eu 8.6 5.3 3.8 41.3 25.4 19.7
100 Liquid 4.6 1.3 -0.2 43.4 27.6 22.1
103 Fnatic.eu 8.4 4.8 3.2 39.4 23.6 18.1
104 PtD.Alpha 10.1 6.7 5.2 35.4 19.6 14.1
108 ASF.R5 6.1 2.7 1.2 36.8 21.3 15.8
112 eN.Legs 2.1 -1.3 -2.8 37.7 22.8 17.3
117 VP -1.9 -5.3 -6.8 39.0 24.3 19.0
118 mouz 11.5 6.5 2.6 35.0 20.3 15.0
119 Fnatic.eu 7.5 2.5 -1.4 36.3 22.0 16.9
121 eN.Legs 9.0 4.3 0.9 32.3 18.0 12.9
123 eLPride 5.0 0.3 -3.1 33.5 19.5 14.6
126 rox.KIS 1.0 -3.7 -7.1 40.7 26.6 20.6
130 Alliance -3.0 -7.7 -11.1 50.4 34.7 28.3
138 TCM 9.6 3.6 -1.5 46.4 30.7 24.3
142 Alliance 5.6 -0.4 -5.5 51.6 35.5 29.0
143 Na'Vi 1.6 -4.4 -9.5 52.7 36.9 30.6
153 Liquid -2.4 -8.4 -13.5 59.5 44.4 38.2
159 VP 5.6 -1.3 -7.5 55.5 40.4 34.2
166 Fnatic.eu 7.6 0.8 -5.2 51.5 36.4 30.2
173 VP 3.6 -3.2 -9.2 53.5 38.7 32.7
177 QPandas 16.9 7.9 0.2 49.5 34.7 28.7
181 iCCup 32.5 19.2 10.1 45.5 30.7 24.7
182 Empire 34.9 21.9 13.0 41.5 26.7 20.7
187 VP 41.9 28.4 18.9 37.5 22.7 16.7
194 Alliance 43.6 30.3 20.9 33.5 18.7 12.7
196 Orange 39.6 26.3 16.9 42.7 27.3 20.8
201 Orange 42.6 29.6 20.4 38.7 23.3 16.8
202 Alliance 45.2 32.3 23.2 34.7 19.3 12.8
203 Alliance 41.2 28.3 19.2 38.0 22.7 16.3
204 Fnatic.eu 37.2 24.3 15.2 42.2 27.1 20.7
205 Fnatic.eu 43.0 30.1 20.9 38.2 23.1 16.7
208 iG 39.0 26.1 16.9 39.2 24.4 18.3
209 Liquid 40.6 28.0 19.1 35.2 20.4 14.3
213 DK 36.6 24.0 15.1 44.1 29.3 22.8
215 Liquid 32.6 20.0 11.1 46.4 31.8 25.3
219 Dignitas 34.3 21.8 13.1 42.4 27.8 21.3
224 mouz 30.3 17.8 9.1 51.7 36.9 29.5
229 Liquid 26.3 13.8 5.1 61.9 45.7 37.4
233 mouz 27.9 15.5 7.0 57.9 41.7 33.4
234 rox.KIS 29.4 17.2 8.8 53.9 37.7 29.4
237 Na'Vi 31.1 19.0 10.7 49.9 33.7 25.4
243 Alliance 33.5 21.6 13.5 45.9 29.7 21.4
244 Alliance 29.5 17.6 9.5 47.8 31.9 24.1
246 Na'Vi 30.5 18.6 10.8 43.8 27.9 20.1
250 Alliance 37.7 25.9 17.5 39.8 23.9 16.1
255 Na'Vi 39.4 27.8 19.7 35.8 19.9 12.1
270 Liquid 40.9 29.5 21.6 31.8 15.9 8.1
273 mouz 36.9 25.5 17.6 33.2 17.3 9.7
275 EG 32.9 21.5 13.6 52.5 34.2 23.9
279 Dignitas 34.3 23.2 15.6 48.5 30.2 19.9
284 Liquid 30.3 19.2 11.6 50.6 32.6 22.5
286 Dignitas 26.3 15.2 7.6 52.1 34.2 24.2
289 Dignitas 22.3 11.2 3.6 54.0 36.5 26.6
290 Na'Vi 24.5 13.5 6.1 50.0 32.5 22.6
302 EG 26.4 15.7 8.6 46.0 28.5 18.6
304 VG 27.2 16.6 9.8 42.0 24.5 14.6
305 mouz 29.2 18.8 12.2 38.0 20.5 10.6
307 rox.KIS 25.2 14.8 8.2 46.3 27.1 16.3
315 Liquid 26.9 16.6 10.1 42.3 23.1 12.3
316 LGD.cn 27.5 17.4 11.2 38.3 19.1 8.3
321 mouz 28.4 18.4 12.5 34.3 15.1 4.3
322 RS 29.9 20.2 14.6 30.3 11.1 0.3
324 QPandas 43.4 31.7 24.2 26.3 7.1 -3.7
325 RS 39.4 27.7 20.2 28.8 10.0 -0.7
327 rox.KIS 35.4 23.7 16.2 38.8 18.7 7.2
329 RAT 38.5 27.5 20.1 34.8 14.7 3.2
331 EG 34.5 23.5 16.1 43.5 22.9 10.8
333 VG 35.9 25.2 18.1 39.5 18.9 6.8
334 VP 37.3 27.0 20.2 35.5 14.9 2.8
340 mouz 38.1 27.9 21.3 31.5 10.9 -1.2
347 Orange 34.1 23.9 17.3 39.8 17.3 4.6
348 Na'Vi 30.1 19.9 13.3 41.2 19.0 6.4
353 iG 31.8 21.8 15.4 37.2 15.0 2.4
354 Alliance 35.6 25.4 19.0 33.2 11.0 -1.6
355 DK 31.6 21.4 15.0 42.1 20.7 7.5
357 LGD.cn 33.3 23.2 16.9 38.1 16.7 3.5
363 Alliance 35.4 25.3 19.0 34.1 12.7 -0.5
364 Zenith 31.4 21.3 15.0 35.2 14.0 1.0
365 rox.KIS 27.4 17.3 11.0 43.5 21.3 7.3
366 Dignitas 23.4 13.3 7.0 52.2 30.2 15.4
373 Na'Vi 24.2 14.2 8.0 48.2 26.2 11.4
383 RS 20.2 10.2 4.0 57.5 35.4 20.1
390 Na'Vi 16.2 6.2 -3.5527136788e-15 58.9 37.0 21.9
396 Liquid 16.8 6.9 1.0 54.9 33.0 17.9
399 VP 12.8 2.9 -3.0 63.3 41.0 25.6
400 VP 17.1 7.7 1.7 59.3 37.0 21.6
402 DK 13.1 3.7 -2.3 65.4 44.3 28.7
407 PR 14.9 6.0 0.5 61.4 40.3 24.7
408 TM 16.6 7.9 2.7 57.4 36.3 20.7
409 Orange 12.6 3.9 -1.3 58.5 37.7 22.4
410 Alliance 13.3 4.8 -0.2 54.5 33.7 18.4
416 4FC 9.3 0.8 -4.2 73.0 50.2 32.3
418 VP 11.1 2.6 -2.1 69.0 46.2 28.3
433 DK 7.1 -1.4 -6.1 70.2 47.6 30.0
436 EG 3.1 -5.4 -10.1 73.6 50.9 33.3
444 Artyk 14.0 4.8 -0.8 69.6 46.9 29.3
445 TM 10.0 0.8 -4.8 70.7 48.3 30.9
446 Orange 10.9 1.8 -3.6 66.7 44.3 26.9
449 VP 12.4 3.7 -1.4 62.7 40.3 22.9
451 Kaipi 13.3 4.7 -0.2 58.7 36.3 18.9
454 Kaipi 19.9 10.3 4.9 54.7 32.3 14.9
457 Alliance 21.7 12.3 7.0 50.7 28.3 10.9
460 Kaipi 17.7 8.3 3.0 57.1 34.1 16.4
461 Alliance 18.5 9.2 4.2 53.1 30.1 12.4
463 VP 21.2 11.7 6.9 49.1 26.1 8.4
464 Fnatic.eu 17.2 7.7 2.9 50.6 27.6 10.0
470 mouz 13.2 3.7 -1.1 53.3 30.3 12.9
471 4FC 26.4 16.4 9.8 49.3 26.3 8.9
476 Na'Vi 22.4 12.4 5.8 50.8 27.9 10.7
482 Smeagol 24.2 14.7 8.2 46.8 23.9 6.7
489 LGD.int 25.8 16.3 10.1 42.8 19.9 2.7
491 TM 21.8 12.3 6.1 44.1 21.6 4.6
492 iCCup 17.8 8.3 2.1 45.4 23.2 6.4
494 zRage 13.8 4.3 -1.9 65.9 41.4 22.1
495 Artyk 9.8 0.3 -5.9 67.1 43.0 24.1
496 TongFu 11.8 2.7 -3.3 63.1 39.0 20.1
503 Dignitas 12.6 3.7 -2.0 59.1 35.0 16.1
504 VP 14.3 5.5 0.1 55.1 31.0 12.1
506 EG 15.1 6.4 1.3 51.1 27.0 8.1
509 Keita 18.1 8.8 3.6 47.1 23.0 4.1
510 Fnatic.eu 23.0 13.5 7.8 43.1 19.0 0.1
512 Quantic 19.0 9.5 3.8 60.8 34.2 14.0
514 Dignitas 15.0 5.5 -0.2 82.7 52.8 30.0
515 Alliance 16.5 7.4 2.0 78.7 48.8 26.0
516 Quantic 20.0 11.2 6.1 74.7 44.8 22.0
518 Alliance 22.0 13.6 8.7 70.7 40.8 18.0
519 FSid3 24.0 16.0 11.4 66.7 36.8 14.0
520 Quantic 20.0 12.0 7.4 67.8 38.1 15.6
521 LGD.int 16.0 8.0 3.4 77.7 46.4 23.0
530 Orange 19.2 12.0 7.7 73.7 42.4 19.0
531 Na'Vi 20.1 13.0 8.9 69.7 38.4 15.0
537 Liquid 20.7 13.7 9.8 65.7 34.4 11.0
542 Alliance 16.7 9.7 5.8 67.2 36.0 12.8
543 VP 12.7 5.7 1.8 69.8 38.3 15.4
544 EG 22.9 15.4 10.9 65.8 34.3 11.4
545 Alliance 24.4 17.3 13.1 61.8 30.3 7.4
546 Orange 20.4 13.3 9.1 64.3 32.4 9.5
547 iG 22.3 15.1 11.0 60.3 28.4 5.5
549 Fnatic.eu 34.8 26.1 20.3 56.3 24.4 1.5
550 Kaipi 45.0 36.6 30.0 52.3 20.4 -2.5
557 Liquid 41.0 32.6 26.0 62.8 29.4 5.6
563 iG 44.3 36.4 30.0 58.8 25.4 1.6
574 Fnatic.eu 56.2 46.8 38.8 54.8 21.4 -2.4
577 rox.KIS 52.2 42.8 34.8 56.8 23.5 0.1
586 EG 56.8 47.6 39.5 52.8 19.5 -3.9
590 Na'Vi 58.7 49.4 41.4 48.8 15.5 -7.9
592 Fnatic.eu 60.5 51.4 43.5 44.8 11.5 -11.9
594 mouz 56.5 47.4 39.5 48.0 14.8 -8.4
595 Alliance 58.1 49.1 41.4 44.0 10.8 -12.4
597 Alliance 59.9 51.0 43.4 40.0 6.8 -16.4
598 LGD.cn 61.4 52.7 45.3 36.0 2.8 -20.4
599 Na'Vi 64.9 55.7 48.2 32.0 -1.2 -24.4
607 Kaipi 60.9 51.7 44.2 40.9 7.4 -16.8
611 Denial 62.9 54.1 46.9 36.9 3.4 -20.8
615 Orange 58.9 50.1 42.9 38.2 4.8 -19.2
616 TongFu 60.7 52.3 45.5 34.2 0.8 -23.2
621 iCCup 74.3 65.4 56.0 30.2 -3.2 -27.2
626 iCCup 70.3 61.4 52.0 41.0 6.3 -19.0
627 EG 72.1 63.1 53.9 37.0 2.3 -23.0
628 EG 73.0 64.1 55.1 33.0 -1.7 -27.0
630 iG 75.0 66.2 57.4 29.0 -5.7 -31.0
641 mouz 71.0 62.2 53.4 31.1 -3.1 -28.2
644 rox.KIS 81.8 72.3 62.2 27.1 -7.1 -32.2
645 VP 77.8 68.3 58.2 35.6 1.2 -24.7
652 DK 83.7 73.9 63.6 31.6 -2.8 -28.7
657 mouz 85.3 75.8 65.7 27.6 -6.8 -32.7
662 DK 87.0 77.7 67.9 23.6 -10.8 -36.7
665 Orange 89.4 80.3 70.9 19.6 -14.8 -40.7
666 LGD.cn 91.7 83.0 73.8 15.6 -18.8 -44.7
668 mouz 92.5 84.0 75.1 11.6 -22.8 -48.7
669 iNfernity 94.8 86.6 78.3 7.6 -26.8 -52.7
672 Orange 96.4 88.3 80.2 3.6 -30.8 -56.7
673 LGD.cn 99.4 91.6 83.7 -0.4 -34.8 -60.7
674 mouz 100.1 92.5 84.8 -4.4 -38.8 -64.7
677 mouz 102.1 94.5 86.8 -8.4 -42.8 -68.7
681 Quantic 98.1 90.5 82.8 -1.7 -36.9 -63.3
683 rox.KIS 104.5 96.2 88.0 -5.7 -40.9 -67.3
693 Alliance 106.1 97.9 89.9 -9.7 -44.9 -71.3
696 Fnatic.eu 107.7 99.5 91.7 -13.7 -48.9 -75.3
700 Orange 103.7 95.5 87.7 -12.3 -47.5 -73.6
702 Na'Vi 104.6 96.5 88.9 -16.3 -51.5 -77.6
703 mouz 105.5 97.5 90.2 -20.3 -55.5 -81.6
707 Orange 107.4 99.4 92.3 -24.3 -59.5 -85.6
708 iCCup 103.4 95.4 88.3 -14.4 -50.6 -77.6
719 Mski 105.5 97.2 90.2 -18.4 -54.6 -81.6
720 MiTH 107.3 99.0 92.2 -22.4 -58.6 -85.6
721 Mski 116.7 109.1 101.4 -26.4 -62.6 -89.6
723 Kaipi 117.6 110.1 102.6 -30.4 -66.6 -93.6
726 RS 113.6 106.1 98.6 -23.5 -59.6 -87.3
729 DK 109.6 102.1 94.6 -22.5 -58.1 -85.5
731 iG 111.2 104.0 96.7 -26.5 -62.1 -89.5
737 Na'Vi 107.2 100.0 92.7 -24.3 -59.7 -86.9
741 TongFu 108.7 101.8 95.2 -28.3 -63.7 -90.9
744 Alliance 111.2 104.4 98.0 -32.3 -67.7 -94.9
746 DK 111.9 105.3 99.0 -36.3 -71.7 -98.9
748 Na'Vi 107.9 101.3 95.0 -35.1 -70.4 -97.3
751 Alliance 108.7 102.4 96.4 -39.1 -74.4 -101.3
757 Alliance 104.7 98.4 92.4 -37.5 -72.9 -99.8
759 Orange 106.3 100.2 94.4 -41.5 -76.9 -103.8
761 Fnatic.eu 107.0 101.0 95.3 -45.5 -80.9 -107.8
762 Na'Vi 109.1 103.0 97.5 -49.5 -84.9 -111.8
766 Alliance 110.0 104.0 98.6 -53.5 -88.9 -115.8
770 LGD.cn 106.0 100.0 94.6 -51.9 -87.2 -114.0
771 Na'Vi 102.0 96.0 90.6 -50.7 -85.9 -112.6
776 Orange 98.0 92.0 86.6 -49.4 -84.5 -111.0
778 DK 99.4 93.8 88.6 -53.4 -88.5 -115.0
782 iG 101.9 96.5 91.5 -57.4 -92.5 -119.0
783 TongFu 102.8 97.4 92.5 -61.4 -96.5 -123.0
785 LGD.cn 98.8 93.4 88.5 -59.4 -94.2 -120.5
787 TongFu 102.0 97.3 92.6 -63.4 -98.2 -124.5
793 Alliance 98.0 93.3 88.6 -62.2 -96.9 -122.9
795 Liquid 98.9 94.3 89.8 -66.2 -100.9 -126.9
798 iG 100.8 96.3 92.0 -70.2 -104.9 -130.9
807 Na'Vi 102.4 98.0 93.9 -74.2 -108.9 -134.9
808 Alliance 104.8 100.8 96.8 -78.2 -112.9 -138.9
811 RStars 100.8 96.8 92.8 -77.0 -111.4 -137.1
816 Kaipi 96.8 92.8 88.8 -75.7 -110.0 -135.6
820 4FC 97.5 93.6 89.8 -79.7 -114.0 -139.6
823 GL.eu 98.9 95.2 91.7 -83.7 -118.0 -143.6
825 WARDGS 100.6 96.9 93.7 -87.7 -122.0 -147.6
828 EVOPLAY 102.5 98.8 95.8 -91.7 -126.0 -151.6
829 TLP 116.4 110.7 105.2 -95.7 -130.0 -155.6
831 Awake 118.3 112.6 107.2 -99.7 -134.0 -159.6
835 Poseidon 121.2 115.1 109.6 -103.7 -138.0 -163.6
836 Poseidon 123.0 117.2 112.0 -107.7 -142.0 -167.6
838 Kaipi 124.6 119.0 114.3 -111.7 -146.0 -171.6
840 TS 127.8 122.2 117.6 -115.7 -150.0 -175.6
844 Kaipi 123.8 118.2 113.6 -114.4 -148.7 -174.0
855 Imp 126.0 120.5 116.1 -118.4 -152.7 -178.0
857 Next.kz 127.8 122.3 118.0 -122.4 -156.7 -182.0
858 FSid3 129.7 124.3 120.4 -126.4 -160.7 -186.0
861 Aspera 132.0 126.3 122.5 -130.4 -164.7 -190.0
863 Next.kz 136.6 131.3 127.2 -134.4 -168.7 -194.0
864 Poseidon 132.6 127.3 123.2 -133.3 -167.4 -192.5
866 Poseidon 133.5 128.2 124.3 -137.3 -171.4 -196.5
872 Aspera 129.5 124.2 120.3 -128.6 -163.4 -189.2
875 Imp 134.3 129.0 124.9 -132.6 -167.4 -193.2
876 MSIEvoGT 136.3 131.3 127.6 -136.6 -171.4 -197.2
877 Mski 132.3 127.3 123.6 -135.6 -170.0 -195.5
878 Lowyat 146.0 138.7 133.1 -139.6 -174.0 -199.5
883 Kaipi 142.0 134.7 129.1 -138.4 -172.6 -197.9
885 Aspera 143.7 136.4 131.0 -142.4 -176.6 -201.9
886 Fnatic.eu 139.7 132.4 127.0 -141.0 -175.1 -200.1
887 MSIEvoGT 146.1 138.0 132.2 -145.0 -179.1 -204.1
890 GL.eu 148.4 140.7 135.1 -149.0 -183.1 -208.1
891 Menace 150.3 142.5 137.1 -153.0 -187.1 -212.1
900 VP 157.3 149.1 143.1 -157.0 -191.1 -216.1
905 Dignitas 158.1 150.0 144.2 -161.0 -195.1 -220.1
906 Dignitas 159.0 151.0 145.4 -165.0 -199.1 -224.1
908 iG 159.7 151.8 146.4 -169.0 -203.1 -228.1
909 VG 161.2 153.7 148.7 -173.0 -207.1 -232.1
912 Kaipi 165.7 158.6 153.4 -177.0 -211.1 -236.1
916 Property 178.4 169.2 162.7 -181.0 -215.1 -240.1
917 Menace 189.3 180.1 172.2 -185.0 -219.1 -244.1
918 DUZA 194.5 184.6 176.5 -189.0 -223.1 -248.1
919 LGD.cn 190.5 180.6 172.5 -187.7 -221.6 -246.4
922 PR 198.1 187.5 179.1 -191.7 -225.6 -250.4
926 Empire 194.1 183.5 175.1 -190.3 -224.0 -248.7
929 Dreamz 190.1 179.5 171.1 -185.6 -219.9 -244.7
937 OguraYui 201.2 192.1 181.9 -189.6 -223.9 -248.7
939 Poseidon 204.0 195.5 185.6 -193.6 -227.9 -252.7
942 Quantic 200.0 191.5 181.6 -189.1 -222.7 -247.8
944 Imp 211.2 202.3 191.5 -193.1 -226.7 -251.8
949 VP 207.2 198.3 187.5 -191.8 -225.4 -250.3
959 Kaipi 208.0 199.3 188.6 -195.8 -229.4 -254.3
964 Alliance 204.0 195.3 184.6 -194.6 -228.1 -252.8
967 mouz 200.0 191.3 180.6 -193.2 -226.6 -251.1
972 Aspera 196.0 187.3 176.6 -171.3 -207.6 -235.2
974 Fnatic.eu 198.8 189.7 179.1 -175.3 -211.6 -239.2
975 Dignitas 199.6 190.7 180.4 -179.3 -215.6 -243.2
976 StayFree 201.0 192.4 182.4 -183.3 -219.6 -247.2
979 PR 197.0 188.4 178.4 -180.7 -217.3 -244.8
982 Fnatic.eu 197.8 189.2 179.4 -184.7 -221.3 -248.8
983 Fnatic.eu 199.6 190.9 181.2 -188.7 -225.3 -252.8
985 Inv.kwnku 201.4 193.0 183.6 -192.7 -229.3 -256.8
987 Fnatic.eu 203.0 194.8 185.6 -196.7 -233.3 -260.8
988 4FC 212.6 204.9 194.6 -200.7 -237.3 -264.8
997 PR 208.6 200.9 190.6 -183.1 -222.5 -253.1
1002 Empire 210.1 202.7 192.8 -187.1 -226.5 -257.1
1004 EG 211.7 204.4 194.7 -191.1 -230.5 -261.1
1008 Menace 223.8 216.7 205.6 -195.1 -234.5 -265.1
1009 Kaipi 224.7 217.6 206.7 -199.1 -238.5 -269.1
1017 Na'Vi 225.5 218.5 207.7 -203.1 -242.5 -273.1
1019 Empire 227.4 220.9 210.4 -207.1 -246.5 -277.1
1020 Na'Vi 229.1 222.6 212.3 -211.1 -250.5 -281.1
1024 LGD.cn 231.4 224.6 214.3 -215.1 -254.5 -285.1
1025 Dignitas 232.2 225.5 215.5 -219.1 -258.5 -289.1
1027 Next.kz 228.2 221.5 211.5 -213.0 -250.9 -281.8
1031 Empire 224.2 217.5 207.5 -210.2 -248.2 -279.0
1034 Alliance 224.9 218.3 208.5 -214.2 -252.2 -283.0
1039 Ahead.kz 220.9 214.3 204.5 -192.9 -230.4 -265.1
1040 PBS 222.3 216.3 206.8 -196.9 -234.4 -269.1
1048 MiTH 223.9 218.0 208.8 -200.9 -238.4 -273.1
1050 Alliance 224.7 218.9 209.9 -204.9 -242.4 -277.1
1051 iG 225.5 219.9 211.1 -208.9 -246.4 -281.1
1052 DK 227.1 221.8 213.2 -212.9 -250.4 -285.1
1058 UR 232.0 226.4 217.5 -216.9 -254.4 -289.1
1059 TongFu 233.8 227.9 219.1 -220.9 -258.4 -293.1
1061 RS.int 235.3 229.7 221.2 -224.9 -262.4 -297.1
1064 Alliance 236.1 230.6 222.2 -228.9 -266.4 -301.1
1065 SSD 232.1 226.6 218.2 -227.9 -264.9 -299.4
1067 Hearts 228.1 222.6 214.2 -226.4 -263.3 -297.6
1070 Quantic 224.1 218.6 210.2 -216.1 -254.0 -289.2
1083 Titan 224.9 219.5 211.4 -220.1 -258.0 -293.2
1091 Na'Vi 225.8 220.5 212.7 -224.1 -262.0 -297.2
1092 ONE.dota 237.0 232.1 222.9 -228.1 -266.0 -301.2
1093 Lowyat 242.8 237.9 228.4 -232.1 -270.0 -305.2
1095 Arcanys 238.8 233.9 224.4 -210.6 -252.7 -291.7
1105 Na'Vi 239.6 234.8 225.5 -214.6 -256.7 -295.7
1107 Rain 235.6 230.8 221.5 -209.4 -251.9 -291.1
1110 bvd.dotA 231.6 226.8 217.5 -207.3 -249.5 -288.3
1113 Imp 233.5 229.5 220.6 -211.3 -253.5 -292.3
1119 FD 240.3 235.9 226.5 -215.3 -257.5 -296.3
1125 Empire 236.3 231.9 222.5 -213.7 -255.9 -294.7
1132 Fnatic.eu 237.2 233.0 223.7 -217.7 -259.9 -298.7
1137 TakeFive 248.0 246.1 235.0 -221.7 -263.9 -302.7
1141 EOT 249.3 248.3 237.6 -225.7 -267.9 -306.7
1142 SYF 252.8 251.5 240.7 -229.7 -271.9 -310.7
1149 Na'Vi 253.7 252.5 242.0 -233.7 -275.9 -314.7
1150 Speed 249.7 248.5 238.0 -231.7 -272.7 -311.0
1157 Na'Vi 250.5 249.4 239.0 -235.7 -276.7 -315.0
1164 Titan 246.5 245.4 235.0 -228.8 -268.6 -307.1
1170 VG 248.6 247.5 237.3 -232.8 -272.6 -311.1
1171 Empire 249.4 248.5 238.5 -236.8 -276.6 -315.1
1174 Fnatic 245.4 244.5 234.5 -235.5 -275.3 -313.7
1179 RStars 241.4 240.5 230.5 -226.4 -266.7 -306.0
1180 Empire 246.6 245.0 234.6 -230.4 -270.7 -310.0
1183 Speed 242.6 241.0 230.6 -229.0 -269.4 -308.5
1185 Liquid 238.6 237.0 226.6 -208.4 -248.6 -289.2
1189 EG 234.6 233.0 222.6 -207.3 -247.2 -287.4
1192 Na'Vi 235.4 233.9 223.9 -211.3 -251.2 -291.4
1194 Dignitas 231.4 229.9 219.9 -209.8 -249.7 -289.7
1196 LGD.cn 231.9 230.6 220.8 -213.8 -253.7 -293.7
1199 Menace 233.6 232.5 223.0 -217.8 -257.7 -297.7
1200 Liquid 229.6 228.5 219.0 -216.2 -256.3 -296.2
1201 Aspera 234.4 233.2 223.3 -220.2 -260.3 -300.2
1204 iG 235.1 234.1 224.3 -224.2 -264.3 -304.2
1208 Imp 231.1 230.1 220.3 -215.7 -254.8 -295.2
1216 LGD.cn 232.5 231.9 222.5 -219.7 -258.8 -299.2
1217 Speed 228.5 227.9 218.5 -209.7 -249.5 -290.9
1219 NoX 233.3 232.6 222.9 -213.7 -253.5 -294.9
1221 iG 229.3 228.6 218.9 -202.4 -244.6 -287.9
1229 StayFree 236.0 234.2 223.7 -206.4 -248.6 -291.9
1230 Property 248.7 244.6 232.3 -210.4 -252.6 -295.9
1234 VG 244.7 240.6 228.3 -208.5 -250.4 -293.3
1240 Na'Vi 246.4 242.4 230.3 -212.5 -254.4 -297.3
1242 mouz 248.0 244.4 232.6 -216.5 -258.4 -301.3
1243 Alliance 248.7 245.2 233.7 -220.5 -262.4 -305.3
1245 Speed 244.7 241.2 229.7 -219.5 -261.1 -303.7
1246 Liquid 240.7 237.2 225.7 -216.9 -258.3 -300.7
1251 UR 242.2 239.1 227.8 -220.9 -262.3 -304.7
1253 LGD.int 238.2 235.1 223.8 -192.2 -241.9 -288.6
1256 RS 239.1 236.1 225.1 -196.2 -245.9 -292.6
1257 mouz 250.9 245.9 233.5 -200.2 -249.9 -296.6
1260 Sigma.int 246.9 241.9 229.5 -196.0 -245.4 -292.2
1262 iG 242.9 237.9 225.5 -194.9 -244.0 -290.6
1264 DK 243.6 238.7 226.5 -198.9 -248.0 -294.6
1265 Fnatic.eu 239.6 234.7 222.5 -190.8 -240.5 -288.0
1266 Alliance 240.3 235.5 223.5 -194.8 -244.5 -292.0
1267 Na'Vi 236.3 231.5 219.5 -193.4 -242.9 -290.2
1268 Mski 232.3 227.5 215.5 -192.3 -241.5 -288.6
1273 RS 245.0 238.7 225.6 -196.3 -245.5 -292.6
1275 FXopen 246.7 240.7 227.7 -200.3 -249.5 -296.6
1284 Alliance 247.5 241.5 228.7 -204.3 -253.5 -300.6
1286 LGD.int 243.5 237.5 224.7 -202.2 -250.9 -297.9
1288 Alliance 245.3 239.4 226.6 -206.2 -254.9 -301.9
1290 Lowyat 251.4 245.0 232.0 -210.2 -258.9 -305.9
1292 SSD 247.4 241.0 228.0 -201.8 -249.5 -296.9
1295 Fnatic.eu 252.3 245.7 232.4 -205.8 -253.5 -300.9
1296 mouz 254.0 247.5 234.4 -209.8 -257.5 -304.9
1297 EG 250.0 243.5 230.4 -207.4 -255.2 -302.3
1301 Hearts 246.0 239.5 226.4 -206.1 -253.6 -300.5
1308 LGD.cn 246.7 240.3 227.4 -210.1 -257.6 -304.5
1309 4FC 248.9 242.2 229.5 -214.1 -261.6 -308.5
1312 Arteezy 250.9 244.2 231.7 -218.1 -265.6 -312.5
1316 VG 251.6 245.1 232.8 -222.1 -269.6 -316.5
1319 Empire 253.7 246.7 234.4 -226.1 -273.6 -320.5
1323 VG 254.5 247.7 235.7 -230.1 -277.6 -324.5
1328 Dignitas 256.2 249.4 237.5 -234.1 -281.6 -328.5
1334 iG 257.7 251.2 239.7 -238.1 -285.6 -332.5
1340 Fnatic.eu 258.6 252.2 240.9 -242.1 -289.6 -336.5
1343 Fnatic.eu 254.6 248.2 236.9 -234.1 -280.5 -328.0
1350 Fnatic.eu 260.2 254.1 242.9 -238.1 -284.5 -332.0
1353 Alliance 261.9 255.8 244.8 -242.1 -288.5 -336.0
1355 Alliance 257.9 251.8 240.8 -240.9 -287.2 -334.4
1358 VP 263.8 257.4 246.1 -244.9 -291.2 -338.4
1361 Dignitas 264.5 258.2 247.1 -248.9 -295.2 -342.4
1364 Na'Vi 266.3 260.1 249.1 -252.9 -299.2 -346.4
1370 LGD.int 275.5 270.5 258.6 -256.9 -303.2 -350.4
1372 VP 271.5 266.5 254.6 -239.0 -288.0 -337.7
1378 Imp 274.3 270.0 258.3 -243.0 -292.0 -341.7
1383 LGD.cn 275.8 271.8 260.3 -247.0 -296.0 -345.7
1384 Empire 276.5 272.6 261.3 -251.0 -300.0 -349.7
1389 RStars 277.2 273.6 262.7 -255.0 -304.0 -353.7
1391 Fnatic.eu 273.2 269.6 258.7 -253.8 -302.7 -352.1
1398 Alliance 277.8 274.2 263.3 -257.8 -306.7 -356.1
1408 Liquid 279.5 276.1 265.4 -261.8 -310.7 -360.1
1415 VP 291.4 288.8 276.6 -265.8 -314.7 -364.1
1416 Liquid 293.2 290.6 278.5 -269.8 -318.7 -368.1
1421 Na'Vi 294.7 292.2 280.4 -273.8 -322.7 -372.1
1425 VG 295.4 293.0 281.4 -277.8 -326.7 -376.1
1430 Na'Vi 296.3 294.0 282.6 -281.8 -330.7 -380.1
1438 Liquid 297.0 294.9 283.6 -285.8 -334.7 -384.1
1440 Alliance 299.5 297.6 286.6 -289.8 -338.7 -388.1
1446 mouz 306.8 303.9 292.4 -293.8 -342.7 -392.1
1450 Na'Vi 307.7 305.0 293.7 -297.8 -346.7 -396.1
1451 Na'Vi 303.7 301.0 289.7 -296.4 -345.3 -394.7
1468 Alliance 305.5 302.9 291.7 -300.4 -349.3 -398.7
1471 Mts 314.3 309.5 297.1 -304.4 -353.3 -402.7
1473 LGD.cn 314.9 310.3 298.1 -308.4 -357.3 -406.7
1478 Alliance 310.9 306.3 294.1 -307.2 -356.0 -405.3
1480 Na'Vi 306.9 302.3 290.1 -305.5 -354.5 -403.7
1481 DK 302.9 298.3 286.1 -296.2 -346.3 -397.0
1482 Fnatic.eu 303.6 299.2 287.3 -300.2 -350.3 -401.0
1484 DK 305.5 301.4 289.8 -304.2 -354.3 -405.0
1486 Sigma.int 309.7 306.4 294.9 -308.2 -358.3 -409.0
1487 VG 311.8 308.8 297.6 -312.2 -362.3 -413.0
1489 Na'Vi 313.5 310.5 299.5 -316.2 -366.3 -417.0
1490 EG 314.3 311.5 300.6 -320.2 -370.3 -421.0
1496 Sigma.int 316.2 313.8 303.3 -324.2 -374.3 -425.0
1498 Fnatic.eu 312.2 309.8 299.3 -308.1 -358.8 -410.3
1499 DK 313.0 310.8 300.3 -312.1 -362.8 -414.3
1500 Speed 313.7 311.7 301.5 -316.1 -366.8 -418.3
1502 DK 317.0 315.7 305.7 -320.1 -370.8 -422.3
1505 Na'Vi 313.0 311.7 301.7 -315.7 -366.4 -418.2
1507 DK 314.7 313.4 303.4 -319.7 -370.4 -422.2
1512 Alliance 315.6 314.4 304.6 -323.7 -374.4 -426.2
1514 Fnatic.eu 311.6 310.4 300.6 -317.8 -368.6 -420.3
1516 DK 315.8 315.5 305.7 -321.8 -372.6 -424.3
1518 Speed 311.8 311.5 301.7 -312.1 -364.2 -416.7
1525 mouz 307.8 307.5 297.7 -309.3 -361.5 -413.9
1528 TongFu 308.5 308.3 298.7 -313.3 -365.5 -417.9
1529 LGD.int 309.1 309.1 299.7 -317.3 -369.5 -421.9
1533 OsG 322.3 321.6 310.0 -321.3 -373.5 -425.9
1545 LGD.cn 323.8 323.4 312.2 -325.3 -377.5 -429.9
1549 VG 324.4 324.3 313.4 -329.3 -381.5 -433.9
1550 DK 325.1 325.1 314.4 -333.3 -385.5 -437.9
1554 Alliance 327.0 326.9 316.3 -337.3 -389.5 -441.9
1557 LGD.int 323.0 322.9 312.3 -328.6 -380.0 -433.4
1572 Fnatic.eu 319.0 318.9 308.3 -327.2 -378.7 -432.0
1578 VG 315.0 314.9 304.3 -318.0 -369.8 -423.7
1579 DK 311.0 310.9 300.3 -316.9 -368.3 -422.0
1582 PR 307.0 306.9 296.3 -315.5 -367.0 -420.6
1585 Fnatic.eu 307.9 307.9 297.5 -319.5 -371.0 -424.6
1586 Fnatic.eu 303.9 303.9 293.5 -309.9 -361.6 -415.3
1588 LGD.cn 299.9 299.9 289.5 -305.6 -355.8 -409.0
1592 VG 303.6 303.6 293.4 -309.6 -359.8 -413.0
1593 FD 304.3 304.6 294.7 -313.6 -363.8 -417.0
1594 FD 300.3 300.6 290.7 -304.8 -353.8 -407.8
1597 Empire 302.1 302.4 292.5 -308.8 -357.8 -411.8
1598 Alliance 303.0 303.4 293.6 -312.8 -361.8 -415.8
1605 VG 305.4 306.3 296.8 -316.8 -365.8 -419.8
1607 Idol 301.4 302.3 292.8 -315.8 -364.4 -418.1
1608 VP 297.4 298.3 288.8 -305.9 -355.5 -410.6
1612 Fnatic.eu 299.3 300.2 291.0 -309.9 -359.5 -414.6
1613 Fnatic.eu 295.3 296.2 287.0 -308.5 -358.1 -413.0
1624 PR 296.9 298.0 289.0 -312.5 -362.1 -417.0
1627 MVP 298.9 299.7 290.8 -316.5 -366.1 -421.0
1628 Alliance 299.6 300.4 291.7 -320.5 -370.1 -425.0
1630 Na'Vi 295.6 296.4 287.7 -317.9 -367.8 -422.5
1631 VG 296.1 297.1 288.7 -321.9 -371.8 -426.5
1639 Fnatic.eu 301.9 302.9 293.9 -325.9 -375.8 -430.5
1640 FD 297.9 298.9 289.9 -322.8 -372.2 -426.9
1642 MiTH 299.6 301.0 292.1 -326.8 -376.2 -430.9
1643 VG 295.6 297.0 288.1 -324.4 -373.1 -427.5
1644 iG 301.6 302.5 293.4 -328.4 -377.1 -431.5
1646 RRQ 305.9 307.4 298.6 -332.4 -381.1 -435.5
1648 Poseidon 301.9 303.4 294.6 -324.0 -372.7 -427.4
1650 VP 303.8 305.6 296.8 -328.0 -376.7 -431.4
1651 rox.KIS 305.5 307.3 298.7 -332.0 -380.7 -435.4
1656 HR 314.5 317.9 308.5 -336.0 -384.7 -439.4
1664 DK 315.2 318.7 309.5 -340.0 -388.7 -443.4
1665 LGD.cn 315.8 319.4 310.5 -344.0 -392.7 -447.4
1666 Lowyat 311.8 315.4 306.5 -337.3 -387.0 -442.3
1671 Neon 307.8 311.4 302.5 -333.9 -383.7 -438.8
1676 TR 322.0 323.0 312.3 -337.9 -387.7 -442.8
1679 Speed 323.7 324.7 314.2 -341.9 -391.7 -446.8
1683 rox.KIS 319.7 320.7 310.2 -340.6 -390.1 -444.9
1684 Alliance 315.7 316.7 306.2 -339.2 -388.8 -443.5
1690 Mski 317.7 318.2 307.7 -343.2 -392.8 -447.5
1704 Alliance 313.7 314.2 303.7 -340.5 -390.1 -444.6
1706 Sigma.int 314.6 315.0 304.6 -344.5 -394.1 -448.6
1711 Next.kz 315.4 316.0 305.8 -348.5 -398.1 -452.6
1711 Next.kz 316.1 316.9 306.8 -352.5 -402.1 -456.6
1713 Alliance 312.1 312.9 302.8 -350.9 -400.5 -454.9
1716 rox.KIS 314.5 315.6 305.6 -354.9 -404.5 -458.9
1716 rox.KIS 317.1 318.2 308.5 -358.9 -408.5 -462.9
1720 Mski 318.0 319.2 309.6 -362.9 -412.5 -466.9
1727 Mski 318.8 320.1 310.5 -366.9 -416.5 -470.9
1732 rox.KIS 324.7 327.4 317.8 -370.9 -420.5 -474.9
1735 Mski 325.5 328.2 318.8 -374.9 -424.5 -478.9
1739 5inQ 321.5 324.2 314.8 -367.1 -416.7 -472.5
1742 Na'Vi 323.0 326.2 317.0 -371.1 -420.7 -476.5
1745 Na'Vi 323.7 327.1 318.1 -375.1 -424.7 -480.5
1746 Alliance 324.4 327.9 319.2 -379.1 -428.7 -484.5
1748 Idol 328.7 333.0 324.2 -383.1 -432.7 -488.5
1749 FD 333.0 338.1 329.6 -387.1 -436.7 -492.5
1750 Alliance 333.7 338.9 330.6 -391.1 -440.7 -496.5
1755 SSD 329.7 334.9 326.6 -390.0 -439.3 -494.8
1757 iG 333.2 338.5 330.5 -394.0 -443.3 -498.8
1759 FD 329.2 334.5 326.5 -390.9 -439.8 -494.9
1779 Fnatic.eu 331.0 336.0 328.1 -394.9 -443.8 -498.9
1781 FD 332.7 337.9 330.2 -398.9 -447.8 -502.9
1782 Mski 336.5 341.4 333.7 -402.9 -451.8 -506.9
1784 LGD.cn 338.1 343.0 335.7 -406.9 -455.8 -510.9
1789 Na'Vi 334.1 339.0 331.7 -404.0 -453.1 -508.1
1791 Revenge 343.5 350.5 343.3 -408.0 -457.1 -512.1
1799 VP 352.2 357.2 349.1 -412.0 -461.1 -516.1
1805 VG 352.8 357.9 350.0 -416.0 -465.1 -520.1
1811 TongFu 353.7 358.8 351.1 -420.0 -469.1 -524.1
1820 Empire 354.6 359.7 352.2 -424.0 -473.1 -528.1
1821 QPandas 365.4 370.7 361.8 -428.0 -477.1 -532.1
1826 Titan 366.4 371.7 362.9 -432.0 -481.1 -536.1
1830 mouz 362.4 367.7 358.9 -429.8 -478.9 -533.9
1832 TR 358.4 363.7 354.9 -426.4 -475.7 -530.5
1841 SSD 360.2 365.7 357.1 -430.4 -479.7 -534.5
1843 iG 356.2 361.7 353.1 -428.4 -477.3 -531.9
1845 DK 358.1 363.9 354.3 -432.4 -481.3 -535.9
1846 DK 359.0 365.0 354.9 -436.4 -485.3 -539.9
1851 Alliance 359.7 365.9 355.5 -440.4 -489.3 -543.9
1854 SSD 355.7 361.9 351.5 -433.5 -481.1 -536.1
1858 Empire 358.0 364.6 352.9 -437.5 -485.1 -540.1
1864 Revenge 354.0 360.6 348.9 -435.2 -482.6 -537.3
1866 Sigma.int 355.9 362.9 350.5 -439.2 -486.6 -541.3
1867 Fnatic.eu 356.8 363.9 351.2 -443.2 -490.6 -545.3
1869 FSid3 364.6 371.4 357.5 -447.2 -494.6 -549.3
1880 VG 360.6 367.4 353.5 -440.6 -487.2 -542.2
1889 Fnatic.eu 356.6 363.4 349.5 -423.4 -474.1 -530.4
1890 LGD.cn 352.6 359.4 345.5 -416.9 -468.2 -524.9
1894 Spirit 365.1 370.9 361.8 -420.9 -472.2 -528.9
1895 Fnatic.eu 369.7 374.8 370.5 -424.9 -476.2 -532.9
1897 Idol 365.7 370.8 366.5 -419.0 -470.2 -527.2
1903 Titan 367.7 373.2 367.8 -423.0 -474.2 -531.2
1906 5inQ 363.7 369.2 363.8 -421.9 -472.5 -529.2
1910 FD 365.6 371.4 365.3 -425.9 -476.5 -533.2
1916 rox.KIS 361.6 367.4 361.3 -424.6 -475.1 -531.7
1920 Mski 357.6 363.4 357.3 -416.3 -468.6 -525.7
1921 VP 353.6 359.4 353.3 -413.8 -466.2 -523.4
1923 VP 349.6 355.4 349.3 -412.3 -464.5 -521.6
1924 Sigma.int 351.9 358.1 351.0 -416.3 -468.5 -525.6
1925 PR 347.9 354.1 347.0 -414.6 -466.9 -524.2
1926 PR 343.9 350.1 343.0 -412.0 -464.8 -522.0
1928 Zephyr 339.9 346.1 339.0 -411.0 -463.3 -520.2
1929 MVP 335.9 342.1 335.0 -409.7 -461.8 -518.4
1931 Swage 331.9 338.1 331.0 -401.7 -454.5 -511.8
1933 Alliance 327.9 334.1 327.0 -399.5 -452.3 -509.4
1936 Alliance 329.7 336.1 328.7 -403.5 -456.3 -513.4
1939 Na'Vi 331.4 338.0 330.1 -407.5 -460.3 -517.4
1944 VP 333.3 340.1 331.6 -411.5 -464.3 -521.4
1946 PR 329.3 336.1 327.6 -404.9 -457.2 -514.8
1947 Relax 325.3 332.1 323.6 -397.9 -450.3 -508.7
1955 Life 328.1 335.6 325.3 -401.9 -454.3 -512.7
1956 rox.KIS 324.1 331.6 321.3 -400.3 -452.9 -511.2
1961 Fnatic.eu 324.9 332.5 321.9 -404.3 -456.9 -515.2
1962 Fnatic.eu 327.2 334.9 324.3 -408.3 -460.9 -519.2
1965 Relax 328.9 336.9 325.9 -412.3 -464.9 -523.2
1967 Liquid 324.9 332.9 321.9 -410.9 -463.8 -521.9
1970 hehe 327.0 335.0 323.8 -414.9 -467.8 -525.9
1972 PR 337.0 343.5 339.3 -418.9 -471.8 -529.9
1977 Empire 333.0 339.5 335.3 -414.0 -466.9 -525.4
1978 eHug 335.9 342.9 336.8 -418.0 -470.9 -529.4
1982 Speed 336.9 344.1 337.7 -422.0 -474.9 -533.4
1984 Empire 337.8 345.1 338.5 -426.0 -478.9 -537.4
1985 SADBOYS 347.6 353.8 348.8 -430.0 -482.9 -541.4
1986 eHug 343.6 349.8 344.8 -423.9 -476.8 -535.5
1988 Liquid 351.1 356.4 351.4 -427.9 -480.8 -539.5
2003 Empire 357.3 361.8 359.9 -431.9 -484.8 -543.5
2016 Revenge 359.2 363.8 362.0 -435.9 -488.8 -547.5
2018 Fnatic.eu 355.2 359.8 358.0 -427.0 -479.3 -538.7
2019 Na'Vi 351.2 355.8 354.0 -425.6 -477.9 -537.1
2022 Liquid 352.1 356.8 354.6 -429.6 -481.9 -541.1
2026 Execration 348.1 352.8 350.6 -427.6 -479.6 -538.5
2029 Empire 349.2 354.1 351.3 -431.6 -483.6 -542.5
2034 Denial 359.5 364.0 361.7 -435.6 -487.6 -546.5
2035 SADBOYS 360.5 365.1 362.3 -439.6 -491.6 -550.5
2043 Liquid 363.0 367.7 363.6 -443.6 -495.6 -554.5
2044 Arrow 365.3 370.5 365.0 -447.6 -499.6 -558.5
2047 Empire 367.0 372.5 366.3 -451.6 -503.6 -562.5
2049 GL 369.1 374.8 367.9 -455.6 -507.6 -566.5
2053 SADBOYS 369.9 375.9 368.3 -459.6 -511.6 -570.5
2055 Na'Vi 370.9 377.1 369.0 -463.6 -515.6 -574.5
2058 Cloud9 371.8 378.4 369.4 -467.6 -519.6 -578.5
2060 Fnatic.eu 367.8 374.4 365.4 -463.0 -515.4 -574.5
2061 rox.KIS 363.8 370.4 361.4 -447.4 -500.7 -561.4
2062 PR 370.3 376.6 367.3 -451.4 -504.7 -565.4
2068 Fnatic.eu 371.3 377.7 368.2 -455.4 -508.7 -569.4
2071 Cloud9 374.4 381.1 370.3 -459.4 -512.7 -573.4
2092 Empire 370.4 377.1 366.3 -455.1 -508.3 -569.1
2093 rox.KIS 372.2 379.0 367.5 -459.1 -512.3 -573.1
2094 Insane 368.2 375.0 363.5 -451.3 -505.3 -566.9
2105 Mongolz 371.7 378.6 366.0 -455.3 -509.3 -570.9
2117 Titan 373.8 381.1 367.5 -459.3 -513.3 -574.9
2119 Empire 374.5 382.0 368.0 -463.3 -517.3 -578.9
2122 4FC 377.8 385.2 370.9 -467.3 -521.3 -582.9
2123 rox.KIS 378.7 386.3 371.6 -471.3 -525.3 -586.9
2124 neXt! 374.7 382.3 367.6 -464.9 -518.4 -579.7
2126 ZR 376.9 384.6 369.7 -468.9 -522.4 -583.7
2128 Alliance 378.5 386.3 371.3 -472.9 -526.4 -587.7
2129 vhoul 381.0 389.0 373.1 -476.9 -530.4 -591.7
2132 Fnatic.eu 382.7 390.7 374.7 -480.9 -534.4 -595.7
2136 Swage 384.4 392.6 376.5 -484.9 -538.4 -599.7
2137 Revenge 386.1 394.4 377.7 -488.9 -542.4 -603.7
2138 Liquid 387.1 395.5 378.4 -492.9 -546.4 -607.7
2139 eHug 388.8 397.3 379.9 -496.9 -550.4 -611.7
2140 PssT 384.8 393.3 375.9 -489.5 -542.4 -604.4
2141 WWD 380.8 389.3 371.9 -488.0 -540.9 -602.6
2146 Fnatic.eu 382.7 391.4 373.6 -492.0 -544.9 -606.6
2149 Sigma.int 384.3 393.1 375.5 -496.0 -548.9 -610.6
2150 VP 389.1 397.6 380.6 -500.0 -552.9 -614.6
2151 Insane 385.1 393.6 376.6 -495.2 -547.8 -609.3
2152 Relax 395.3 403.3 386.3 -499.2 -551.8 -613.3
2155 MYM 397.0 404.9 388.2 -503.2 -555.8 -617.3
2156 Cloud9 398.0 406.1 388.9 -507.2 -559.8 -621.3
2158 Denial 407.8 415.4 400.9 -511.2 -563.8 -625.3
2160 Dog 403.8 411.4 396.9 -509.8 -562.0 -623.3
2161 Osiris 411.6 418.4 400.8 -513.8 -566.0 -627.3
2167 Scythe 414.4 421.6 402.5 -517.8 -570.0 -631.3
2169 WWD 416.7 424.3 403.8 -521.8 -574.0 -635.3
2170 ZR 412.7 420.3 399.8 -512.7 -564.3 -626.4
2172 Na'Vi 413.8 421.6 400.6 -516.7 -568.3 -630.4
2179 PR 416.2 424.2 402.4 -520.7 -572.3 -634.4
2180 Puck 423.1 430.3 410.8 -524.7 -576.3 -638.4
2183 4N 419.1 426.3 406.8 -519.8 -571.4 -633.7
2185 Scythe 420.4 428.0 407.3 -523.8 -575.4 -637.7
2191 Orange 422.5 430.1 409.4 -527.8 -579.4 -641.7
2201 eN.Legs 418.5 426.1 405.4 -525.6 -577.2 -639.5
2202 neXt! 414.5 422.1 401.4 -523.2 -574.7 -637.2
2203 BIP 417.1 425.1 403.1 -527.2 -578.7 -641.2
2204 Osiris 413.1 421.1 399.1 -517.9 -569.1 -632.2
2209 DT.NGC 418.4 426.2 403.4 -521.9 -573.1 -636.2
2214 Orange 419.2 427.2 403.9 -525.9 -577.1 -640.2
2218 VP 415.2 423.2 399.9 -516.4 -568.9 -632.5
2230 Orange 417.4 425.3 402.1 -520.4 -572.9 -636.5
2231 Arrow 419.4 427.7 403.8 -524.4 -576.9 -640.5
2232 Relax 415.4 423.7 399.8 -520.7 -573.9 -637.7
2233 CIS 418.1 426.7 402.5 -524.7 -577.9 -641.7
2234 5inQ 414.1 422.7 398.5 -522.1 -575.8 -639.5
2237 Execration 410.1 418.7 394.5 -520.5 -574.2 -637.8
2242 PR 420.3 428.1 408.0 -524.5 -578.2 -641.8
2246 Execration 424.2 432.0 410.9 -528.5 -582.2 -645.8
2250 Execration 420.2 428.0 406.9 -523.6 -577.2 -641.3
2251 Zephyr 416.2 424.0 402.9 -522.3 -575.8 -639.6
2258 Arrow 412.2 420.0 398.9 -514.0 -569.0 -633.9
2259 VG 414.9 422.8 400.7 -518.0 -573.0 -637.9
2261 CIS 410.9 418.8 396.7 -498.8 -559.2 -627.7
2263 Cloud9 406.9 414.8 392.7 -496.6 -556.6 -624.8
2269 Na'Vi 408.7 416.7 394.4 -500.6 -560.6 -628.8
2270 RRQ 404.7 412.7 390.4 -493.2 -553.3 -621.8
2271 Titan 406.5 414.6 392.2 -497.2 -557.3 -625.8
2274 LGD.cn 408.4 416.9 393.5 -501.2 -561.3 -629.8
2283 Fnatic.eu 410.1 418.8 395.4 -505.2 -565.3 -633.8
2290 Orange 406.1 414.8 391.4 -496.0 -556.9 -626.0
2292 Na'Vi 402.1 410.8 387.4 -494.5 -555.5 -624.5
