1088 1270 -4.0 -4.0 -4.0 2.7 2.3 2.6
1364 1587 -2.5 -2.2 -1.7 -1.3 -1.7 -1.4
1372 1595 3.6 5.7 6.4 -5.3 -5.7 -5.4
1383 1607 4.6 7.1 8.1 -9.3 -9.7 -9.4
1398 1625 13.7 15.9 15.8 -13.3 -13.7 -13.4
1510 1748 18.0 21.0 20.8 -17.3 -17.7 -17.4
1520 1759 14.0 17.0 16.8 -14.2 -14.2 -13.5
1528 1769 10.0 13.0 12.8 -9.2 -8.5 -8.0
1532 1774 11.0 14.5 14.7 -13.2 -12.5 -12.0
1538 1780 7.0 10.5 10.7 -11.8 -10.9 -10.2
1620 1877 3.0 6.5 6.7 -10.2 -9.2 -8.9
1639 1897 8.9 12.5 12.4 -14.2 -13.2 -12.9
1643 1902 13.6 17.1 16.5 -18.2 -17.2 -16.9
1650 1909 9.6 13.1 12.5 -15.1 -13.6 -14.2
