116 155 2.0 2.3 2.5 -4.0 -4.0 -4.0
151 198 3.3 3.9 4.4 -8.0 -8.0 -8.0
161 208 4.3 5.2 6.0 -12.0 -12.0 -12.0
250 310 5.2 6.4 7.6 -16.0 -16.0 -16.0
270 330 1.2 2.4 3.6 3.6 -0.3 -4.8
283 344 -2.8 -1.6 -0.4 14.2 9.5 3.9
286 347 -6.8 -5.6 -4.4 22.5 15.9 9.7
291 353 -5.1 -3.7 -2.3 18.5 11.9 5.7
294 356 -9.1 -7.7 -6.3 32.6 23.8 15.5
296 358 -13.1 -11.7 -10.3 34.6 25.9 17.7
325 389 -12.2 -10.7 -9.0 30.6 21.9 13.7
442 521 -16.2 -14.7 -13.0 40.5 30.2 21.1
465 547 -14.3 -12.9 -11.1 36.5 26.2 17.1
477 563 -11.0 -9.1 -7.1 32.5 22.2 13.1
517 612 -15.0 -13.1 -11.1 35.7 25.1 15.9
524 619 -9.7 -8.0 -6.1 31.7 21.1 11.9
535 630 -7.7 -5.9 -3.8 27.7 17.1 7.9
539 634 -11.7 -9.9 -7.8 30.6 19.9 10.7
546 643 -9.4 -7.8 -5.5 26.6 15.9 6.7
555 653 -13.4 -11.8 -9.5 41.6 29.0 17.5
562 661 -7.9 -6.8 -4.8 37.6 25.0 13.5
565 664 -11.9 -10.8 -8.8 53.7 38.4 24.7
628 731 -10.3 -8.9 -6.7 49.7 34.4 20.7
635 744 -14.3 -12.9 -10.7 52.2 37.0 23.5
645 758 -12.8 -11.1 -8.9 48.2 33.0 19.5
656 774 -16.8 -15.1 -12.9 54.8 39.2 25.2
662 782 -14.3 -12.4 -10.0 50.8 35.2 21.2
673 794 -18.3 -16.4 -14.0 55.0 39.7 25.5
677 798 -16.4 -14.4 -11.8 51.0 35.7 21.5
681 802 -14.3 -12.1 -9.2 47.0 31.7 17.5
683 804 -18.3 -16.1 -13.2 50.4 35.6 21.5
776 908 -17.6 -15.3 -12.2 46.4 31.6 17.5
795 927 -16.1 -13.9 -10.7 42.4 27.6 13.5
822 962 -12.9 -10.5 -7.1 38.4 23.6 9.5
828 971 -10.9 -8.0 -4.3 34.4 19.6 5.5
895 1045 -10.0 -6.6 -2.6 30.4 15.6 1.5
901 1051 -9.2 -5.6 -1.4 26.4 11.6 -2.5
936 1094 -13.2 -9.6 -5.4 28.7 14.2 0.5
966 1129 -12.7 -8.9 -4.6 24.7 10.2 -3.5
983 1146 -12.3 -8.3 -3.9 20.7 6.2 -7.5
991 1156 -11.2 -6.7 -2.0 16.7 2.2 -11.5
1007 1176 -15.2 -10.7 -6.0 28.4 11.8 -3.3
1016 1186 -13.0 -7.9 -3.2 24.4 7.8 -7.3
1034 1204 -12.3 -7.0 -2.2 20.4 3.8 -11.3
1045 1215 -11.9 -6.3 -1.4 16.4 -0.2 -15.3
1051 1221 -0.6 2.6 5.6 12.4 -4.2 -19.3
1070 1247 -0.2 3.2 6.4 8.4 -8.2 -23.3
1073 1253 -4.2 -0.8 2.4 37.1 12.2 -7.2
1081 1262 -3.1 0.6 4.0 33.1 8.2 -11.2
1090 1272 -1.1 3.1 6.8 29.1 4.2 -15.2
1109 1294 -5.1 -0.9 2.8 42.9 17.4 -4.5
1117 1302 -9.1 -4.9 -1.2 45.1 19.9 -1.8
1149 1334 -7.6 -3.1 1.0 41.1 15.9 -5.8
1169 1360 -7.2 -2.6 1.6 37.1 11.9 -9.8
1194 1387 -11.2 -6.6 -2.4 40.2 15.1 -6.5
1195 1388 -10.7 -5.9 -1.6 36.2 11.1 -10.5
1202 1395 -7.3 -3.1 1.3 32.2 7.1 -14.5
1228 1433 -0.3 2.9 6.6 28.2 3.1 -18.5
1328 1546 0.9 4.3 8.3 24.2 -0.9 -22.5
1336 1556 -3.1 0.3 4.3 27.7 2.7 -18.8
1351 1573 -1.3 2.2 6.6 23.7 -1.3 -22.8
1353 1575 3.1 6.6 11.0 19.7 -5.3 -26.8
1365 1588 -0.9 2.6 7.0 24.0 0.5 -20.5
1381 1605 -4.9 -1.4 3.0 26.4 3.4 -17.3
1417 1644 1.1 4.1 8.3 22.4 -0.6 -21.3
1459 1689 1.6 4.7 9.0 18.4 -4.6 -25.3
1475 1709 3.0 6.3 11.0 14.4 -8.6 -29.3
1518 1757 6.5 9.9 14.9 10.4 -12.6 -33.3
1556 1808 6.9 10.5 15.7 6.4 -16.6 -37.3
1562 1815 7.8 11.9 17.4 2.4 -20.6 -41.3
1575 1828 3.8 7.9 13.4 16.8 -9.4 -31.5
1581 1835 7.7 12.1 18.0 12.8 -13.4 -35.5
1589 1843 9.7 14.5 20.6 8.8 -17.4 -39.5
1591 1845 5.7 10.5 16.6 10.7 -15.2 -38.3
1601 1857 6.4 11.4 17.7 6.7 -19.2 -42.3
1618 1875 8.0 13.1 19.6 2.7 -23.2 -46.3
1626 1883 16.4 20.6 29.3 -1.3 -27.2 -50.3
1677 1938 12.4 16.6 25.3 1.2 -24.5 -47.4
