704 822 -4.0 -4.0 -4.0 1.0 1.3 1.5
712 831 -8.0 -8.0 -8.0 2.9 3.2 3.5
732 855 -5.8 -5.7 -5.5 -1.1 -0.8 -0.5
751 875 -1.0 -0.9 -0.9 -5.1 -4.8 -4.5
762 887 -5.0 -4.9 -4.9 1.3 0.8 0.7
815 944 6.2 5.9 5.0 -2.7 -3.2 -3.3
872 1011 10.2 10.8 9.6 -6.7 -7.2 -7.3
940 1089 10.9 11.8 10.7 -10.7 -11.2 -11.3
961 1113 12.8 14.5 13.8 -14.7 -15.2 -15.3
966 1119 8.8 10.5 9.8 -7.9 -8.8 -9.4
979 1133 4.8 6.5 5.8 2.4 0.6 -0.9
1005 1164 0.8 2.5 1.8 9.3 8.7 7.0
1048 1208 9.3 12.0 10.8 5.3 4.7 3.0
1107 1277 5.3 8.0 6.8 9.9 8.5 6.6
1197 1378 8.1 11.5 10.5 5.9 4.5 2.6
1222 1405 4.1 7.5 6.5 6.7 5.6 4.0
1241 1434 0.1 3.5 2.5 9.8 8.4 6.8
1285 1488 1.9 5.5 5.0 5.8 4.4 2.8
1353 1558 -2.1 1.5 1.0 11.4 9.4 7.5
