1823 2082 -4.0 -4.0 -4.0 1.0 1.2 1.3
1834 2094 3.8 3.0 2.2 -3.0 -2.8 -2.7
1859 2129 -0.2 -1.0 -1.8 -0.5 -0.1 -0.9
1877 2151 4.6 4.1 3.5 -4.5 -4.1 -4.9
1981 2279 0.6 0.1 -0.5 -3.0 -2.5 -3.6
2014 2315 -3.4 -3.9 -4.5 -2.4 -1.8 -3.1
2030 2335 -7.4 -7.9 -8.5 -0.7 4.4408920985e-16 -1.2
2084 2394 -11.4 -11.9 -12.5 -0.1 0.7 -0.8
2139 2457 -15.4 -15.9 -16.5 1.2 2.2 0.9
2163 2489 -19.4 -19.9 -20.5 3.1 4.1 3.1
2178 2504 -23.4 -23.9 -24.5 8.3 9.6 8.1
2190 2518 -27.4 -27.9 -28.5 9.0 10.5 9.2
2200 2530 -31.4 -31.9 -32.5 10.5 11.8 10.5
2214 2544 -35.4 -35.9 -36.5 11.5 13.0 11.3
2229 2560 -39.4 -39.9 -40.5 12.4 14.0 12.5
2238 2570 -43.4 -43.9 -44.5 13.0 14.8 13.4
2250 2584 -47.4 -47.9 -48.5 14.1 16.0 14.8
2296 2631 -44.4 -44.3 -44.7 10.1 12.0 10.8
2328 2670 -28.8 -29.6 -31.3 6.1 8.0 6.8
2344 2696 -32.8 -33.6 -35.3 6.9 8.9 7.9
2414 2774 -36.8 -37.6 -39.3 9.8 12.0 11.9
