177 226 -4.0 -4.0 -4.0 0.8 1.1 1.4
178 227 5.1 4.2 3.1 -3.2 -2.9 -2.6
196 248 1.1 0.2 -0.9 -1.6 -1.2 -0.8
218 273 -2.9 -3.8 -4.9 -0.2 0.2 0.8
314 378 -6.9 -7.8 -8.9 1.3 1.8 2.6
353 424 3.9 3.0 0.9 -2.7 -2.2 -1.4
357 428 5.5 5.0 3.3 -6.7 -6.2 -5.4
361 432 7.1 6.4 4.9 -10.7 -10.2 -9.4
370 442 9.2 8.3 6.9 -14.7 -14.2 -13.4
371 443 21.9 21.7 18.8 -18.7 -18.2 -17.4
378 451 22.8 22.7 20.0 -22.7 -22.2 -21.4
382 456 18.8 18.7 16.0 -16.7 -16.1 -15.7
384 458 14.8 14.7 12.0 -12.1 -11.2 -11.2
386 460 21.2 20.5 17.5 -16.1 -15.2 -15.2
397 475 17.2 16.5 13.5 -15.1 -14.2 -14.0
408 487 19.4 19.1 16.4 -19.1 -18.2 -18.0
456 538 15.4 15.1 12.4 -18.3 -17.4 -17.0
468 550 25.6 25.6 22.1 -22.3 -21.4 -21.0
469 551 35.7 36.5 32.8 -26.3 -25.4 -25.0
502 593 31.7 32.5 28.8 -23.8 -22.9 -22.4
513 607 40.6 41.1 36.4 -27.8 -26.9 -26.4
549 646 36.6 37.1 32.4 -25.4 -24.8 -24.2
579 678 55.3 53.6 46.0 -29.4 -28.8 -28.2
584 683 51.3 49.6 42.0 -23.0 -23.1 -23.0
590 689 55.6 53.7 46.2 -27.0 -27.1 -27.0
597 697 57.2 55.3 48.0 -31.0 -31.1 -31.0
601 702 53.2 51.3 44.0 -30.1 -30.1 -29.8
607 709 56.2 54.4 47.3 -34.1 -34.1 -33.8
609 711 52.2 50.4 43.3 -31.4 -30.9 -30.4
610 712 48.2 46.4 39.3 -30.5 -29.8 -29.1
621 723 49.1 47.4 40.5 -34.5 -33.8 -33.1
622 724 52.6 51.1 44.3 -38.5 -37.8 -37.1
691 814 54.1 52.9 46.4 -42.5 -41.8 -41.1
693 816 55.4 54.3 47.9 -46.5 -45.8 -45.1
707 832 51.4 50.3 43.9 -23.3 -27.4 -29.3
712 838 53.0 52.1 46.2 -27.3 -31.4 -33.3
717 844 54.3 53.4 47.8 -31.3 -35.4 -37.3
752 883 55.5 54.8 49.4 -35.3 -39.4 -41.3
760 892 57.5 57.1 52.0 -39.3 -43.4 -45.3
765 897 59.1 59.0 54.2 -43.3 -47.4 -49.3
770 902 61.3 61.2 56.6 -47.3 -51.4 -53.3
771 903 62.5 62.5 58.1 -51.3 -55.4 -57.3
780 912 67.0 67.4 62.8 -55.3 -59.4 -61.3
811 950 68.0 68.6 64.3 -59.3 -63.4 -65.3
813 953 69.7 70.7 66.8 -63.3 -67.4 -69.3
819 959 70.5 71.7 67.9 -67.3 -71.4 -73.3
820 960 71.2 72.6 69.1 -71.3 -75.4 -77.3
824 964 67.2 68.6 65.1 -70.1 -74.1 -75.8
845 990 68.0 69.5 66.2 -74.1 -78.1 -79.8
846 991 64.0 65.5 62.2 -63.2 -68.7 -71.9
858 1003 67.2 69.5 66.4 -67.2 -72.7 -75.9
862 1009 68.1 70.4 67.5 -71.2 -76.7 -79.9
871 1020 64.1 66.4 63.5 -69.5 -75.0 -78.0
888 1037 60.1 62.4 59.5 -57.5 -65.8 -70.1
903 1053 65.7 67.8 64.8 -61.5 -69.8 -74.1
917 1070 61.7 63.8 60.8 -51.2 -60.5 -65.7
