698 815 -4.0 -4.0 -4.0 1.3 1.4 1.7
724 844 -8.0 -8.0 -8.0 2.6 2.7 3.3
731 854 -3.4 -2.3 -2.5 -1.4 -1.3 -0.7
769 894 -0.9 0.7 0.9 -5.4 -5.3 -4.7
771 896 7.3 9.7 9.8 -9.4 -9.3 -8.7
778 903 3.3 5.7 5.8 -8.2 -8.0 -7.2
828 961 5.5 8.6 9.1 -12.2 -12.0 -11.2
951 1100 1.5 4.6 5.1 -8.2 -9.1 -8.4
972 1126 11.9 18.7 18.0 -12.2 -13.1 -12.4
981 1135 7.9 14.7 14.0 -11.2 -12.0 -11.1
1730 1955 10.7 18.2 15.7 -15.2 -16.0 -15.1
1735 1963 20.1 27.8 22.6 -19.2 -20.0 -19.1
1736 1964 16.1 23.8 18.6 -18.1 -18.6 -18.3
