4 18 -4.0 -4.0 -4.0 0.8 1.1 1.5
11 31 -2.3 -2.1 -1.9 -3.2 -2.9 -2.5
17 39 -6.3 -6.1 -5.9 2.7 3.2 3.0
19 41 -10.3 -10.1 -9.9 3.8 4.5 4.7
20 42 -4.6 -4.5 -5.0 -0.2 0.5 0.7
25 47 -8.6 -8.5 -9.0 4.5 5.0 4.5
27 49 -7.8 -7.3 -7.6 0.5 1.0 0.5
29 51 3.3 2.3 0.0 -3.5 -3.0 -3.5
42 69 -0.7 -1.7 -4.0 -0.8 -0.2 -0.7
44 71 0.7 -0.1 -2.1 -4.8 -4.2 -4.7
53 80 8.2 7.8 4.0 -8.8 -8.2 -8.7
57 84 12.6 12.4 8.1 -12.8 -12.2 -12.7
59 88 18.3 18.0 13.3 -16.8 -16.2 -16.7
60 89 19.8 19.7 15.1 -20.8 -20.2 -20.7
62 91 23.1 22.6 17.9 -24.8 -24.2 -24.7
70 100 25.2 24.8 20.3 -28.8 -28.2 -28.7
75 105 27.9 27.5 23.2 -32.8 -32.2 -32.7
108 146 30.3 30.0 26.0 -36.8 -36.2 -36.7
114 153 37.1 37.5 33.6 -40.8 -40.2 -40.7
117 157 33.1 33.5 29.6 -38.5 -37.9 -38.4
125 166 29.1 29.5 25.6 -36.5 -35.8 -36.1
128 172 30.7 31.1 27.3 -40.5 -39.8 -40.1
130 175 26.7 27.1 23.3 -39.5 -38.6 -38.5
134 179 36.5 35.9 31.4 -43.5 -42.6 -42.5
145 191 41.6 41.4 36.8 -47.5 -46.6 -46.5
162 209 43.2 43.3 39.0 -51.5 -50.6 -50.5
164 211 45.8 46.3 42.2 -55.5 -54.6 -54.5
167 214 41.8 42.3 38.2 -51.9 -50.7 -50.6
168 215 44.1 44.8 40.7 -55.9 -54.7 -54.6
169 216 51.5 51.6 47.4 -59.9 -58.7 -58.6
175 222 47.5 47.6 43.4 -55.9 -54.7 -54.5
179 229 57.7 56.4 51.3 -59.9 -58.7 -58.5
191 242 53.7 52.4 47.3 -51.5 -50.6 -50.8
196 248 55.3 54.1 49.1 -55.5 -54.6 -54.8
200 252 51.3 50.1 45.1 -48.7 -48.7 -49.3
201 253 68.0 63.9 56.5 -52.7 -52.7 -53.3
205 257 71.3 67.4 60.1 -56.7 -56.7 -57.3
207 259 74.4 70.7 63.6 -60.7 -60.7 -61.3
208 260 70.4 66.7 59.6 -59.1 -58.9 -59.4
209 261 72.7 69.3 62.3 -63.1 -62.9 -63.4
216 270 74.2 71.0 64.2 -67.1 -66.9 -67.4
219 274 75.6 72.7 66.1 -71.1 -70.9 -71.4
224 281 71.6 68.7 62.1 -63.0 -63.9 -65.2
227 284 73.7 71.1 64.7 -67.0 -67.9 -69.2
231 290 69.7 67.1 60.7 -64.8 -65.6 -66.7
255 315 71.4 68.9 62.6 -68.8 -69.6 -70.7
282 343 67.4 64.9 58.6 -65.1 -65.5 -66.3
285 346 63.4 60.9 54.6 -64.0 -64.3 -64.9
290 352 59.4 56.9 50.6 -62.9 -63.0 -63.4
294 356 73.5 68.8 60.4 -66.9 -67.0 -67.4
297 359 69.5 64.8 56.4 -62.7 -62.4 -62.7
327 391 65.5 60.8 52.4 -58.9 -59.0 -59.3
330 396 66.1 61.5 53.4 -62.9 -63.0 -63.3
350 421 62.1 57.5 49.4 -61.4 -61.4 -61.5
351 422 66.7 62.1 53.8 -65.4 -65.4 -65.5
358 429 69.3 64.6 56.4 -69.4 -69.4 -69.5
388 463 65.3 60.6 52.4 -66.7 -66.9 -66.8
395 470 61.3 56.6 48.4 -64.0 -64.2 -63.9
420 499 62.5 58.0 49.8 -68.0 -68.2 -67.9
421 500 68.7 65.0 56.5 -72.0 -72.2 -71.9
445 524 64.7 61.0 52.5 -70.7 -70.8 -70.3
448 528 65.6 62.1 53.8 -74.7 -74.8 -74.3
454 536 66.3 62.9 54.8 -78.7 -78.8 -78.3
455 537 66.9 63.6 55.7 -82.7 -82.8 -82.3
466 548 70.0 66.7 59.0 -86.7 -86.8 -86.3
467 549 66.0 62.7 55.0 -74.2 -75.8 -77.0
469 551 62.0 58.7 51.0 -64.1 -64.9 -66.3
471 556 58.0 54.7 47.0 -59.2 -60.6 -62.3
472 557 68.5 63.7 55.1 -63.2 -64.6 -66.3
481 568 71.2 66.3 57.8 -67.2 -68.6 -70.3
514 608 67.2 62.3 53.8 -65.9 -67.1 -68.6
529 624 68.7 64.0 55.7 -69.9 -71.1 -72.6
538 633 72.3 67.6 59.5 -73.9 -75.1 -76.6
545 642 68.3 63.6 55.5 -72.9 -73.9 -75.1
581 680 74.9 70.3 61.2 -76.9 -77.9 -79.1
592 691 77.1 72.7 63.8 -80.9 -81.9 -83.1
603 704 73.1 68.7 59.8 -72.9 -74.9 -76.8
639 749 85.6 78.7 69.7 -76.9 -78.9 -80.8
649 766 81.6 74.7 65.7 -76.0 -77.9 -79.7
657 775 84.5 77.6 68.7 -80.0 -81.9 -83.7
662 782 80.5 73.6 64.7 -77.5 -79.2 -80.8
674 795 81.4 74.6 65.9 -81.5 -83.2 -84.8
676 797 95.2 86.0 75.5 -85.5 -87.2 -88.8
681 802 91.2 82.0 71.5 -83.4 -84.9 -86.2
896 1046 92.3 83.2 72.9 -87.4 -88.9 -90.2
1015 1185 112.9 104.0 92.2 -91.4 -92.9 -94.2
1030 1200 114.5 105.4 93.7 -95.4 -96.9 -98.2
1040 1210 126.8 117.9 104.5 -99.4 -100.9 -102.2
1060 1236 122.8 113.9 100.5 -95.3 -97.1 -98.2
1069 1246 125.4 116.7 103.5 -99.3 -101.1 -102.2
1084 1265 121.4 112.7 99.5 -91.2 -93.6 -95.6
1110 1295 117.4 108.7 95.5 -86.3 -88.9 -91.2
1132 1317 113.4 104.7 91.5 -85.3 -87.8 -89.8
1145 1330 109.4 100.7 87.5 -83.3 -86.0 -87.8
1153 1338 110.8 102.2 89.2 -87.3 -90.0 -91.8
1165 1356 106.8 98.2 85.2 -86.0 -88.8 -90.5
1174 1365 102.8 94.2 81.2 -85.3 -88.1 -89.7
1176 1367 104.4 96.1 83.4 -89.3 -92.1 -93.7
1181 1373 105.7 97.4 84.9 -93.3 -96.1 -97.7
1187 1380 106.8 98.6 86.3 -97.3 -100.1 -101.7
1188 1381 121.7 112.6 98.2 -101.3 -104.1 -105.7
1208 1402 123.8 114.8 100.5 -105.3 -108.1 -109.7
1212 1408 125.5 116.7 102.6 -109.3 -112.1 -113.7
1213 1409 130.5 121.7 107.4 -113.3 -116.1 -117.7
1216 1416 132.3 123.5 109.3 -117.3 -120.1 -121.7
1231 1437 134.3 125.7 111.7 -121.3 -124.1 -125.7
1232 1438 135.0 126.6 112.7 -125.3 -128.1 -129.7
1246 1453 137.4 129.3 115.5 -129.3 -132.1 -133.7
1247 1456 138.9 131.1 117.5 -133.3 -136.1 -137.7
1252 1463 134.9 127.1 113.5 -131.2 -134.2 -135.7
1256 1468 130.9 123.1 109.5 -129.4 -132.3 -133.7
1263 1479 131.6 123.9 110.5 -133.4 -136.3 -137.7
1268 1484 127.6 119.9 106.5 -131.5 -134.1 -135.2
1273 1489 123.6 115.9 102.5 -129.8 -132.4 -133.3
1277 1493 119.6 111.9 98.5 -124.9 -126.8 -127.7
1284 1501 133.0 125.0 110.3 -128.9 -130.8 -131.7
1289 1506 134.3 126.4 111.8 -132.9 -134.8 -135.7
1292 1509 130.3 122.4 107.8 -129.5 -131.2 -132.0
1296 1514 126.3 118.4 103.8 -123.6 -125.4 -126.1
1330 1548 122.3 114.4 99.8 -122.0 -123.8 -124.3
1334 1554 118.3 110.4 95.8 -120.1 -122.0 -122.4
1358 1580 114.3 106.4 91.8 -119.0 -120.7 -120.9
1387 1612 110.3 102.4 87.8 -117.1 -118.8 -118.7
1492 1729 106.3 98.4 83.8 -113.0 -114.9 -114.8
1615 1872 102.3 94.4 79.8 -108.4 -110.1 -110.1
1701 1967 103.7 95.5 81.1 -112.4 -114.1 -114.1
1715 1981 104.6 96.7 82.6 -116.4 -118.1 -118.1
1722 1988 112.1 103.3 89.2 -120.4 -122.1 -122.1
1725 1993 115.2 106.7 92.9 -124.4 -126.1 -126.1
1736 2008 111.2 102.7 88.9 -117.1 -119.0 -119.0
1740 2013 107.2 98.7 84.9 -114.8 -116.7 -116.7
1747 2022 108.1 99.7 85.5 -118.8 -120.7 -120.7
1756 2032 109.0 100.7 86.6 -122.8 -124.7 -124.7
1763 2043 111.5 103.3 87.9 -126.8 -128.7 -128.7
1787 2071 107.5 99.3 83.9 -123.7 -125.3 -126.6
1791 2075 114.7 105.3 93.0 -127.7 -129.3 -130.6
1801 2087 116.0 106.7 93.9 -131.7 -133.3 -134.6
1802 2088 112.0 102.7 89.9 -128.6 -129.6 -132.2
1839 2138 113.0 103.8 90.6 -132.6 -133.6 -136.2
1846 2147 109.0 99.8 86.6 -131.5 -132.4 -134.9
1869 2175 109.9 100.8 87.9 -135.5 -136.4 -138.9
1891 2200 105.9 96.8 83.9 -134.2 -135.2 -137.4
1904 2218 101.9 92.8 79.9 -124.7 -127.0 -129.7
