747 878 13.7 11.4 9.5 -4.0 -4.0 -4.0
756 888 9.7 7.4 5.5 -2.1 -2.0 -1.7
812 951 5.7 3.4 1.5 -1.1 -0.9 -0.4
856 1001 1.7 -0.6 -2.5 0.6 1.1 2.1
935 1093 7.5 5.2 3.0 -3.4 -2.9 -1.9
940 1098 18.1 15.4 11.7 -7.4 -6.9 -5.9
952 1113 14.1 11.4 7.7 -5.5 -4.2 -2.8
1096 1278 26.3 26.8 21.7 -9.5 -8.2 -6.8
1105 1290 32.4 32.4 27.1 -13.5 -12.2 -10.8
1113 1298 28.4 28.4 23.1 -10.8 -9.2 -7.4
1243 1449 24.4 24.4 19.1 -8.9 -7.5 -5.6
1420 1647 20.4 20.4 15.1 -3.2 -2.3 -1.1
1437 1666 27.1 26.1 20.2 -7.2 -6.3 -5.1
1451 1680 23.1 22.1 16.2 -3.9 -3.4 -2.2
1453 1682 24.3 23.4 17.8 -7.9 -7.4 -6.2
1473 1721 25.4 24.4 19.3 -11.9 -11.4 -10.2
1486 1723 21.4 20.4 15.3 -10.2 -9.8 -8.6
1489 1726 22.4 21.4 16.5 -14.2 -13.8 -12.6
1490 1727 18.4 17.4 12.5 -13.4 -12.9 -11.7
1499 1736 27.6 26.4 20.4 -17.4 -16.9 -15.7
1501 1738 29.7 28.2 22.3 -21.4 -20.9 -19.7
1510 1748 25.7 24.2 18.3 -17.1 -15.8 -14.7
1629 1887 27.0 25.6 19.7 -21.1 -19.8 -18.7
1633 1891 31.6 30.2 24.2 -25.1 -23.8 -22.7
1638 1896 27.6 26.2 20.2 -19.7 -17.9 -17.2
1652 1911 23.6 22.2 16.2 -18.6 -16.6 -16.2
1658 1918 19.6 18.2 12.2 -16.5 -14.7 -14.3
