714 833 12.9 11.1 9.0 -4.0 -4.0 -4.0
715 834 8.9 7.1 5.0 -0.4 -0.6 -0.4
718 837 4.9 3.1 1.0 5.4 5.7 5.6
722 842 14.3 12.1 9.7 1.4 1.7 1.6
727 847 10.3 8.1 5.7 6.0 6.8 6.9
733 856 6.3 4.1 1.7 7.5 8.3 8.6
755 879 2.3 0.1 -2.3 10.3 11.4 11.9
766 891 4.2 1.9 -0.3 6.3 7.4 7.9
768 893 14.4 12.0 8.6 2.3 3.4 3.9
772 897 10.4 8.0 4.6 3.9 5.3 6.1
774 899 11.7 9.2 6.0 -0.1 1.3 2.1
792 917 22.6 20.1 15.5 -4.1 -2.7 -1.9
793 918 18.6 16.1 11.5 1.1 1.8 2.4
858 996 14.6 12.1 7.5 3.8 4.2 4.9
869 1008 26.7 24.4 18.4 -0.2 0.2 0.9
870 1009 22.7 20.4 14.4 0.7 1.1 2.0
878 1018 18.7 16.4 10.4 1.5 2.0 3.2
890 1030 14.7 12.4 6.4 2.3 2.9 4.2
930 1078 10.7 8.4 2.4 4.6 5.2 6.7
967 1120 6.7 4.4 -1.6 5.9 6.7 8.5
1015 1174 2.7 0.4 -5.6 7.2 8.0 9.9
1039 1199 4.4 2.3 -3.4 3.2 4.0 5.9
1078 1244 0.4 -1.7 -7.4 4.9 6.6 9.2
