272 332 -4.0 -4.0 -4.0 2.6 3.1 3.6
276 336 -1.1 -0.7 -0.3 -1.4 -0.9 -0.4
279 339 -5.1 -4.7 -4.3 0.9 2.2 2.8
337 404 -3.4 -2.8 -2.2 -3.1 -1.8 -1.2
341 409 -7.4 -6.8 -6.2 -2.0 -0.4 0.5
611 713 -5.7 -4.9 -4.0 -6.0 -4.4 -3.5
618 720 -3.9 -3.1 -2.0 -10.0 -8.4 -7.5
619 721 -7.9 -7.1 -6.0 -0.6 1.7 1.7
698 822 -6.9 -5.8 -4.5 -4.6 -2.3 -2.3
798 930 -4.2 -3.5 -2.1 -8.6 -6.3 -6.3
808 944 -8.2 -7.5 -6.1 2.6 4.5 3.6
853 998 -12.2 -11.5 -10.1 5.7 7.3 6.6
898 1048 -10.6 -9.8 -8.1 1.7 3.3 2.6
910 1062 -8.9 -8.1 -6.2 -2.3 -0.7 -1.4
932 1090 -8.2 -7.2 -5.1 -6.3 -4.7 -5.4
940 1098 -12.2 -11.2 -9.1 4.3 5.5 3.3
1039 1209 -5.2 -4.9 -3.3 0.3 1.5 -0.7
1088 1270 -2.5 -2.6 -0.7 -3.7 -2.5 -4.7
1098 1280 2.1 1.1 2.8 -7.7 -6.5 -8.7
1105 1290 -1.9 -2.9 -1.2 -1.6 -0.9 -3.3
1229 1434 1.2 -0.1 1.6 -5.6 -4.9 -7.3
1242 1448 7.4 6.7 8.0 -9.6 -8.9 -11.3
1301 1519 3.4 2.7 4.0 -6.3 -6.3 -8.7
1344 1564 -0.6 -1.3 0.0 -2.8 -3.4 -5.8
1414 1641 -4.6 -5.3 -4.0 6.4 6.6 3.8
1415 1642 -2.9 -3.2 -1.8 2.4 2.6 -0.2
1420 1647 2.8 2.0 2.7 -1.6 -1.4 -4.2
1441 1670 6.9 5.8 6.0 -5.6 -5.4 -8.2
1443 1672 8.8 7.7 8.1 -9.6 -9.4 -12.2
1500 1737 13.7 13.8 13.9 -13.6 -13.4 -16.2
1511 1749 9.7 9.8 9.9 -9.3 -8.3 -10.8
1539 1781 5.7 5.8 5.9 -7.6 -6.4 -8.7
1583 1837 1.7 1.8 1.9 -6.0 -4.9 -7.0
1639 1897 -2.3 -2.2 -2.1 -0.1 1.1 -1.3
1844 2143 -0.8 -0.7 -0.8 -4.1 -2.9 -5.3
1863 2167 -4.8 -4.7 -4.8 -1.3 0.3 -3.6
1885 2191 -8.8 -8.7 -8.8 0.8 2.4 -1.5
1902 2215 -12.8 -12.7 -12.8 9.9 12.1 5.3
1919 2240 -16.8 -16.7 -16.8 17.7 19.9 14.4
