7 23 0.8 0.9 1.2 -4.0 -4.0 -4.0
16 37 5.5 4.9 5.5 -8.0 -8.0 -8.0
21 43 7.1 6.8 7.4 -12.0 -12.0 -12.0
33 55 10.9 10.3 11.2 -16.0 -16.0 -16.0
47 74 6.9 6.3 7.2 -9.3 -9.9 -9.9
53 80 2.9 2.3 3.2 -1.8 -2.0 -3.8
69 99 -1.1 -1.7 -0.8 0.9 0.9 -0.6
79 110 -5.1 -5.7 -4.8 2.3 2.5 1.0
85 118 8.3 6.1 4.6 -1.7 -1.5 -3.0
89 122 11.8 9.8 8.1 -5.7 -5.5 -7.0
103 141 14.2 12.4 10.8 -9.7 -9.5 -11.0
106 144 19.6 17.4 15.7 -13.7 -13.5 -15.0
110 148 15.6 13.4 11.7 -11.0 -10.6 -11.9
112 151 11.6 9.4 7.7 -1.5 -2.3 -3.9
129 173 7.6 5.4 3.7 0.5 8.881784197e-16 -1.4
148 194 3.6 1.4 -0.3 2.2 1.9 0.6
162 209 -0.4 -2.6 -4.3 3.8 3.8 2.8
176 224 8.9 6.5 3.9 -0.2 -0.2 -1.2
183 233 10.5 8.2 5.8 -4.2 -4.2 -5.2
186 236 26.2 20.6 15.9 -8.2 -8.2 -9.2
189 239 22.2 16.6 11.9 -6.8 -6.6 -7.4
193 244 18.2 12.6 7.9 -4.9 -4.4 -4.7
195 247 14.2 8.6 3.9 -2.2 -1.0 -1.1
213 267 17.6 12.4 7.8 -6.2 -5.0 -5.1
218 273 19.0 13.8 9.4 -10.2 -9.0 -9.1
225 282 15.0 9.8 5.4 -9.3 -7.9 -7.7
230 289 11.0 5.8 1.4 -7.4 -5.6 -5.3
241 300 12.2 7.2 3.1 -11.4 -9.6 -9.3
243 302 8.2 3.2 -0.9 -9.5 -7.4 -6.8
246 305 10.2 5.4 1.5 -13.5 -11.4 -10.8
249 308 6.2 1.4 -2.5 -7.7 -6.4 -6.1
252 312 11.8 6.9 3.1 -11.7 -10.4 -10.1
253 313 18.3 13.2 9.0 -15.7 -14.4 -14.1
258 318 21.2 16.4 12.3 -19.7 -18.4 -18.1
261 321 22.1 17.4 13.6 -23.7 -22.4 -22.1
267 327 18.1 13.4 9.6 -13.7 -13.7 -14.2
280 340 18.9 14.3 10.7 -17.7 -17.7 -18.2
298 360 20.7 16.2 12.9 -21.7 -21.7 -22.2
303 365 16.7 12.2 8.9 -13.4 -14.4 -15.9
305 368 18.1 13.8 10.8 -17.4 -18.4 -19.9
327 391 21.9 17.2 14.2 -21.4 -22.4 -23.9
338 405 26.5 22.1 19.1 -25.4 -26.4 -27.9
344 412 28.4 24.2 21.4 -29.4 -30.4 -31.9
347 417 42.3 36.1 31.4 -33.4 -34.4 -35.9
354 425 44.2 38.2 33.7 -37.4 -38.4 -39.9
366 438 40.2 34.2 29.7 -35.4 -36.5 -37.9
371 443 36.2 30.2 25.7 -22.7 -23.1 -26.0
394 469 32.2 26.2 21.7 -21.1 -21.5 -24.2
395 470 34.9 28.9 24.6 -25.1 -25.5 -28.2
398 476 30.9 24.9 20.6 -23.6 -23.9 -26.4
399 477 33.6 27.9 23.7 -27.6 -27.9 -30.4
407 486 29.6 23.9 19.7 -26.4 -26.7 -29.1
419 498 30.8 25.2 21.3 -30.4 -30.7 -33.1
421 500 26.8 21.2 17.3 -24.2 -23.7 -26.4
436 515 22.8 17.2 13.3 -22.7 -21.8 -24.2
444 523 18.8 13.2 9.3 -21.0 -20.0 -22.2
457 539 14.8 9.2 5.3 -17.6 -16.7 -18.8
474 559 18.2 12.9 9.2 -21.6 -20.7 -22.8
480 567 21.2 16.1 12.6 -25.6 -24.7 -26.8
489 579 17.2 12.1 8.6 -22.9 -21.9 -23.8
503 594 20.4 15.4 12.1 -26.9 -25.9 -27.8
505 596 23.2 18.4 15.0 -30.9 -29.9 -31.8
506 597 19.2 14.4 11.0 -29.1 -28.0 -29.8
509 600 31.6 26.2 21.5 -33.1 -32.0 -33.8
537 632 33.1 27.9 23.4 -37.1 -36.0 -37.8
544 641 35.2 30.5 26.2 -41.1 -40.0 -41.8
548 645 31.2 26.5 22.2 -32.6 -31.7 -34.3
558 657 32.8 28.4 24.3 -36.6 -35.7 -38.3
559 658 44.3 38.5 34.1 -40.6 -39.7 -42.3
569 668 45.1 39.5 35.4 -44.6 -43.7 -46.3
575 674 45.8 40.4 36.5 -48.6 -47.7 -50.3
578 677 47.8 42.4 38.5 -52.6 -51.7 -54.3
580 679 43.8 38.4 34.5 -42.9 -43.1 -46.5
581 680 39.8 34.4 30.5 -36.3 -36.4 -40.8
583 682 46.1 40.3 35.8 -40.3 -40.4 -44.8
586 685 48.7 43.3 39.1 -44.3 -44.4 -48.8
588 687 44.7 39.3 35.1 -38.7 -39.2 -43.7
593 692 40.7 35.3 31.1 -37.1 -37.6 -41.9
595 695 36.7 31.3 27.1 -35.1 -35.4 -39.5
598 699 32.7 27.3 23.1 -34.0 -34.1 -38.0
602 703 33.6 28.3 24.4 -38.0 -38.1 -42.0
609 711 36.3 31.5 27.8 -42.0 -42.1 -46.0
613 715 37.8 33.2 29.7 -46.0 -46.1 -50.0
614 716 39.9 35.6 32.4 -50.0 -50.1 -54.0
615 717 42.8 38.6 35.5 -54.0 -54.1 -58.0
632 737 38.8 34.6 31.5 -51.8 -51.7 -55.4
634 743 34.8 30.6 27.5 -48.2 -48.6 -52.3
643 756 30.8 26.6 23.5 -42.8 -43.8 -47.8
651 769 31.7 27.6 24.7 -46.8 -47.8 -51.8
659 778 27.7 23.6 20.7 -45.4 -46.0 -49.8
668 789 23.7 19.6 16.7 -41.0 -41.4 -45.4
826 967 25.1 21.1 18.4 -45.0 -45.4 -49.4
1037 1207 31.4 27.4 24.3 -49.0 -49.4 -53.4
1041 1211 37.1 32.7 29.4 -53.0 -53.4 -57.4
1043 1213 33.1 28.7 25.4 -45.7 -45.3 -49.6
1054 1227 29.1 24.7 21.4 -43.9 -43.1 -47.2
1065 1242 30.7 26.7 23.7 -47.9 -47.1 -51.2
1077 1257 42.5 36.5 32.1 -51.9 -51.1 -55.2
1080 1261 50.5 42.4 37.6 -55.9 -55.1 -59.2
1086 1267 46.5 38.4 33.6 -54.5 -53.5 -57.4
1099 1281 42.5 34.4 29.6 -51.7 -50.5 -54.2
1107 1292 38.5 30.4 25.6 -43.3 -41.1 -45.2
1111 1296 40.2 32.2 27.6 -47.3 -45.1 -49.2
1146 1331 36.2 28.2 23.6 -46.1 -44.1 -48.0
1153 1338 32.2 24.2 19.6 -44.7 -42.6 -46.3
1155 1341 28.2 20.2 15.6 -44.2 -42.0 -45.6
1182 1374 24.2 16.2 11.6 -40.7 -38.2 -41.9
1186 1379 20.2 12.2 7.6 -39.6 -37.0 -40.5
1199 1392 16.2 8.2 3.6 -36.7 -33.6 -37.1
1206 1400 12.2 4.2 -0.4 -34.8 -31.4 -34.5
1230 1435 15.7 7.3 2.6 -38.8 -35.4 -38.5
1232 1438 11.7 3.3 -1.4 -38.1 -34.5 -37.5
1240 1446 19.0 9.6 4.4 -42.1 -38.5 -41.5
1307 1525 21.8 12.3 7.2 -46.1 -42.5 -45.5
1361 1584 17.8 8.3 3.2 -43.7 -39.7 -42.6
1426 1653 19.4 9.9 5.0 -47.7 -43.7 -46.6
1438 1667 15.4 5.9 1.0 -46.2 -42.3 -45.0
1444 1673 11.4 1.9 -3.0 -43.4 -39.0 -41.3
1461 1697 28.3 22.0 17.1 -47.4 -43.0 -45.3
1470 1707 29.5 23.1 18.3 -51.4 -47.0 -49.3
1481 1715 25.5 19.1 14.3 -45.7 -41.6 -44.0
1483 1717 21.5 15.1 10.3 -42.0 -38.1 -40.5
1497 1734 17.5 11.1 6.3 -38.5 -34.5 -36.8
1525 1764 13.5 7.1 2.3 -37.4 -33.4 -35.5
1534 1776 9.5 3.1 -1.7 -36.3 -32.2 -34.1
1577 1830 11.7 5.3 0.5 -40.3 -36.2 -38.1
1579 1832 7.7 1.3 -3.5 -36.9 -33.0 -34.7
1596 1850 3.7 -2.7 -7.5 -35.6 -31.4 -33.9
1662 1923 -0.3 -6.7 -11.5 -34.1 -29.7 -32.1
1664 1925 -4.3 -10.7 -15.5 -32.4 -28.1 -30.7
