45 72 -4.0 -4.0 -4.0 4.9 5.4 4.9
273 333 -8.0 -8.0 -8.0 6.3 7.1 6.9
276 336 -12.0 -12.0 -12.0 9.2 10.4 10.6
337 404 -16.0 -16.0 -16.0 10.9 12.3 12.7
617 719 -13.9 -14.2 -14.1 6.9 8.3 8.7
619 721 -4.5 -4.1 -4.9 2.9 4.3 4.7
735 865 -3.5 -3.0 -3.5 -1.1 0.3 0.7
746 877 -2.5 -1.6 -1.8 -5.1 -3.7 -3.3
756 888 -0.6 0.4 0.5 -9.1 -7.7 -7.3
766 898 1.0 2.1 2.4 -13.1 -11.7 -11.3
787 919 -3.0 -1.9 -1.6 -11.8 -10.2 -9.6
803 938 -1.2 -0.4 0.1 -15.8 -14.2 -13.6
812 951 -0.2 0.7 1.4 -19.8 -18.2 -17.6
853 998 2.9 3.5 4.4 -23.8 -22.2 -21.6
873 1022 -1.1 -0.5 0.4 -22.7 -20.9 -20.2
1087 1268 4.4408920985e-16 0.9 2.0 -26.7 -24.9 -24.2
1095 1277 4.6 4.7 5.6 -30.7 -28.9 -28.2
1104 1289 0.6 0.7 1.6 -25.6 -23.9 -23.3
1135 1320 -3.4 -3.3 -2.4 -21.9 -21.1 -20.7
1241 1447 -7.4 -7.3 -6.4 -13.7 -13.4 -13.5
1335 1555 -3.7 -3.4 -2.5 -17.7 -17.4 -17.5
1344 1564 -0.2 -0.5 0.4 -21.7 -21.4 -21.5
1413 1640 -4.2 -4.5 -3.6 -18.6 -17.8 -17.9
1419 1646 -8.2 -8.5 -7.6 -14.3 -12.9 -12.7
1429 1656 -12.2 -12.5 -11.6 -5.3 -2.3 -2.9
1451 1680 -8.9 -9.6 -8.7 -9.3 -6.3 -6.9
1452 1681 -8.0 -8.5 -7.4 -13.3 -10.3 -10.9
1460 1690 -6.0 -7.0 -5.9 -17.3 -14.3 -14.9
1472 1720 -5.1 -6.0 -4.8 -21.3 -18.3 -18.9
1474 1722 -4.3 -5.2 -3.8 -25.3 -22.3 -22.9
1486 1723 -2.6 -3.6 -2.2 -29.3 -26.3 -26.9
1490 1727 -1.8 -2.7 -1.3 -33.3 -30.3 -30.9
1498 1735 -1.0 -1.9 -0.3 -37.3 -34.3 -34.9
1500 1737 -5.0 -5.9 -4.3 -32.4 -28.2 -29.1
1522 1761 -4.0 -4.6 -2.9 -36.4 -32.2 -33.1
1540 1782 -0.2 -1.1 0.6 -40.4 -36.2 -37.1
1551 1794 4.9 4.5 5.9 -44.4 -40.2 -41.1
1564 1817 6.1 5.7 7.3 -48.4 -44.2 -45.1
1584 1838 2.1 1.7 3.3 -42.1 -37.5 -38.6
1627 1885 3.3 2.8 4.5 -46.1 -41.5 -42.6
1635 1893 4.5 4.2 5.2 -50.1 -45.5 -46.6
1650 1909 7.6 7.8 7.9 -54.1 -49.5 -50.6
1659 1920 15.9 14.3 13.9 -58.1 -53.5 -54.6
1824 2117 11.9 10.3 9.9 -56.0 -51.0 -53.1
1896 2206 16.4 13.8 13.0 -60.0 -55.0 -57.1
1911 2230 12.4 9.8 9.0 -57.8 -52.9 -54.9
