127 171 -4.0 -4.0 -4.0 0.9 1.0 1.2
241 298 -8.0 -8.0 -8.0 2.8 3.0 3.4
517 604 -12.0 -12.0 -12.0 3.9 4.2 4.9
633 730 -16.0 -16.0 -16.0 4.7 5.2 6.0
637 735 -20.0 -20.0 -20.0 8.1 8.3 9.0
643 746 -24.0 -24.0 -24.0 8.8 9.2 10.0
648 754 -28.0 -28.0 -28.0 9.5 10.0 10.9
653 761 -32.0 -32.0 -32.0 10.2 10.8 11.8
657 769 -36.0 -36.0 -36.0 11.1 11.8 13.0
666 779 -40.0 -40.0 -40.0 12.0 12.8 14.2
680 795 -44.0 -44.0 -44.0 12.9 13.8 15.4
928 1073 -48.0 -48.0 -48.0 14.4 15.3 17.0
979 1133 -37.7 -38.6 -39.5 10.4 11.3 13.0
