937 1086 5.3 5.6 5.5 -4.0 -4.0 -4.0
1105 1275 1.3 1.6 1.5 -2.3 -2.0 -1.9
1154 1327 -2.7 -2.4 -2.5 -1.7 -1.3 -1.0
1155 1328 -6.7 -6.4 -6.5 2.22044604925e-16 0.4 0.8
1164 1337 -10.7 -10.4 -10.5 2.5 2.8 3.5
1182 1361 -14.7 -14.4 -14.5 3.2 3.6 4.5
1183 1362 -18.7 -18.4 -18.5 3.6 4.1 5.2
1417 1627 -16.7 -16.7 -16.7 -0.4 0.1 1.2
1546 1770 -20.7 -20.7 -20.7 1.3 2.7 4.2
1695 1929 -19.4 -19.2 -18.9 -2.7 -1.3 0.2
1707 1941 -23.4 -23.2 -22.9 -0.6 1.3 1.4
1761 2005 -27.4 -27.2 -26.9 2.0 4.2 2.9
2004 2304 -31.4 -31.2 -30.9 8.4 10.8 6.7
2021 2325 -23.4 -24.3 -22.1 4.4 6.8 2.7
2125 2440 -22.3 -23.1 -21.4 0.4 2.8 -1.3
2174 2500 -26.3 -27.1 -25.4 1.5 4.1 -0.2
