1819 2076 -4.0 -4.0 -4.0 12.8 10.8 22.1
1842 2102 -2.4 -2.3 -2.1 8.8 6.8 18.1
1880 2155 -0.7 -0.7 -0.2 4.8 2.8 14.1
1897 2176 -4.7 -4.7 -4.2 11.2 8.6 19.6
1951 2245 -1.9 -1.7 -0.9 7.2 4.6 15.6
2002 2302 -5.9 -5.7 -4.9 8.1 5.6 16.4
2015 2316 -9.9 -9.7 -8.9 9.5 7.0 17.8
2030 2335 -8.2 -7.9 -7.0 5.5 3.0 13.8
2085 2395 0.4 0.8 1.5 1.5 -1.0 9.8
2116 2429 -3.6 -3.2 -2.5 3.3 1.0 11.3
2129 2444 -7.6 -7.2 -6.5 4.2 2.0 12.5
2143 2461 -11.6 -11.2 -10.5 5.8 3.7 14.4
2155 2477 -15.6 -15.2 -14.5 7.2 5.0 16.2
2157 2479 -19.6 -19.2 -18.5 8.3 6.1 17.3
2164 2490 -23.6 -23.2 -22.5 8.9 6.8 18.1
2175 2501 -27.6 -27.2 -26.5 9.9 7.8 19.0
2177 2503 -31.6 -31.2 -30.5 11.6 9.4 20.6
2183 2511 -35.6 -35.2 -34.5 13.3 11.2 22.5
2208 2538 -39.6 -39.2 -38.5 14.6 12.6 23.6
2228 2559 -37.5 -36.9 -36.3 10.6 8.6 19.6
2252 2586 -41.5 -40.9 -40.3 11.6 9.8 20.4
2263 2597 -45.5 -44.9 -44.3 13.6 12.0 22.6
2265 2599 -49.5 -48.9 -48.3 14.5 13.0 23.4
2297 2632 -47.7 -47.0 -46.8 10.5 9.0 19.4
2318 2659 -39.4 -38.8 -38.9 6.5 5.0 15.4
2324 2666 -43.4 -42.8 -42.9 7.3 6.0 16.6
2436 2804 -47.4 -46.8 -46.9 8.8 7.7 18.0
2437 2805 -42.0 -41.5 -41.6 4.8 3.7 14.0
2454 2827 -46.0 -45.5 -45.6 6.0 5.1 14.9
2456 2830 -50.0 -49.5 -49.6 7.7 6.8 16.7
2467 2842 -54.0 -53.5 -53.6 9.4 8.7 18.3
2472 2848 -58.0 -57.5 -57.6 10.3 9.6 19.3
2473 2849 -62.0 -61.5 -61.6 15.7 15.0 24.5
2483 2862 -66.0 -65.5 -65.6 16.4 15.7 24.9
2500 2884 -70.0 -69.5 -69.6 17.4 16.9 25.6
2501 2885 -65.9 -65.7 -65.0 13.4 12.9 21.6
2532 2923 -69.9 -69.7 -69.0 19.2 18.4 27.0
2556 2952 -63.6 -63.9 -63.4 15.2 14.4 23.0
2560 2959 -59.9 -60.1 -60.2 11.2 10.4 19.0
2567 2968 -63.9 -64.1 -64.2 12.3 11.5 20.2
2572 2973 -67.9 -68.1 -68.2 13.3 12.8 20.9
2582 2984 -71.9 -72.1 -72.2 17.6 16.7 24.2
2606 3010 -75.9 -76.1 -76.2 18.3 17.5 24.6
2656 3065 -79.9 -80.1 -80.2 19.1 18.5 26.0
