4 18 0.8 1.1 1.5 -4.0 -4.0 -4.0
8 26 -3.2 -2.9 -2.5 6.4 4.5 3.8
28 50 -7.2 -6.9 -6.5 31.6 22.0 18.8
31 53 -11.2 -10.9 -10.5 42.2 30.7 26.9
35 58 -9.9 -9.3 -8.8 38.2 26.7 22.9
37 60 -8.9 -8.1 -7.4 34.2 22.7 18.9
52 79 -5.9 -5.1 -4.5 30.2 18.7 14.9
64 93 -4.3 -3.3 -2.5 26.2 14.7 10.9
66 95 -2.6 -1.4 -0.4 22.2 10.7 6.9
68 98 -6.6 -5.4 -4.4 35.8 21.1 16.9
83 114 -10.6 -9.4 -8.4 41.8 26.7 22.7
85 118 -14.6 -13.4 -12.4 55.2 38.5 32.1
87 120 -11.2 -9.7 -8.6 51.2 34.5 28.1
95 130 -15.2 -13.7 -12.6 60.9 42.6 35.8
96 131 -11.5 -10.0 -8.5 56.9 38.6 31.8
100 137 -8.8 -7.1 -5.7 52.9 34.6 27.8
105 143 -7.7 -5.7 -4.1 48.9 30.6 23.8
130 175 -6.7 -4.5 -2.5 44.9 26.6 19.8
135 180 -10.7 -8.5 -6.5 57.2 36.2 28.1
145 190 -14.7 -12.5 -10.5 63.0 41.7 33.6
182 231 -13.2 -10.9 -8.7 59.0 37.7 29.6
188 237 -11.5 -9.1 -6.8 55.0 33.7 25.6
190 239 -10.1 -7.5 -5.0 51.0 29.7 21.6
191 240 -9.2 -6.4 -3.7 47.0 25.7 17.6
195 246 -8.2 -5.4 -2.4 43.0 21.7 13.6
199 250 -12.2 -9.4 -6.4 50.2 29.0 20.3
202 253 -16.2 -13.4 -10.4 66.9 42.8 31.7
204 255 -14.5 -11.5 -8.2 62.9 38.8 27.7
215 268 -13.5 -10.3 -6.7 58.9 34.8 23.7
218 271 -12.4 -8.9 -5.1 54.9 30.8 19.7
221 275 -16.4 -12.9 -9.1 74.2 47.7 33.9
223 277 -14.7 -10.9 -6.7 70.2 43.7 29.9
233 290 -12.5 -8.6 -4.2 66.2 39.7 25.9
261 319 -11.4 -7.4 -2.8 62.2 35.7 21.9
273 331 -15.4 -11.4 -6.8 70.9 43.9 29.5
280 338 -14.5 -10.3 -5.4 66.9 39.9 25.5
289 348 -13.1 -8.6 -3.6 62.9 35.9 21.5
310 372 -17.1 -12.6 -7.6 71.4 43.8 28.3
311 373 -16.3 -11.7 -6.6 67.4 39.8 24.3
317 379 -15.4 -10.6 -5.3 63.4 35.8 20.3
323 385 -19.4 -14.6 -9.3 65.7 38.8 23.9
328 390 -18.0 -13.0 -7.5 61.7 34.8 19.9
337 399 -22.0 -17.0 -11.5 70.1 42.8 27.6
353 420 -15.0 -11.6 -6.6 66.1 38.8 23.6
354 421 -13.5 -10.0 -4.8 62.1 34.8 19.6
370 438 -11.5 -8.1 -2.8 58.1 30.8 15.6
373 441 -10.6 -7.1 -1.6 54.1 26.8 11.6
397 467 -8.8 -5.0 0.7 50.1 22.8 7.6
402 475 -7.8 -4.0 1.9 46.1 18.8 3.6
403 476 -6.3 -2.4 3.7 42.1 14.8 -0.4
412 486 -5.1 -1.2 5.0 38.1 10.8 -4.4
431 505 -4.6 -0.6 5.8 34.1 6.8 -8.4
433 507 -3.7 0.4 7.1 30.1 2.8 -12.4
434 508 -3.2 1.0 7.8 26.1 -1.2 -16.4
440 514 -7.2 -3.0 3.8 48.0 17.4 -0.4
448 522 -6.0 -1.6 5.4 44.0 13.4 -4.4
449 523 -4.3 0.2 7.4 40.0 9.4 -8.4
450 524 -3.0 1.6 9.0 36.0 5.4 -12.4
452 527 -2.0 2.7 10.4 32.0 1.4 -16.4
456 531 -1.1 3.7 11.6 28.0 -2.6 -20.4
476 553 -5.1 -0.3 7.6 43.8 12.3 -7.6
481 561 -9.1 -4.3 3.6 48.4 17.6 -2.3
483 563 -13.1 -8.3 -0.4 51.7 21.4 1.7
505 590 -11.2 -6.5 1.5 47.7 17.4 -2.3
514 599 -7.7 -3.5 4.4 43.7 13.4 -6.3
523 612 -4.5 -0.6 7.2 39.7 9.4 -10.3
540 629 -8.5 -4.6 3.2 46.6 16.7 -3.5
545 634 -5.6 -1.8 6.0 42.6 12.7 -7.5
548 638 -2.9 0.8 8.7 38.6 8.7 -11.5
563 656 -1.8 2.0 10.2 34.6 4.7 -15.5
566 659 -0.2 3.6 11.9 30.6 0.7 -19.5
599 692 1.4 5.2 13.7 26.6 -3.3 -23.5
607 702 2.3 6.2 14.9 22.6 -7.3 -27.5
616 712 3.2 7.3 16.2 18.6 -11.3 -31.5
631 727 -0.8 3.3 12.2 35.4 3.2 -20.0
638 737 1.4 5.7 14.8 31.4 -0.8 -24.0
644 748 2.6 7.0 16.4 27.4 -4.8 -28.0
648 754 3.3 7.8 17.3 23.4 -8.8 -32.0
654 762 5.4 9.8 19.5 19.4 -12.8 -36.0
659 771 6.6 11.1 20.9 15.4 -16.8 -40.0
671 786 7.6 12.2 22.2 11.4 -20.8 -44.0
685 800 9.0 13.6 23.7 7.4 -24.8 -48.0
690 805 5.0 9.6 19.7 10.8 -20.8 -43.8
692 807 6.6 11.3 21.6 6.8 -24.8 -47.8
693 808 2.6 7.3 17.6 9.2 -22.0 -44.9
824 957 3.4 8.0 18.5 5.2 -26.0 -48.9
825 958 -0.6 4.0 14.5 29.9 -2.0 -28.1
830 963 0.8 5.4 16.1 25.9 -6.0 -32.1
836 972 -3.2 1.4 12.1 47.8 13.0 -16.2
841 977 -1.7 3.1 14.1 43.8 9.0 -20.2
849 986 -0.7 4.3 15.5 39.8 5.0 -24.2
875 1014 4.1 8.5 19.5 35.8 1.0 -28.2
877 1017 4.9 9.4 20.5 31.8 -3.0 -32.2
880 1020 6.6 11.1 22.4 27.8 -7.0 -36.2
881 1021 7.8 12.3 23.8 23.8 -11.0 -40.2
890 1030 8.6 13.2 24.8 19.8 -15.0 -44.2
892 1032 9.5 14.3 26.1 15.8 -19.0 -48.2
899 1039 5.5 10.3 22.1 37.1 2.8 -30.3
932 1081 6.2 11.1 23.1 33.1 -1.2 -34.3
942 1091 7.1 12.1 24.4 29.1 -5.2 -38.3
955 1105 7.9 13.0 25.5 25.1 -9.2 -42.3
962 1114 8.6 13.8 26.5 21.1 -13.2 -46.3
969 1123 9.0 14.4 27.2 17.1 -17.2 -50.3
977 1131 10.0 15.4 28.4 13.1 -21.2 -54.3
995 1149 10.9 16.4 29.7 9.1 -25.2 -58.3
998 1154 6.9 12.4 25.7 12.8 -21.0 -54.1
1001 1157 7.7 13.3 26.7 8.8 -25.0 -58.1
1003 1160 15.7 18.8 31.7 4.8 -29.0 -62.1
1025 1185 11.7 14.8 27.7 25.4 -8.2 -42.8
1032 1192 12.5 15.7 29.0 21.4 -12.2 -46.8
1050 1210 8.5 11.7 25.0 33.7 0.3 -36.0
1057 1217 4.5 7.7 21.0 43.7 9.6 -27.7
1075 1240 6.2 9.5 23.0 39.7 5.6 -31.7
1082 1249 2.2 5.5 19.0 43.7 9.7 -27.5
1097 1267 3.6 7.1 20.8 39.7 5.7 -31.5
1144 1317 4.6 8.2 22.2 35.7 1.7 -35.5
1157 1330 6.6 10.0 24.2 31.7 -2.3 -39.5
1158 1331 7.8 11.0 25.4 27.7 -6.3 -43.5
1168 1343 3.8 7.0 21.4 35.7 2.8 -35.0
1170 1349 -0.2 3.0 17.4 39.6 6.9 -30.6
1171 1350 -4.2 -1.0 13.4 45.2 12.8 -24.6
1178 1357 -3.1 -8.881784197e-15 14.5 41.2 8.8 -28.6
1185 1364 -1.3 1.9 16.5 37.2 4.8 -32.6
1190 1369 -0.6 2.7 17.4 33.2 0.8 -36.6
1200 1381 -4.6 -1.3 13.4 48.1 14.8 -24.7
1204 1385 1.5 3.9 18.1 44.1 10.8 -28.7
1216 1398 -2.5 -0.1 14.1 48.7 15.4 -24.1
1227 1415 -6.5 -4.1 10.1 60.6 28.1 -12.9
1230 1421 -5.0 -2.5 12.0 56.6 24.1 -16.9
1238 1430 -4.1 -1.5 13.2 52.6 20.1 -20.9
1245 1439 -8.1 -5.5 9.2 66.1 34.7 -6.4
1256 1450 -7.2 -4.4 10.5 62.1 30.7 -10.4
1257 1451 -5.8 -3.0 11.9 58.1 26.7 -14.4
1261 1459 -4.1 -1.5 13.6 54.1 22.7 -18.4
1265 1463 -2.0 0.4 15.6 50.1 18.7 -22.4
1270 1469 -6.0 -3.6 11.6 53.8 22.8 -18.1
1277 1480 -4.3 -2.1 13.2 49.8 18.8 -22.1
1280 1483 -8.3 -6.1 9.2 60.8 31.2 -10.5
1286 1489 -6.6 -4.4 11.1 56.8 27.2 -14.5
1291 1494 -6.0 -3.7 11.9 52.8 23.2 -18.5
1294 1497 -10.0 -7.7 7.9 66.4 35.1 -7.6
1299 1502 -14.0 -11.7 3.9 69.7 39.1 -3.4
1302 1505 -9.6 -7.3 8.0 65.7 35.1 -7.4
1307 1510 -8.1 -5.7 9.8 61.7 31.1 -11.4
1313 1516 -12.1 -9.7 5.8 65.9 36.2 -6.3
1345 1548 -10.5 -8.1 7.6 61.9 32.2 -10.3
1348 1553 -14.5 -12.1 3.6 71.2 41.0 -2.7
1354 1559 -10.4 -8.1 7.5 67.2 37.0 -6.7
1356 1561 -7.7 -5.6 10.1 63.2 33.0 -10.7
1378 1586 -11.7 -9.6 6.1 72.8 42.4 -1.4
1396 1604 -15.7 -13.6 2.1 83.2 53.2 8.7
1420 1630 -13.1 -11.3 4.6 79.2 49.2 4.7
1425 1635 -17.1 -15.3 0.6 84.3 56.4 12.4
1427 1637 -15.2 -13.5 2.5 80.3 52.4 8.4
1429 1639 -19.2 -17.5 -1.5 86.1 58.2 13.6
1448 1659 -23.2 -21.5 -5.5 90.4 62.9 18.2
1465 1677 -22.0 -20.3 -4.0 86.4 58.9 14.2
1466 1678 -21.1 -19.2 -2.8 82.4 54.9 10.2
1511 1731 -25.1 -23.2 -6.8 94.6 67.8 21.5
1512 1732 -29.1 -27.2 -10.8 100.5 75.1 28.8
1522 1742 -27.6 -25.2 -8.6 96.5 71.1 24.8
1523 1743 -25.9 -23.1 -6.2 92.5 67.1 20.8
1525 1745 -25.2 -22.2 -5.1 88.5 63.1 16.8
1530 1751 -24.3 -21.2 -3.9 84.5 59.1 12.8
1531 1753 -23.0 -19.8 -2.3 80.5 55.1 8.8
1542 1764 -21.9 -18.7 -1.0 76.5 51.1 4.8
1564 1789 -19.0 -16.0 1.8 72.5 47.1 0.8
1565 1790 -18.0 -15.1 2.8 68.5 43.1 -3.2
1576 1801 -16.2 -13.5 4.5 64.5 39.1 -7.2
1577 1802 -20.2 -17.5 0.5 78.2 53.6 6.0
1638 1868 -19.5 -16.7 1.0 74.2 49.6 2.0
1700 1934 -23.5 -20.7 -3.0 85.2 61.0 12.6
1703 1937 -21.7 -18.7 -0.8 81.2 57.0 8.6
1705 1939 -20.0 -16.8 0.6 77.2 53.0 4.6
1706 1940 -14.8 -12.5 4.9 73.2 49.0 0.6
1765 2010 -13.3 -10.9 6.5 69.2 45.0 -3.4
1771 2018 -17.3 -14.9 2.5 78.1 54.5 5.4
1772 2019 -15.9 -13.5 4.1 74.1 50.5 1.4
1800 2055 -14.9 -12.3 4.8 70.1 46.5 -2.6
1810 2067 -14.1 -11.4 5.8 66.1 42.5 -6.6
1822 2080 -18.1 -15.4 1.8 82.4 58.4 6.7
1873 2147 -17.0 -14.2 3.1 78.4 54.4 2.7
1895 2172 -15.9 -12.9 3.9 74.4 50.4 -1.3
1914 2193 -14.0 -11.2 5.6 70.4 46.4 -5.3
1935 2225 -18.0 -15.2 1.6 76.1 53.8 2.4
1936 2226 -22.0 -19.2 -2.4 86.0 63.7 8.8
1949 2242 -26.0 -23.2 -6.4 96.2 73.1 22.3
1972 2269 -24.2 -21.3 -4.7 92.2 69.1 18.3
1987 2285 -23.1 -20.2 -3.5 88.2 65.1 14.3
1993 2291 -20.7 -17.8 -0.4 84.2 61.1 10.3
1994 2292 -19.2 -16.4 1.1 80.2 57.1 6.3
2001 2301 -23.2 -20.4 -2.9 91.0 68.2 15.1
2011 2312 -21.0 -18.0 -0.7 87.0 64.2 11.1
2013 2314 -20.3 -17.3 0.1 83.0 60.2 7.1
2029 2334 -19.3 -16.2 1.3 79.0 56.2 3.1
2032 2337 -23.3 -20.2 -2.7 92.0 68.4 14.2
2056 2364 -22.2 -19.1 -1.6 88.0 64.4 10.2
2057 2365 -18.6 -15.6 1.9 84.0 60.4 6.2
2069 2379 -22.6 -19.6 -2.1 90.5 67.2 10.7
2073 2383 -26.6 -23.6 -6.1 96.1 73.0 16.5
2074 2384 -25.1 -22.1 -4.6 92.1 69.0 12.5
2086 2396 -24.2 -21.1 -3.9 88.1 65.0 8.5
2096 2406 -20.6 -17.6 -0.4 84.1 61.0 4.5
2226 2557 -18.0 -14.8 1.7 80.1 57.0 0.5
2249 2582 -17.0 -13.7 2.4 76.1 53.0 -3.5
2269 2603 -21.0 -17.7 -1.6 89.9 65.7 8.3
2275 2610 -18.9 -15.6 1.2 85.9 61.7 4.3
2276 2611 -17.8 -14.6 2.3 81.9 57.7 0.3
2284 2619 -14.1 -11.2 5.6 77.9 53.7 -3.7
2286 2621 -18.1 -15.2 1.6 96.2 71.3 15.3
2287 2622 -22.1 -19.2 -2.4 105.3 82.8 26.5
2308 2648 -21.3 -18.3 -1.9 101.3 78.8 22.5
2312 2653 -25.3 -22.3 -5.9 110.8 87.5 30.8
2313 2654 -29.3 -26.3 -9.9 116.3 93.5 36.7
2316 2657 -28.5 -25.4 -8.9 112.3 89.5 32.7
2323 2665 -26.6 -23.3 -7.0 108.3 85.5 28.7
2324 2666 -25.8 -22.3 -5.8 104.3 81.5 24.7
2355 2712 -24.0 -20.6 -3.3 100.3 77.5 20.7
2368 2726 -28.0 -24.6 -7.3 106.7 84.3 27.7
2371 2729 -25.3 -21.7 -4.4 102.7 80.3 23.7
2372 2730 -23.5 -19.9 -2.5 98.7 76.3 19.7
2382 2741 -27.5 -23.9 -6.5 113.0 88.9 32.4
2384 2743 -31.5 -27.9 -10.5 120.7 96.6 39.7
2387 2746 -35.5 -31.9 -14.5 128.1 104.3 45.9
2391 2750 -31.9 -28.7 -11.2 124.1 100.3 41.9
2395 2754 -35.9 -32.7 -15.2 139.6 114.4 55.3
2398 2757 -33.9 -30.5 -13.6 135.6 110.4 51.3
2399 2758 -37.9 -34.5 -17.6 142.3 117.3 58.0
2404 2763 -37.1 -33.5 -17.1 138.3 113.3 54.0
2405 2764 -41.1 -37.5 -21.1 145.7 120.4 62.9
2417 2777 -39.8 -36.0 -20.2 141.7 116.4 58.9
2521 2911 -38.9 -35.0 -19.4 137.7 112.4 54.9
2526 2916 -42.9 -39.0 -23.4 144.7 121.0 63.6
2531 2922 -46.9 -43.0 -27.4 151.1 128.5 70.8
2544 2936 -46.1 -42.0 -26.8 147.1 124.5 66.8
2548 2941 -44.8 -40.6 -25.3 143.1 120.5 62.8
2570 2971 -48.8 -44.6 -29.3 150.0 127.5 69.6
2587 2990 -52.8 -48.6 -33.3 152.9 131.3 73.8
