55 82 7.7 7.6 7.2 -4.0 -4.0 -4.0
151 196 16.9 16.2 15.3 -8.0 -8.0 -8.0
155 201 19.9 19.5 18.8 -12.0 -12.0 -12.0
284 343 23.6 23.6 23.2 -16.0 -16.0 -16.0
288 347 31.9 30.0 29.0 -20.0 -20.0 -20.0
291 351 27.9 26.0 25.0 -18.0 -17.8 -17.7
295 355 23.9 22.0 21.0 -9.1 -8.1 -8.6
297 357 19.9 18.0 17.0 -7.4 -6.3 -6.7
301 361 24.6 22.4 21.3 -11.4 -10.3 -10.7
302 362 20.6 18.4 17.3 -10.0 -9.0 -9.2
345 409 21.7 19.8 19.0 -14.0 -13.0 -13.2
372 440 23.7 22.3 21.7 -18.0 -17.0 -17.2
378 446 24.6 23.3 22.9 -22.0 -21.0 -21.2
407 480 25.6 24.5 24.4 -26.0 -25.0 -25.2
423 497 21.6 20.5 20.4 -20.5 -19.8 -20.2
451 525 17.6 16.5 16.4 -18.6 -17.8 -17.9
455 530 20.8 20.5 20.7 -22.6 -21.8 -21.9
470 546 23.3 22.6 22.8 -26.6 -25.8 -25.9
481 561 27.9 27.9 28.1 -30.6 -29.8 -29.9
492 575 23.9 23.9 24.1 -25.1 -24.5 -24.9
497 581 19.9 19.9 20.1 -22.7 -21.7 -21.8
506 591 15.9 15.9 16.1 -20.0 -18.8 -18.8
517 604 17.0 17.1 17.6 -24.0 -22.8 -22.8
526 615 18.3 18.5 19.2 -28.0 -26.8 -26.8
530 619 14.3 14.5 15.2 -22.7 -21.7 -21.8
552 643 10.3 10.5 11.2 -20.4 -19.6 -19.5
572 665 12.7 13.1 14.2 -24.4 -23.6 -23.5
579 672 14.3 14.8 16.1 -28.4 -27.6 -27.5
583 676 10.3 10.8 12.1 -26.6 -25.7 -25.3
605 700 11.7 12.2 13.8 -30.6 -29.7 -29.3
611 707 13.6 14.1 15.9 -34.6 -33.7 -33.3
636 734 9.6 10.1 11.9 -31.6 -30.4 -29.9
646 750 12.2 13.2 15.1 -35.6 -34.4 -33.9
652 759 13.8 15.0 17.1 -39.6 -38.4 -37.9
664 776 15.1 16.4 18.7 -43.6 -42.4 -41.9
667 781 11.1 12.4 14.7 -42.7 -41.4 -40.8
671 786 7.1 8.4 10.7 -41.7 -40.3 -39.5
676 791 8.8 10.3 12.7 -45.7 -44.3 -43.5
686 801 11.5 13.3 15.9 -49.7 -48.3 -47.5
688 803 23.4 22.9 24.1 -53.7 -52.3 -51.5
691 806 30.5 29.1 29.8 -57.7 -56.3 -55.5
692 807 26.5 25.1 25.8 -56.1 -54.6 -53.6
1099 1269 27.5 26.1 27.1 -60.1 -58.6 -57.6
1108 1278 23.5 22.1 23.1 -47.9 -43.2 -43.6
1147 1320 27.2 24.9 25.7 -51.9 -47.2 -47.6
1316 1519 30.5 27.5 28.3 -55.9 -51.2 -51.6
1382 1590 31.3 28.5 29.6 -59.9 -55.2 -55.6
1386 1594 27.3 24.5 25.6 -51.1 -45.2 -46.4
1387 1595 23.3 20.5 21.6 -45.0 -37.3 -38.3
1549 1760 19.3 16.5 17.6 -35.5 -26.7 -28.4
1660 1879 20.1 17.4 18.6 -39.5 -30.7 -32.4
1674 1894 16.1 13.4 14.6 -27.0 -19.2 -16.1
1682 1903 12.1 9.4 10.6 -25.0 -16.8 -14.8
1691 1912 14.2 11.4 12.6 -29.0 -20.8 -18.8
1695 1917 16.2 13.0 14.3 -33.0 -24.8 -22.8
1696 1918 18.3 14.9 16.2 -37.0 -28.8 -26.8
1704 1927 14.3 10.9 12.2 -35.4 -27.0 -25.6
1855 2104 10.3 6.9 8.2 -26.4 -18.1 -17.7
1897 2162 11.2 8.0 9.4 -30.4 -22.1 -21.7
1923 2191 13.3 10.1 11.5 -34.4 -26.1 -25.7
1939 2214 14.1 11.1 12.0 -38.4 -30.1 -29.7
1949 2230 16.3 13.2 14.2 -42.4 -34.1 -33.7
1956 2239 28.4 22.3 22.0 -46.4 -38.1 -37.7
1980 2272 24.4 18.3 18.0 -43.4 -34.5 -33.7
1983 2275 25.1 19.0 18.7 -47.4 -38.5 -37.7
