318 380 -4.0 -4.0 -4.0 2.7 3.0 3.2
343 407 -8.0 -8.0 -8.0 4.5 5.3 6.0
457 532 -12.0 -12.0 -12.0 5.5 6.3 7.2
1328 1531 -16.0 -16.0 -16.0 6.9 7.8 8.9
1330 1533 -2.8 -3.5 -5.7 2.9 3.8 4.9
1391 1599 6.0 4.3 1.4 -1.1 -0.2 0.9
1392 1600 2.0 0.3 -2.6 9.8 8.2 8.0
1403 1611 -2.0 -3.7 -6.6 10.8 9.5 9.5
1462 1674 -6.0 -7.7 -10.6 12.0 10.8 10.9
1480 1699 22.4 18.6 12.8 8.0 6.8 6.9
1485 1705 18.4 14.6 8.8 9.7 8.7 9.1
1521 1730 14.4 10.6 4.8 10.7 10.1 10.6
1541 1751 10.4 6.6 0.8 11.6 11.1 11.8
1544 1755 6.4 2.6 -3.2 12.7 12.5 13.5
1563 1777 2.4 -1.4 -7.2 14.2 14.1 15.3
1584 1798 4.7 1.3 -4.4 10.2 10.1 11.3
1607 1822 0.7 -2.7 -8.4 10.7 10.7 12.0
1650 1869 -3.3 -6.7 -12.4 18.5 18.2 18.3
1652 1871 -7.3 -10.7 -16.4 20.2 20.0 20.5
