0 0 0.0 0.0 0.0 0.0 0.0 0.0
505 Na'Vi 0.5 0.6 0.8 -4.0 -4.0 -4.0
508 Na'Vi 1.0 1.2 1.5 -8.0 -8.0 -8.0
956 Alliance 1.5 1.7 2.2 -12.0 -12.0 -12.0
958 PR -2.5 -2.3 -1.8 12.7 12.0 8.8
1112 DK -2.0 -1.6 -1.0 8.7 8.0 4.8
1118 LGD.cn -1.6 -1.0 -0.2 4.7 4.0 0.8
1123 Na'Vi -1.2 -0.4 0.5 0.7 0.0 -3.2
1129 iG -0.7 0.3 1.3 -3.3 -4.0 -7.2
1146 iG -0.3 0.9 2.0 -7.3 -8.0 -11.2
1151 Alliance 0.2 1.6 2.8 -11.3 -12.0 -15.2
1169 DK 0.6 2.2 3.6 -15.3 -16.0 -19.2
1178 DK 1.0 2.7 4.3 -19.3 -20.0 -23.2
1191 DK 1.4 3.4 5.1 -23.3 -24.0 -27.2
1195 VG 1.9 4.1 5.9 -27.3 -28.0 -31.2
1203 TongFu 2.3 4.7 6.6 -31.3 -32.0 -35.2
1215 iG 2.7 5.4 7.4 -35.3 -36.0 -39.2
1247 iG 3.1 6.0 8.2 -39.3 -40.0 -43.2
1314 TongFu 3.5 6.6 8.9 -43.3 -44.0 -47.2
1321 Fnatic.eu 4.2 7.3 9.5 -47.3 -48.0 -51.2
1322 DK 4.6 7.8 10.2 -51.3 -52.0 -55.2
1341 Alliance 5.1 8.4 10.9 -55.3 -56.0 -59.2
1351 VG 5.5 9.1 11.7 -59.3 -60.0 -63.2
1352 DK 6.1 9.7 12.5 -63.3 -64.0 -67.2
1359 LGD.cn 6.4 10.2 13.1 -67.3 -68.0 -71.2
1360 iG 6.8 10.7 13.7 -71.3 -72.0 -75.2
1362 Speed 7.2 11.2 14.4 -75.3 -76.0 -79.2
1366 Alliance 7.6 11.7 15.0 -79.3 -80.0 -83.2
1388 iG 8.1 12.4 15.8 -83.3 -84.0 -87.2
1390 Alliance 8.6 13.0 16.5 -87.3 -88.0 -91.2
1396 rox.KIS 4.6 9.0 12.5 -52.1 -60.3 -68.0
1412 DK 5.0 9.7 13.4 -56.1 -64.3 -72.0
1423 Alliance 5.5 10.3 14.1 -60.1 -68.3 -76.0
1424 DK 5.8 10.7 14.7 -64.1 -72.3 -80.0
1431 DK 6.2 11.2 15.3 -68.1 -76.3 -84.0
1442 LGD.int 6.6 11.8 16.0 -72.1 -80.3 -88.0
1494 Na'Vi 7.2 12.5 16.8 -76.1 -84.3 -92.0
1511 Sigma.int 7.7 13.2 17.5 -80.1 -88.3 -96.0
1513 DK 8.0 13.7 18.1 -84.1 -92.3 -100.0
1629 Fnatic.eu 8.5 14.3 18.9 -88.1 -96.3 -104.0
1685 Alliance 9.0 14.9 19.6 -92.1 -100.3 -108.0
1689 iG 9.5 15.5 20.3 -96.1 -104.3 -112.0
1699 OsG 5.5 11.5 16.3 -67.7 -78.0 -88.6
1788 Sigma.int 6.1 12.2 17.2 -71.7 -82.0 -92.6
1804 DK 6.5 12.8 17.9 -75.7 -86.0 -96.6
1807 LGD.cn 7.0 13.4 18.7 -79.7 -90.0 -100.6
1808 iG 7.4 14.0 19.5 -83.7 -94.0 -104.6
1814 LGD.cn 7.9 14.7 20.4 -87.7 -98.0 -108.6
1822 Fnatic.eu 8.4 15.3 21.1 -91.7 -102.0 -112.6
1868 Na'Vi 9.1 16.1 21.6 -95.7 -106.0 -116.6
1975 Fnatic.eu 9.8 16.9 22.0 -99.7 -110.0 -120.6
2228 Titan 10.5 17.7 22.4 -103.7 -114.0 -124.6
2275 Orange 11.2 18.4 23.1 -107.7 -118.0 -128.6
2282 iG 11.9 19.3 23.6 -111.7 -122.0 -132.6
