0 0 0.0 0.0 0.0 0.0 0.0 0.0
15 Fnatic 3.5 3.5 2.5 -4.0 -4.0 -4.0
17 Turtle 6.1 6.0 5.3 -8.0 -8.0 -8.0
18 Na'Vi 6.9 7.1 6.8 -12.0 -12.0 -12.0
19 Empire 8.4 9.0 8.7 -16.0 -16.0 -16.0
23 mouz 9.2 9.9 9.9 -20.0 -20.0 -20.0
26 Empire 5.2 5.9 5.9 -9.6 -11.5 -12.2
28 Quantic 1.2 1.9 1.9 -3.0 -4.4 -5.6
29 GU.pe -2.8 -2.1 -2.1 9.1 5.5 3.9
31 Liquid -1.1 -0.2 -1.33226762955e-15 5.1 1.5 -0.1
32 Alliance -0.4 0.9 1.2 1.1 -2.5 -4.1
34 EG -4.4 -3.1 -2.8 9.3 4.4 2.4
39 VP -8.4 -7.1 -6.8 15.2 10.5 7.9
40 Fnatic.eu -7.0 -5.1 -4.8 11.2 6.5 3.9
41 Empire -5.9 -3.8 -3.1 7.2 2.5 -0.1
42 Liquid -9.9 -7.8 -7.1 12.9 8.1 4.8
43 mouz -8.3 -5.9 -5.2 8.9 4.1 0.8
44 Quantic -6.9 -4.0 -3.1 4.9 0.1 -3.2
45 Quantic -4.9 -1.6 -0.8 0.9 -3.9 -7.2
48 VP -3.5 0.0 1.3 -3.1 -7.9 -11.2
49 Liquid -2.7 1.2 2.7 -7.1 -11.9 -15.2
50 3DMAX -6.7 -2.8 -1.3 18.1 5.6 -0.2
51 Liquid -10.7 -6.8 -5.3 29.2 15.2 7.4
53 VP -14.7 -10.8 -9.3 39.8 23.9 15.5
57 Dignitas -13.0 -8.6 -6.9 35.8 19.9 11.5
58 Na'Vi -11.7 -7.0 -5.2 31.8 15.9 7.5
59 VP -15.7 -11.0 -9.2 43.2 24.8 15.8
60 Na'Vi -14.7 -9.8 -7.8 39.2 20.8 11.8
69 Dignitas -12.0 -7.0 -5.0 35.2 16.8 7.8
70 Quantic -8.9 -4.2 -1.8 31.2 12.8 3.8
71 Liquid -7.5 -2.6 0.1 27.2 8.8 -0.2
73 Zenith -6.7 -1.6 1.2 23.2 4.8 -4.2
74 Dignitas -10.7 -5.6 -2.8 29.9 10.9 1.9
75 Fnatic.eu -9.4 -4.1 -1.0 25.9 6.9 -2.1
77 VnR.Alpha -6.8 -2.2 1.7 21.9 2.9 -6.1
79 Na'Vi -3.8 0.8 4.6 17.9 -1.1 -10.1
80 Liquid -7.8 -3.2 0.6 25.4 6.8 -4.0
81 Neo.int -5.3 -1.2 2.9 21.4 2.8 -8.0
82 Orange -9.3 -5.2 -1.1 29.1 10.4 -0.8
88 Liquid -13.3 -9.2 -5.1 34.8 16.0 4.4
89 Liquid -11.8 -7.5 -3.3 30.8 12.0 0.4
91 Liquid -8.5 -4.6 -0.5 26.8 8.0 -3.6
93 Na'Vi -6.9 -2.8 1.5 22.8 4.0 -7.6
95 Na'Vi -5.2 -0.9 3.6 18.8 -3.5527136788e-15 -11.6
96 Empire -3.0 1.4 6.1 14.8 -4.0 -15.6
98 Fnatic.eu -7.0 -2.6 2.1 28.4 6.4 -5.6
99 VP -4.3 0.3 5.3 24.4 2.4 -9.6
100 Liquid -2.2 2.5 7.7 20.4 -1.6 -13.6
101 3D 0.2 5.5 10.8 16.4 -5.6 -17.6
102 Dignitas -3.8 1.5 6.8 21.8 -0.1 -12.0
104 PtD.Alpha -2.1 3.4 8.8 17.8 -4.1 -16.0
105 Liquid 0.6 6.1 11.7 13.8 -8.1 -20.0
106 Dignitas 2.9 8.6 14.5 9.8 -12.1 -24.0
107 iM`Bashers 5.1 11.5 17.4 5.8 -16.1 -28.0
108 ASF.R5 6.5 13.2 19.1 1.8 -20.1 -32.0
110 Empire 7.9 14.8 20.7 -2.2 -24.1 -36.0
111 Fnatic.eu 9.9 17.3 23.3 -6.2 -28.1 -40.0
112 eN.Legs 10.8 18.8 24.8 -10.2 -32.1 -44.0
113 Fnatic.eu 12.4 20.5 27.1 -14.2 -36.1 -48.0
114 Fnatic.eu 8.4 16.5 23.1 -8.2 -30.5 -42.2
117 VP 9.7 18.0 24.8 -12.2 -34.5 -46.2
118 mouz 5.7 14.0 20.8 1.2 -22.7 -36.8
119 Fnatic.eu 7.0 15.7 22.7 -2.8 -26.7 -40.8
121 eN.Legs 8.5 17.5 25.0 -6.8 -30.7 -44.8
123 eLPride 9.7 19.0 26.7 -10.8 -34.7 -48.8
124 VP 10.7 20.3 28.2 -14.8 -38.7 -52.8
125 Empire 13.2 22.9 31.0 -18.8 -42.7 -56.8
126 rox.KIS 9.2 18.9 27.0 -11.6 -35.6 -50.8
128 ASF.R5 5.2 14.9 23.0 -1.7 -27.0 -43.4
130 Alliance 1.2 10.9 19.0 8.0 -18.9 -35.7
132 Alliance -2.8 6.9 15.0 16.6 -12.2 -29.2
135 Fnatic.eu -1.5 8.4 16.7 12.6 -16.2 -33.2
136 Alliance -0.6 9.5 18.0 8.6 -20.2 -37.2
137 Na'Vi 2.1 12.4 20.8 4.6 -24.2 -41.2
138 TCM -1.9 8.4 16.8 17.2 -12.9 -31.6
140 CastersEN -5.9 4.4 12.8 22.0 -7.3 -25.8
141 mouz -3.5 7.0 15.5 18.0 -11.3 -29.8
143 Na'Vi -2.4 8.4 17.1 14.0 -15.3 -33.8
146 Liquid -4.4408920985e-16 10.9 19.9 10.0 -19.3 -37.8
147 4FC -4.0 6.9 15.9 15.5 -13.8 -32.1
148 Empire -1.3 9.8 19.0 11.5 -17.8 -36.1
151 EG -5.3 5.8 15.0 21.0 -9.5 -28.1
153 Liquid -9.3 1.8 11.0 27.8 -2.0 -20.5
154 VP -6.8 4.2 13.4 23.8 -6.0 -24.5
155 iG -4.8 6.5 15.9 19.8 -10.0 -28.5
157 Fnatic.eu -2.5 8.8 18.2 15.8 -14.0 -32.5
159 VP -6.5 4.8 14.2 23.8 -6.9 -26.5
161 Empire -10.5 0.8 10.2 29.4 -1.4 -21.1
162 rox.KIS -8.6 2.7 12.2 25.4 -5.4 -25.1
163 Lounge -6.0 5.4 15.1 21.4 -9.4 -29.1
164 Dignitas -4.8 6.9 16.8 17.4 -13.4 -33.1
165 eN.Legs -3.0 8.8 19.1 13.4 -17.4 -37.1
166 Fnatic.eu -1.0 10.9 21.4 9.4 -21.4 -41.1
167 LGD.int -0.1 11.9 22.7 5.4 -25.4 -45.1
171 LGD.int 0.8 12.9 23.9 1.4 -29.4 -49.1
172 Liquid 2.4 14.5 25.6 -2.6 -33.4 -53.1
173 VP 4.4 16.8 28.1 -6.6 -37.4 -57.1
175 Na'Vi 5.4 18.0 29.7 -10.6 -41.4 -61.1
176 Alliance 7.8 20.9 32.8 -14.6 -45.4 -65.1
177 QPandas 3.8 16.9 28.8 -1.3 -34.3 -55.7
179 Liquid -0.2 12.9 24.8 8.5 -25.5 -47.6
180 Empire -4.2 8.9 20.8 20.8 -15.9 -39.3
181 iCCup -8.2 4.9 16.8 36.4 -4.6 -29.4
182 Empire -5.8 7.6 19.7 32.4 -8.6 -33.4
183 Fnatic.eu -9.8 3.6 15.7 39.9 -2.1 -27.1
185 LGD.int -8.5 5.1 17.4 35.9 -6.1 -31.1
186 Alliance -6.8 7.0 19.4 31.9 -10.1 -35.1
187 VP -10.8 3.0 15.4 38.9 -3.6 -29.2
188 LGD.cn -14.8 -1.0 11.4 43.9 1.7 -23.9
189 Dignitas -18.8 -5.0 7.4 50.6 8.0 -18.1
190 Alliance -22.8 -9.0 3.4 56.4 13.5 -12.6
191 Liquid -26.8 -13.0 -0.6 61.5 19.0 -7.2
193 VP -30.8 -17.0 -4.6 67.0 24.3 -2.1
194 Alliance -29.1 -15.1 -2.6 63.0 20.3 -6.1
195 Dignitas -33.1 -19.1 -6.6 68.6 26.6 1.6
196 Orange -37.1 -23.1 -10.6 77.8 35.2 9.7
198 iG -35.8 -21.5 -8.7 73.8 31.2 5.7
202 Alliance -33.2 -18.8 -5.9 69.8 27.2 1.7
205 Fnatic.eu -37.2 -22.8 -9.9 75.6 33.0 7.4
206 LGD.cn -35.4 -21.0 -8.0 71.6 29.0 3.4
207 Alliance -33.6 -19.0 -5.7 67.6 25.0 -0.6
208 iG -32.6 -17.7 -4.1 63.6 21.0 -4.6
209 Liquid -31.0 -15.8 -1.9 59.6 17.0 -8.6
210 LGD.cn -28.1 -13.2 0.7 55.6 13.0 -12.6
211 Liquid -25.5 -10.2 3.9 51.6 9.0 -16.6
212 Dignitas -29.5 -14.2 -0.1 57.7 15.2 -10.6
213 DK -33.5 -18.2 -4.1 66.6 24.1 -2.1
215 Liquid -31.2 -15.7 -1.6 62.6 20.1 -6.1
216 Liquid -35.2 -19.7 -5.6 70.0 26.9 0.6
217 DK -31.8 -16.8 -2.8 66.0 22.9 -3.4
218 Fnatic.eu -29.6 -14.7 -0.6 62.0 18.9 -7.4
219 Dignitas -27.9 -12.9 1.4 58.0 14.9 -11.4
220 Fnatic.eu -26.2 -11.1 3.4 54.0 10.9 -15.4
221 Alliance -24.6 -9.3 5.4 50.0 6.9 -19.4
224 mouz -28.6 -13.3 1.4 59.3 16.0 -11.2
226 Alliance -27.8 -12.2 2.8 55.3 12.0 -15.2
227 Kaipi -31.8 -16.2 -1.2 64.4 20.2 -8.1
229 Liquid -35.8 -20.2 -5.2 74.6 29.0 -0.2
230 VP -33.6 -17.7 -2.5 70.6 25.0 -4.2
231 Na'Vi -32.1 -16.1 -0.7 66.6 21.0 -8.2
232 Alliance -29.4 -13.2 2.4 62.6 17.0 -12.2
233 mouz -27.8 -11.5 4.3 58.6 13.0 -16.2
234 rox.KIS -26.3 -9.8 6.1 54.6 9.0 -20.2
235 aL -25.2 -8.5 7.6 50.6 5.0 -24.2
236 mouz -29.2 -12.5 3.6 66.3 17.4 -14.1
237 Na'Vi -27.5 -10.7 5.5 62.3 13.4 -18.1
238 rox.KIS -24.9 -8.0 8.4 58.3 9.4 -22.1
239 Na'Vi -23.5 -6.4 10.2 54.3 5.4 -26.1
240 Na'Vi -22.6 -5.3 11.5 50.3 1.4 -30.1
242 EG -26.6 -9.3 7.5 58.7 9.5 -22.4
243 Alliance -24.2 -6.7 10.3 54.7 5.5 -26.4
244 Alliance -22.3 -4.5 13.0 50.7 1.5 -30.4
246 Na'Vi -21.3 -3.5 14.3 46.7 -2.5 -34.4
248 Liquid -19.7 -1.8 16.1 42.7 -6.5 -38.4
249 Fnatic.eu -16.7 1.0 19.0 38.7 -10.5 -42.4
250 Alliance -20.7 -3.0 15.0 45.9 -3.2 -35.7
251 Alliance -19.2 -1.3 16.8 41.9 -7.2 -39.7
252 VP -23.2 -5.3 12.8 48.7 -1.3 -34.2
253 Liquid -27.2 -9.3 8.8 65.4 12.5 -22.8
254 EG -31.2 -13.3 4.8 73.2 19.8 -16.3
255 Na'Vi -29.5 -11.4 7.0 69.2 15.8 -20.3
256 Alliance -27.9 -9.5 9.0 65.2 11.8 -24.3
258 Alliance -26.4 -7.8 10.9 61.2 7.8 -28.3
260 Alliance -24.8 -6.0 12.8 57.2 3.8 -32.3
261 Liquid -22.5 -3.4 15.5 53.2 -0.2 -36.3
264 Lounge -26.5 -7.4 11.5 58.8 5.2 -31.0
268 Na'Vi -25.5 -6.2 13.0 54.8 1.2 -35.0
269 EG -29.5 -10.2 9.0 60.9 6.8 -29.6
270 Liquid -28.0 -8.5 10.9 56.9 2.8 -33.6
271 Na'Vi -26.9 -7.1 12.5 52.9 -1.2 -37.6
273 mouz -25.5 -5.7 14.1 48.9 -5.2 -41.6
274 Liquid -24.1 -4.0 16.0 44.9 -9.2 -45.6
275 EG -28.1 -8.0 12.0 64.2 7.7 -31.4
276 Alliance -27.1 -6.8 13.3 60.2 3.7 -35.4
277 Na'Vi -25.4 -4.8 15.7 56.2 -0.3 -39.4
279 Dignitas -24.0 -3.1 17.7 52.2 -4.3 -43.4
280 Zenith -22.9 -1.8 19.3 48.2 -8.3 -47.4
281 EG -26.9 -5.8 15.3 56.3 -1.3 -41.2
282 Alliance -26.0 -4.7 16.7 52.3 -5.3 -45.2
283 VG -30.0 -8.7 12.7 67.4 7.3 -35.1
284 Liquid -27.9 -6.3 15.3 63.4 3.3 -39.1
286 Dignitas -26.4 -4.7 17.0 59.4 -0.7 -43.1
289 Dignitas -24.5 -2.4 19.4 55.4 -4.7 -47.1
290 Na'Vi -22.3 -0.1 21.9 51.4 -8.7 -51.1
291 Alliance -20.9 1.5 23.8 47.4 -12.7 -55.1
292 rox.KIS -24.9 -2.5 19.8 55.8 -5.3 -48.3
293 aL -28.9 -6.5 15.8 69.7 7.5 -37.3
294 Alliance -27.9 -5.3 17.3 65.7 3.5 -41.3
295 Quantic -31.9 -9.3 13.3 70.6 9.0 -35.8
296 Quantic -29.0 -6.2 16.5 66.6 5.0 -39.8
297 rox.KIS -27.5 -4.4 18.5 62.6 1.0 -43.8
298 Zenith -25.6 -2.4 20.7 58.6 -3.0 -47.8
299 rox.KIS -23.6 -0.3 22.9 54.6 -7.0 -51.8
300 mouz -22.4 1.1 24.6 50.6 -11.0 -55.8
301 EG -21.3 2.5 26.2 46.6 -15.0 -59.8
302 EG -19.4 4.7 28.7 42.6 -19.0 -63.8
303 QPandas -23.4 0.7 24.7 48.8 -13.3 -58.6
304 VG -22.6 1.6 25.9 44.8 -17.3 -62.6
305 mouz -20.6 3.8 28.3 40.8 -21.3 -66.6
306 LGD.cn -19.8 4.7 29.4 36.8 -25.3 -70.6
307 rox.KIS -23.8 0.7 25.4 45.1 -18.7 -64.9
308 Quantic -27.8 -3.3 21.4 50.9 -13.7 -60.2
310 iG -26.9 -2.1 23.0 46.9 -17.7 -64.2
312 mouz -30.9 -6.1 19.0 52.5 -12.2 -58.6
313 mouz -34.9 -10.1 15.0 59.0 -5.9 -52.7
314 VP -33.5 -8.5 16.8 55.0 -9.9 -56.7
315 Liquid -31.8 -6.7 18.7 51.0 -13.9 -60.7
316 LGD.cn -31.2 -5.9 19.8 47.0 -17.9 -64.7
317 FD -35.2 -9.9 15.8 59.8 -7.9 -56.2
319 Na'Vi -34.1 -8.7 17.2 55.8 -11.9 -60.2
321 mouz -33.2 -7.7 18.5 51.8 -15.9 -64.2
322 RS -31.7 -5.9 20.6 47.8 -19.9 -68.2
323 TongFu -35.7 -9.9 16.6 53.3 -14.4 -62.7
324 QPandas -39.7 -13.9 12.6 66.8 -2.9 -53.1
325 RS -37.2 -11.0 15.6 62.8 -6.9 -57.1
326 PR -41.2 -15.0 11.6 72.9 2.5 -48.5
327 rox.KIS -45.2 -19.0 7.6 82.9 11.2 -40.6
328 4FC -49.2 -23.0 3.6 89.2 17.3 -34.8
330 TongFu -53.2 -27.0 -0.4 108.8 33.0 -23.6
331 EG -57.2 -31.0 -4.4 117.5 41.2 -16.0
333 VG -55.8 -29.3 -2.4 113.5 37.2 -20.0
334 VP -54.4 -27.5 -0.3 109.5 33.2 -24.0
337 TongFu -53.5 -26.3 1.3 105.5 29.2 -28.0
338 Na'Vi -52.6 -25.2 2.7 101.5 25.2 -32.0
339 RStars -50.3 -22.1 5.9 97.5 21.2 -36.0
340 mouz -49.5 -21.2 7.0 93.5 17.2 -40.0
342 Alliance -46.7 -18.7 9.6 89.5 13.2 -44.0
344 LGD.cn -50.7 -22.7 5.6 100.1 23.0 -35.3
345 LGD.cn -48.9 -20.9 7.5 96.1 19.0 -39.3
346 Alliance -47.8 -19.7 8.9 92.1 15.0 -43.3
347 Orange -51.8 -23.7 4.9 100.4 21.4 -37.5
348 Na'Vi -50.4 -22.0 6.7 96.4 17.4 -41.5
351 Alliance -48.4 -19.8 9.0 92.4 13.4 -45.5
352 LGD.cn -47.3 -18.5 10.5 88.4 9.4 -49.5
353 iG -45.6 -16.6 12.6 84.4 5.4 -53.5
355 DK -49.6 -20.6 8.6 93.3 15.1 -44.4
356 Liquid -53.6 -24.6 4.6 107.4 27.0 -34.6
357 LGD.cn -51.9 -22.8 6.5 103.4 23.0 -38.6
358 Alliance -49.9 -20.7 8.7 99.4 19.0 -42.6
360 mouz -48.1 -18.8 10.9 95.4 15.0 -46.6
362 LGD.cn -46.7 -17.5 12.4 91.4 11.0 -50.6
363 Alliance -44.6 -15.4 14.5 87.4 7.0 -54.6
364 Zenith -43.5 -14.1 16.0 83.4 3.0 -58.6
365 rox.KIS -47.5 -18.1 12.0 91.7 10.3 -52.3
366 Dignitas -51.5 -22.1 8.0 100.4 19.2 -44.2
368 mouz -50.1 -20.5 9.9 96.4 15.2 -48.2
369 iCCup -54.1 -24.5 5.9 107.3 25.6 -38.6
370 iCCup -51.8 -21.8 8.9 103.3 21.6 -42.6
372 Quantic -55.8 -25.8 4.9 111.8 29.5 -35.8
373 Na'Vi -55.0 -24.9 5.9 107.8 25.5 -39.8
374 Dignitas -59.0 -28.9 1.9 113.3 30.9 -34.9
375 VG -57.3 -26.9 4.0 109.3 26.9 -38.9
376 LGD.cn -56.5 -25.9 5.2 105.3 22.9 -42.9
377 LGD.cn -55.3 -24.8 6.5 101.3 18.9 -46.9
378 VP -53.8 -23.2 8.3 97.3 14.9 -50.9
379 Na'Vi -52.9 -22.1 9.6 93.3 10.9 -54.9
380 4FC -50.2 -19.1 12.8 89.3 6.9 -58.9
382 Fnatic.eu -54.2 -23.1 8.8 97.7 14.0 -52.5
383 RS -58.2 -27.1 4.8 107.0 23.2 -43.8
384 Alliance -57.2 -25.8 6.4 103.0 19.2 -47.8
385 Alliance -54.9 -22.8 10.0 99.0 15.2 -51.8
387 LGD.cn -53.7 -21.4 11.6 95.0 11.2 -55.8
388 Dignitas -52.7 -20.2 13.4 91.0 7.2 -59.8
389 iG -51.8 -19.2 14.7 87.0 3.2 -63.8
390 Na'Vi -50.4 -17.6 16.5 83.0 -0.8 -67.8
392 Alliance -49.3 -16.3 18.0 79.0 -4.8 -71.8
393 Kaipi -53.3 -20.3 14.0 88.2 5.1 -63.3
394 MX -51.1 -17.9 16.7 84.2 1.1 -67.3
396 Liquid -50.5 -17.2 17.7 80.2 -2.9 -71.3
397 rox.KIS -48.0 -15.1 19.9 76.2 -6.9 -75.3
398 Alliance -47.3 -14.3 20.9 72.2 -10.9 -79.3
399 VP -51.3 -18.3 16.9 80.6 -2.9 -71.6
402 DK -55.3 -22.3 12.9 86.7 4.4 -64.5
403 RStars -59.3 -26.3 8.9 98.1 15.0 -55.5
404 MiTH -57.6 -24.4 11.0 94.1 11.0 -59.5
407 PR -55.8 -22.1 13.8 90.1 7.0 -63.5
408 TM -54.1 -20.2 16.0 86.1 3.0 -67.5
409 Orange -53.0 -18.8 17.7 82.1 -1.0 -71.5
410 Alliance -52.3 -17.9 18.8 78.1 -5.0 -75.5
412 mouz -50.4 -15.8 21.1 74.1 -9.0 -79.5
414 Alliance -49.5 -14.7 22.5 70.1 -13.0 -83.5
416 4FC -53.5 -18.7 18.5 88.6 3.5 -69.6
417 mouz -57.5 -22.7 14.5 102.5 15.4 -59.6
418 VP -55.7 -20.9 16.6 98.5 11.4 -63.6
420 Na'Vi -59.7 -24.9 12.6 105.5 16.8 -58.7
421 Na'Vi -58.2 -23.3 14.4 101.5 12.8 -62.7
423 Quantic -55.6 -20.7 17.2 97.5 8.8 -66.7
424 Kaipi -59.6 -24.7 13.2 108.3 19.6 -56.9
425 mouz -57.7 -22.6 15.5 104.3 15.6 -60.9
426 Artyk -55.8 -20.2 18.3 100.3 11.6 -64.9
427 rox.KIS -54.5 -18.8 19.9 96.3 7.6 -68.9
428 Kaipi -52.9 -16.8 22.3 92.3 3.6 -72.9
429 Liquid -50.3 -14.3 24.9 88.3 -0.4 -76.9
430 rox.KIS -49.1 -13.0 26.3 84.3 -4.4 -80.9
431 Quantic -48.1 -11.7 27.9 80.3 -8.4 -84.9
432 Kaipi -46.5 -10.3 29.5 76.3 -12.4 -88.9
433 DK -45.3 -8.9 31.2 72.3 -16.4 -92.9
437 Quantic -44.3 -7.9 32.5 68.3 -20.4 -96.9
438 Na'Vi -42.3 -6.0 34.5 64.3 -24.4 -100.9
439 Artyk -41.4 -5.0 36.0 60.3 -28.4 -104.9
440 Orange -39.4 -2.5 38.7 56.3 -32.4 -108.9
441 Na'Vi -38.5 -1.5 39.9 52.3 -36.4 -112.9
442 Kaipi -36.4 0.4 41.9 48.3 -40.4 -116.9
443 Kaipi -40.4 -3.6 37.9 61.0 -27.0 -105.0
444 Artyk -44.4 -7.6 33.9 71.9 -16.8 -95.7
445 TM -43.3 -6.2 35.5 67.9 -20.8 -99.7
446 Orange -42.4 -5.2 36.7 63.9 -24.8 -103.7
447 DK -41.2 -3.9 38.3 59.9 -28.8 -107.7
448 VP -45.2 -7.9 34.3 71.0 -19.1 -99.3
449 VP -43.7 -6.0 36.5 67.0 -23.1 -103.3
451 Kaipi -42.8 -5.0 37.7 63.0 -27.1 -107.3
452 EG -41.2 -3.2 39.7 59.0 -31.1 -111.3
453 Fnatic.eu -45.2 -7.2 35.7 72.1 -19.9 -102.3
454 Kaipi -49.2 -11.2 31.7 78.7 -14.3 -97.2
455 EG -46.4 -8.2 34.7 74.7 -18.3 -101.2
456 Fnatic.eu -50.4 -12.2 30.7 80.7 -12.2 -95.5
457 Alliance -48.6 -10.2 32.8 76.7 -16.2 -99.5
459 Alliance -47.0 -8.4 34.8 72.7 -20.2 -103.5
460 Kaipi -51.0 -12.4 30.8 79.1 -14.4 -98.0
461 Alliance -50.2 -11.5 32.0 75.1 -18.4 -102.0
463 VP -47.5 -9.0 34.7 71.1 -22.4 -106.0
464 Fnatic.eu -46.0 -7.5 36.3 67.1 -26.4 -110.0
465 Alliance -44.6 -6.1 37.9 63.1 -30.4 -114.0
466 iCCup -42.7 -4.1 40.2 59.1 -34.4 -118.0
467 Na'Vi -40.9 -2.0 42.5 55.1 -38.4 -122.0
468 Quantic -39.4 -0.5 44.2 51.1 -42.4 -126.0
469 Alliance -37.8 1.1 46.0 47.1 -46.4 -130.0
470 mouz -35.1 3.8 48.9 43.1 -50.4 -134.0
471 4FC -39.1 -0.2 44.9 56.3 -37.7 -123.1
475 Na'Vi -38.1 0.8 46.1 52.3 -41.7 -127.1
476 Na'Vi -36.6 2.4 47.9 48.3 -45.7 -131.1
477 mouz -33.9 5.4 51.0 44.3 -49.7 -135.1
479 4FC -32.8 6.6 52.5 40.3 -53.7 -139.1
480 Orange -31.8 7.8 54.0 36.3 -57.7 -143.1
481 TM -30.5 9.5 56.0 32.3 -61.7 -147.1
482 Smeagol -28.7 11.8 58.4 28.3 -65.7 -151.1
483 paiN -32.7 7.8 54.4 36.9 -57.2 -144.0
484 Empire -36.7 3.8 50.4 53.6 -42.0 -132.1
486 Na'Vi -35.5 5.0 51.7 49.6 -46.0 -136.1
487 Kaipi -33.3 7.6 54.6 45.6 -50.0 -140.1
488 Fnatic.eu -37.3 3.6 50.6 63.3 -35.2 -128.5
489 LGD.int -35.7 5.2 52.5 59.3 -39.2 -132.5
491 TM -34.4 6.9 54.4 55.3 -43.2 -136.5
492 iCCup -33.1 8.5 56.2 51.3 -47.2 -140.5
493 iCCup -32.1 9.7 57.6 47.3 -51.2 -144.5
494 zRage -36.1 5.7 53.6 67.8 -33.0 -128.8
495 Artyk -34.9 7.3 55.6 63.8 -37.0 -132.8
496 TongFu -32.9 9.7 58.2 59.8 -41.0 -136.8
497 DK -36.9 5.7 54.2 65.3 -35.8 -131.8
498 mouz -35.7 7.0 55.8 61.3 -39.8 -135.8
499 Liquid -34.5 8.4 57.2 57.3 -43.8 -139.8
500 Liquid -38.5 4.4 53.2 63.5 -36.8 -133.1
501 eLPride -42.5 0.4 49.2 69.1 -30.4 -126.6
502 VP -41.8 1.2 50.2 65.1 -34.4 -130.6
503 Dignitas -41.0 2.2 51.5 61.1 -38.4 -134.6
504 VP -39.3 4.0 53.6 57.1 -42.4 -138.6
505 Na'Vi -38.8 4.6 54.4 53.1 -46.4 -142.6
506 EG -38.0 5.5 55.6 49.1 -50.4 -146.6
507 Na'Vi -37.1 6.5 56.9 45.1 -54.4 -150.6
508 Na'Vi -36.6 7.1 57.6 41.1 -58.4 -154.6
509 Keita -33.6 9.5 59.9 37.1 -62.4 -158.6
511 Alliance -31.5 11.8 62.4 33.1 -66.4 -162.6
512 Quantic -35.5 7.8 58.4 50.8 -51.2 -148.7
513 EG -39.5 3.8 54.4 64.1 -39.8 -138.5
514 Dignitas -43.5 -0.2 50.4 86.0 -21.2 -122.5
515 Alliance -42.0 1.7 52.6 82.0 -25.2 -126.5
517 Alliance -40.5 3.5 54.7 78.0 -29.2 -130.5
518 Alliance -38.5 5.9 57.3 74.0 -33.2 -134.5
519 FSid3 -36.5 8.3 60.0 70.0 -37.2 -138.5
520 Quantic -35.4 9.6 61.6 66.0 -41.2 -142.5
521 LGD.int -39.4 5.6 57.6 75.9 -32.9 -135.1
522 Na'Vi -38.2 7.0 59.2 71.9 -36.9 -139.1
523 Na'Vi -36.5 8.8 61.2 67.9 -40.9 -143.1
524 Na'Vi -35.2 10.2 62.8 63.9 -44.9 -147.1
525 LGD.cn -33.3 12.2 65.1 59.9 -48.9 -151.1
527 Na'Vi -32.3 13.3 66.5 55.9 -52.9 -155.1
528 Liquid -31.4 14.4 67.8 51.9 -56.9 -159.1
529 EG -30.7 15.2 68.7 47.9 -60.9 -163.1
531 Na'Vi -29.8 16.2 69.9 43.9 -64.9 -167.1
532 Empire -28.8 17.2 71.1 39.9 -68.9 -171.1
533 rox.KIS -27.7 18.2 72.1 35.9 -72.9 -175.1
534 EG -24.9 21.0 74.8 31.9 -76.9 -179.1
536 Liquid -24.2 21.8 75.8 27.9 -80.9 -183.1
537 Liquid -23.6 22.5 76.7 23.9 -84.9 -187.1
538 Alliance -22.8 23.3 77.7 19.9 -88.9 -191.1
540 EG -20.2 25.8 80.3 15.9 -92.9 -195.1
541 VP -19.2 27.1 81.7 11.9 -96.9 -199.1
542 Alliance -17.7 28.7 83.5 7.9 -100.9 -203.1
543 VP -15.1 31.0 86.1 3.9 -104.9 -207.1
544 EG -19.1 27.0 82.1 14.1 -95.2 -198.0
545 Alliance -17.6 28.9 84.3 10.1 -99.2 -202.0
546 Orange -15.1 31.0 86.4 6.1 -103.2 -206.0
547 iG -13.2 32.8 88.3 2.1 -107.2 -210.0
549 Fnatic.eu -17.2 28.8 84.3 14.6 -96.2 -200.7
550 Kaipi -21.2 24.8 80.3 24.8 -85.7 -191.0
551 Kaipi -25.2 20.8 76.3 34.9 -74.8 -180.3
553 TongFu -29.2 16.8 72.3 50.7 -59.9 -167.5
557 Liquid -33.2 12.8 68.3 61.2 -50.9 -159.4
558 rox.KIS -31.5 14.6 70.3 57.2 -54.9 -163.4
562 TongFu -29.8 16.4 72.2 53.2 -58.9 -167.4
564 EG -33.8 12.4 68.2 60.1 -52.3 -161.3
568 Liquid -31.1 15.0 70.9 56.1 -56.3 -165.3
571 DK -35.1 11.0 66.9 63.5 -49.2 -158.5
573 VP -39.1 7.0 62.9 75.9 -39.0 -149.8
574 Fnatic.eu -43.1 3.0 58.9 87.8 -28.6 -141.0
575 TongFu -47.1 -1.0 54.9 93.3 -23.3 -136.0
576 iCCup -51.1 -5.0 50.9 105.7 -13.4 -127.5
577 rox.KIS -49.1 -2.9 53.4 101.7 -17.4 -131.5
579 Alliance -46.4 -0.1 56.4 97.7 -21.4 -135.5
580 VP -45.4 1.1 57.8 93.7 -25.4 -139.5
581 LGD.cn -43.0 3.9 60.9 89.7 -29.4 -143.5
584 Alliance -41.0 6.4 63.6 85.7 -33.4 -147.5
585 VP -39.5 8.2 65.5 81.7 -37.4 -151.5
587 Alliance -38.1 9.5 66.9 77.7 -41.4 -155.5
588 Zenith -42.1 5.5 62.9 85.1 -33.8 -148.6
589 Alliance -40.1 7.6 65.3 81.1 -37.8 -152.6
590 Na'Vi -38.2 9.4 67.2 77.1 -41.8 -156.6
591 LGD.cn -35.5 12.3 70.2 73.1 -45.8 -160.6
592 Fnatic.eu -33.7 14.3 72.3 69.1 -49.8 -164.6
593 Quantic -31.2 16.8 74.9 65.1 -53.8 -168.6
595 Alliance -29.6 18.5 76.8 61.1 -57.8 -172.6
596 mouz -26.8 21.5 79.7 57.1 -61.8 -176.6
597 Alliance -25.0 23.4 81.7 53.1 -65.8 -180.6
598 LGD.cn -23.5 25.1 83.6 49.1 -69.8 -184.6
600 mouz -27.5 21.1 79.6 61.5 -58.0 -174.1
602 Alliance -25.9 22.9 81.5 57.5 -62.0 -178.1
604 Orange -24.8 24.1 83.0 53.5 -66.0 -182.1
605 LGD.int -23.0 25.8 84.9 49.5 -70.0 -186.1
607 Kaipi -27.0 21.8 80.9 58.4 -61.4 -178.5
608 Alliance -25.7 23.3 82.6 54.4 -65.4 -182.5
611 Denial -23.7 25.7 85.3 50.4 -69.4 -186.5
612 Na'Vi -20.5 28.6 88.1 46.4 -73.4 -190.5
613 Fnatic.eu -17.7 31.4 90.9 42.4 -77.4 -194.5
615 Orange -16.4 32.8 92.5 38.4 -81.4 -198.5
616 TongFu -14.6 35.0 95.1 34.4 -85.4 -202.5
617 VP -13.2 36.6 96.9 30.4 -89.4 -206.5
618 Alliance -12.0 38.0 98.5 26.4 -93.4 -210.5
620 DK -16.0 34.0 94.5 31.0 -87.8 -204.4
621 iCCup -20.0 30.0 90.5 44.6 -74.7 -193.9
622 Fnatic.eu -17.7 32.1 92.6 40.6 -78.7 -197.9
623 Alliance -16.1 33.9 94.6 36.6 -82.7 -201.9
624 Liquid -14.6 35.6 96.5 32.6 -86.7 -205.9
625 TongFu -18.6 31.6 92.5 38.3 -81.6 -201.2
626 iCCup -22.6 27.6 88.5 49.1 -72.1 -193.0
627 EG -20.8 29.3 90.4 45.1 -76.1 -197.0
628 EG -19.9 30.3 91.6 41.1 -80.1 -201.0
629 LGD.cn -23.9 26.3 87.6 48.0 -72.8 -194.2
630 iG -21.9 28.4 89.9 44.0 -76.8 -198.2
631 Alliance -21.0 29.6 91.4 40.0 -80.8 -202.2
632 mouz -19.5 31.3 93.3 36.0 -84.8 -206.2
634 Na'Vi -16.6 34.1 96.1 32.0 -88.8 -210.2
635 Dignitas -15.2 35.6 97.9 28.0 -92.8 -214.2
636 EG -14.5 36.5 99.0 24.0 -96.8 -218.2
638 Na'Vi -11.8 39.1 101.7 20.0 -100.8 -222.2
639 4FC -8.5 41.9 104.5 16.0 -104.8 -226.2
641 mouz -6.4 44.5 107.3 12.0 -108.8 -230.2
642 Alliance -5.4 45.7 108.8 8.0 -112.8 -234.2
643 iG -3.1 47.8 111.1 4.0 -116.8 -238.2
644 rox.KIS -7.1 43.8 107.1 14.8 -106.7 -229.4
645 VP -11.1 39.8 103.1 23.3 -98.4 -221.9
646 Fnatic.eu -8.7 41.9 105.3 19.3 -102.4 -225.9
648 VP -7.0 44.0 107.7 15.3 -106.4 -229.9
651 Denial -11.0 40.0 103.7 33.3 -91.0 -217.9
652 DK -15.0 36.0 99.7 39.2 -85.4 -212.5
653 VG -19.0 32.0 95.7 54.2 -72.3 -201.7
654 DK -17.0 34.6 98.9 50.2 -76.3 -205.7
656 Na'Vi -15.9 35.8 100.4 46.2 -80.3 -209.7
657 mouz -14.3 37.7 102.5 42.2 -84.3 -213.7
658 mouz -18.3 33.7 98.5 53.7 -74.2 -203.9
659 Na'Vi -16.7 35.3 100.2 49.7 -78.2 -207.9
660 RS -20.7 31.3 96.2 62.2 -66.9 -198.3
662 DK -19.0 33.2 98.4 58.2 -70.9 -202.3
664 RStars -23.0 29.2 94.4 74.3 -57.5 -191.1
665 Orange -20.6 31.8 97.4 70.3 -61.5 -195.1
666 LGD.cn -18.3 34.5 100.3 66.3 -65.5 -199.1
667 DK -16.5 36.4 102.5 62.3 -69.5 -203.1
668 mouz -15.7 37.4 103.8 58.3 -73.5 -207.1
669 iNfernity -13.4 40.0 107.0 54.3 -77.5 -211.1
670 EG -12.4 41.1 108.4 50.3 -81.5 -215.1
671 Fnatic.eu -11.5 42.1 109.6 46.3 -85.5 -219.1
672 Orange -9.9 43.8 111.5 42.3 -89.5 -223.1
674 mouz -9.2 44.7 112.6 38.3 -93.5 -227.1
675 EG -13.2 40.7 108.6 44.7 -87.3 -221.2
676 LGD.cn -11.4 42.6 110.8 40.7 -91.3 -225.2
677 mouz -9.4 44.6 112.8 36.7 -95.3 -229.2
678 Kaipi -13.4 40.6 108.8 55.4 -78.8 -215.6
679 Fnatic.eu -17.4 36.6 104.8 65.1 -70.2 -207.8
680 Liquid -21.4 32.6 100.8 71.7 -63.5 -202.1
681 Quantic -25.4 28.6 96.8 78.4 -57.6 -196.7
682 mouz -29.4 24.6 92.8 84.7 -51.7 -191.4
683 rox.KIS -33.4 20.6 88.8 91.1 -46.0 -186.2
685 mouz -30.8 23.6 92.1 87.1 -50.0 -190.2
686 VP -29.0 25.5 94.2 83.1 -54.0 -194.2
687 VP -33.0 21.5 90.2 88.7 -48.8 -189.1
688 VP -31.0 23.6 92.6 84.7 -52.8 -193.1
690 EG -29.1 26.0 95.2 80.7 -56.8 -197.1
691 Liquid -26.9 28.4 97.8 76.7 -60.8 -201.1
692 Na'Vi -25.3 30.0 99.6 72.7 -64.8 -205.1
693 Alliance -23.7 31.7 101.5 68.7 -68.8 -209.1
695 Alliance -21.7 33.9 103.9 64.7 -72.8 -213.1
696 Fnatic.eu -20.1 35.5 105.7 60.7 -76.8 -217.1
697 Kaipi -18.5 37.1 107.5 56.7 -80.8 -221.1
699 Alliance -17.4 38.4 109.0 52.7 -84.8 -225.1
700 Orange -16.0 39.8 110.7 48.7 -88.8 -229.1
701 VG -20.0 35.8 106.7 54.8 -82.6 -223.3
702 Na'Vi -19.1 36.8 107.9 50.8 -86.6 -227.3
703 mouz -18.2 37.8 109.2 46.8 -90.6 -231.3
704 EG -22.2 33.8 105.2 54.8 -83.6 -225.0
706 RS -26.2 29.8 101.2 60.3 -78.3 -219.8
707 Orange -24.3 31.7 103.3 56.3 -82.3 -223.8
708 iCCup -28.3 27.7 99.3 66.2 -73.4 -215.8
712 Na'Vi -27.4 28.8 100.6 62.2 -77.4 -219.8
713 MiTH -25.7 30.7 102.8 58.2 -81.4 -223.8
714 Dreamz -22.8 33.4 105.7 54.2 -85.4 -227.8
715 mouz -21.3 35.1 107.6 50.2 -89.4 -231.8
716 mouz -19.2 37.5 110.3 46.2 -93.4 -235.8
717 mouz -16.3 40.5 113.4 42.2 -97.4 -239.8
718 Dreamz -15.2 41.7 114.9 38.2 -101.4 -243.8
719 Mski -13.1 43.5 116.8 34.2 -105.4 -247.8
720 MiTH -11.3 45.3 118.8 30.2 -109.4 -251.8
721 Mski -15.3 41.3 114.8 39.6 -99.3 -242.6
722 iCCup -13.4 43.3 117.1 35.6 -103.3 -246.6
723 Kaipi -12.5 44.3 118.3 31.6 -107.3 -250.6
725 Romania -10.8 46.3 120.6 27.6 -111.3 -254.6
726 RS -14.8 42.3 116.6 34.5 -104.3 -248.3
727 Fnatic.eu -18.8 38.3 112.6 51.3 -89.8 -236.8
729 DK -17.8 39.8 114.4 47.3 -93.8 -240.8
730 LGD.cn -17.0 40.8 115.5 43.3 -97.8 -244.8
731 iG -15.4 42.7 117.6 39.3 -101.8 -248.8
732 Alliance -14.3 44.0 119.2 35.3 -105.8 -252.8
737 Na'Vi -12.1 46.4 121.8 31.3 -109.8 -256.8
741 TongFu -10.6 48.2 124.3 27.3 -113.8 -260.8
744 Alliance -8.1 50.8 127.1 23.3 -117.8 -264.8
745 Dignitas -12.1 46.8 123.1 44.8 -103.3 -253.1
746 DK -11.4 47.7 124.1 40.8 -107.3 -257.1
748 Na'Vi -10.2 49.0 125.7 36.8 -111.3 -261.1
749 Liquid -14.2 45.0 121.7 49.3 -101.3 -251.2
750 Orange -11.6 48.1 124.9 45.3 -105.3 -255.2
751 Alliance -10.8 49.2 126.3 41.3 -109.3 -259.2
754 Na'Vi -10.1 50.0 127.2 37.3 -113.3 -263.2
757 Alliance -8.5 51.5 128.7 33.3 -117.3 -267.2
758 iG -7.0 53.3 130.5 29.3 -121.3 -271.2
759 Orange -5.4 55.1 132.5 25.3 -125.3 -275.2
761 Fnatic.eu -4.7 55.9 133.4 21.3 -129.3 -279.2
762 Na'Vi -2.6 57.9 135.6 17.3 -133.3 -283.2
766 Alliance -1.7 58.9 136.7 13.3 -137.3 -287.2
767 LGD.int -5.7 54.9 132.7 29.3 -123.4 -275.3
769 mouz -4.8 55.9 133.9 25.3 -127.4 -279.3
770 LGD.cn -3.2 57.6 135.7 21.3 -131.4 -283.3
771 Na'Vi -2.0 58.9 137.1 17.3 -135.4 -287.3
772 DK -6.0 54.9 133.1 22.8 -129.5 -281.9
773 Alliance -5.3 55.7 134.0 18.8 -133.5 -285.9
774 TongFu -9.3 51.7 130.0 25.4 -127.3 -280.2
775 Liquid -6.4 54.6 133.0 21.4 -131.3 -284.2
776 Orange -5.1 56.0 134.6 17.4 -135.3 -288.2
778 DK -3.7 57.8 136.6 13.4 -139.3 -292.2
779 Zenith -2.8 58.8 137.8 9.4 -143.3 -296.2
781 Alliance -1.9 59.8 138.9 5.4 -147.3 -300.2
782 iG 0.6 62.5 141.8 1.4 -151.3 -304.2
783 TongFu 1.5 63.4 142.8 -2.6 -155.3 -308.2
785 LGD.cn 3.5 65.7 145.3 -6.6 -159.3 -312.2
786 Na'Vi 4.5 66.8 146.6 -10.6 -163.3 -316.2
788 Dignitas 6.9 69.2 149.2 -14.6 -167.3 -320.2
791 Orange 8.6 71.1 151.2 -18.6 -171.3 -324.2
792 Fnatic.eu 11.2 73.6 153.9 -22.6 -175.3 -328.2
793 Alliance 12.4 74.9 155.5 -26.6 -179.3 -332.2
795 Liquid 13.3 75.9 156.7 -30.6 -183.3 -336.2
796 Zenith 15.2 77.9 159.0 -34.6 -187.3 -340.2
797 Liquid 11.2 73.9 155.0 -20.8 -175.9 -330.6
798 iG 13.1 75.9 157.2 -24.8 -179.9 -334.6
799 Alliance 14.2 77.1 158.7 -28.8 -183.9 -338.6
800 Na'Vi 15.6 78.5 160.2 -32.8 -187.9 -342.6
801 Orange 18.3 81.5 163.4 -36.8 -191.9 -346.6
802 iG 20.4 83.8 166.0 -40.8 -195.9 -350.6
803 Orange 16.4 79.8 162.0 -28.9 -186.3 -342.4
806 Orange 12.4 75.8 158.0 -21.8 -180.1 -336.7
807 Na'Vi 14.0 77.5 159.9 -25.8 -184.1 -340.7
808 Alliance 16.4 80.3 162.8 -29.8 -188.1 -344.7
811 RStars 17.6 81.8 164.6 -33.8 -192.1 -348.7
812 Empire 18.6 83.0 166.2 -37.8 -196.1 -352.7
813 Empire 19.5 83.9 167.4 -41.8 -200.1 -356.7
814 Kaipi 21.0 85.7 169.5 -45.8 -204.1 -360.7
815 TTD 22.3 87.1 171.2 -49.8 -208.1 -364.7
816 Kaipi 23.6 88.5 172.7 -53.8 -212.1 -368.7
817 Lounge 25.6 90.5 175.0 -57.8 -216.1 -372.7
818 FD 26.8 91.7 176.5 -61.8 -220.1 -376.7
820 4FC 27.5 92.5 177.5 -65.8 -224.1 -380.7
821 4++ 23.5 88.5 173.5 -51.5 -208.9 -368.8
822 MiTH 24.5 89.8 175.0 -55.5 -212.9 -372.8
823 GL.eu 25.9 91.4 176.9 -59.5 -216.9 -376.8
825 WARDGS 27.6 93.1 178.9 -63.5 -220.9 -380.8
826 EVOPLAY 29.3 94.6 180.8 -67.5 -224.9 -384.8
827 TS 25.3 90.6 176.8 -62.4 -218.0 -378.3
828 EVOPLAY 27.2 92.5 178.9 -66.4 -222.0 -382.3
829 TLP 23.2 88.5 174.9 -52.5 -210.1 -372.9
830 DUZA 19.2 84.5 170.9 -44.8 -202.5 -365.5
831 Awake 21.1 86.4 172.9 -48.8 -206.5 -369.5
832 CDCD 17.1 82.4 168.9 -25.6 -188.1 -353.7
833 Menace 13.1 78.4 164.9 -12.7 -177.0 -344.7
835 Poseidon 16.0 80.9 167.3 -16.7 -181.0 -348.7
836 Poseidon 17.8 83.0 169.7 -20.7 -185.0 -352.7
837 Next.kz 13.8 79.0 165.7 -14.9 -178.7 -346.7
838 Kaipi 15.4 80.8 168.0 -18.9 -182.7 -350.7
841 VP 16.4 81.9 169.4 -22.9 -186.7 -354.7
842 Menace 12.4 77.9 165.4 -13.5 -177.7 -346.0
843 Empire 14.3 79.6 167.2 -17.5 -181.7 -350.0
844 Kaipi 15.6 80.9 168.8 -21.5 -185.7 -354.0
845 DUZA 11.6 76.9 164.8 -12.4 -177.2 -346.4
848 DUZA 7.6 72.9 160.8 -5.5 -170.7 -340.6
851 VP 8.6 74.1 162.3 -9.5 -174.7 -344.6
855 Imp 10.8 76.4 164.8 -13.5 -178.7 -348.6
856 Empire 12.3 77.9 166.5 -17.5 -182.7 -352.6
857 Next.kz 14.1 79.7 168.4 -21.5 -186.7 -356.6
858 FSid3 16.0 81.7 170.8 -25.5 -190.7 -360.6
859 FSid3 12.0 77.7 166.8 -15.7 -180.0 -350.8
860 Bambang 8.0 73.7 162.8 -8.1 -171.8 -343.4
861 Aspera 10.3 75.7 164.9 -12.1 -175.8 -347.4
862 rox.KIS 11.8 77.0 166.4 -16.1 -179.8 -351.4
864 Poseidon 12.9 78.3 167.9 -20.1 -183.8 -355.4
865 Mski 13.9 79.4 169.3 -24.1 -187.8 -359.4
866 Poseidon 14.8 80.3 170.4 -28.1 -191.8 -363.4
867 Dreamz 15.9 81.6 172.0 -32.1 -195.8 -367.4
868 GxGaming 11.9 77.6 168.0 -27.1 -190.0 -362.0
871 Next.kz 13.0 78.8 169.4 -31.1 -194.0 -366.0
872 Aspera 9.0 74.8 165.4 -22.4 -186.0 -358.7
873 PR 5.0 70.8 161.4 -1.7 -168.4 -344.1
876 MSIEvoGT 7.0 73.1 164.1 -5.7 -172.4 -348.1
877 Mski 8.0 74.5 165.8 -9.7 -176.4 -352.1
878 Lowyat 4.0 70.5 161.8 4.0 -165.0 -342.6
879 Empire 6.8 73.6 165.1 2.48689957516e-14 -169.0 -346.6
880 Empire 2.8 69.6 161.1 8.9 -160.3 -338.7
881 Quantic -1.2 65.6 157.1 17.5 -152.7 -332.0
883 Kaipi -2.22044604925e-16 67.0 158.7 13.5 -156.7 -336.0
885 Aspera 1.7 68.7 160.6 9.5 -160.7 -340.0
886 Fnatic.eu 3.1 70.2 162.4 5.5 -164.7 -344.0
887 MSIEvoGT -0.9 66.2 158.4 11.9 -159.1 -338.8
888 Mski 1.0 68.2 160.7 7.9 -163.1 -342.8
889 Next.kz 2.3 69.5 162.2 3.9 -167.1 -346.8
890 GL.eu 4.6 72.2 165.1 -0.1 -171.1 -350.8
891 Menace 6.5 74.0 167.1 -4.1 -175.1 -354.8
892 Kaipi 8.5 76.3 169.7 -8.1 -179.1 -358.8
893 Menace 4.5 72.3 165.7 2.1 -169.0 -349.9
894 Life 7.0 75.3 169.1 -1.9 -173.0 -353.9
896 Life 3.0 71.3 165.1 6.3 -164.0 -345.0
897 Kaipi 4.6 73.2 167.3 2.3 -168.0 -349.0
898 Mski 6.2 74.9 169.2 -1.7 -172.0 -353.0
899 Menace 7.5 76.1 170.6 -5.7 -176.0 -357.0
900 VP 3.5 72.1 166.6 1.3 -169.4 -351.0
901 Fnatic.eu 4.9 73.4 168.1 -2.7 -173.4 -355.0
902 Kaipi 7.1 75.6 170.5 -6.7 -177.4 -359.0
903 Kaipi 8.3 76.9 172.0 -10.7 -181.4 -363.0
904 SAfrica 4.3 72.9 168.0 -5.2 -175.9 -357.8
905 Dignitas 5.1 73.8 169.1 -9.2 -179.9 -361.8
906 Dignitas 6.0 74.8 170.3 -13.2 -183.9 -365.8
908 iG 6.7 75.6 171.3 -17.2 -187.9 -369.8
909 VG 8.2 77.5 173.6 -21.2 -191.9 -373.8
911 4FC 4.2 73.5 169.6 -7.9 -178.3 -362.4
913 Joiker 0.2 69.5 165.6 -0.3 -171.3 -356.3
914 StayFree 2.5 71.9 168.4 -4.3 -175.3 -360.3
915 Fnatic.eu 3.3 72.9 169.6 -8.3 -179.3 -364.3
916 Property -0.7 68.9 165.6 4.4 -168.7 -355.0
917 Menace -4.7 64.9 161.6 15.3 -157.8 -345.5
919 LGD.cn -3.4 66.4 163.3 11.3 -161.8 -349.5
920 TongFu -2.8 67.1 164.2 7.3 -165.8 -353.5
921 Alliance -1.8 68.1 165.5 3.3 -169.8 -357.5
922 PR -5.8 64.1 161.5 10.9 -162.9 -350.9
923 DUZA -4.0 65.9 163.6 6.9 -166.9 -354.9
925 Empire -2.7 67.2 165.1 2.9 -170.9 -358.9
926 Empire -1.3 68.8 166.8 -1.1 -174.9 -362.9
927 iG 0.2 70.2 168.3 -5.1 -178.9 -366.9
930 MiTH 2.9 72.5 170.7 -9.1 -182.9 -370.9
931 Alliance 3.8 73.4 171.7 -13.1 -186.9 -374.9
932 Fnatic.eu 5.8 75.8 174.3 -17.1 -190.9 -378.9
933 Empire 8.1 78.1 176.8 -21.1 -194.9 -382.9
937 OguraYui 4.1 74.1 172.8 -10.0 -182.3 -372.1
938 Mski 5.9 75.6 174.5 -14.0 -186.3 -376.1
941 Alliance 6.8 76.6 175.6 -18.0 -190.3 -380.1
944 Imp 2.8 72.6 171.6 -6.8 -179.5 -370.2
948 Empire 5.0 74.9 174.1 -10.8 -183.5 -374.2
949 VP 6.3 76.2 175.6 -14.8 -187.5 -378.2
950 Kaipi 7.3 77.4 177.1 -18.8 -191.5 -382.2
951 Mski 8.3 78.5 178.4 -22.8 -195.5 -386.2
953 Kaipi 10.0 80.6 180.9 -26.8 -199.5 -390.2
954 Cascade 6.0 76.6 176.9 -13.4 -187.9 -380.2
956 Alliance 6.5 77.1 177.6 -17.4 -191.9 -384.2
957 Na'Vi 7.3 77.8 178.5 -21.4 -195.9 -388.2
958 PR 3.3 73.8 174.5 3.3 -171.9 -367.4
959 Kaipi 4.1 74.8 175.6 -0.7 -175.9 -371.4
960 Kaipi 4.8 75.7 176.8 -4.7 -179.9 -375.4
961 Life 7.0 78.6 180.1 -8.7 -183.9 -379.4
963 Na'Vi 8.4 80.0 181.7 -12.7 -187.9 -383.4
964 Alliance 9.6 81.3 183.2 -16.7 -191.9 -387.4
967 mouz 11.0 82.8 184.9 -20.7 -195.9 -391.4
970 Joiker 13.8 85.7 188.0 -24.7 -199.9 -395.4
971 iG 15.8 88.2 190.8 -28.7 -203.9 -399.4
972 Aspera 11.8 84.2 186.8 -6.8 -184.9 -383.5
974 Fnatic.eu 14.6 86.6 189.3 -10.8 -188.9 -387.5
975 Dignitas 15.4 87.6 190.6 -14.8 -192.9 -391.5
976 StayFree 16.8 89.3 192.6 -18.8 -196.9 -395.5
977 Na'Vi 18.3 91.0 194.6 -22.8 -200.9 -399.5
978 rox.KIS 14.3 87.0 190.6 -15.7 -192.4 -391.7
979 PR 16.9 89.3 193.0 -19.7 -196.4 -395.7
981 PR 18.9 91.3 195.2 -23.7 -200.4 -399.7
982 Fnatic.eu 19.7 92.1 196.2 -27.7 -204.4 -403.7
983 Fnatic.eu 21.5 93.8 198.0 -31.7 -208.4 -407.7
985 Inv.kwnku 23.3 95.9 200.4 -35.7 -212.4 -411.7
986 Na'Vi 24.3 97.1 201.8 -39.7 -216.4 -415.7
987 Fnatic.eu 25.9 98.9 203.8 -43.7 -220.4 -419.7
988 4FC 21.9 94.9 199.8 -34.1 -210.3 -410.7
990 Kaipi 22.7 95.8 200.9 -38.1 -214.3 -414.7
991 Empire 18.7 91.8 196.9 -27.2 -204.9 -406.8
992 PBS 14.7 87.8 192.9 -16.9 -196.6 -399.0
993 SFEC 10.7 83.8 188.9 -8.2 -188.4 -391.7
994 Next.kz 6.7 79.8 184.9 -2.2 -182.7 -386.3
995 Inv.kwnku 8.4 81.9 187.5 -6.2 -186.7 -390.3
996 rox.KIS 11.1 84.3 190.0 -10.2 -190.7 -394.3
997 PR 7.1 80.3 186.0 7.4 -175.9 -382.6
998 Mski 10.2 83.1 189.0 3.4 -179.9 -386.6
999 Empire 12.1 85.5 191.7 -0.6 -183.9 -390.6
1000 Inv.kwnku 13.8 87.4 193.8 -4.6 -187.9 -394.6
1001 FD 15.5 89.4 196.3 -8.6 -191.9 -398.6
1002 Empire 17.0 91.2 198.5 -12.6 -195.9 -402.6
1004 EG 18.6 92.9 200.4 -16.6 -199.9 -406.6
1005 Dignitas 14.6 88.9 196.4 -4.5 -190.0 -398.2
1007 rox.KIS 17.7 91.8 199.5 -8.5 -194.0 -402.2
1008 Menace 13.7 87.8 195.5 3.6 -181.7 -391.3
1009 Kaipi 14.6 88.7 196.6 -0.4 -185.7 -395.3
1010 Aspera 10.6 84.7 192.6 7.0 -178.7 -388.7
1012 DK 11.9 86.2 194.4 3.0 -182.7 -392.7
1015 StayFree 13.6 88.6 197.1 -1.0 -186.7 -396.7
1017 Na'Vi 14.4 89.5 198.1 -5.0 -190.7 -400.7
1018 Alliance 15.2 90.4 199.3 -9.0 -194.7 -404.7
1019 Empire 17.1 92.8 202.0 -13.0 -198.7 -408.7
1020 Na'Vi 18.8 94.5 203.9 -17.0 -202.7 -412.7
1021 Na'Vi 20.0 95.7 205.3 -21.0 -206.7 -416.7
1022 LGD.cn 21.1 97.0 206.7 -25.0 -210.7 -420.7
1023 VG 23.1 99.2 208.9 -29.0 -214.7 -424.7
1024 LGD.cn 25.4 101.2 210.9 -33.0 -218.7 -428.7
1025 Dignitas 26.2 102.1 212.1 -37.0 -222.7 -432.7
1027 Next.kz 22.2 98.1 208.1 -30.9 -215.1 -425.4
1028 4FC 18.2 94.1 204.1 -20.4 -203.6 -415.4
1029 rox.KIS 20.8 97.2 207.4 -24.4 -207.6 -419.4
1030 Na'Vi 21.6 98.1 208.4 -28.4 -211.6 -423.4
1031 Empire 24.4 100.8 211.2 -32.4 -215.6 -427.4
1032 Na'Vi 25.3 101.9 212.5 -36.4 -219.6 -431.4
1034 Alliance 26.0 102.7 213.5 -40.4 -223.6 -435.4
1035 Alliance 26.7 103.4 214.3 -44.4 -227.6 -439.4
1036 4FC 22.7 99.4 210.3 -38.3 -221.6 -434.0
1037 VP 18.7 95.4 206.3 -26.3 -212.4 -426.1
1039 Ahead.kz 14.7 91.4 202.3 -5.0 -190.6 -408.2
1040 PBS 16.1 93.4 204.6 -9.0 -194.6 -412.2
1041 Alliance 17.1 94.7 206.1 -13.0 -198.6 -416.2
1042 Empire 18.6 96.4 208.0 -17.0 -202.6 -420.2
1044 Quantic 20.6 99.0 210.7 -21.0 -206.6 -424.2
1045 iG 21.5 100.4 212.4 -25.0 -210.6 -428.2
1046 Liquid 22.6 101.6 213.8 -29.0 -214.6 -432.2
1047 EG 18.6 97.6 209.8 -20.1 -206.6 -425.7
1048 MiTH 20.2 99.3 211.8 -24.1 -210.6 -429.7
1049 Dreamz 22.1 101.5 214.3 -28.1 -214.6 -433.7
1050 Alliance 22.9 102.4 215.4 -32.1 -218.6 -437.7
1051 iG 23.7 103.4 216.6 -36.1 -222.6 -441.7
1052 DK 25.3 105.3 218.7 -40.1 -226.6 -445.7
1053 Kaipi 21.3 101.3 214.7 -34.5 -221.2 -440.4
1055 Alliance 21.9 102.0 215.6 -38.5 -225.2 -444.4
1059 TongFu 23.7 103.5 217.2 -42.5 -229.2 -448.4
1060 LGD.int 25.9 105.8 219.7 -46.5 -233.2 -452.4
1061 RS.int 27.4 107.6 221.8 -50.5 -237.2 -456.4
1062 MiTH 29.1 109.3 223.7 -54.5 -241.2 -460.4
1063 Alliance 29.8 110.1 224.6 -58.5 -245.2 -464.4
1064 Alliance 30.6 111.0 225.6 -62.5 -249.2 -468.4
1065 SSD 31.6 112.5 227.3 -66.5 -253.2 -472.4
1067 Hearts 33.1 114.1 229.1 -70.5 -257.2 -476.4
1068 rox.KIS 35.0 116.1 231.4 -74.5 -261.2 -480.4
1069 Poseidon 31.0 112.1 227.4 -67.7 -253.7 -472.9
1070 Quantic 27.0 108.1 223.4 -57.4 -244.4 -464.5
1071 Quantic 28.8 109.7 225.2 -61.4 -248.4 -468.5
1073 Titan 30.3 111.2 226.8 -65.4 -252.4 -472.5
1077 StayFree 31.4 112.7 228.6 -69.4 -256.4 -476.5
1078 VP 33.7 115.0 231.1 -73.4 -260.4 -480.5
1080 SYF 36.2 117.0 233.2 -77.4 -264.4 -484.5
1081 Na'Vi 36.9 117.8 234.2 -81.4 -268.4 -488.5
1082 Fnatic.eu 37.7 118.7 235.2 -85.4 -272.4 -492.5
1083 Titan 38.5 119.6 236.4 -89.4 -276.4 -496.5
1085 FD 39.3 120.7 237.8 -93.4 -280.4 -500.5
1086 MVP 35.3 116.7 233.8 -88.1 -274.8 -495.0
1087 UR 37.2 118.7 235.9 -92.1 -278.8 -499.0
1088 FXopen 38.1 120.0 237.4 -96.1 -282.8 -503.0
1089 Imp 38.8 121.0 238.5 -100.1 -286.8 -507.0
1090 MiTH 39.5 121.9 239.6 -104.1 -290.8 -511.0
1091 Na'Vi 40.4 122.9 240.9 -108.1 -294.8 -515.0
1092 ONE.dota 36.4 118.9 236.9 -96.9 -283.2 -504.8
1093 Lowyat 32.4 114.9 232.9 -91.1 -277.4 -499.3
1094 DK 34.7 117.5 235.9 -95.1 -281.4 -503.3
1095 Arcanys 30.7 113.5 231.9 -73.6 -264.1 -489.8
1096 VG 31.7 114.9 233.6 -77.6 -268.1 -493.8
1097 FD 32.4 115.8 234.9 -81.6 -272.1 -497.8
1098 Lowyat 28.4 111.8 230.9 -71.0 -261.9 -489.1
1099 rox.KIS 30.6 114.1 233.4 -75.0 -265.9 -493.1
1101 Fnatic.eu 31.6 115.3 234.9 -79.0 -269.9 -497.1
1104 Poseidon 27.6 111.3 230.9 -63.0 -255.7 -485.9
1105 Na'Vi 28.4 112.2 232.0 -67.0 -259.7 -489.9
1108 eN.Legs 29.9 114.2 234.4 -71.0 -263.7 -493.9
1110 bvd.dotA 32.0 116.6 237.2 -75.0 -267.7 -497.9
1111 LGD.int 33.0 117.7 238.6 -79.0 -271.7 -501.9
1112 DK 33.5 118.4 239.4 -83.0 -275.7 -505.9
1113 Imp 35.4 121.1 242.5 -87.0 -279.7 -509.9
1114 Na'Vi 36.1 121.9 243.5 -91.0 -283.7 -513.9
1116 NJ&Kids 32.1 117.9 239.5 -85.9 -277.4 -507.7
1117 VG 32.8 118.7 240.5 -89.9 -281.4 -511.7
1118 LGD.cn 33.2 119.3 241.3 -93.9 -285.4 -515.7
1119 FD 29.2 115.3 237.3 -87.1 -279.0 -509.8
1120 Ahead.kz 30.5 116.8 239.1 -91.1 -283.0 -513.8
1122 PR 32.0 118.0 240.4 -95.1 -287.0 -517.8
1123 Na'Vi 32.4 118.6 241.1 -99.1 -291.0 -521.8
1124 bvd.dotA 34.4 120.4 242.9 -103.1 -295.0 -525.8
1125 Empire 36.0 122.0 244.5 -107.1 -299.0 -529.8
1126 Life 32.0 118.0 240.5 -96.7 -284.9 -516.9
1127 EG 34.3 120.5 243.3 -100.7 -288.9 -520.9
1129 iG 34.8 121.2 244.1 -104.7 -292.9 -524.9
1130 TongFu 36.4 123.0 246.1 -108.7 -296.9 -528.9
1131 Na'Vi 37.4 124.0 247.3 -112.7 -300.9 -532.9
1132 Fnatic.eu 38.3 125.1 248.5 -116.7 -304.9 -536.9
1133 MUFC 34.3 121.1 244.5 -106.4 -295.5 -528.4
1135 Empire 35.3 122.2 245.8 -110.4 -299.5 -532.4
1136 Empire 36.7 123.8 247.6 -114.4 -303.5 -536.4
1137 TakeFive 32.7 119.8 243.6 -103.6 -290.4 -525.1
1138 CSW 35.4 122.8 246.9 -107.6 -294.4 -529.1
1139 VT 37.4 125.2 249.6 -111.6 -298.4 -533.1
1140 SYM 33.4 121.2 245.6 -105.5 -291.8 -526.6
1141 EOT 34.7 123.4 248.2 -109.5 -295.8 -530.6
1143 DK 35.2 124.1 249.1 -113.5 -299.8 -534.6
1144 VG 31.2 120.1 245.1 -98.9 -286.5 -524.2
1145 Fnatic.eu 33.9 122.4 247.5 -102.9 -290.5 -528.2
1146 iG 34.3 123.0 248.2 -106.9 -294.5 -532.2
1147 LGD.cn 35.5 124.4 249.9 -110.9 -298.5 -536.2
1148 HR 37.2 126.6 252.5 -114.9 -302.5 -540.2
1149 Na'Vi 38.1 127.6 253.8 -118.9 -306.5 -544.2
1150 Speed 40.1 130.8 257.5 -122.9 -310.5 -548.2
1151 Alliance 40.6 131.5 258.3 -126.9 -314.5 -552.2
1155 Empire 41.7 133.0 260.0 -130.9 -318.5 -556.2
1156 iG 42.8 134.6 261.9 -134.9 -322.5 -560.2
1157 Na'Vi 43.6 135.5 262.9 -138.9 -326.5 -564.2
1159 SAfrica 44.7 136.9 264.7 -142.9 -330.5 -568.2
1160 Na'Vi 40.7 132.9 260.7 -134.9 -325.0 -563.2
1161 FD 42.5 134.9 262.7 -138.9 -329.0 -567.2
1164 Titan 38.5 130.9 258.7 -132.0 -320.9 -559.3
1165 Titan 34.5 126.9 254.7 -121.5 -309.5 -549.2
1167 EOT 36.4 128.8 256.9 -125.5 -313.5 -553.2
1168 LGD.cn 38.2 130.6 258.9 -129.5 -317.5 -557.2
1169 DK 38.6 131.2 259.7 -133.5 -321.5 -561.2
1170 VG 40.7 133.3 262.0 -137.5 -325.5 -565.2
1171 Empire 41.5 134.3 263.2 -141.5 -329.5 -569.2
1172 Speed 37.5 130.3 259.2 -122.6 -308.7 -549.1
1173 Empire 39.2 132.0 261.1 -126.6 -312.7 -553.1
1174 Fnatic 40.5 133.3 262.5 -130.6 -316.7 -557.1
1175 TongFu 41.2 134.2 263.7 -134.6 -320.7 -561.1
1176 LGD.cn 37.2 130.2 259.7 -122.9 -311.1 -552.9
1177 TongFu 38.7 131.6 261.3 -126.9 -315.1 -556.9
1178 DK 39.1 132.1 262.0 -130.9 -319.1 -560.9
1179 RStars 35.1 128.1 258.0 -121.8 -310.5 -553.2
1181 Alliance 35.8 129.0 259.1 -125.8 -314.5 -557.2
1183 Speed 37.2 130.3 260.6 -129.8 -318.5 -561.2
1185 Liquid 33.2 126.3 256.6 -109.2 -297.7 -541.9
1186 iG 35.4 129.1 259.4 -113.2 -301.7 -545.9
1188 LGD.int 36.0 129.9 260.3 -117.2 -305.7 -549.9
1189 EG 37.1 131.3 262.1 -121.2 -309.7 -553.9
1190 TongFu 37.9 132.4 263.5 -125.2 -313.7 -557.9
1191 DK 38.3 133.1 264.3 -129.2 -317.7 -561.9
1192 Na'Vi 39.1 134.0 265.6 -133.2 -321.7 -565.9
1194 Dignitas 40.6 135.5 267.3 -137.2 -325.7 -569.9
1195 VG 41.1 136.2 268.1 -141.2 -329.7 -573.9
1196 LGD.cn 41.6 136.9 269.0 -145.2 -333.7 -577.9
1197 CSW 43.0 138.6 270.8 -149.2 -337.7 -581.9
1198 Aspera 46.0 141.5 273.9 -153.2 -341.7 -585.9
1199 Menace 47.7 143.4 276.1 -157.2 -345.7 -589.9
1200 Liquid 49.3 144.8 277.6 -161.2 -349.7 -593.9
1202 SSD 50.6 146.3 279.4 -165.2 -353.7 -597.9
1203 TongFu 51.0 146.9 280.1 -169.2 -357.7 -601.9
1204 iG 51.7 147.8 281.1 -173.2 -361.7 -605.9
1205 HR 47.7 143.8 277.1 -160.8 -346.6 -592.5
1206 EG 49.2 144.9 278.3 -164.8 -350.6 -596.5
1207 mouz 45.2 140.9 274.3 -158.5 -344.3 -590.6
1208 Imp 41.2 136.9 270.3 -150.0 -334.8 -581.6
1209 MiTH 37.2 132.9 266.3 -143.0 -328.5 -575.8
1210 Liquid 33.2 128.9 262.3 -130.7 -316.0 -565.0
1211 mouz 29.2 124.9 258.3 -125.0 -310.7 -559.9
1212 Fnatic.eu 31.1 127.1 260.8 -129.0 -314.7 -563.9
1213 Poseidon 27.1 123.1 256.8 -121.7 -306.6 -556.1
1214 VG 23.1 119.1 252.8 -115.5 -299.3 -549.3
1215 iG 23.5 119.8 253.6 -119.5 -303.3 -553.3
1216 LGD.cn 24.9 121.6 255.8 -123.5 -307.3 -557.3
1217 Speed 20.9 117.6 251.8 -113.5 -298.0 -549.0
1218 CSW 16.9 113.6 247.8 -107.1 -292.2 -543.8
1220 Empire 18.2 115.2 249.7 -111.1 -296.2 -547.8
1221 iG 14.2 111.2 245.7 -99.8 -287.3 -540.8
1222 LGD.cn 16.1 112.8 247.4 -103.8 -291.3 -544.8
1223 DK 17.0 114.0 248.9 -107.8 -295.3 -548.8
1227 Empire 18.8 116.2 251.3 -111.8 -299.3 -552.8
1229 StayFree 14.8 112.2 247.3 -105.1 -293.7 -548.0
1230 Property 10.8 108.2 243.3 -92.4 -283.3 -539.4
1231 TTD 6.8 104.2 239.3 -85.1 -274.6 -531.5
1232 Alliance 7.7 105.1 240.4 -89.1 -278.6 -535.5
1234 VG 9.6 107.3 243.0 -93.1 -282.6 -539.5
1235 TongFu 5.6 103.3 239.0 -75.2 -268.6 -528.8
1237 FSid3 1.6 99.3 235.0 -64.8 -259.1 -520.4
1238 LGD.cn 2.2 100.2 236.2 -68.8 -263.1 -524.4
1239 RStars 3.6 102.2 238.7 -72.8 -267.1 -528.4
1240 Na'Vi 5.3 104.0 240.7 -76.8 -271.1 -532.4
1242 mouz 6.9 106.0 243.0 -80.8 -275.1 -536.4
1243 Alliance 7.6 106.8 244.1 -84.8 -279.1 -540.4
1244 Sigma.int 9.3 109.4 247.4 -88.8 -283.1 -544.4
1245 Speed 10.3 110.7 249.0 -92.8 -287.1 -548.4
1246 Liquid 12.9 113.5 252.0 -96.8 -291.1 -552.4
1247 iG 13.3 114.1 252.8 -100.8 -295.1 -556.4
1251 UR 14.8 116.0 254.9 -104.8 -299.1 -560.4
1253 LGD.int 10.8 112.0 250.9 -76.1 -278.7 -544.3
1255 Empire 12.8 114.1 253.2 -80.1 -282.7 -548.3
1256 RS 13.7 115.1 254.5 -84.1 -286.7 -552.3
1257 mouz 9.7 111.1 250.5 -72.3 -276.9 -543.9
1259 Sigma.int 11.7 113.8 253.5 -76.3 -280.9 -547.9
1261 mouz 7.7 109.8 249.5 -68.3 -275.0 -542.4
1262 iG 8.8 111.2 251.1 -72.3 -279.0 -546.4
1263 LGD.cn 9.5 112.1 252.2 -76.3 -283.0 -550.4
1264 DK 10.2 112.9 253.2 -80.3 -287.0 -554.4
1265 Fnatic.eu 6.2 108.9 249.2 -72.2 -279.5 -547.8
1266 Alliance 6.9 109.7 250.2 -76.2 -283.5 -551.8
1267 Na'Vi 8.3 111.3 252.0 -80.2 -287.5 -555.8
1268 Mski 9.4 112.7 253.6 -84.2 -291.5 -559.8
1269 Orange 10.4 113.7 254.9 -88.2 -295.5 -563.8
1270 MiTH 13.1 116.0 257.5 -92.2 -299.5 -567.8
1271 SYF 15.4 118.6 260.6 -96.2 -303.5 -571.8
1272 iG 17.4 121.1 263.4 -100.2 -307.5 -575.8
1273 RS 13.4 117.1 259.4 -87.5 -296.3 -565.7
1274 LGD.cn 14.9 118.6 261.0 -91.5 -300.3 -569.7
1275 FXopen 16.6 120.6 263.1 -95.5 -304.3 -573.7
1276 CSW 18.1 122.3 265.0 -99.5 -308.3 -577.7
1278 Lowyat 14.1 118.3 261.0 -87.3 -292.9 -563.7
1279 Titan 15.2 119.4 262.3 -91.3 -296.9 -567.7
1281 Speed 18.0 122.4 265.5 -95.3 -300.9 -571.7
1283 Speed 19.2 123.6 266.7 -99.3 -304.9 -575.7
1284 Alliance 20.0 124.4 267.7 -103.3 -308.9 -579.7
1286 LGD.int 22.1 127.0 270.4 -107.3 -312.9 -583.7
1288 Alliance 23.9 128.9 272.3 -111.3 -316.9 -587.7
1290 Lowyat 19.9 124.9 268.3 -105.2 -311.3 -582.3
1291 PR 23.3 127.5 271.0 -109.2 -315.3 -586.3
1292 SSD 19.3 123.5 267.0 -100.8 -305.9 -577.3
1293 TongFu 20.3 124.6 268.4 -104.8 -309.9 -581.3
1294 VG 16.3 120.6 264.4 -91.0 -296.7 -570.6
1296 mouz 18.0 122.4 266.4 -95.0 -300.7 -574.6
1297 EG 20.4 124.7 269.0 -99.0 -304.7 -578.6
1298 Titan 23.1 127.7 272.4 -103.0 -308.7 -582.6
1299 EG 24.2 128.9 273.7 -107.0 -312.7 -586.6
1300 4FC 26.2 131.0 276.1 -111.0 -316.7 -590.6
1301 Hearts 27.5 132.6 277.9 -115.0 -320.7 -594.6
1302 DK 29.7 135.1 280.6 -119.0 -324.7 -598.6
1303 Sigma.int 30.6 136.3 282.1 -123.0 -328.7 -602.6
1304 Empire 34.0 139.2 284.8 -127.0 -332.7 -606.6
1305 Empire 34.6 140.0 285.7 -131.0 -336.7 -610.6
1306 FXopen 35.7 141.4 287.3 -135.0 -340.7 -614.6
1307 LGD.int 36.6 142.4 288.5 -139.0 -344.7 -618.6
1308 LGD.cn 37.3 143.2 289.5 -143.0 -348.7 -622.6
1309 4FC 39.5 145.1 291.6 -147.0 -352.7 -626.6
1310 Sigma.int 40.2 145.9 292.6 -151.0 -356.7 -630.6
1312 Arteezy 42.2 147.9 294.8 -155.0 -360.7 -634.6
1313 EG 38.2 143.9 290.8 -149.4 -354.8 -629.2
1314 TongFu 38.6 144.5 291.5 -153.4 -358.8 -633.2
1315 Empire 39.4 145.4 292.5 -157.4 -362.8 -637.2
1316 VG 40.1 146.3 293.6 -161.4 -366.8 -641.2
1317 Na'Vi 41.1 147.4 295.0 -165.4 -370.8 -645.2
1318 QPandas 37.1 143.4 291.0 -151.8 -357.3 -632.3
1319 Empire 39.2 145.0 292.6 -155.8 -361.3 -636.3
1321 Fnatic.eu 39.9 145.7 293.2 -159.8 -365.3 -640.3
1322 DK 40.3 146.2 293.9 -163.8 -369.3 -644.3
1323 VG 41.1 147.2 295.2 -167.8 -373.3 -648.3
1324 VG 37.1 143.2 291.2 -153.6 -358.8 -636.1
1325 Kawai 33.1 139.2 287.2 -141.5 -348.9 -626.8
1326 Dignitas 29.1 135.2 283.2 -128.5 -336.9 -616.7
1327 Speed 29.7 135.9 284.1 -132.5 -340.9 -620.7
1328 Dignitas 31.4 137.6 285.9 -136.5 -344.9 -624.7
1329 Alliance 32.0 138.3 286.7 -140.5 -348.9 -628.7
1330 Na'Vi 34.0 140.1 288.7 -144.5 -352.9 -632.7
1331 Na'Vi 35.2 141.1 289.9 -148.5 -356.9 -636.7
1332 Fnatic.eu 31.2 137.1 285.9 -138.4 -345.2 -626.4
1333 Alliance 32.0 137.9 286.9 -142.4 -349.2 -630.4
1334 iG 33.5 139.7 289.1 -146.4 -353.2 -634.4
1335 LGD.int 34.7 141.1 290.7 -150.4 -357.2 -638.4
1336 TongFu 35.7 142.0 291.7 -154.4 -361.2 -642.4
1337 Startale 38.2 144.4 294.4 -158.4 -365.2 -646.4
1338 Liquid 39.6 145.9 296.1 -162.4 -369.2 -650.4
1340 Fnatic.eu 40.5 146.9 297.3 -166.4 -373.2 -654.4
1341 Alliance 41.0 147.5 298.0 -170.4 -377.2 -658.4
1343 Fnatic.eu 37.0 143.5 294.0 -162.4 -368.1 -649.9
1345 Sigma.int 38.2 145.0 295.8 -166.4 -372.1 -653.9
1350 Fnatic.eu 34.2 141.0 291.8 -160.8 -366.2 -647.9
1351 VG 34.6 141.7 292.6 -164.8 -370.2 -651.9
1352 DK 35.2 142.3 293.4 -168.8 -374.2 -655.9
1353 Alliance 36.9 144.0 295.3 -172.8 -378.2 -659.9
1354 VP 32.9 140.0 291.3 -159.9 -366.0 -649.0
1355 Alliance 34.1 141.3 292.9 -163.9 -370.0 -653.0
1356 Alliance 35.4 142.5 294.2 -167.9 -374.0 -657.0
1357 Na'Vi 36.5 143.5 295.3 -171.9 -378.0 -661.0
1358 VP 32.5 139.5 291.3 -166.0 -372.4 -655.7
1359 LGD.cn 32.8 140.0 291.9 -170.0 -376.4 -659.7
1360 iG 33.2 140.5 292.5 -174.0 -380.4 -663.7
1361 Dignitas 33.9 141.3 293.5 -178.0 -384.4 -667.7
1362 Speed 34.3 141.8 294.2 -182.0 -388.4 -671.7
1363 Speed 36.4 143.8 296.6 -186.0 -392.4 -675.7
1364 Na'Vi 38.2 145.7 298.6 -190.0 -396.4 -679.7
1365 Alliance 38.9 146.4 299.4 -194.0 -400.4 -683.7
1366 Alliance 39.3 146.9 300.0 -198.0 -404.4 -687.7
1367 Liquid 40.9 148.8 302.2 -202.0 -408.4 -691.7
1368 Fnatic.eu 42.1 150.0 303.5 -206.0 -412.4 -695.7
1369 Na'Vi 42.8 150.8 304.4 -210.0 -416.4 -699.7
1370 LGD.int 38.8 146.8 300.4 -200.8 -406.0 -690.2
1372 VP 34.8 142.8 296.4 -182.9 -390.8 -677.5
1373 Liquid 36.1 144.1 297.9 -186.9 -394.8 -681.5
1375 Startale 32.1 140.1 293.9 -176.4 -388.2 -676.0
1377 LGD.cn 33.6 141.7 295.7 -180.4 -392.2 -680.0
1379 Fnatic.eu 34.7 142.9 297.1 -184.4 -396.2 -684.0
1380 Liquid 35.8 144.1 298.5 -188.4 -400.2 -688.0
1381 Liquid 31.8 140.1 294.5 -173.5 -386.2 -676.1
1382 Titan 32.6 141.1 295.8 -177.5 -390.2 -680.1
1383 LGD.cn 34.1 142.9 297.8 -181.5 -394.2 -684.1
1384 Empire 34.8 143.7 298.8 -185.5 -398.2 -688.1
1385 Na'Vi 30.8 139.7 294.8 -179.4 -393.0 -683.4
1386 StayFree 26.8 135.7 290.8 -169.0 -382.9 -674.4
1388 iG 27.3 136.4 291.6 -173.0 -386.9 -678.4
1389 RStars 28.0 137.4 293.0 -177.0 -390.9 -682.4
1390 Alliance 28.5 138.0 293.7 -181.0 -394.9 -686.4
1391 Fnatic.eu 29.7 139.3 295.3 -185.0 -398.9 -690.4
1393 Fnatic.eu 33.0 142.0 298.0 -189.0 -402.9 -694.4
1396 rox.KIS 29.0 138.0 294.0 -153.8 -375.2 -671.2
1399 EG 25.0 134.0 290.0 -138.8 -359.4 -657.9
1400 VP 26.9 136.2 292.6 -142.8 -363.4 -661.9
1401 Alliance 28.7 137.9 294.5 -146.8 -367.4 -665.9
1402 Liquid 30.8 140.1 296.8 -150.8 -371.4 -669.9
1404 VG 31.7 141.2 298.2 -154.8 -375.4 -673.9
1405 Speed 32.5 142.3 299.6 -158.8 -379.4 -677.9
1406 EG 28.5 138.3 295.6 -150.3 -372.1 -671.8
1408 Liquid 30.2 140.2 297.7 -154.3 -376.1 -675.8
1412 DK 30.6 140.9 298.6 -158.3 -380.1 -679.8
1415 VP 26.6 136.9 294.6 -146.4 -367.4 -668.6
1416 Liquid 28.4 138.7 296.5 -150.4 -371.4 -672.6
1421 Na'Vi 29.9 140.3 298.4 -154.4 -375.4 -676.6
1423 Alliance 30.4 140.9 299.1 -158.4 -379.4 -680.6
1424 DK 30.7 141.3 299.7 -162.4 -383.4 -684.6
1425 VG 31.4 142.1 300.7 -166.4 -387.4 -688.6
1426 Speed 32.8 143.6 302.4 -170.4 -391.4 -692.6
1428 EG 28.8 139.6 298.4 -162.9 -383.0 -684.4
1429 Empire 30.0 140.8 299.8 -166.9 -387.0 -688.4
1430 Na'Vi 30.9 141.8 301.0 -170.9 -391.0 -692.4
1431 DK 31.3 142.3 301.6 -174.9 -395.0 -696.4
1433 iG 27.3 138.3 297.6 -167.9 -389.0 -691.1
1434 MiTH 30.4 141.1 300.4 -171.9 -393.0 -695.1
1437 Liquid 32.4 143.3 302.8 -175.9 -397.0 -699.1
1438 Liquid 33.1 144.2 303.8 -179.9 -401.0 -703.1
1439 Empire 29.1 140.2 299.8 -166.4 -386.4 -688.6
1440 Alliance 31.6 142.9 302.8 -170.4 -390.4 -692.6
1441 PR 27.6 138.9 298.8 -162.5 -382.4 -684.8
1442 LGD.int 28.0 139.5 299.5 -166.5 -386.4 -688.8
1443 TongFu 28.7 140.3 300.5 -170.5 -390.4 -692.8
1445 Speed 30.5 142.7 303.2 -174.5 -394.4 -696.8
1446 mouz 26.5 138.7 299.2 -167.2 -388.1 -691.0
1447 FD 22.5 134.7 295.2 -159.0 -380.4 -683.8
1448 MiTH 18.5 130.7 291.2 -152.8 -373.6 -677.4
1449 Titan 20.4 132.4 293.0 -156.8 -377.6 -681.4
1450 Na'Vi 21.3 133.5 294.3 -160.8 -381.6 -685.4
1451 Na'Vi 22.7 134.9 295.7 -164.8 -385.6 -689.4
1453 Liquid 25.1 137.6 298.5 -168.8 -389.6 -693.4
1456 Liquid 26.6 139.4 300.5 -172.8 -393.6 -697.4
1458 Fnatic.eu 22.6 135.4 296.5 -160.0 -381.2 -686.1
1459 Na'Vi 24.3 136.9 298.2 -164.0 -385.2 -690.1
1460 Alliance 25.2 137.8 299.2 -168.0 -389.2 -694.1
1461 rox.KIS 21.2 133.8 295.2 -158.4 -380.4 -686.0
1462 rox.KIS 22.7 135.3 296.9 -162.4 -384.4 -690.0
1463 Na'Vi 24.8 137.2 298.9 -166.4 -388.4 -694.0
1465 DK 26.3 138.7 300.5 -170.4 -392.4 -698.0
1466 4FC 22.3 134.7 296.5 -157.5 -379.6 -686.2
1467 Sigma.int 18.3 130.7 292.5 -152.5 -374.0 -680.7
1468 Alliance 20.1 132.6 294.5 -156.5 -378.0 -684.7
1471 Mts 16.1 128.6 290.5 -147.7 -371.4 -679.3
1472 rox.KIS 12.1 124.6 286.5 -139.3 -365.4 -674.1
1473 LGD.cn 12.7 125.4 287.5 -143.3 -369.4 -678.1
1475 TongFu3 14.5 127.1 289.4 -147.3 -373.4 -682.1
1478 Alliance 15.7 128.4 290.8 -151.3 -377.4 -686.1
1479 Liquid 16.4 129.2 291.8 -155.3 -381.4 -690.1
1480 Na'Vi 18.1 130.7 293.4 -159.3 -385.4 -694.1
1481 DK 14.1 126.7 289.4 -150.0 -377.2 -687.4
1482 Fnatic.eu 14.8 127.6 290.6 -154.0 -381.2 -691.4
1483 Sigma.int 10.8 123.6 286.6 -143.0 -368.8 -679.8
1484 DK 12.7 125.8 289.1 -147.0 -372.8 -683.8
1485 EG 8.7 121.8 285.1 -139.7 -366.1 -677.4
1487 VG 10.8 124.2 287.8 -143.7 -370.1 -681.4
1488 Imp 12.6 126.2 290.3 -147.7 -374.1 -685.4
1489 Na'Vi 14.3 127.9 292.2 -151.7 -378.1 -689.4
1490 EG 15.1 128.9 293.3 -155.7 -382.1 -693.4
1492 Alliance 16.4 130.3 294.8 -159.7 -386.1 -697.4
1493 Sigma.int 12.4 126.3 290.8 -154.8 -380.5 -691.8
1494 Na'Vi 13.0 127.0 291.6 -158.8 -384.5 -695.8
1495 DK 14.1 128.3 293.1 -162.8 -388.5 -699.8
1496 Sigma.int 16.0 130.6 295.8 -166.8 -392.5 -703.8
1497 Speed 12.0 126.6 291.8 -153.2 -380.6 -692.9
1498 Fnatic.eu 8.0 122.6 287.8 -137.1 -365.1 -678.2
1499 DK 8.8 123.6 288.8 -141.1 -369.1 -682.2
1500 Speed 9.5 124.5 290.0 -145.1 -373.1 -686.2
1501 Liquid 5.5 120.5 286.0 -131.7 -360.0 -674.4
1503 Speed 8.0 122.6 288.4 -135.7 -364.0 -678.4
1506 Liquid 9.3 124.0 289.9 -139.7 -368.0 -682.4
1507 DK 11.0 125.7 291.6 -143.7 -372.0 -686.4
1508 Alliance 11.6 126.5 292.4 -147.7 -376.0 -690.4
1510 Na'Vi 13.1 128.1 294.2 -151.7 -380.0 -694.4
1511 Sigma.int 13.6 128.8 294.9 -155.7 -384.0 -698.4
1512 Alliance 14.5 129.8 296.1 -159.7 -388.0 -702.4
1513 DK 14.8 130.3 296.7 -163.7 -392.0 -706.4
1514 Fnatic.eu 10.8 126.3 292.7 -157.8 -386.2 -700.5
1515 Speed 6.8 122.3 288.7 -146.8 -375.4 -690.7
1518 Speed 2.8 118.3 284.7 -137.1 -367.0 -683.1
1519 Orange 6.1 120.9 287.3 -141.1 -371.0 -687.1
1520 Titan 8.7 123.4 289.9 -145.1 -375.0 -691.1
1521 Next.kz 10.5 125.5 292.4 -149.1 -379.0 -695.1
1522 Next.kz 6.5 121.5 288.4 -142.7 -372.8 -689.5
1523 SSD 2.5 117.5 284.4 -129.3 -359.5 -678.2
1524 Aspera 3.9 119.3 286.4 -133.3 -363.5 -682.2
1525 mouz 6.7 122.0 289.2 -137.3 -367.5 -686.2
1526 TongFu3 9.1 124.5 292.0 -141.3 -371.5 -690.2
1527 VP 10.2 125.9 293.6 -145.3 -375.5 -694.2
1528 TongFu 10.9 126.7 294.6 -149.3 -379.5 -698.2
1529 LGD.int 11.5 127.5 295.6 -153.3 -383.5 -702.2
1530 Empire 13.0 129.2 297.5 -157.3 -387.5 -706.2
1531 Aspera 14.4 130.7 299.2 -161.3 -391.5 -710.2
1533 OsG 10.4 126.7 295.2 -148.1 -379.0 -699.9
1534 Poseidon 12.3 128.6 297.3 -152.1 -383.0 -703.9
1535 Venum 14.3 131.1 300.1 -156.1 -387.0 -707.9
1537 FL 10.3 127.1 296.1 -146.3 -375.8 -698.3
1538 NoX 6.3 123.1 292.1 -138.8 -367.4 -690.5
1539 Next.kz 9.0 125.4 294.5 -142.8 -371.4 -694.5
1540 Next.kz 11.6 128.1 297.5 -146.8 -375.4 -698.5
1541 PR 7.6 124.1 293.5 -140.1 -369.3 -693.0
1542 rox.KIS 9.9 126.6 296.4 -144.1 -373.3 -697.0
1543 Fnatic.eu 12.5 129.0 298.9 -148.1 -377.3 -701.0
1544 SSD 14.2 130.9 301.0 -152.1 -381.3 -705.0
1545 LGD.cn 15.7 132.7 303.2 -156.1 -385.3 -709.0
1546 iG 16.9 134.1 304.9 -160.1 -389.3 -713.0
1547 Fnatic.eu 12.9 130.1 300.9 -150.2 -379.1 -703.4
1548 Na'Vi 14.5 131.7 302.7 -154.2 -383.1 -707.4
1549 VG 15.1 132.6 303.9 -158.2 -387.1 -711.4
1550 DK 15.8 133.4 304.9 -162.2 -391.1 -715.4
1553 Fnatic.eu 11.8 129.4 300.9 -152.9 -382.3 -707.8
1554 Alliance 13.7 131.2 302.8 -156.9 -386.3 -711.8
1557 LGD.int 9.7 127.2 298.8 -148.2 -376.8 -703.3
1558 FD 5.7 123.2 294.8 -142.6 -371.8 -698.6
1560 EOT 7.7 125.2 297.0 -146.6 -375.8 -702.6
1561 Na'Vi 10.4 127.7 299.6 -150.6 -379.8 -706.6
1562 VG 6.4 123.7 295.6 -143.6 -370.1 -697.5
1565 NSG 2.4 119.7 291.6 -138.9 -364.2 -691.6
1568 Next.kz 3.6 121.2 293.3 -142.9 -368.2 -695.6
1569 Next.kz -0.4 117.2 289.3 -136.8 -361.4 -689.3
1571 PR 2.4 119.9 292.1 -140.8 -365.4 -693.3
1572 Fnatic.eu 3.8 121.2 293.5 -144.8 -369.4 -697.3
1573 iG 5.6 123.1 295.8 -148.8 -373.4 -701.3
1574 DK 6.7 124.3 297.1 -152.8 -377.4 -705.3
1576 5inQ 8.2 126.2 299.4 -156.8 -381.4 -709.3
1578 VG 4.2 122.2 295.4 -147.6 -372.5 -701.0
1579 DK 5.3 123.7 297.1 -151.6 -376.5 -705.0
1580 Alliance 6.4 125.0 298.6 -155.6 -380.5 -709.0
1582 PR 7.8 126.3 300.0 -159.6 -384.5 -713.0
1583 Sigma.int 9.2 128.0 302.0 -163.6 -388.5 -717.0
1584 SSD 11.6 130.8 304.9 -167.6 -392.5 -721.0
1585 Fnatic.eu 12.5 131.8 306.1 -171.6 -396.5 -725.0
1586 Fnatic.eu 8.5 127.8 302.1 -162.0 -387.1 -715.7
1587 Idol 10.0 129.6 304.4 -166.0 -391.1 -719.7
1589 FD 11.0 130.7 305.7 -170.0 -395.1 -723.7
1590 Orange 11.8 131.7 307.0 -174.0 -399.1 -727.7
1593 FD 12.5 132.7 308.3 -178.0 -403.1 -731.7
1594 FD 8.5 128.7 304.3 -169.2 -393.1 -722.5
1595 Idol 4.5 124.7 300.3 -163.1 -385.2 -714.4
1597 Empire 6.3 126.5 302.1 -167.1 -389.2 -718.4
1598 Alliance 7.2 127.5 303.2 -171.1 -393.2 -722.4
1599 OsG 3.2 123.5 299.2 -162.3 -385.4 -715.3
1600 TR -0.8 119.5 295.2 -151.4 -377.0 -708.2
1602 VP 0.9 121.4 297.2 -155.4 -381.0 -712.2
1603 Fnatic.eu 2.4 122.9 298.7 -159.4 -385.0 -716.2
1604 Sigma.int -1.6 118.9 294.7 -149.0 -374.2 -706.1
1605 VG 0.8 121.8 297.9 -153.0 -378.2 -710.1
1607 Idol 1.8 123.2 299.6 -157.0 -382.2 -714.1
1608 VP -2.2 119.2 295.6 -147.1 -373.3 -706.6
1611 Sigma.int -1.2 120.5 297.1 -151.1 -377.3 -710.6
1612 Fnatic.eu 0.7 122.4 299.3 -155.1 -381.3 -714.6
1613 Fnatic.eu 2.1 123.8 300.9 -159.1 -385.3 -718.6
1614 Alliance 2.7 124.6 301.8 -163.1 -389.3 -722.6
1615 Speed 5.6 127.4 304.9 -167.1 -393.3 -726.6
1617 Siltherin 7.6 129.7 307.5 -171.1 -397.3 -730.6
1618 FD 9.2 131.4 309.6 -175.1 -401.3 -734.6
1619 XctN 11.5 134.0 312.4 -179.1 -405.3 -738.6
1620 VP 13.0 135.4 314.0 -183.1 -409.3 -742.6
1622 Aspera 9.0 131.4 310.0 -177.0 -402.9 -736.6
1623 SSD 10.9 133.3 312.0 -181.0 -406.9 -740.6
1624 PR 12.5 135.1 314.0 -185.0 -410.9 -744.6
1625 Idol 8.5 131.1 310.0 -175.9 -402.1 -736.9
1626 FD 9.4 132.3 311.4 -179.9 -406.1 -740.9
1627 MVP 11.4 134.0 313.2 -183.9 -410.1 -744.9
1628 Alliance 12.1 134.7 314.1 -187.9 -414.1 -748.9
1629 Fnatic.eu 12.6 135.3 314.9 -191.9 -418.1 -752.9
1630 Na'Vi 15.2 137.6 317.4 -195.9 -422.1 -756.9
1631 VG 15.7 138.3 318.4 -199.9 -426.1 -760.9
1632 Fnatic.eu 11.7 134.3 314.4 -194.2 -420.3 -755.1
1634 Alliance 12.4 135.2 315.4 -198.2 -424.3 -759.1
1635 VG 8.4 131.2 311.4 -193.1 -417.1 -751.4
1636 Sigma.int 9.1 132.0 312.5 -197.1 -421.1 -755.4
1637 Na'Vi 11.0 133.8 314.4 -201.1 -425.1 -759.4
1639 Fnatic.eu 7.0 129.8 310.4 -195.3 -419.3 -754.2
1641 RRQ 3.0 125.8 306.4 -186.1 -409.3 -744.6
1642 MiTH 4.7 127.9 308.6 -190.1 -413.3 -748.6
1643 VG 7.1 131.0 312.0 -194.1 -417.3 -752.6
1644 iG 3.1 127.0 308.0 -188.1 -411.8 -747.3
1645 RRQ 5.5 129.3 310.4 -192.1 -415.8 -751.3
1647 MiTH 1.5 125.3 306.4 -186.4 -410.6 -746.8
1648 Poseidon -2.5 121.3 302.4 -178.0 -402.2 -738.7
1650 VP -0.6 123.5 304.6 -182.0 -406.2 -742.7
1651 rox.KIS 1.1 125.2 306.5 -186.0 -410.2 -746.7
1652 PR 2.2 126.5 308.0 -190.0 -414.2 -750.7
1653 mouz 3.8 128.1 309.8 -194.0 -418.2 -754.7
1654 MVP.P 4.8 129.5 311.4 -198.0 -422.2 -758.7
1655 RRQ 7.3 131.4 313.3 -202.0 -426.2 -762.7
1656 HR 3.3 127.4 309.3 -193.0 -415.6 -752.9
1657 RRQ 4.0 128.3 310.4 -197.0 -419.6 -756.9
1660 Poseidon -8.881784197e-16 124.3 306.4 -180.6 -405.0 -745.3
1661 Alliance 2.7 127.1 309.4 -184.6 -409.0 -749.3
1662 Fnatic.eu 3.5 128.1 310.6 -188.6 -413.0 -753.3
1664 DK 4.2 128.9 311.6 -192.6 -417.0 -757.3
1665 LGD.cn 4.8 129.6 312.6 -196.6 -421.0 -761.3
1666 Lowyat 0.8 125.6 308.6 -189.9 -415.3 -756.2
1667 Fnatic.eu 2.3 127.0 310.2 -193.9 -419.3 -760.2
1668 Duskbin 3.1 128.3 311.8 -197.9 -423.3 -764.2
1669 Neon -0.9 124.3 307.8 -189.2 -415.2 -757.2
1672 MiTH 1.0 126.2 309.9 -193.2 -419.2 -761.2
1674 Empire 2.2 127.5 311.3 -197.2 -423.2 -765.2
1676 TR -1.8 123.5 307.3 -183.0 -411.6 -755.4
1677 Na'Vi -0.6 124.7 308.8 -187.0 -415.6 -759.4
1678 Na'Vi 0.3 125.8 310.0 -191.0 -419.6 -763.4
1679 Speed 2.0 127.5 311.9 -195.0 -423.6 -767.4
1681 Mski 2.9 128.6 313.2 -199.0 -427.6 -771.4
1682 Lowyat 4.1 129.9 314.8 -203.0 -431.6 -775.4
1683 rox.KIS 5.4 131.5 316.7 -207.0 -435.6 -779.4
1684 Alliance 6.8 132.8 318.1 -211.0 -439.6 -783.4
1685 Alliance 7.3 133.4 318.8 -215.0 -443.6 -787.4
1686 Sigma.int 8.5 134.6 320.2 -219.0 -447.6 -791.4
1688 Fnatic.eu 9.9 136.0 321.7 -223.0 -451.6 -795.4
1689 iG 10.4 136.6 322.4 -227.0 -455.6 -799.4
1690 Mski 12.4 138.1 323.9 -231.0 -459.6 -803.4
1697 mouz 8.4 134.1 319.9 -214.1 -439.5 -783.3
1698 Alliance 9.9 135.4 321.3 -218.1 -443.5 -787.3
1699 OsG 5.9 131.4 317.3 -189.7 -417.2 -763.9
1701 TongFu 6.9 132.4 318.4 -193.7 -421.2 -767.9
1704 Alliance 9.6 135.1 321.3 -197.7 -425.2 -771.9
1705 Next.kz 11.3 137.0 323.5 -201.7 -429.2 -775.9
1706 Sigma.int 12.2 137.8 324.4 -205.7 -433.2 -779.9
1707 mouz 13.4 138.9 325.6 -209.7 -437.2 -783.9
1708 HR 14.5 140.2 327.2 -213.7 -441.2 -787.9
1709 iG 15.9 141.8 329.2 -217.7 -445.2 -791.9
1709 iG 17.3 143.4 331.2 -221.7 -449.2 -795.9
1710 Speed 13.3 139.4 327.2 -215.6 -443.0 -790.0
1710 Speed 9.3 135.4 323.2 -209.1 -436.5 -784.1
1711 Next.kz 10.1 136.4 324.4 -213.1 -440.5 -788.1
1711 Next.kz 10.8 137.3 325.4 -217.1 -444.5 -792.1
1712 VP 12.5 139.0 327.2 -221.1 -448.5 -796.1
1712 VP 14.4 140.6 328.9 -225.1 -452.5 -800.1
1713 Alliance 16.0 142.2 330.6 -229.1 -456.5 -804.1
1713 Sigma.int 17.8 143.6 332.3 -233.1 -460.5 -808.1
1714 rox.KIS 18.5 144.5 333.3 -237.1 -464.5 -812.1
1714 rox.KIS 19.4 145.4 334.5 -241.1 -468.5 -816.1
1715 Poseidon 15.4 141.4 330.5 -235.4 -463.1 -810.8
1716 rox.KIS 17.8 144.1 333.3 -239.4 -467.1 -814.8
1716 rox.KIS 20.4 146.7 336.2 -243.4 -471.1 -818.8
1718 Fnatic.eu 16.4 142.7 332.2 -237.0 -464.2 -813.0
1718 Fnatic.eu 12.4 138.7 328.2 -230.1 -457.6 -807.2
1719 HR 14.2 140.2 329.8 -234.1 -461.6 -811.2
1719 HR 16.0 141.7 331.4 -238.1 -465.6 -815.2
1720 Mski 16.9 142.7 332.5 -242.1 -469.6 -819.2
1721 Lowyat 18.0 143.7 334.0 -246.1 -473.6 -823.2
1722 Mski 18.8 144.5 335.0 -250.1 -477.6 -827.2
1723 Mski 20.5 146.1 336.6 -254.1 -481.6 -831.2
1724 LGD.cn 22.1 147.8 338.5 -258.1 -485.6 -835.2
1725 VG 23.2 149.0 339.9 -262.1 -489.6 -839.2
1726 Lowyat 24.2 150.0 341.1 -266.1 -493.6 -843.2
1727 Mski 25.0 150.9 342.0 -270.1 -497.6 -847.2
1728 sQreen 21.0 146.9 338.0 -257.9 -485.1 -836.2
1730 rox.KIS 22.0 148.3 339.5 -261.9 -489.1 -840.2
1731 Empire 18.0 144.3 335.5 -249.7 -476.2 -828.9
1732 rox.KIS 14.0 140.3 331.5 -243.8 -468.9 -821.6
1733 PR 10.0 136.3 327.5 -232.9 -458.4 -811.9
1735 Mski 10.8 137.1 328.5 -236.9 -462.4 -815.9
1736 Lowyat 6.8 133.1 324.5 -227.7 -453.4 -808.0
1737 MiTH 2.8 129.1 320.5 -222.8 -447.3 -802.2
1738 Lowyat 4.9 130.9 322.4 -226.8 -451.3 -806.2
1739 5inQ 0.9 126.9 318.4 -219.0 -443.5 -799.8
1740 LGD.cn -3.1 122.9 314.4 -212.6 -437.9 -795.0
1742 Na'Vi -1.6 124.9 316.6 -216.6 -441.9 -799.0
1743 Na'Vi 0.1 127.0 319.0 -220.6 -445.9 -803.0
1744 Sigma.int 1.1 128.3 320.5 -224.6 -449.9 -807.0
1745 Na'Vi 1.8 129.2 321.6 -228.6 -453.9 -811.0
1746 Alliance 2.5 130.0 322.7 -232.6 -457.9 -815.0
1750 Alliance 3.2 130.8 323.7 -236.6 -461.9 -819.0
1751 Na'Vi 4.1 131.8 324.9 -240.6 -465.9 -823.0
1753 Na'Vi 5.4 133.2 326.5 -244.6 -469.9 -827.0
1754 TR 1.4 129.2 322.5 -231.7 -458.5 -817.3
1755 SSD 2.5 130.6 324.2 -235.7 -462.5 -821.3
1756 TongFu -1.5 126.6 320.2 -227.9 -455.6 -815.6
1758 DK 0.1 128.4 322.3 -231.9 -459.6 -819.6
1760 Duskbin -3.9 124.4 318.3 -222.4 -449.0 -809.7
1761 Mski -2.9 125.7 319.7 -226.4 -453.0 -813.7
1762 TR -6.9 121.7 315.7 -217.0 -444.7 -806.5
1763 rox.KIS -6.0 122.7 316.9 -221.0 -448.7 -810.5
1764 Na'Vi -4.9 123.8 318.2 -225.0 -452.7 -814.5
1767 rox.KIS -2.2 126.9 321.7 -229.0 -456.7 -818.5
1768 QPandas -6.2 122.9 317.7 -218.6 -446.9 -810.0
1769 XctN -10.2 118.9 313.7 -213.6 -441.2 -804.5
1770 5inQ -8.5 121.5 316.7 -217.6 -445.2 -808.5
1771 VG -7.6 122.7 318.3 -221.6 -449.2 -812.5
1773 FD -5.5 124.5 320.3 -225.6 -453.2 -816.5
1774 Idol -4.5 126.0 322.2 -229.6 -457.2 -820.5
1776 Fnatic.eu -3.4 127.2 323.6 -233.6 -461.2 -824.5
1777 PR -1.9 128.8 325.4 -237.6 -465.2 -828.5
1778 FSid3 -5.9 124.8 321.4 -231.6 -458.6 -822.0
1779 Fnatic.eu -4.1 126.3 323.0 -235.6 -462.6 -826.0
1780 Titan -2.7 127.9 324.8 -239.6 -466.6 -830.0
1781 FD -1.0 129.8 326.9 -243.6 -470.6 -834.0
1783 Titan -6.66133814775e-16 130.8 328.2 -247.6 -474.6 -838.0
1784 LGD.cn 1.6 132.4 330.2 -251.6 -478.6 -842.0
1785 Fnatic.eu 2.7 133.6 331.5 -255.6 -482.6 -846.0
1786 Fnatic.eu 4.1 135.0 333.0 -259.6 -486.6 -850.0
1787 Sigma.int 6.6 137.5 335.6 -263.6 -490.6 -854.0
1788 Sigma.int 7.2 138.2 336.5 -267.6 -494.6 -858.0
1789 Na'Vi 10.1 140.9 339.3 -271.6 -498.6 -862.0
1790 Na'Vi 11.1 141.8 340.3 -275.6 -502.6 -866.0
1791 Revenge 7.1 137.8 336.3 -266.2 -491.1 -854.4
1792 Empire 3.1 133.8 332.3 -258.3 -483.4 -847.5
1793 Fnatic.eu 4.4 135.1 333.8 -262.3 -487.4 -851.5
1794 Mski 0.4 131.1 329.8 -257.2 -481.8 -846.2
1795 Empire 2.0 132.9 331.6 -261.2 -485.8 -850.2
1796 Titan 4.5 135.6 334.2 -265.2 -489.8 -854.2
1797 TR 0.5 131.6 330.2 -255.8 -480.0 -844.7
1798 OsG 2.8 134.3 333.0 -259.8 -484.0 -848.7
1799 VP -1.2 130.3 329.0 -251.1 -477.3 -842.9
1800 Empire 0.4 131.9 330.8 -255.1 -481.3 -846.9
1801 Na'Vi 2.1 133.3 332.4 -259.1 -485.3 -850.9
1802 PR -1.9 129.3 328.4 -246.0 -469.4 -836.1
1803 Sigma.int -0.7 130.7 329.9 -250.0 -473.4 -840.1
1804 DK -0.3 131.3 330.6 -254.0 -477.4 -844.1
1805 VG 0.3 132.0 331.5 -258.0 -481.4 -848.1
1806 DT 2.0 133.6 333.3 -262.0 -485.4 -852.1
1807 LGD.cn 2.5 134.2 334.1 -266.0 -489.4 -856.1
1808 iG 2.9 134.8 334.9 -270.0 -493.4 -860.1
1809 Titan 4.1 135.9 336.2 -274.0 -497.4 -864.1
1811 TongFu 5.0 136.8 337.3 -278.0 -501.4 -868.1
1813 DK 7.3 139.3 340.0 -282.0 -505.4 -872.1
1814 LGD.cn 7.8 140.0 340.9 -286.0 -509.4 -876.1
1815 iG 8.7 141.4 342.6 -290.0 -513.4 -880.1
1817 Mski 9.9 142.6 344.0 -294.0 -517.4 -884.1
1818 FD 12.1 144.7 346.1 -298.0 -521.4 -888.1
1819 rox.KIS 14.5 147.0 348.6 -302.0 -525.4 -892.1
1820 Empire 15.4 147.9 349.7 -306.0 -529.4 -896.1
1821 QPandas 11.4 143.9 345.7 -295.2 -518.4 -886.5
1822 Fnatic.eu 11.9 144.5 346.4 -299.2 -522.4 -890.5
1823 SSD 13.6 146.1 348.1 -303.2 -526.4 -894.5
1825 DK 15.2 147.9 350.2 -307.2 -530.4 -898.5
1826 Titan 16.2 148.9 351.3 -311.2 -534.4 -902.5
1827 MVP.P 17.1 150.1 352.7 -315.2 -538.4 -906.5
1828 TongFu 13.1 146.1 348.7 -300.8 -527.2 -896.7
1829 Sigma.int 14.4 147.8 350.7 -304.8 -531.2 -900.7
1830 mouz 16.6 150.0 352.9 -308.8 -535.2 -904.7
1831 rox.KIS 12.6 146.0 348.9 -299.8 -527.7 -897.7
1833 Fnatic.eu 14.1 147.4 350.3 -303.8 -531.7 -901.7
1836 DK 15.5 149.0 352.1 -307.8 -535.7 -905.7
1837 Titan 17.1 150.5 353.8 -311.8 -539.7 -909.7
1838 Titan 13.1 146.5 349.8 -305.5 -533.0 -903.2
1839 Sigma.int 9.1 142.5 345.8 -296.7 -524.5 -895.3
1840 PR 5.1 138.5 341.8 -284.5 -513.2 -884.8
1841 SSD 6.9 140.5 344.0 -288.5 -517.2 -888.8
1842 DK 8.2 142.1 345.8 -292.5 -521.2 -892.8
1843 iG 10.2 144.5 348.4 -296.5 -525.2 -896.8
1844 VG 6.2 140.5 344.4 -290.7 -520.2 -892.1
1845 DK 8.1 142.7 345.6 -294.7 -524.2 -896.1
1846 DK 9.0 143.8 346.2 -298.7 -528.2 -900.1
1847 DK 9.8 144.9 347.5 -302.7 -532.2 -904.1
1848 TongFu 11.5 147.0 349.9 -306.7 -536.2 -908.1
1849 PBS 13.2 149.2 352.5 -310.7 -540.2 -912.1
1850 rox.KIS 14.5 150.8 353.3 -314.7 -544.2 -916.1
1851 Alliance 15.2 151.7 353.9 -318.7 -548.2 -920.1
1852 SSD 16.9 153.3 355.6 -322.7 -552.2 -924.1
1853 Alliance 17.9 154.1 356.5 -326.7 -556.2 -928.1
1854 SSD 13.9 150.1 352.5 -319.8 -548.0 -920.3
1857 iG 14.6 151.0 353.6 -323.8 -552.0 -924.3
1858 Empire 16.9 153.7 355.0 -327.8 -556.0 -928.3
1860 Fnatic.eu 17.5 154.5 355.9 -331.8 -560.0 -932.3
1861 Sigma.int 18.5 155.7 357.4 -335.8 -564.0 -936.3
1862 Next.kz 14.5 151.7 353.4 -324.9 -553.4 -926.5
1863 Fnatic.eu 15.7 153.0 354.4 -328.9 -557.4 -930.5
1864 Revenge 18.0 155.5 357.2 -332.9 -561.4 -934.5
1865 TongFu 18.8 156.5 358.4 -336.9 -565.4 -938.5
1866 Sigma.int 20.7 158.8 360.0 -340.9 -569.4 -942.5
1867 Fnatic.eu 21.6 159.8 360.7 -344.9 -573.4 -946.5
1868 Na'Vi 22.3 160.6 361.2 -348.9 -577.4 -950.5
1869 FSid3 18.3 156.6 357.2 -341.1 -569.9 -944.2
1870 FSid3 14.3 152.6 353.2 -331.4 -558.4 -932.9
1871 Relax 16.0 154.4 355.4 -335.4 -562.4 -936.9
1873 PBS 12.0 150.4 351.4 -329.1 -555.8 -933.4
1874 Revenge 13.4 152.0 352.4 -333.1 -559.8 -937.4
1875 iG 15.0 153.7 354.3 -337.1 -563.8 -941.4
1876 GB 16.8 155.6 356.5 -341.1 -567.8 -945.4
1877 FD 18.4 157.3 357.8 -345.1 -571.8 -949.4
1878 Invasion 14.4 153.3 353.8 -333.5 -561.4 -935.5
1879 Orange 15.2 154.2 354.8 -337.5 -565.4 -939.5
1880 VG 11.2 150.2 350.8 -330.9 -558.0 -932.4
1881 LGD.cn 14.5 154.0 352.7 -334.9 -562.0 -936.4
1883 iG 10.5 150.0 348.7 -326.5 -554.5 -926.7
1885 Mski 11.7 151.1 349.9 -330.5 -558.5 -930.7
1886 Invasion 13.0 152.5 350.9 -334.5 -562.5 -934.7
1887 Lowyat 14.3 153.9 352.3 -338.5 -566.5 -938.7
1889 Fnatic.eu 10.3 149.9 348.3 -321.3 -553.4 -926.9
1890 LGD.cn 6.3 145.9 344.3 -314.8 -547.5 -921.4
1892 nAra 2.3 141.9 340.3 -307.0 -540.7 -913.0
1893 Mski 3.5 143.3 341.0 -311.0 -544.7 -917.0
1894 Spirit -0.5 139.3 337.0 -298.5 -533.2 -900.7
1895 Fnatic.eu -4.5 135.3 333.0 -293.9 -529.3 -892.0
1896 XctN -8.5 131.3 329.0 -288.5 -523.4 -886.5
1897 Idol -12.5 127.3 325.0 -282.6 -517.4 -880.8
1898 Titan -11.2 129.0 325.8 -286.6 -521.4 -884.8
1899 LGD.cn -8.7 131.6 327.8 -290.6 -525.4 -888.8
1900 PBS -6.5 134.0 330.4 -294.6 -529.4 -892.8
1903 Titan -4.5 136.4 331.7 -298.6 -533.4 -896.8
1904 Mastery -8.5 132.4 327.7 -292.1 -527.1 -889.3
1905 Swage -12.5 128.4 323.7 -284.5 -520.4 -883.3
1906 5inQ -11.4 130.1 325.7 -288.5 -524.4 -887.3
1907 EOT -8.5 133.4 328.0 -292.5 -528.4 -891.3
1908 Sigma.int -12.5 129.4 324.0 -287.6 -523.0 -885.7
1909 Mski -9.4 133.0 326.7 -291.6 -527.0 -889.7
1910 FD -7.5 135.2 328.2 -295.6 -531.0 -893.7
1911 Titan -6.4 136.5 329.2 -299.6 -535.0 -897.7
1912 Orange -4.3 138.5 331.2 -303.6 -539.0 -901.7
1913 rox.KIS -2.9 140.1 332.5 -307.6 -543.0 -905.7
1914 rox.KIS -1.1 141.9 334.5 -311.6 -547.0 -909.7
1916 rox.KIS 0.2 143.3 336.0 -315.6 -551.0 -913.7
1917 Orange 2.2 144.9 337.7 -319.6 -555.0 -917.7
1918 Orange 4.3 146.8 339.6 -323.6 -559.0 -921.7
1920 Mski 0.3 142.8 335.6 -315.3 -552.5 -915.7
1921 VP 2.8 145.2 337.9 -319.3 -556.5 -919.7
1923 VP 4.3 146.9 339.7 -323.3 -560.5 -923.7
1924 Sigma.int 6.6 149.6 341.4 -327.3 -564.5 -927.7
1925 PR 8.3 151.2 342.8 -331.3 -568.5 -931.7
1926 PR 10.9 153.3 345.0 -335.3 -572.5 -935.7
1927 Titan 12.5 155.1 346.2 -339.3 -576.5 -939.7
1928 Zephyr 13.5 156.6 348.0 -343.3 -580.5 -943.7
1929 MVP 14.8 158.1 349.8 -347.3 -584.5 -947.7
1930 Alliance 16.9 160.2 352.2 -351.3 -588.5 -951.7
1931 Swage 12.9 156.2 348.2 -343.3 -581.2 -945.1
1933 Alliance 15.1 158.4 350.6 -347.3 -585.2 -949.1
1934 Sigma.int 11.1 154.4 346.6 -336.3 -573.8 -938.5
1935 EOT.Ham. 7.1 150.4 342.6 -320.8 -563.8 -930.4
1936 Alliance 8.9 152.4 344.3 -324.8 -567.8 -934.4
1937 Na'Vi 10.7 154.4 346.5 -328.8 -571.8 -938.4
1938 DK 13.2 157.1 349.4 -332.8 -575.8 -942.4
1939 Na'Vi 14.9 159.0 350.8 -336.8 -579.8 -946.4
1941 Zephyr 17.0 161.6 352.0 -340.8 -583.8 -950.4
1943 PR 18.9 163.5 354.2 -344.8 -587.8 -954.4
1944 VP 20.8 165.6 355.7 -348.8 -591.8 -958.4
1945 rox.KIS 21.9 166.9 356.5 -352.8 -595.8 -962.4
1946 PR 17.9 162.9 352.5 -346.2 -588.7 -955.8
1947 Relax 13.9 158.9 348.5 -339.2 -581.8 -949.7
1948 Empire 14.9 160.0 349.9 -343.2 -585.8 -953.7
1949 EOT.Ham. 10.9 156.0 345.9 -332.3 -576.5 -945.7
1951 Empire 12.1 157.5 346.7 -336.3 -580.5 -949.7
1953 Fnatic.eu 13.1 158.7 347.7 -340.3 -584.5 -953.7
1954 Empire 14.0 159.7 348.9 -344.3 -588.5 -957.7
1955 Life 16.8 163.2 350.6 -348.3 -592.5 -961.7
1956 rox.KIS 18.4 164.6 352.1 -352.3 -596.5 -965.7
1960 Empire 20.1 166.4 354.3 -356.3 -600.5 -969.7
1961 Fnatic.eu 20.9 167.3 354.9 -360.3 -604.5 -973.7
1962 Fnatic.eu 23.2 169.7 357.3 -364.3 -608.5 -977.7
1963 Life 19.2 165.7 353.3 -354.9 -598.9 -970.8
1964 Fnatic.eu 20.3 167.1 354.1 -358.9 -602.9 -974.8
1965 Relax 22.0 169.1 355.7 -362.9 -606.9 -978.8
1967 Liquid 23.4 170.2 357.0 -366.9 -610.9 -982.8
1968 Denial 25.7 172.8 359.9 -370.9 -614.9 -986.8
1970 hehe 27.8 174.9 361.8 -374.9 -618.9 -990.8
1971 Relax 23.8 170.9 357.8 -360.2 -606.1 -980.0
1972 PR 19.8 166.9 353.8 -350.2 -597.6 -964.5
1973 Sigma.int 21.0 168.5 354.6 -354.2 -601.6 -968.5
1975 Fnatic.eu 21.7 169.3 355.0 -358.2 -605.6 -972.5
1976 Relax 17.7 165.3 351.0 -353.0 -600.8 -965.5
1978 eHug 20.6 168.7 352.5 -357.0 -604.8 -969.5
1979 Empire 22.9 171.5 355.6 -361.0 -608.8 -973.5
1981 Liquid 23.8 172.7 357.1 -365.0 -612.8 -977.5
1982 Speed 24.8 173.9 358.0 -369.0 -616.8 -981.5
1983 SADBOYS 20.8 169.9 354.0 -361.9 -608.2 -972.9
1984 Empire 21.7 170.9 354.8 -365.9 -612.2 -976.9
1985 SADBOYS 17.7 166.9 350.8 -356.1 -603.5 -966.6
1986 eHug 13.7 162.9 346.8 -350.0 -597.4 -960.7
1987 Empire 9.7 158.9 342.8 -343.7 -591.9 -952.7
1988 Liquid 5.7 154.9 338.8 -336.2 -585.3 -946.1
1991 PR 7.7 157.0 341.0 -340.2 -589.3 -950.1
1992 Speed 8.6 158.1 342.4 -344.2 -593.3 -954.1
1995 SADBOYS 10.1 160.1 344.9 -348.2 -597.3 -958.1
1996 TR 6.1 156.1 340.9 -340.2 -589.8 -951.2
2001 Speed 7.0 157.4 342.4 -344.2 -593.8 -955.2
2002 Swage 9.9 160.5 344.0 -348.2 -597.8 -959.2
2003 Empire 5.9 156.5 340.0 -342.0 -592.4 -950.7
2004 Empire 8.8 159.4 343.4 -346.0 -596.4 -954.7
2005 5inQ 11.4 162.3 344.9 -350.0 -600.4 -958.7
2008 SADBOYS 7.4 158.3 340.9 -342.7 -593.3 -951.6
2009 Fnatic.eu 8.9 160.0 342.2 -346.7 -597.3 -955.6
2010 Na'Vi 10.4 161.6 343.8 -350.7 -601.3 -959.6
2013 Empire 12.7 163.9 346.1 -354.7 -605.3 -963.6
2014 Speed 13.9 165.2 347.0 -358.7 -609.3 -967.6
2015 Speed 14.7 166.1 348.2 -362.7 -613.3 -971.6
2016 Revenge 16.6 168.1 350.3 -366.7 -617.3 -975.6
2018 Fnatic.eu 12.6 164.1 346.3 -357.8 -607.8 -966.8
2019 Na'Vi 14.0 165.5 347.9 -361.8 -611.8 -970.8
2020 PR 15.8 167.4 349.9 -365.8 -615.8 -974.8
2022 Liquid 16.7 168.4 350.5 -369.8 -619.8 -978.8
2023 SADBOYS 17.4 169.3 351.6 -373.8 -623.8 -982.8
2024 SADBOYS 18.8 170.8 352.3 -377.8 -627.8 -986.8
2025 D4D 21.9 174.0 354.6 -381.8 -631.8 -990.8
2026 Execration 23.9 176.3 357.2 -385.8 -635.8 -994.8
2028 Next.kz 19.9 172.3 353.2 -377.4 -628.2 -987.8
2029 Empire 21.0 173.6 353.9 -381.4 -632.2 -991.8
2031 Sigma.int 17.0 169.6 349.9 -375.0 -625.7 -985.2
2032 Liquid 17.9 170.6 351.0 -379.0 -629.7 -989.2
2033 eHug 13.9 166.6 347.0 -372.5 -623.0 -982.6
2034 Denial 9.9 162.6 343.0 -362.2 -613.1 -972.2
2035 SADBOYS 10.9 163.7 343.6 -366.2 -617.1 -976.2
2039 Speed 6.9 159.7 339.6 -359.8 -610.7 -969.7
2043 Liquid 9.4 162.3 340.9 -363.8 -614.7 -973.7
2044 Arrow 11.7 165.1 342.3 -367.8 -618.7 -977.7
2047 Empire 13.4 167.1 343.6 -371.8 -622.7 -981.7
2048 Arrow 15.1 169.2 344.6 -375.8 -626.7 -985.7
2049 GL 17.2 171.5 346.2 -379.8 -630.7 -989.7
2051 Nullis 19.2 173.6 348.5 -383.8 -634.7 -993.7
2052 Nullis 15.2 169.6 344.5 -376.0 -627.6 -984.8
2053 SADBOYS 16.0 170.7 344.9 -380.0 -631.6 -988.8
2054 Empire 17.0 172.0 346.5 -384.0 -635.6 -992.8
2055 Na'Vi 18.0 173.2 347.2 -388.0 -639.6 -996.8
2056 bvd.dotA 19.5 174.9 349.3 -392.0 -643.6 -1000.8
2057 Aura 21.7 177.3 351.9 -396.0 -647.6 -1004.8
2058 Cloud9 22.6 178.6 352.3 -400.0 -651.6 -1008.8
2059 Empire 23.5 179.6 353.4 -404.0 -655.6 -1012.8
2061 rox.KIS 19.5 175.6 349.4 -388.4 -640.9 -999.7
2062 PR 15.5 171.6 345.4 -381.9 -634.7 -993.8
2064 Cloud9 16.5 172.8 346.9 -385.9 -638.7 -997.8
2066 Alliance 17.7 174.0 348.2 -389.9 -642.7 -1001.8
2067 Na'Vi 18.5 174.9 349.2 -393.9 -646.7 -1005.8
2068 Fnatic.eu 19.5 176.0 350.1 -397.9 -650.7 -1009.8
2069 VP 15.5 172.0 346.1 -391.6 -644.9 -1003.8
2070 rox.KIS 11.5 168.0 342.1 -384.5 -638.4 -994.1
2071 Cloud9 14.6 171.4 344.2 -388.5 -642.4 -998.1
2072 About 10.6 167.4 340.2 -381.1 -635.3 -990.4
2073 4FC 12.4 169.5 341.7 -385.1 -639.3 -994.4
2074 vhoul 8.4 165.5 337.7 -374.7 -629.6 -987.5
2075 Liquid 4.4 161.5 333.7 -367.5 -623.6 -978.4
2076 Courage 0.4 157.5 329.7 -354.7 -612.8 -956.3
2078 Empire 2.9 160.1 331.7 -358.7 -616.8 -960.3
2079 Empire 4.5 162.0 333.8 -362.7 -620.8 -964.3
2080 rox.KIS 0.5 158.0 329.8 -346.4 -604.9 -951.0
2082 rox.KIS 1.5 159.2 331.1 -350.4 -608.9 -955.0
2083 PR 2.4 160.2 332.2 -354.4 -612.9 -959.0
2086 PssT -1.6 156.2 328.2 -347.1 -607.1 -950.4
2087 Liquid -0.3 157.6 329.1 -351.1 -611.1 -954.4
2088 SADBOYS 2.8 161.3 331.5 -355.1 -615.1 -958.4
2089 SADBOYS 3.7 162.4 333.0 -359.1 -619.1 -962.4
2091 Zephyr 6.5 165.3 336.1 -363.1 -623.1 -966.4
2093 rox.KIS 8.3 167.2 337.3 -367.1 -627.1 -970.4
2094 Insane 4.3 163.2 333.3 -359.3 -620.1 -964.2
2095 Titan 5.7 164.9 333.9 -363.3 -624.1 -968.2
2096 neXt! 1.7 160.9 329.9 -357.5 -618.7 -963.8
2097 rox.KIS 3.1 162.5 330.7 -361.5 -622.7 -967.8
2098 Zephyr 4.2 163.6 332.1 -365.5 -626.7 -971.8
2099 rox.KIS 6.2 165.5 334.0 -369.5 -630.7 -975.8
2100 PR 7.6 167.0 335.2 -373.5 -634.7 -979.8
2101 ZR 10.7 170.6 337.3 -377.5 -638.7 -983.8
2102 MYM 12.3 172.3 339.2 -381.5 -642.7 -987.8
2104 Arrow 8.3 168.3 335.2 -372.5 -633.8 -979.9
2106 Panthers 10.8 171.0 338.3 -376.5 -637.8 -983.9
2112 DUZA 13.3 173.6 340.9 -380.5 -641.8 -987.9
2113 TCN 14.9 175.6 342.0 -384.5 -645.8 -991.9
2114 VP 17.6 178.6 345.2 -388.5 -649.8 -995.9
2115 Mongolz 13.6 174.6 341.2 -382.1 -643.0 -989.5
2117 Titan 15.7 177.1 342.7 -386.1 -647.0 -993.5
2119 Empire 16.4 178.0 343.2 -390.1 -651.0 -997.5
2121 Relax 17.5 179.3 344.3 -394.1 -655.0 -1001.5
2123 rox.KIS 18.4 180.4 345.0 -398.1 -659.0 -1005.5
2124 neXt! 14.4 176.4 341.0 -391.7 -652.1 -998.3
2126 ZR 16.6 178.7 343.1 -395.7 -656.1 -1002.3
2128 Alliance 18.2 180.4 344.7 -399.7 -660.1 -1006.3
2129 vhoul 20.7 183.1 346.5 -403.7 -664.1 -1010.3
2131 Titan 21.4 184.0 347.6 -407.7 -668.1 -1014.3
2132 Fnatic.eu 23.1 185.7 349.2 -411.7 -672.1 -1018.3
2133 Next.kz 19.1 181.7 345.2 -395.4 -657.3 -998.2
2135 rox.KIS 21.1 183.9 347.7 -399.4 -661.3 -1002.2
2136 Swage 22.8 185.8 349.5 -403.4 -665.3 -1006.2
2137 Revenge 24.5 187.6 350.7 -407.4 -669.3 -1010.2
2138 Liquid 25.5 188.7 351.4 -411.4 -673.3 -1014.2
2139 eHug 27.2 190.5 352.9 -415.4 -677.3 -1018.2
2140 PssT 23.2 186.5 348.9 -408.0 -669.3 -1010.9
2141 WWD 24.7 188.0 350.7 -412.0 -673.3 -1014.9
2143 MiTH 26.2 189.5 352.0 -416.0 -677.3 -1018.9
2146 Fnatic.eu 28.1 191.6 353.7 -420.0 -681.3 -1022.9
2147 Na'Vi 29.2 192.8 355.0 -424.0 -685.3 -1026.9
2148 PR 25.2 188.8 351.0 -412.0 -675.5 -1018.7
2149 Sigma.int 26.8 190.5 352.9 -416.0 -679.5 -1022.7
2152 Relax 22.8 186.5 348.9 -405.8 -669.8 -1013.0
2154 ZR 18.8 182.5 344.9 -400.1 -664.3 -1008.1
2155 MYM 20.5 184.1 346.8 -404.1 -668.3 -1012.1
2156 Cloud9 21.5 185.3 347.5 -408.1 -672.3 -1016.1
2158 Denial 17.5 181.3 343.5 -398.3 -663.0 -1004.1
2159 SADBOYS 18.2 182.2 344.6 -402.3 -667.0 -1008.1
2160 Dog 19.6 184.0 346.6 -406.3 -671.0 -1012.1
2161 Osiris 15.6 180.0 342.6 -398.5 -664.0 -1008.2
2162 Orange 16.5 181.1 343.8 -402.5 -668.0 -1012.2
2164 Puck 12.5 177.1 339.8 -396.2 -661.0 -1005.4
2165 TR 8.5 173.1 335.8 -382.1 -648.4 -985.9
2166 DUZA 4.5 169.1 331.8 -374.7 -641.4 -979.4
2167 Scythe 7.3 172.3 333.5 -378.7 -645.4 -983.4
2169 WWD 9.6 175.0 334.8 -382.7 -649.4 -987.4
2170 ZR 5.6 171.0 330.8 -373.6 -639.7 -978.5
2171 Relax 7.4 172.8 332.6 -377.6 -643.7 -982.5
2172 Na'Vi 8.5 174.1 333.4 -381.6 -647.7 -986.5
2175 Liquid 9.4 175.1 334.7 -385.6 -651.7 -990.5
2176 neXt! 5.4 171.1 330.7 -379.2 -645.9 -985.0
2177 Dog 6.8 172.9 333.1 -383.2 -649.9 -989.0
2178 VP 8.1 174.3 334.3 -387.2 -653.9 -993.0
2179 PR 10.5 176.9 336.1 -391.2 -657.9 -997.0
2180 Puck 6.5 172.9 332.1 -384.3 -651.8 -988.6
2181 MiT 2.5 168.9 328.1 -371.7 -639.5 -977.4
2182 MM 5.2 171.8 329.7 -375.7 -643.5 -981.4
2185 Scythe 6.5 173.5 330.2 -379.7 -647.5 -985.4
2186 RRQ 2.5 169.5 326.2 -374.0 -642.5 -977.6
2187 Titan 3.1 170.3 327.2 -378.0 -646.5 -981.6
2188 Everlast -0.9 166.3 323.2 -362.4 -634.0 -970.9
2189 Dignotoss -4.9 162.3 319.2 -357.6 -629.4 -964.9
2190 VP -3.7 163.4 320.4 -361.6 -633.4 -968.9
2191 Orange -1.6 165.5 322.5 -365.6 -637.4 -972.9
2192 PR -5.6 161.5 318.5 -358.7 -631.2 -967.7
2193 Na'Vi -3.7 163.2 320.2 -362.7 -635.2 -971.7
2194 Zephyr -1.0 166.0 322.5 -366.7 -639.2 -975.7
2197 Empire -0.2 167.0 323.8 -370.7 -643.2 -979.7
2200 Alliance 1.1 168.2 325.3 -374.7 -647.2 -983.7
2201 eN.Legs 3.3 170.4 327.5 -378.7 -651.2 -987.7
2202 neXt! 5.7 172.9 329.8 -382.7 -655.2 -991.7
2203 BIP 8.3 175.9 331.5 -386.7 -659.2 -995.7
2204 Osiris 4.3 171.9 327.5 -377.4 -649.6 -986.7
2210 Titan 5.0 172.8 328.6 -381.4 -653.6 -990.7
2213 Arrow 5.7 173.7 329.9 -385.4 -657.6 -994.7
2214 Orange 6.5 174.7 330.4 -389.4 -661.6 -998.7
2215 ADN 2.5 170.7 326.4 -380.3 -651.9 -991.9
2216 Alliance 4.0 172.4 328.1 -384.3 -655.9 -995.9
2218 VP -1.15463194561e-14 168.4 324.1 -374.8 -647.7 -988.2
2219 rox.KIS -4.0 164.4 320.1 -369.4 -642.5 -983.1
2225 Empire -8.0 160.4 316.1 -363.7 -635.1 -975.4
2226 Empire -12.0 156.4 312.1 -353.8 -625.2 -969.0
2228 Titan -11.3 157.2 312.5 -357.8 -629.2 -973.0
2229 Scythe -9.8 158.9 313.3 -361.8 -633.2 -977.0
2230 Orange -7.6 161.0 315.5 -365.8 -637.2 -981.0
2231 Arrow -5.6 163.4 317.2 -369.8 -641.2 -985.0
2233 CIS -2.9 166.4 319.9 -373.8 -645.2 -989.0
2234 5inQ -0.3 168.5 322.1 -377.8 -649.2 -993.0
2237 Execration 1.3 170.1 323.8 -381.8 -653.2 -997.0
2238 FD 2.8 171.8 325.3 -385.8 -657.2 -1001.0
2239 Orange -1.2 167.8 321.3 -373.7 -648.1 -993.2
2240 Spirit -5.2 163.8 317.3 -365.9 -640.3 -984.1
2241 hehe -9.2 159.8 313.3 -348.6 -625.3 -957.5
2242 PR -13.2 155.8 309.3 -338.4 -615.9 -944.0
2244 EG -11.6 157.8 310.2 -342.4 -619.9 -948.0
2245 MYM -8.8 160.8 313.5 -346.4 -623.9 -952.0
2247 Cloud9 -5.6 164.5 315.5 -350.4 -627.9 -956.0
2248 DT.NGC -3.9 166.5 317.9 -354.4 -631.9 -960.0
2249 Titan -2.8 167.7 319.3 -358.4 -635.9 -964.0
2251 Zephyr -1.5 169.1 321.0 -362.4 -639.9 -968.0
2252 FD 0.8 171.5 322.9 -366.4 -643.9 -972.0
2254 Fnatic.eu 3.7 174.5 326.1 -370.4 -647.9 -976.0
2255 rox.KIS 6.2 176.9 328.5 -374.4 -651.9 -980.0
2258 Arrow 2.2 172.9 324.5 -366.1 -645.1 -974.3
2259 VG 4.9 175.7 326.3 -370.1 -649.1 -978.3
2260 FL 6.4 177.4 327.3 -374.1 -653.1 -982.3
2261 CIS 2.4 173.4 323.3 -354.9 -639.3 -972.1
2262 Mski 4.4 175.6 325.0 -358.9 -643.3 -976.1
2263 Cloud9 6.6 178.2 327.9 -362.9 -647.3 -980.1
2269 Na'Vi 8.4 180.1 329.6 -366.9 -651.3 -984.1
2270 RRQ 4.4 176.1 325.6 -359.5 -644.0 -977.1
2271 Titan 6.2 178.0 327.4 -363.5 -648.0 -981.1
2273 VG 6.9 178.9 328.6 -367.5 -652.0 -985.1
2274 LGD.cn 8.8 181.2 329.9 -371.5 -656.0 -989.1
2275 Orange 9.5 181.9 330.6 -375.5 -660.0 -993.1
2277 FD 10.8 183.4 331.5 -379.5 -664.0 -997.1
2278 MiTH 11.9 184.5 332.9 -383.5 -668.0 -1001.1
2279 DUZA 13.4 186.1 334.2 -387.5 -672.0 -1005.1
2280 DK 14.0 186.8 335.1 -391.5 -676.0 -1009.1
2281 Titan 16.6 188.9 337.1 -395.5 -680.0 -1013.1
2282 iG 17.3 189.8 337.6 -399.5 -684.0 -1017.1
2283 Fnatic.eu 19.0 191.7 339.5 -403.5 -688.0 -1021.1
2284 Zephyr 20.3 193.1 340.8 -407.5 -692.0 -1025.1
2285 Na'Vi 21.4 194.2 342.0 -411.5 -696.0 -1029.1
2286 Cloud9 24.1 196.8 345.5 -415.5 -700.0 -1033.1
2288 EG 20.1 192.8 341.5 -406.0 -690.3 -1025.3
2289 DT.NGC 16.1 188.8 337.5 -395.5 -678.8 -1019.4
2290 Orange 12.1 184.8 333.5 -386.3 -670.4 -1011.6
2291 Na'Vi 14.5 187.2 336.6 -390.3 -674.4 -1015.6
2292 Na'Vi 16.0 188.6 338.1 -394.3 -678.4 -1019.6
2293 Alliance 17.1 189.9 339.0 -398.3 -682.4 -1023.6
2295 Arrow 18.1 191.1 340.3 -402.3 -686.4 -1027.6
