0 0 0.0 0.0 0.0 0.0 0.0 0.0
17 Turtle 2.6 2.5 2.8 -4.0 -4.0 -4.0
18 Na'Vi 3.4 3.6 4.3 -8.0 -8.0 -8.0
19 Empire 4.9 5.5 6.2 -12.0 -12.0 -12.0
23 mouz 5.7 6.4 7.4 -16.0 -16.0 -16.0
26 Empire 1.7 2.4 3.4 -5.6 -7.5 -8.2
28 Quantic -2.3 -1.6 -0.6 1.0 -0.4 -1.6
29 GU.pe -6.3 -5.6 -4.6 13.1 9.5 7.9
31 Liquid -4.6 -3.7 -2.5 9.1 5.5 3.9
32 Alliance -3.9 -2.6 -1.3 5.1 1.5 -0.1
34 EG -7.9 -6.6 -5.3 13.3 8.4 6.4
39 VP -11.9 -10.6 -9.3 19.2 14.5 11.9
40 Fnatic.eu -10.5 -8.6 -7.3 15.2 10.5 7.9
41 Empire -9.4 -7.3 -5.6 11.2 6.5 3.9
43 mouz -7.8 -5.4 -3.7 7.2 2.5 -0.1
44 Quantic -6.4 -3.5 -1.6 3.2 -1.5 -4.1
45 Quantic -4.4 -1.1 0.7 -0.8 -5.5 -8.1
48 VP -3.0 0.5 2.8 -4.8 -9.5 -12.1
49 Liquid -2.2 1.7 4.2 -8.8 -13.5 -16.1
50 3DMAX -6.2 -2.3 0.2 16.4 4.0 -1.1
51 Liquid -10.2 -6.3 -3.8 27.5 13.6 6.5
53 VP -14.2 -10.3 -7.8 38.1 22.3 14.6
57 Dignitas -12.5 -8.1 -5.4 34.1 18.3 10.6
58 Na'Vi -11.2 -6.5 -3.7 30.1 14.3 6.6
59 VP -15.2 -10.5 -7.7 41.5 23.2 14.9
60 Na'Vi -14.2 -9.3 -6.3 37.5 19.2 10.9
69 Dignitas -11.5 -6.5 -3.5 33.5 15.2 6.9
71 Liquid -10.1 -4.9 -1.6 29.5 11.2 2.9
73 Zenith -9.3 -3.9 -0.5 25.5 7.2 -1.1
74 Dignitas -13.3 -7.9 -4.5 32.2 13.3 5.0
75 Fnatic.eu -12.0 -6.4 -2.7 28.2 9.3 1.0
77 VnR.Alpha -9.4 -4.5 -8.881784197e-16 24.2 5.3 -3.0
80 Liquid -13.4 -8.5 -4.0 31.7 13.2 3.1
81 Neo.int -10.9 -6.5 -1.7 27.7 9.2 -0.9
82 Orange -14.9 -10.5 -5.7 35.4 16.8 6.3
89 Liquid -13.4 -8.8 -3.9 31.4 12.8 2.3
93 Na'Vi -11.8 -7.0 -1.9 27.4 8.8 -1.7
95 Na'Vi -10.1 -5.1 0.2 23.4 4.8 -5.7
96 Empire -7.9 -2.8 2.7 19.4 0.8 -9.7
98 Fnatic.eu -11.9 -6.8 -1.3 33.0 11.2 0.3
100 Liquid -9.8 -4.6 1.1 29.0 7.2 -3.7
104 PtD.Alpha -8.1 -2.7 3.1 25.0 3.2 -7.7
105 Liquid -5.4 -3.10862446895e-15 6.0 21.0 -0.8 -11.7
106 Dignitas -3.1 2.5 8.8 17.0 -4.8 -15.7
107 iM`Bashers -0.9 5.4 11.7 13.0 -8.8 -19.7
108 ASF.R5 0.5 7.1 13.4 9.0 -12.8 -23.7
110 Empire 1.9 8.7 15.0 5.0 -16.8 -27.7
111 Fnatic.eu 3.9 11.2 17.6 1.0 -20.8 -31.7
112 eN.Legs 4.8 12.7 19.1 -3.0 -24.8 -35.7
113 Fnatic.eu 6.4 14.4 21.4 -7.0 -28.8 -39.7
114 Fnatic.eu 2.4 10.4 17.4 -1.0 -23.2 -33.9
117 VP 3.7 11.9 19.1 -5.0 -27.2 -37.9
118 mouz -0.3 7.9 15.1 8.4 -15.4 -28.5
119 Fnatic.eu 1.0 9.6 17.0 4.4 -19.4 -32.5
121 eN.Legs 2.5 11.4 19.3 0.4 -23.4 -36.5
123 eLPride 3.7 12.9 21.0 -3.6 -27.4 -40.5
124 VP 4.7 14.2 22.5 -7.6 -31.4 -44.5
125 Empire 7.2 16.8 25.3 -11.6 -35.4 -48.5
126 rox.KIS 3.2 12.8 21.3 -4.4 -28.3 -42.5
128 ASF.R5 -0.8 8.8 17.3 5.5 -19.7 -35.1
130 Alliance -4.8 4.8 13.3 15.2 -11.6 -27.4
132 Alliance -8.8 0.8 9.3 23.8 -4.9 -20.9
135 Fnatic.eu -7.5 2.3 11.0 19.8 -8.9 -24.9
136 Alliance -6.6 3.4 12.3 15.8 -12.9 -28.9
138 TCM -10.6 -0.6 8.3 28.4 -1.6 -19.3
141 mouz -8.2 2.0 11.0 24.4 -5.6 -23.3
143 Na'Vi -7.1 3.4 12.6 20.4 -9.6 -27.3
146 Liquid -4.7 5.9 15.4 16.4 -13.6 -31.3
151 EG -8.7 1.9 11.4 25.9 -5.3 -23.3
153 Liquid -12.7 -2.1 7.4 32.7 2.2 -15.7
154 VP -10.2 0.3 9.8 28.7 -1.8 -19.7
155 iG -8.2 2.6 12.3 24.7 -5.8 -23.7
157 Fnatic.eu -5.9 4.9 14.6 20.7 -9.8 -27.7
159 VP -9.9 0.9 10.6 28.7 -2.7 -21.7
162 rox.KIS -8.0 2.8 12.6 24.7 -6.7 -25.7
163 Lounge -5.4 5.5 15.5 20.7 -10.7 -29.7
164 Dignitas -4.2 7.0 17.2 16.7 -14.7 -33.7
165 eN.Legs -2.4 8.9 19.5 12.7 -18.7 -37.7
166 Fnatic.eu -0.4 11.0 21.8 8.7 -22.7 -41.7
167 LGD.int 0.5 12.0 23.1 4.7 -26.7 -45.7
171 LGD.int 1.4 13.0 24.3 0.7 -30.7 -49.7
172 Liquid 3.0 14.6 26.0 -3.3 -34.7 -53.7
173 VP 5.0 16.9 28.5 -7.3 -38.7 -57.7
175 Na'Vi 6.0 18.1 30.1 -11.3 -42.7 -61.7
177 QPandas 2.0 14.1 26.1 2.0 -31.6 -52.3
179 Liquid -2.0 10.1 22.1 11.8 -22.8 -44.2
180 Empire -6.0 6.1 18.1 24.1 -13.2 -35.9
181 iCCup -10.0 2.1 14.1 39.7 -1.9 -26.0
182 Empire -7.6 4.8 17.0 35.7 -5.9 -30.0
183 Fnatic.eu -11.6 0.8 13.0 43.2 0.6 -23.7
185 LGD.int -10.3 2.3 14.7 39.2 -3.4 -27.7
186 Alliance -8.6 4.2 16.7 35.2 -7.4 -31.7
187 VP -12.6 0.2 12.7 42.2 -0.9 -25.8
189 Dignitas -16.6 -3.8 8.7 48.9 5.4 -20.0
194 Alliance -14.9 -1.9 10.7 44.9 1.4 -24.0
195 Dignitas -18.9 -5.9 6.7 50.5 7.7 -16.3
196 Orange -22.9 -9.9 2.7 59.7 16.3 -8.2
198 iG -21.6 -8.3 4.6 55.7 12.3 -12.2
202 Alliance -19.0 -5.6 7.4 51.7 8.3 -16.2
205 Fnatic.eu -23.0 -9.6 3.4 57.5 14.1 -10.5
206 LGD.cn -21.2 -7.8 5.3 53.5 10.1 -14.5
207 Alliance -19.4 -5.8 7.6 49.5 6.1 -18.5
208 iG -18.4 -4.5 9.2 45.5 2.1 -22.5
209 Liquid -16.8 -2.6 11.4 41.5 -1.9 -26.5
210 LGD.cn -13.9 -5.3290705182e-15 14.0 37.5 -5.9 -30.5
212 Dignitas -17.9 -4.0 10.0 43.6 0.3 -24.5
213 DK -21.9 -8.0 6.0 52.5 9.2 -16.0
215 Liquid -19.6 -5.5 8.5 48.5 5.2 -20.0
216 Liquid -23.6 -9.5 4.5 55.9 12.0 -13.3
218 Fnatic.eu -21.4 -7.4 6.7 51.9 8.0 -17.3
219 Dignitas -19.7 -5.6 8.7 47.9 4.0 -21.3
220 Fnatic.eu -18.0 -3.8 10.7 43.9 0.0 -25.3
221 Alliance -16.4 -2.0 12.7 39.9 -4.0 -29.3
224 mouz -20.4 -6.0 8.7 49.2 5.1 -21.1
226 Alliance -19.6 -4.9 10.1 45.2 1.1 -25.1
227 Kaipi -23.6 -8.9 6.1 54.3 9.3 -18.0
229 Liquid -27.6 -12.9 2.1 64.5 18.1 -10.1
230 VP -25.4 -10.4 4.8 60.5 14.1 -14.1
231 Na'Vi -23.9 -8.8 6.6 56.5 10.1 -18.1
233 mouz -22.3 -7.1 8.5 52.5 6.1 -22.1
234 rox.KIS -20.8 -5.4 10.3 48.5 2.1 -26.1
235 aL -19.7 -4.1 11.8 44.5 -1.9 -30.1
236 mouz -23.7 -8.1 7.8 60.2 10.5 -20.0
237 Na'Vi -22.0 -6.3 9.7 56.2 6.5 -24.0
238 rox.KIS -19.4 -3.6 12.6 52.2 2.5 -28.0
239 Na'Vi -18.0 -2.0 14.4 48.2 -1.5 -32.0
240 Na'Vi -17.1 -0.9 15.7 44.2 -5.5 -36.0
242 EG -21.1 -4.9 11.7 52.6 2.6 -28.3
243 Alliance -18.7 -2.3 14.5 48.6 -1.4 -32.3
244 Alliance -16.8 -0.1 17.2 44.6 -5.4 -36.3
246 Na'Vi -15.8 0.9 18.5 40.6 -9.4 -40.3
248 Liquid -14.2 2.6 20.3 36.6 -13.4 -44.3
250 Alliance -18.2 -1.4 16.3 43.8 -6.1 -37.6
251 Alliance -16.7 0.3 18.1 39.8 -10.1 -41.6
252 VP -20.7 -3.7 14.1 46.6 -4.2 -36.1
253 Liquid -24.7 -7.7 10.1 63.3 9.6 -24.7
254 EG -28.7 -11.7 6.1 71.1 16.9 -18.2
255 Na'Vi -27.0 -9.8 8.3 67.1 12.9 -22.2
256 Alliance -25.4 -7.9 10.3 63.1 8.9 -26.2
258 Alliance -23.9 -6.2 12.2 59.1 4.9 -30.2
260 Alliance -22.3 -4.4 14.1 55.1 0.9 -34.2
261 Liquid -20.0 -1.8 16.8 51.1 -3.1 -38.2
268 Na'Vi -19.0 -0.6 18.3 47.1 -7.1 -42.2
269 EG -23.0 -4.6 14.3 53.2 -1.5 -36.8
270 Liquid -21.5 -2.9 16.2 49.2 -5.5 -40.8
271 Na'Vi -20.4 -1.5 17.8 45.2 -9.5 -44.8
273 mouz -19.0 -0.1 19.4 41.2 -13.5 -48.8
274 Liquid -17.6 1.6 21.3 37.2 -17.5 -52.8
275 EG -21.6 -2.4 17.3 56.5 -0.6 -38.6
276 Alliance -20.6 -1.2 18.6 52.5 -4.6 -42.6
277 Na'Vi -18.9 0.8 21.0 48.5 -8.6 -46.6
279 Dignitas -17.5 2.5 23.0 44.5 -12.6 -50.6
280 Zenith -16.4 3.8 24.6 40.5 -16.6 -54.6
281 EG -20.4 -0.2 20.6 48.6 -9.6 -48.4
282 Alliance -19.5 0.9 22.0 44.6 -13.6 -52.4
283 VG -23.5 -3.1 18.0 59.7 -1.0 -42.3
284 Liquid -21.4 -0.7 20.6 55.7 -5.0 -46.3
286 Dignitas -19.9 0.9 22.3 51.7 -9.0 -50.3
289 Dignitas -18.0 3.2 24.7 47.7 -13.0 -54.3
290 Na'Vi -15.8 5.5 27.2 43.7 -17.0 -58.3
291 Alliance -14.4 7.1 29.1 39.7 -21.0 -62.3
292 rox.KIS -18.4 3.1 25.1 48.1 -13.6 -55.5
293 aL -22.4 -0.9 21.1 62.0 -0.8 -44.5
294 Alliance -21.4 0.3 22.6 58.0 -4.8 -48.5
297 rox.KIS -19.9 2.1 24.6 54.0 -8.8 -52.5
298 Zenith -18.0 4.1 26.8 50.0 -12.8 -56.5
299 rox.KIS -16.0 6.2 29.0 46.0 -16.8 -60.5
300 mouz -14.8 7.6 30.7 42.0 -20.8 -64.5
301 EG -13.7 9.0 32.3 38.0 -24.8 -68.5
302 EG -11.8 11.2 34.8 34.0 -28.8 -72.5
303 QPandas -15.8 7.2 30.8 40.2 -23.1 -67.3
304 VG -15.0 8.1 32.0 36.2 -27.1 -71.3
305 mouz -13.0 10.3 34.4 32.2 -31.1 -75.3
306 LGD.cn -12.2 11.2 35.5 28.2 -35.1 -79.3
307 rox.KIS -16.2 7.2 31.5 36.5 -28.5 -73.6
310 iG -15.3 8.4 33.1 32.5 -32.5 -77.6
313 mouz -19.3 4.4 29.1 39.0 -26.2 -71.7
314 VP -17.9 6.0 30.9 35.0 -30.2 -75.7
315 Liquid -16.2 7.8 32.8 31.0 -34.2 -79.7
316 LGD.cn -15.6 8.6 33.9 27.0 -38.2 -83.7
317 FD -19.6 4.6 29.9 39.8 -28.2 -75.2
319 Na'Vi -18.5 5.8 31.3 35.8 -32.2 -79.2
321 mouz -17.6 6.8 32.6 31.8 -36.2 -83.2
322 RS -16.1 8.6 34.7 27.8 -40.2 -87.2
324 QPandas -20.1 4.6 30.7 41.3 -28.7 -77.6
325 RS -17.6 7.5 33.7 37.3 -32.7 -81.6
326 PR -21.6 3.5 29.7 47.4 -23.3 -73.0
327 rox.KIS -25.6 -0.5 25.7 57.4 -14.6 -65.1
328 4FC -29.6 -4.5 21.7 63.7 -8.5 -59.3
330 TongFu -33.6 -8.5 17.7 83.3 7.2 -48.1
331 EG -37.6 -12.5 13.7 92.0 15.4 -40.5
333 VG -36.2 -10.8 15.7 88.0 11.4 -44.5
334 VP -34.8 -9.0 17.8 84.0 7.4 -48.5
337 TongFu -33.9 -7.8 19.4 80.0 3.4 -52.5
338 Na'Vi -33.0 -6.7 20.8 76.0 -0.6 -56.5
339 RStars -30.7 -3.6 24.0 72.0 -4.6 -60.5
340 mouz -29.9 -2.7 25.1 68.0 -8.6 -64.5
342 Alliance -27.1 -0.2 27.7 64.0 -12.6 -68.5
344 LGD.cn -31.1 -4.2 23.7 74.6 -2.8 -59.8
345 LGD.cn -29.3 -2.4 25.6 70.6 -6.8 -63.8
346 Alliance -28.2 -1.2 27.0 66.6 -10.8 -67.8
347 Orange -32.2 -5.2 23.0 74.9 -4.4 -62.0
348 Na'Vi -30.8 -3.5 24.8 70.9 -8.4 -66.0
351 Alliance -28.8 -1.3 27.1 66.9 -12.4 -70.0
352 LGD.cn -27.7 -2.44249065418e-15 28.6 62.9 -16.4 -74.0
353 iG -26.0 1.9 30.7 58.9 -20.4 -78.0
355 DK -30.0 -2.1 26.7 67.8 -10.7 -68.9
356 Liquid -34.0 -6.1 22.7 81.9 1.2 -59.1
357 LGD.cn -32.3 -4.3 24.6 77.9 -2.8 -63.1
358 Alliance -30.3 -2.2 26.8 73.9 -6.8 -67.1
360 mouz -28.5 -0.3 29.0 69.9 -10.8 -71.1
362 LGD.cn -27.1 1.0 30.5 65.9 -14.8 -75.1
363 Alliance -25.0 3.1 32.6 61.9 -18.8 -79.1
364 Zenith -23.9 4.4 34.1 57.9 -22.8 -83.1
365 rox.KIS -27.9 0.4 30.1 66.2 -15.5 -76.8
366 Dignitas -31.9 -3.6 26.1 74.9 -6.6 -68.7
368 mouz -30.5 -2.0 28.0 70.9 -10.6 -72.7
369 iCCup -34.5 -6.0 24.0 81.8 -0.2 -63.1
370 iCCup -32.2 -3.3 27.0 77.8 -4.2 -67.1
372 Quantic -36.2 -7.3 23.0 86.3 3.7 -60.3
373 Na'Vi -35.4 -6.4 24.0 82.3 -0.3 -64.3
375 VG -33.7 -4.4 26.1 78.3 -4.3 -68.3
376 LGD.cn -32.9 -3.4 27.3 74.3 -8.3 -72.3
377 LGD.cn -31.7 -2.3 28.6 70.3 -12.3 -76.3
378 VP -30.2 -0.7 30.4 66.3 -16.3 -80.3
379 Na'Vi -29.3 0.4 31.7 62.3 -20.3 -84.3
382 Fnatic.eu -33.3 -3.6 27.7 70.7 -13.2 -77.9
383 RS -37.3 -7.6 23.7 80.0 -4.0 -69.2
384 Alliance -36.3 -6.3 25.3 76.0 -8.0 -73.2
387 LGD.cn -35.1 -4.9 26.9 72.0 -12.0 -77.2
388 Dignitas -34.1 -3.7 28.7 68.0 -16.0 -81.2
389 iG -33.2 -2.7 30.0 64.0 -20.0 -85.2
390 Na'Vi -31.8 -1.1 31.8 60.0 -24.0 -89.2
392 Alliance -30.7 0.2 33.3 56.0 -28.0 -93.2
393 Kaipi -34.7 -3.8 29.3 65.2 -18.1 -84.7
394 MX -32.5 -1.4 32.0 61.2 -22.1 -88.7
396 Liquid -31.9 -0.7 33.0 57.2 -26.1 -92.7
397 rox.KIS -29.4 1.4 35.2 53.2 -30.1 -96.7
398 Alliance -28.7 2.2 36.2 49.2 -34.1 -100.7
399 VP -32.7 -1.8 32.2 57.6 -26.1 -93.0
402 DK -36.7 -5.8 28.2 63.7 -18.8 -85.9
403 RStars -40.7 -9.8 24.2 75.1 -8.2 -76.9
404 MiTH -39.0 -7.9 26.3 71.1 -12.2 -80.9
407 PR -37.2 -5.6 29.1 67.1 -16.2 -84.9
408 TM -35.5 -3.7 31.3 63.1 -20.2 -88.9
409 Orange -34.4 -2.3 33.0 59.1 -24.2 -92.9
410 Alliance -33.7 -1.4 34.1 55.1 -28.2 -96.9
412 mouz -31.8 0.7 36.4 51.1 -32.2 -100.9
414 Alliance -30.9 1.8 37.8 47.1 -36.2 -104.9
416 4FC -34.9 -2.2 33.8 65.6 -19.7 -91.0
417 mouz -38.9 -6.2 29.8 79.5 -7.8 -81.0
418 VP -37.1 -4.4 31.9 75.5 -11.8 -85.0
420 Na'Vi -41.1 -8.4 27.9 82.5 -6.4 -80.1
421 Na'Vi -39.6 -6.8 29.7 78.5 -10.4 -84.1
423 Quantic -37.0 -4.2 32.5 74.5 -14.4 -88.1
424 Kaipi -41.0 -8.2 28.5 85.3 -3.6 -78.3
425 mouz -39.1 -6.1 30.8 81.3 -7.6 -82.3
426 Artyk -37.2 -3.7 33.6 77.3 -11.6 -86.3
427 rox.KIS -35.9 -2.3 35.2 73.3 -15.6 -90.3
428 Kaipi -34.3 -0.3 37.6 69.3 -19.6 -94.3
429 Liquid -31.7 2.2 40.2 65.3 -23.6 -98.3
430 rox.KIS -30.5 3.5 41.6 61.3 -27.6 -102.3
431 Quantic -29.5 4.8 43.2 57.3 -31.6 -106.3
432 Kaipi -27.9 6.2 44.8 53.3 -35.6 -110.3
433 DK -26.7 7.6 46.5 49.3 -39.6 -114.3
437 Quantic -25.7 8.6 47.8 45.3 -43.6 -118.3
438 Na'Vi -23.7 10.5 49.8 41.3 -47.6 -122.3
439 Artyk -22.8 11.5 51.3 37.3 -51.6 -126.3
440 Orange -20.8 14.0 54.0 33.3 -55.6 -130.3
441 Na'Vi -19.9 15.0 55.2 29.3 -59.6 -134.3
442 Kaipi -17.8 16.9 57.2 25.3 -63.6 -138.3
443 Kaipi -21.8 12.9 53.2 38.0 -50.2 -126.4
444 Artyk -25.8 8.9 49.2 48.9 -40.0 -117.1
445 TM -24.7 10.3 50.8 44.9 -44.0 -121.1
446 Orange -23.8 11.3 52.0 40.9 -48.0 -125.1
447 DK -22.6 12.6 53.6 36.9 -52.0 -129.1
448 VP -26.6 8.6 49.6 48.0 -42.3 -120.7
449 VP -25.1 10.5 51.8 44.0 -46.3 -124.7
451 Kaipi -24.2 11.5 53.0 40.0 -50.3 -128.7
452 EG -22.6 13.3 55.0 36.0 -54.3 -132.7
453 Fnatic.eu -26.6 9.3 51.0 49.1 -43.1 -123.7
454 Kaipi -30.6 5.3 47.0 55.7 -37.5 -118.6
456 Fnatic.eu -34.6 1.3 43.0 61.7 -31.4 -112.9
457 Alliance -32.8 3.3 45.1 57.7 -35.4 -116.9
459 Alliance -31.2 5.1 47.1 53.7 -39.4 -120.9
460 Kaipi -35.2 1.1 43.1 60.1 -33.6 -115.4
461 Alliance -34.4 2.0 44.3 56.1 -37.6 -119.4
463 VP -31.7 4.5 47.0 52.1 -41.6 -123.4
464 Fnatic.eu -30.2 6.0 48.6 48.1 -45.6 -127.4
465 Alliance -28.8 7.4 50.2 44.1 -49.6 -131.4
466 iCCup -26.9 9.4 52.5 40.1 -53.6 -135.4
467 Na'Vi -25.1 11.5 54.8 36.1 -57.6 -139.4
468 Quantic -23.6 13.0 56.5 32.1 -61.6 -143.4
469 Alliance -22.0 14.6 58.3 28.1 -65.6 -147.4
470 mouz -19.3 17.3 61.2 24.1 -69.6 -151.4
471 4FC -23.3 13.3 57.2 37.3 -56.9 -140.5
475 Na'Vi -22.3 14.3 58.4 33.3 -60.9 -144.5
476 Na'Vi -20.8 15.9 60.2 29.3 -64.9 -148.5
479 4FC -19.7 17.1 61.7 25.3 -68.9 -152.5
480 Orange -18.7 18.3 63.2 21.3 -72.9 -156.5
481 TM -17.4 20.0 65.2 17.3 -76.9 -160.5
482 Smeagol -15.6 22.3 67.6 13.3 -80.9 -164.5
483 paiN -19.6 18.3 63.6 21.9 -72.4 -157.4
484 Empire -23.6 14.3 59.6 38.6 -57.2 -145.5
486 Na'Vi -22.4 15.5 60.9 34.6 -61.2 -149.5
487 Kaipi -20.2 18.1 63.8 30.6 -65.2 -153.5
488 Fnatic.eu -24.2 14.1 59.8 48.3 -50.4 -141.9
489 LGD.int -22.6 15.7 61.7 44.3 -54.4 -145.9
491 TM -21.3 17.4 63.6 40.3 -58.4 -149.9
492 iCCup -20.0 19.0 65.4 36.3 -62.4 -153.9
493 iCCup -19.0 20.2 66.8 32.3 -66.4 -157.9
494 zRage -23.0 16.2 62.8 52.8 -48.2 -142.2
495 Artyk -21.8 17.8 64.8 48.8 -52.2 -146.2
496 TongFu -19.8 20.2 67.4 44.8 -56.2 -150.2
498 mouz -18.6 21.5 69.0 40.8 -60.2 -154.2
499 Liquid -17.4 22.9 70.4 36.8 -64.2 -158.2
500 Liquid -21.4 18.9 66.4 43.0 -57.2 -151.5
501 eLPride -25.4 14.9 62.4 48.6 -50.8 -145.0
502 VP -24.7 15.7 63.4 44.6 -54.8 -149.0
503 Dignitas -23.9 16.7 64.7 40.6 -58.8 -153.0
504 VP -22.2 18.5 66.8 36.6 -62.8 -157.0
505 Na'Vi -21.7 19.1 67.6 32.6 -66.8 -161.0
506 EG -20.9 20.0 68.8 28.6 -70.8 -165.0
507 Na'Vi -20.0 21.0 70.1 24.6 -74.8 -169.0
508 Na'Vi -19.5 21.6 70.8 20.6 -78.8 -173.0
509 Keita -16.5 24.0 73.1 16.6 -82.8 -177.0
511 Alliance -14.4 26.3 75.6 12.6 -86.8 -181.0
512 Quantic -18.4 22.3 71.6 30.3 -71.6 -167.1
513 EG -22.4 18.3 67.6 43.6 -60.2 -156.9
514 Dignitas -26.4 14.3 63.6 65.5 -41.6 -140.9
515 Alliance -24.9 16.2 65.8 61.5 -45.6 -144.9
517 Alliance -23.4 18.0 67.9 57.5 -49.6 -148.9
518 Alliance -21.4 20.4 70.5 53.5 -53.6 -152.9
519 FSid3 -19.4 22.8 73.2 49.5 -57.6 -156.9
520 Quantic -18.3 24.1 74.8 45.5 -61.6 -160.9
521 LGD.int -22.3 20.1 70.8 55.4 -53.3 -153.5
522 Na'Vi -21.1 21.5 72.4 51.4 -57.3 -157.5
523 Na'Vi -19.4 23.3 74.4 47.4 -61.3 -161.5
524 Na'Vi -18.1 24.7 76.0 43.4 -65.3 -165.5
525 LGD.cn -16.2 26.7 78.3 39.4 -69.3 -169.5
527 Na'Vi -15.2 27.8 79.7 35.4 -73.3 -173.5
528 Liquid -14.3 28.9 81.0 31.4 -77.3 -177.5
529 EG -13.6 29.7 81.9 27.4 -81.3 -181.5
531 Na'Vi -12.7 30.7 83.1 23.4 -85.3 -185.5
532 Empire -11.7 31.7 84.3 19.4 -89.3 -189.5
533 rox.KIS -10.6 32.7 85.3 15.4 -93.3 -193.5
534 EG -7.8 35.5 88.0 11.4 -97.3 -197.5
536 Liquid -7.1 36.3 89.0 7.4 -101.3 -201.5
537 Liquid -6.5 37.0 89.9 3.4 -105.3 -205.5
538 Alliance -5.7 37.8 90.9 -0.6 -109.3 -209.5
540 EG -3.1 40.3 93.5 -4.6 -113.3 -213.5
541 VP -2.1 41.6 94.9 -8.6 -117.3 -217.5
542 Alliance -0.6 43.2 96.7 -12.6 -121.3 -221.5
543 VP 2.0 45.5 99.3 -16.6 -125.3 -225.5
544 EG -2.0 41.5 95.3 -6.4 -115.6 -216.4
545 Alliance -0.5 43.4 97.5 -10.4 -119.6 -220.4
546 Orange 2.0 45.5 99.6 -14.4 -123.6 -224.4
547 iG 3.9 47.3 101.5 -18.4 -127.6 -228.4
549 Fnatic.eu -0.1 43.3 97.5 -5.9 -116.6 -219.1
550 Kaipi -4.1 39.3 93.5 4.3 -106.1 -209.4
551 Kaipi -8.1 35.3 89.5 14.4 -95.2 -198.7
553 TongFu -12.1 31.3 85.5 30.2 -80.3 -185.9
557 Liquid -16.1 27.3 81.5 40.7 -71.3 -177.8
558 rox.KIS -14.4 29.1 83.5 36.7 -75.3 -181.8
562 TongFu -12.7 30.9 85.4 32.7 -79.3 -185.8
564 EG -16.7 26.9 81.4 39.6 -72.7 -179.7
568 Liquid -14.0 29.5 84.1 35.6 -76.7 -183.7
571 DK -18.0 25.5 80.1 43.0 -69.6 -176.9
573 VP -22.0 21.5 76.1 55.4 -59.4 -168.2
574 Fnatic.eu -26.0 17.5 72.1 67.3 -49.0 -159.4
576 iCCup -30.0 13.5 68.1 79.7 -39.1 -150.9
577 rox.KIS -28.0 15.6 70.6 75.7 -43.1 -154.9
579 Alliance -25.3 18.4 73.6 71.7 -47.1 -158.9
580 VP -24.3 19.6 75.0 67.7 -51.1 -162.9
581 LGD.cn -21.9 22.4 78.1 63.7 -55.1 -166.9
584 Alliance -19.9 24.9 80.8 59.7 -59.1 -170.9
585 VP -18.4 26.7 82.7 55.7 -63.1 -174.9
587 Alliance -17.0 28.0 84.1 51.7 -67.1 -178.9
588 Zenith -21.0 24.0 80.1 59.1 -59.5 -172.0
589 Alliance -19.0 26.1 82.5 55.1 -63.5 -176.0
590 Na'Vi -17.1 27.9 84.4 51.1 -67.5 -180.0
592 Fnatic.eu -15.3 29.9 86.5 47.1 -71.5 -184.0
593 Quantic -12.8 32.4 89.1 43.1 -75.5 -188.0
595 Alliance -11.2 34.1 91.0 39.1 -79.5 -192.0
597 Alliance -9.4 36.0 93.0 35.1 -83.5 -196.0
598 LGD.cn -7.9 37.7 94.9 31.1 -87.5 -200.0
600 mouz -11.9 33.7 90.9 43.5 -75.7 -189.5
602 Alliance -10.3 35.5 92.8 39.5 -79.7 -193.5
604 Orange -9.2 36.7 94.3 35.5 -83.7 -197.5
605 LGD.int -7.4 38.4 96.2 31.5 -87.7 -201.5
607 Kaipi -11.4 34.4 92.2 40.4 -79.1 -193.9
608 Alliance -10.1 35.9 93.9 36.4 -83.1 -197.9
611 Denial -8.1 38.3 96.6 32.4 -87.1 -201.9
615 Orange -6.8 39.7 98.2 28.4 -91.1 -205.9
616 TongFu -5.0 41.9 100.8 24.4 -95.1 -209.9
617 VP -3.6 43.5 102.6 20.4 -99.1 -213.9
618 Alliance -2.4 44.9 104.2 16.4 -103.1 -217.9
621 iCCup -6.4 40.9 100.2 30.0 -90.0 -207.4
622 Fnatic.eu -4.1 43.0 102.3 26.0 -94.0 -211.4
623 Alliance -2.5 44.8 104.3 22.0 -98.0 -215.4
624 Liquid -1.0 46.5 106.2 18.0 -102.0 -219.4
626 iCCup -5.0 42.5 102.2 28.8 -92.5 -211.2
627 EG -3.2 44.2 104.1 24.8 -96.5 -215.2
628 EG -2.3 45.2 105.3 20.8 -100.5 -219.2
629 LGD.cn -6.3 41.2 101.3 27.7 -93.2 -212.4
630 iG -4.3 43.3 103.6 23.7 -97.2 -216.4
631 Alliance -3.4 44.5 105.1 19.7 -101.2 -220.4
632 mouz -1.9 46.2 107.0 15.7 -105.2 -224.4
635 Dignitas -0.5 47.7 108.8 11.7 -109.2 -228.4
636 EG 0.2 48.6 109.9 7.7 -113.2 -232.4
638 Na'Vi 2.9 51.2 112.6 3.7 -117.2 -236.4
641 mouz 5.0 53.8 115.4 -0.3 -121.2 -240.4
642 Alliance 6.0 55.0 116.9 -4.3 -125.2 -244.4
643 iG 8.3 57.1 119.2 -8.3 -129.2 -248.4
644 rox.KIS 4.3 53.1 115.2 2.5 -119.1 -239.6
645 VP 0.3 49.1 111.2 11.0 -110.8 -232.1
646 Fnatic.eu 2.7 51.2 113.4 7.0 -114.8 -236.1
648 VP 4.4 53.3 115.8 3.0 -118.8 -240.1
651 Denial 0.4 49.3 111.8 21.0 -103.4 -228.1
652 DK -3.6 45.3 107.8 26.9 -97.8 -222.7
653 VG -7.6 41.3 103.8 41.9 -84.7 -211.9
654 DK -5.6 43.9 107.0 37.9 -88.7 -215.9
656 Na'Vi -4.5 45.1 108.5 33.9 -92.7 -219.9
657 mouz -2.9 47.0 110.6 29.9 -96.7 -223.9
658 mouz -6.9 43.0 106.6 41.4 -86.6 -214.1
659 Na'Vi -5.3 44.6 108.3 37.4 -90.6 -218.1
660 RS -9.3 40.6 104.3 49.9 -79.3 -208.5
662 DK -7.6 42.5 106.5 45.9 -83.3 -212.5
664 RStars -11.6 38.5 102.5 62.0 -69.9 -201.3
665 Orange -9.2 41.1 105.5 58.0 -73.9 -205.3
666 LGD.cn -6.9 43.8 108.4 54.0 -77.9 -209.3
667 DK -5.1 45.7 110.6 50.0 -81.9 -213.3
668 mouz -4.3 46.7 111.9 46.0 -85.9 -217.3
669 iNfernity -2.0 49.3 115.1 42.0 -89.9 -221.3
670 EG -1.0 50.4 116.5 38.0 -93.9 -225.3
671 Fnatic.eu -0.1 51.4 117.7 34.0 -97.9 -229.3
672 Orange 1.5 53.1 119.6 30.0 -101.9 -233.3
674 mouz 2.2 54.0 120.7 26.0 -105.9 -237.3
675 EG -1.8 50.0 116.7 32.4 -99.7 -231.4
676 LGD.cn -4.06341627013e-14 51.9 118.9 28.4 -103.7 -235.4
677 mouz 2.0 53.9 120.9 24.4 -107.7 -239.4
678 Kaipi -2.0 49.9 116.9 43.1 -91.2 -225.8
679 Fnatic.eu -6.0 45.9 112.9 52.8 -82.6 -218.0
680 Liquid -10.0 41.9 108.9 59.4 -75.9 -212.3
681 Quantic -14.0 37.9 104.9 66.1 -70.0 -206.9
682 mouz -18.0 33.9 100.9 72.4 -64.1 -201.6
683 rox.KIS -22.0 29.9 96.9 78.8 -58.4 -196.4
686 VP -20.2 31.8 99.0 74.8 -62.4 -200.4
688 VP -18.2 33.9 101.4 70.8 -66.4 -204.4
690 EG -16.3 36.3 104.0 66.8 -70.4 -208.4
691 Liquid -14.1 38.7 106.6 62.8 -74.4 -212.4
692 Na'Vi -12.5 40.3 108.4 58.8 -78.4 -216.4
693 Alliance -10.9 42.0 110.3 54.8 -82.4 -220.4
695 Alliance -8.9 44.2 112.7 50.8 -86.4 -224.4
696 Fnatic.eu -7.3 45.8 114.5 46.8 -90.4 -228.4
697 Kaipi -5.7 47.4 116.3 42.8 -94.4 -232.4
699 Alliance -4.6 48.7 117.8 38.8 -98.4 -236.4
700 Orange -3.2 50.1 119.5 34.8 -102.4 -240.4
701 VG -7.2 46.1 115.5 40.9 -96.2 -234.6
702 Na'Vi -6.3 47.1 116.7 36.9 -100.2 -238.6
703 mouz -5.4 48.1 118.0 32.9 -104.2 -242.6
704 EG -9.4 44.1 114.0 40.9 -97.2 -236.3
707 Orange -7.5 46.0 116.1 36.9 -101.2 -240.3
708 iCCup -11.5 42.0 112.1 46.8 -92.3 -232.3
712 Na'Vi -10.6 43.1 113.4 42.8 -96.3 -236.3
713 MiTH -8.9 45.0 115.6 38.8 -100.3 -240.3
715 mouz -7.4 46.7 117.5 34.8 -104.3 -244.3
716 mouz -5.3 49.1 120.2 30.8 -108.3 -248.3
718 Dreamz -4.2 50.3 121.7 26.8 -112.3 -252.3
719 Mski -2.1 52.1 123.6 22.8 -116.3 -256.3
720 MiTH -0.3 53.9 125.6 18.8 -120.3 -260.3
721 Mski -4.3 49.9 121.6 28.2 -110.2 -251.1
722 iCCup -2.4 51.9 123.9 24.2 -114.2 -255.1
723 Kaipi -1.5 52.9 125.1 20.2 -118.2 -259.1
725 Romania 0.2 54.9 127.4 16.2 -122.2 -263.1
726 RS -3.8 50.9 123.4 23.1 -115.2 -256.8
727 Fnatic.eu -7.8 46.9 119.4 39.9 -100.7 -245.3
729 DK -6.8 48.4 121.2 35.9 -104.7 -249.3
730 LGD.cn -6.0 49.4 122.3 31.9 -108.7 -253.3
731 iG -4.4 51.3 124.4 27.9 -112.7 -257.3
732 Alliance -3.3 52.6 126.0 23.9 -116.7 -261.3
737 Na'Vi -1.1 55.0 128.6 19.9 -120.7 -265.3
741 TongFu 0.4 56.8 131.1 15.9 -124.7 -269.3
744 Alliance 2.9 59.4 133.9 11.9 -128.7 -273.3
745 Dignitas -1.1 55.4 129.9 33.4 -114.2 -261.6
746 DK -0.4 56.3 130.9 29.4 -118.2 -265.6
748 Na'Vi 0.8 57.6 132.5 25.4 -122.2 -269.6
749 Liquid -3.2 53.6 128.5 37.9 -112.2 -259.7
751 Alliance -2.4 54.7 129.9 33.9 -116.2 -263.7
754 Na'Vi -1.7 55.5 130.8 29.9 -120.2 -267.7
757 Alliance -0.1 57.0 132.3 25.9 -124.2 -271.7
758 iG 1.4 58.8 134.1 21.9 -128.2 -275.7
759 Orange 3.0 60.6 136.1 17.9 -132.2 -279.7
761 Fnatic.eu 3.7 61.4 137.0 13.9 -136.2 -283.7
762 Na'Vi 5.8 63.4 139.2 9.9 -140.2 -287.7
766 Alliance 6.7 64.4 140.3 5.9 -144.2 -291.7
767 LGD.int 2.7 60.4 136.3 21.9 -130.3 -279.8
769 mouz 3.6 61.4 137.5 17.9 -134.3 -283.8
770 LGD.cn 5.2 63.1 139.3 13.9 -138.3 -287.8
771 Na'Vi 6.4 64.4 140.7 9.9 -142.3 -291.8
772 DK 2.4 60.4 136.7 15.4 -136.4 -286.4
773 Alliance 3.1 61.2 137.6 11.4 -140.4 -290.4
774 TongFu -0.9 57.2 133.6 18.0 -134.2 -284.7
776 Orange 0.4 58.6 135.2 14.0 -138.2 -288.7
778 DK 1.8 60.4 137.2 10.0 -142.2 -292.7
779 Zenith 2.7 61.4 138.4 6.0 -146.2 -296.7
781 Alliance 3.6 62.4 139.5 2.0 -150.2 -300.7
782 iG 6.1 65.1 142.4 -2.0 -154.2 -304.7
783 TongFu 7.0 66.0 143.4 -6.0 -158.2 -308.7
785 LGD.cn 9.0 68.3 145.9 -10.0 -162.2 -312.7
786 Na'Vi 10.0 69.4 147.2 -14.0 -166.2 -316.7
788 Dignitas 12.4 71.8 149.8 -18.0 -170.2 -320.7
791 Orange 14.1 73.7 151.8 -22.0 -174.2 -324.7
792 Fnatic.eu 16.7 76.2 154.5 -26.0 -178.2 -328.7
793 Alliance 17.9 77.5 156.1 -30.0 -182.2 -332.7
795 Liquid 18.8 78.5 157.3 -34.0 -186.2 -336.7
796 Zenith 20.7 80.5 159.6 -38.0 -190.2 -340.7
797 Liquid 16.7 76.5 155.6 -24.2 -178.8 -331.1
798 iG 18.6 78.5 157.8 -28.2 -182.8 -335.1
799 Alliance 19.7 79.7 159.3 -32.2 -186.8 -339.1
800 Na'Vi 21.1 81.1 160.8 -36.2 -190.8 -343.1
802 iG 23.2 83.4 163.4 -40.2 -194.8 -347.1
803 Orange 19.2 79.4 159.4 -28.3 -185.2 -338.9
806 Orange 15.2 75.4 155.4 -21.2 -179.0 -333.2
807 Na'Vi 16.8 77.1 157.3 -25.2 -183.0 -337.2
808 Alliance 19.2 79.9 160.2 -29.2 -187.0 -341.2
811 RStars 20.4 81.4 162.0 -33.2 -191.0 -345.2
812 Empire 21.4 82.6 163.6 -37.2 -195.0 -349.2
813 Empire 22.3 83.5 164.8 -41.2 -199.0 -353.2
814 Kaipi 23.8 85.3 166.9 -45.2 -203.0 -357.2
815 TTD 25.1 86.7 168.6 -49.2 -207.0 -361.2
816 Kaipi 26.4 88.1 170.1 -53.2 -211.0 -365.2
817 Lounge 28.4 90.1 172.4 -57.2 -215.0 -369.2
818 FD 29.6 91.3 173.9 -61.2 -219.0 -373.2
820 4FC 30.3 92.1 174.9 -65.2 -223.0 -377.2
821 4++ 26.3 88.1 170.9 -50.9 -207.8 -365.3
822 MiTH 27.3 89.4 172.4 -54.9 -211.8 -369.3
823 GL.eu 28.7 91.0 174.3 -58.9 -215.8 -373.3
825 WARDGS 30.4 92.7 176.3 -62.9 -219.8 -377.3
826 EVOPLAY 32.1 94.2 178.2 -66.9 -223.8 -381.3
827 TS 28.1 90.2 174.2 -61.8 -216.9 -374.8
828 EVOPLAY 30.0 92.1 176.3 -65.8 -220.9 -378.8
829 TLP 26.0 88.1 172.3 -51.9 -209.0 -369.4
830 DUZA 22.0 84.1 168.3 -44.2 -201.4 -362.0
831 Awake 23.9 86.0 170.3 -48.2 -205.4 -366.0
832 CDCD 19.9 82.0 166.3 -25.0 -187.0 -350.2
833 Menace 15.9 78.0 162.3 -12.1 -175.9 -341.2
835 Poseidon 18.8 80.5 164.7 -16.1 -179.9 -345.2
836 Poseidon 20.6 82.6 167.1 -20.1 -183.9 -349.2
837 Next.kz 16.6 78.6 163.1 -14.3 -177.6 -343.2
838 Kaipi 18.2 80.4 165.4 -18.3 -181.6 -347.2
841 VP 19.2 81.5 166.8 -22.3 -185.6 -351.2
842 Menace 15.2 77.5 162.8 -12.9 -176.6 -342.5
843 Empire 17.1 79.2 164.6 -16.9 -180.6 -346.5
844 Kaipi 18.4 80.5 166.2 -20.9 -184.6 -350.5
845 DUZA 14.4 76.5 162.2 -11.8 -176.1 -342.9
848 DUZA 10.4 72.5 158.2 -4.9 -169.6 -337.1
851 VP 11.4 73.7 159.7 -8.9 -173.6 -341.1
855 Imp 13.6 76.0 162.2 -12.9 -177.6 -345.1
856 Empire 15.1 77.5 163.9 -16.9 -181.6 -349.1
857 Next.kz 16.9 79.3 165.8 -20.9 -185.6 -353.1
858 FSid3 18.8 81.3 168.2 -24.9 -189.6 -357.1
859 FSid3 14.8 77.3 164.2 -15.1 -178.9 -347.3
860 Bambang 10.8 73.3 160.2 -7.5 -170.7 -339.9
861 Aspera 13.1 75.3 162.3 -11.5 -174.7 -343.9
862 rox.KIS 14.6 76.6 163.8 -15.5 -178.7 -347.9
864 Poseidon 15.7 77.9 165.3 -19.5 -182.7 -351.9
865 Mski 16.7 79.0 166.7 -23.5 -186.7 -355.9
866 Poseidon 17.6 79.9 167.8 -27.5 -190.7 -359.9
867 Dreamz 18.7 81.2 169.4 -31.5 -194.7 -363.9
871 Next.kz 19.8 82.4 170.8 -35.5 -198.7 -367.9
872 Aspera 15.8 78.4 166.8 -26.8 -190.7 -360.6
873 PR 11.8 74.4 162.8 -6.1 -173.1 -346.0
876 MSIEvoGT 13.8 76.7 165.5 -10.1 -177.1 -350.0
877 Mski 14.8 78.1 167.2 -14.1 -181.1 -354.0
878 Lowyat 10.8 74.1 163.2 -0.4 -169.7 -344.5
880 Empire 6.8 70.1 159.2 8.5 -161.0 -336.6
881 Quantic 2.8 66.1 155.2 17.1 -153.4 -329.9
883 Kaipi 4.0 67.5 156.8 13.1 -157.4 -333.9
885 Aspera 5.7 69.2 158.7 9.1 -161.4 -337.9
886 Fnatic.eu 7.1 70.7 160.5 5.1 -165.4 -341.9
887 MSIEvoGT 3.1 66.7 156.5 11.5 -159.8 -336.7
888 Mski 5.0 68.7 158.8 7.5 -163.8 -340.7
889 Next.kz 6.3 70.0 160.3 3.5 -167.8 -344.7
890 GL.eu 8.6 72.7 163.2 -0.5 -171.8 -348.7
891 Menace 10.5 74.5 165.2 -4.5 -175.8 -352.7
892 Kaipi 12.5 76.8 167.8 -8.5 -179.8 -356.7
893 Menace 8.5 72.8 163.8 1.7 -169.7 -347.8
896 Life 4.5 68.8 159.8 9.9 -160.7 -338.9
897 Kaipi 6.1 70.7 162.0 5.9 -164.7 -342.9
898 Mski 7.7 72.4 163.9 1.9 -168.7 -346.9
899 Menace 9.0 73.6 165.3 -2.1 -172.7 -350.9
900 VP 5.0 69.6 161.3 4.9 -166.1 -344.9
901 Fnatic.eu 6.4 70.9 162.8 0.9 -170.1 -348.9
902 Kaipi 8.6 73.1 165.2 -3.1 -174.1 -352.9
903 Kaipi 9.8 74.4 166.7 -7.1 -178.1 -356.9
905 Dignitas 10.6 75.3 167.8 -11.1 -182.1 -360.9
906 Dignitas 11.5 76.3 169.0 -15.1 -186.1 -364.9
908 iG 12.2 77.1 170.0 -19.1 -190.1 -368.9
909 VG 13.7 79.0 172.3 -23.1 -194.1 -372.9
911 4FC 9.7 75.0 168.3 -9.8 -180.5 -361.5
913 Joiker 5.7 71.0 164.3 -2.2 -173.5 -355.4
914 StayFree 8.0 73.4 167.1 -6.2 -177.5 -359.4
915 Fnatic.eu 8.8 74.4 168.3 -10.2 -181.5 -363.4
916 Property 4.8 70.4 164.3 2.5 -170.9 -354.1
917 Menace 0.8 66.4 160.3 13.4 -160.0 -344.6
919 LGD.cn 2.1 67.9 162.0 9.4 -164.0 -348.6
920 TongFu 2.7 68.6 162.9 5.4 -168.0 -352.6
921 Alliance 3.7 69.6 164.2 1.4 -172.0 -356.6
922 PR -0.3 65.6 160.2 9.0 -165.1 -350.0
923 DUZA 1.5 67.4 162.3 5.0 -169.1 -354.0
925 Empire 2.8 68.7 163.8 1.0 -173.1 -358.0
926 Empire 4.2 70.3 165.5 -3.0 -177.1 -362.0
927 iG 5.7 71.7 167.0 -7.0 -181.1 -366.0
930 MiTH 8.4 74.0 169.4 -11.0 -185.1 -370.0
931 Alliance 9.3 74.9 170.4 -15.0 -189.1 -374.0
932 Fnatic.eu 11.3 77.3 173.0 -19.0 -193.1 -378.0
933 Empire 13.6 79.6 175.5 -23.0 -197.1 -382.0
937 OguraYui 9.6 75.6 171.5 -11.9 -184.5 -371.2
938 Mski 11.4 77.1 173.2 -15.9 -188.5 -375.2
941 Alliance 12.3 78.1 174.3 -19.9 -192.5 -379.2
944 Imp 8.3 74.1 170.3 -8.7 -181.7 -369.3
948 Empire 10.5 76.4 172.8 -12.7 -185.7 -373.3
949 VP 11.8 77.7 174.3 -16.7 -189.7 -377.3
950 Kaipi 12.8 78.9 175.8 -20.7 -193.7 -381.3
951 Mski 13.8 80.0 177.1 -24.7 -197.7 -385.3
953 Kaipi 15.5 82.1 179.6 -28.7 -201.7 -389.3
954 Cascade 11.5 78.1 175.6 -15.3 -190.1 -379.3
956 Alliance 12.0 78.6 176.3 -19.3 -194.1 -383.3
957 Na'Vi 12.8 79.3 177.2 -23.3 -198.1 -387.3
958 PR 8.8 75.3 173.2 1.4 -174.1 -366.5
959 Kaipi 9.6 76.3 174.3 -2.6 -178.1 -370.5
960 Kaipi 10.3 77.2 175.5 -6.6 -182.1 -374.5
961 Life 12.5 80.1 178.8 -10.6 -186.1 -378.5
963 Na'Vi 13.9 81.5 180.4 -14.6 -190.1 -382.5
964 Alliance 15.1 82.8 181.9 -18.6 -194.1 -386.5
967 mouz 16.5 84.3 183.6 -22.6 -198.1 -390.5
971 iG 18.5 86.8 186.4 -26.6 -202.1 -394.5
972 Aspera 14.5 82.8 182.4 -4.7 -183.1 -378.6
974 Fnatic.eu 17.3 85.2 184.9 -8.7 -187.1 -382.6
975 Dignitas 18.1 86.2 186.2 -12.7 -191.1 -386.6
976 StayFree 19.5 87.9 188.2 -16.7 -195.1 -390.6
977 Na'Vi 21.0 89.6 190.2 -20.7 -199.1 -394.6
978 rox.KIS 17.0 85.6 186.2 -13.6 -190.6 -386.8
979 PR 19.6 87.9 188.6 -17.6 -194.6 -390.8
981 PR 21.6 89.9 190.8 -21.6 -198.6 -394.8
982 Fnatic.eu 22.4 90.7 191.8 -25.6 -202.6 -398.8
983 Fnatic.eu 24.2 92.4 193.6 -29.6 -206.6 -402.8
985 Inv.kwnku 26.0 94.5 196.0 -33.6 -210.6 -406.8
986 Na'Vi 27.0 95.7 197.4 -37.6 -214.6 -410.8
987 Fnatic.eu 28.6 97.5 199.4 -41.6 -218.6 -414.8
988 4FC 24.6 93.5 195.4 -32.0 -208.5 -405.8
990 Kaipi 25.4 94.4 196.5 -36.0 -212.5 -409.8
991 Empire 21.4 90.4 192.5 -25.1 -203.1 -401.9
992 PBS 17.4 86.4 188.5 -14.8 -194.8 -394.1
993 SFEC 13.4 82.4 184.5 -6.1 -186.6 -386.8
994 Next.kz 9.4 78.4 180.5 -0.1 -180.9 -381.4
995 Inv.kwnku 11.1 80.5 183.1 -4.1 -184.9 -385.4
996 rox.KIS 13.8 82.9 185.6 -8.1 -188.9 -389.4
997 PR 9.8 78.9 181.6 9.5 -174.1 -377.7
999 Empire 11.7 81.3 184.3 5.5 -178.1 -381.7
1000 Inv.kwnku 13.4 83.2 186.4 1.5 -182.1 -385.7
1001 FD 15.1 85.2 188.9 -2.5 -186.1 -389.7
1002 Empire 16.6 87.0 191.1 -6.5 -190.1 -393.7
1004 EG 18.2 88.7 193.0 -10.5 -194.1 -397.7
1005 Dignitas 14.2 84.7 189.0 1.6 -184.2 -389.3
1008 Menace 10.2 80.7 185.0 13.7 -171.9 -378.4
1009 Kaipi 11.1 81.6 186.1 9.7 -175.9 -382.4
1010 Aspera 7.1 77.6 182.1 17.1 -168.9 -375.8
1012 DK 8.4 79.1 183.9 13.1 -172.9 -379.8
1015 StayFree 10.1 81.5 186.6 9.1 -176.9 -383.8
1017 Na'Vi 10.9 82.4 187.6 5.1 -180.9 -387.8
1018 Alliance 11.7 83.3 188.8 1.1 -184.9 -391.8
1019 Empire 13.6 85.7 191.5 -2.9 -188.9 -395.8
1020 Na'Vi 15.3 87.4 193.4 -6.9 -192.9 -399.8
1021 Na'Vi 16.5 88.6 194.8 -10.9 -196.9 -403.8
1022 LGD.cn 17.6 89.9 196.2 -14.9 -200.9 -407.8
1023 VG 19.6 92.1 198.4 -18.9 -204.9 -411.8
1024 LGD.cn 21.9 94.1 200.4 -22.9 -208.9 -415.8
1025 Dignitas 22.7 95.0 201.6 -26.9 -212.9 -419.8
1027 Next.kz 18.7 91.0 197.6 -20.8 -205.3 -412.5
1028 4FC 14.7 87.0 193.6 -10.3 -193.8 -402.5
1030 Na'Vi 15.5 87.9 194.6 -14.3 -197.8 -406.5
1031 Empire 18.3 90.6 197.4 -18.3 -201.8 -410.5
1032 Na'Vi 19.2 91.7 198.7 -22.3 -205.8 -414.5
1034 Alliance 19.9 92.5 199.7 -26.3 -209.8 -418.5
1035 Alliance 20.6 93.2 200.5 -30.3 -213.8 -422.5
1036 4FC 16.6 89.2 196.5 -24.2 -207.8 -417.1
1037 VP 12.6 85.2 192.5 -12.2 -198.6 -409.2
1039 Ahead.kz 8.6 81.2 188.5 9.1 -176.8 -391.3
1040 PBS 10.0 83.2 190.8 5.1 -180.8 -395.3
1041 Alliance 11.0 84.5 192.3 1.1 -184.8 -399.3
1042 Empire 12.5 86.2 194.2 -2.9 -188.8 -403.3
1044 Quantic 14.5 88.8 196.9 -6.9 -192.8 -407.3
1045 iG 15.4 90.2 198.6 -10.9 -196.8 -411.3
1046 Liquid 16.5 91.4 200.0 -14.9 -200.8 -415.3
1047 EG 12.5 87.4 196.0 -6.0 -192.8 -408.8
1048 MiTH 14.1 89.1 198.0 -10.0 -196.8 -412.8
1049 Dreamz 16.0 91.3 200.5 -14.0 -200.8 -416.8
1050 Alliance 16.8 92.2 201.6 -18.0 -204.8 -420.8
1051 iG 17.6 93.2 202.8 -22.0 -208.8 -424.8
1052 DK 19.2 95.1 204.9 -26.0 -212.8 -428.8
1055 Alliance 19.8 95.8 205.8 -30.0 -216.8 -432.8
1059 TongFu 21.6 97.3 207.4 -34.0 -220.8 -436.8
1060 LGD.int 23.8 99.6 209.9 -38.0 -224.8 -440.8
1061 RS.int 25.3 101.4 212.0 -42.0 -228.8 -444.8
1062 MiTH 27.0 103.1 213.9 -46.0 -232.8 -448.8
1063 Alliance 27.7 103.9 214.8 -50.0 -236.8 -452.8
1064 Alliance 28.5 104.8 215.8 -54.0 -240.8 -456.8
1065 SSD 29.5 106.3 217.5 -58.0 -244.8 -460.8
1067 Hearts 31.0 107.9 219.3 -62.0 -248.8 -464.8
1068 rox.KIS 32.9 109.9 221.6 -66.0 -252.8 -468.8
1069 Poseidon 28.9 105.9 217.6 -59.2 -245.3 -461.3
1070 Quantic 24.9 101.9 213.6 -48.9 -236.0 -452.9
1071 Quantic 26.7 103.5 215.4 -52.9 -240.0 -456.9
1073 Titan 28.2 105.0 217.0 -56.9 -244.0 -460.9
1077 StayFree 29.3 106.5 218.8 -60.9 -248.0 -464.9
1078 VP 31.6 108.8 221.3 -64.9 -252.0 -468.9
1080 SYF 34.1 110.8 223.4 -68.9 -256.0 -472.9
1081 Na'Vi 34.8 111.6 224.4 -72.9 -260.0 -476.9
1082 Fnatic.eu 35.6 112.5 225.4 -76.9 -264.0 -480.9
1083 Titan 36.4 113.4 226.6 -80.9 -268.0 -484.9
1085 FD 37.2 114.5 228.0 -84.9 -272.0 -488.9
1087 UR 39.1 116.5 230.1 -88.9 -276.0 -492.9
1088 FXopen 40.0 117.8 231.6 -92.9 -280.0 -496.9
1089 Imp 40.7 118.8 232.7 -96.9 -284.0 -500.9
1090 MiTH 41.4 119.7 233.8 -100.9 -288.0 -504.9
1091 Na'Vi 42.3 120.7 235.1 -104.9 -292.0 -508.9
1092 ONE.dota 38.3 116.7 231.1 -93.7 -280.4 -498.7
1093 Lowyat 34.3 112.7 227.1 -87.9 -274.6 -493.2
1094 DK 36.6 115.3 230.1 -91.9 -278.6 -497.2
1095 Arcanys 32.6 111.3 226.1 -70.4 -261.3 -483.7
1096 VG 33.6 112.7 227.8 -74.4 -265.3 -487.7
1097 FD 34.3 113.6 229.1 -78.4 -269.3 -491.7
1098 Lowyat 30.3 109.6 225.1 -67.8 -259.1 -483.0
1099 rox.KIS 32.5 111.9 227.6 -71.8 -263.1 -487.0
1101 Fnatic.eu 33.5 113.1 229.1 -75.8 -267.1 -491.0
1104 Poseidon 29.5 109.1 225.1 -59.8 -252.9 -479.8
1105 Na'Vi 30.3 110.0 226.2 -63.8 -256.9 -483.8
1108 eN.Legs 31.8 112.0 228.6 -67.8 -260.9 -487.8
1110 bvd.dotA 33.9 114.4 231.4 -71.8 -264.9 -491.8
1111 LGD.int 34.9 115.5 232.8 -75.8 -268.9 -495.8
1112 DK 35.4 116.2 233.6 -79.8 -272.9 -499.8
1113 Imp 37.3 118.9 236.7 -83.8 -276.9 -503.8
1114 Na'Vi 38.0 119.7 237.7 -87.8 -280.9 -507.8
1116 NJ&Kids 34.0 115.7 233.7 -82.7 -274.6 -501.6
1117 VG 34.7 116.5 234.7 -86.7 -278.6 -505.6
1118 LGD.cn 35.1 117.1 235.5 -90.7 -282.6 -509.6
1119 FD 31.1 113.1 231.5 -83.9 -276.2 -503.7
1120 Ahead.kz 32.4 114.6 233.3 -87.9 -280.2 -507.7
1122 PR 33.9 115.8 234.6 -91.9 -284.2 -511.7
1123 Na'Vi 34.3 116.4 235.3 -95.9 -288.2 -515.7
1124 bvd.dotA 36.3 118.2 237.1 -99.9 -292.2 -519.7
1125 Empire 37.9 119.8 238.7 -103.9 -296.2 -523.7
1126 Life 33.9 115.8 234.7 -93.5 -282.1 -510.8
1127 EG 36.2 118.3 237.5 -97.5 -286.1 -514.8
1129 iG 36.7 119.0 238.3 -101.5 -290.1 -518.8
1130 TongFu 38.3 120.8 240.3 -105.5 -294.1 -522.8
1131 Na'Vi 39.3 121.8 241.5 -109.5 -298.1 -526.8
1132 Fnatic.eu 40.2 122.9 242.7 -113.5 -302.1 -530.8
1133 MUFC 36.2 118.9 238.7 -103.2 -292.7 -522.3
1135 Empire 37.2 120.0 240.0 -107.2 -296.7 -526.3
1136 Empire 38.6 121.6 241.8 -111.2 -300.7 -530.3
1137 TakeFive 34.6 117.6 237.8 -100.4 -287.6 -519.0
1139 VT 36.6 120.0 240.5 -104.4 -291.6 -523.0
1140 SYM 32.6 116.0 236.5 -98.3 -285.0 -516.5
1141 EOT 33.9 118.2 239.1 -102.3 -289.0 -520.5
1143 DK 34.4 118.9 240.0 -106.3 -293.0 -524.5
1144 VG 30.4 114.9 236.0 -91.7 -279.7 -514.1
1145 Fnatic.eu 33.1 117.2 238.4 -95.7 -283.7 -518.1
1146 iG 33.5 117.8 239.1 -99.7 -287.7 -522.1
1147 LGD.cn 34.7 119.2 240.8 -103.7 -291.7 -526.1
1148 HR 36.4 121.4 243.4 -107.7 -295.7 -530.1
1149 Na'Vi 37.3 122.4 244.7 -111.7 -299.7 -534.1
1150 Speed 39.3 125.6 248.4 -115.7 -303.7 -538.1
1151 Alliance 39.8 126.3 249.2 -119.7 -307.7 -542.1
1155 Empire 40.9 127.8 250.9 -123.7 -311.7 -546.1
1156 iG 42.0 129.4 252.8 -127.7 -315.7 -550.1
1157 Na'Vi 42.8 130.3 253.8 -131.7 -319.7 -554.1
1159 SAfrica 43.9 131.7 255.6 -135.7 -323.7 -558.1
1160 Na'Vi 39.9 127.7 251.6 -127.7 -318.2 -553.1
1161 FD 41.7 129.7 253.6 -131.7 -322.2 -557.1
1164 Titan 37.7 125.7 249.6 -124.8 -314.1 -549.2
1165 Titan 33.7 121.7 245.6 -114.3 -302.7 -539.1
1167 EOT 35.6 123.6 247.8 -118.3 -306.7 -543.1
1168 LGD.cn 37.4 125.4 249.8 -122.3 -310.7 -547.1
1169 DK 37.8 126.0 250.6 -126.3 -314.7 -551.1
1170 VG 39.9 128.1 252.9 -130.3 -318.7 -555.1
1171 Empire 40.7 129.1 254.1 -134.3 -322.7 -559.1
1172 Speed 36.7 125.1 250.1 -115.4 -301.9 -539.0
1173 Empire 38.4 126.8 252.0 -119.4 -305.9 -543.0
1174 Fnatic 39.7 128.1 253.4 -123.4 -309.9 -547.0
1175 TongFu 40.4 129.0 254.6 -127.4 -313.9 -551.0
1176 LGD.cn 36.4 125.0 250.6 -115.7 -304.3 -542.8
1177 TongFu 37.9 126.4 252.2 -119.7 -308.3 -546.8
1178 DK 38.3 126.9 252.9 -123.7 -312.3 -550.8
1179 RStars 34.3 122.9 248.9 -114.6 -303.7 -543.1
1181 Alliance 35.0 123.8 250.0 -118.6 -307.7 -547.1
1183 Speed 36.4 125.1 251.5 -122.6 -311.7 -551.1
1185 Liquid 32.4 121.1 247.5 -102.0 -290.9 -531.8
1186 iG 34.6 123.9 250.3 -106.0 -294.9 -535.8
1188 LGD.int 35.2 124.7 251.2 -110.0 -298.9 -539.8
1189 EG 36.3 126.1 253.0 -114.0 -302.9 -543.8
1190 TongFu 37.1 127.2 254.4 -118.0 -306.9 -547.8
1191 DK 37.5 127.9 255.2 -122.0 -310.9 -551.8
1192 Na'Vi 38.3 128.8 256.5 -126.0 -314.9 -555.8
1194 Dignitas 39.8 130.3 258.2 -130.0 -318.9 -559.8
1195 VG 40.3 131.0 259.0 -134.0 -322.9 -563.8
1196 LGD.cn 40.8 131.7 259.9 -138.0 -326.9 -567.8
1197 CSW 42.2 133.4 261.7 -142.0 -330.9 -571.8
1199 Menace 43.9 135.3 263.9 -146.0 -334.9 -575.8
1200 Liquid 45.5 136.7 265.4 -150.0 -338.9 -579.8
1202 SSD 46.8 138.2 267.2 -154.0 -342.9 -583.8
1203 TongFu 47.2 138.8 267.9 -158.0 -346.9 -587.8
1204 iG 47.9 139.7 268.9 -162.0 -350.9 -591.8
1205 HR 43.9 135.7 264.9 -149.6 -335.8 -578.4
1206 EG 45.4 136.8 266.1 -153.6 -339.8 -582.4
1207 mouz 41.4 132.8 262.1 -147.3 -333.5 -576.5
1208 Imp 37.4 128.8 258.1 -138.8 -324.0 -567.5
1209 MiTH 33.4 124.8 254.1 -131.8 -317.7 -561.7
1210 Liquid 29.4 120.8 250.1 -119.5 -305.2 -550.9
1212 Fnatic.eu 31.3 123.0 252.6 -123.5 -309.2 -554.9
1213 Poseidon 27.3 119.0 248.6 -116.2 -301.1 -547.1
1214 VG 23.3 115.0 244.6 -110.0 -293.8 -540.3
1215 iG 23.7 115.7 245.4 -114.0 -297.8 -544.3
1216 LGD.cn 25.1 117.5 247.6 -118.0 -301.8 -548.3
1217 Speed 21.1 113.5 243.6 -108.0 -292.5 -540.0
1218 CSW 17.1 109.5 239.6 -101.6 -286.7 -534.8
1220 Empire 18.4 111.1 241.5 -105.6 -290.7 -538.8
1221 iG 14.4 107.1 237.5 -94.3 -281.8 -531.8
1222 LGD.cn 16.3 108.7 239.2 -98.3 -285.8 -535.8
1223 DK 17.2 109.9 240.7 -102.3 -289.8 -539.8
1227 Empire 19.0 112.1 243.1 -106.3 -293.8 -543.8
1229 StayFree 15.0 108.1 239.1 -99.6 -288.2 -539.0
1230 Property 11.0 104.1 235.1 -86.9 -277.8 -530.4
1231 TTD 7.0 100.1 231.1 -79.6 -269.1 -522.5
1232 Alliance 7.9 101.0 232.2 -83.6 -273.1 -526.5
1234 VG 9.8 103.2 234.8 -87.6 -277.1 -530.5
1235 TongFu 5.8 99.2 230.8 -69.7 -263.1 -519.8
1237 FSid3 1.8 95.2 226.8 -59.3 -253.6 -511.4
1238 LGD.cn 2.4 96.1 228.0 -63.3 -257.6 -515.4
1239 RStars 3.8 98.1 230.5 -67.3 -261.6 -519.4
1240 Na'Vi 5.5 99.9 232.5 -71.3 -265.6 -523.4
1242 mouz 7.1 101.9 234.8 -75.3 -269.6 -527.4
1243 Alliance 7.8 102.7 235.9 -79.3 -273.6 -531.4
1244 Sigma.int 9.5 105.3 239.2 -83.3 -277.6 -535.4
1245 Speed 10.5 106.6 240.8 -87.3 -281.6 -539.4
1246 Liquid 13.1 109.4 243.8 -91.3 -285.6 -543.4
1247 iG 13.5 110.0 244.6 -95.3 -289.6 -547.4
1251 UR 15.0 111.9 246.7 -99.3 -293.6 -551.4
1253 LGD.int 11.0 107.9 242.7 -70.6 -273.2 -535.3
1255 Empire 13.0 110.0 245.0 -74.6 -277.2 -539.3
1256 RS 13.9 111.0 246.3 -78.6 -281.2 -543.3
1257 mouz 9.9 107.0 242.3 -66.8 -271.4 -534.9
1259 Sigma.int 11.9 109.7 245.3 -70.8 -275.4 -538.9
1261 mouz 7.9 105.7 241.3 -62.8 -269.5 -533.4
1262 iG 9.0 107.1 242.9 -66.8 -273.5 -537.4
1263 LGD.cn 9.7 108.0 244.0 -70.8 -277.5 -541.4
1264 DK 10.4 108.8 245.0 -74.8 -281.5 -545.4
1265 Fnatic.eu 6.4 104.8 241.0 -66.7 -274.0 -538.8
1266 Alliance 7.1 105.6 242.0 -70.7 -278.0 -542.8
1267 Na'Vi 8.5 107.2 243.8 -74.7 -282.0 -546.8
1268 Mski 9.6 108.6 245.4 -78.7 -286.0 -550.8
1269 Orange 10.6 109.6 246.7 -82.7 -290.0 -554.8
1270 MiTH 13.3 111.9 249.3 -86.7 -294.0 -558.8
1271 SYF 15.6 114.5 252.4 -90.7 -298.0 -562.8
1272 iG 17.6 117.0 255.2 -94.7 -302.0 -566.8
1273 RS 13.6 113.0 251.2 -82.0 -290.8 -556.7
1274 LGD.cn 15.1 114.5 252.8 -86.0 -294.8 -560.7
1275 FXopen 16.8 116.5 254.9 -90.0 -298.8 -564.7
1276 CSW 18.3 118.2 256.8 -94.0 -302.8 -568.7
1278 Lowyat 14.3 114.2 252.8 -81.8 -287.4 -554.7
1279 Titan 15.4 115.3 254.1 -85.8 -291.4 -558.7
1283 Speed 16.6 116.5 255.3 -89.8 -295.4 -562.7
1284 Alliance 17.4 117.3 256.3 -93.8 -299.4 -566.7
1286 LGD.int 19.5 119.9 259.0 -97.8 -303.4 -570.7
1288 Alliance 21.3 121.8 260.9 -101.8 -307.4 -574.7
1290 Lowyat 17.3 117.8 256.9 -95.7 -301.8 -569.3
1292 SSD 13.3 113.8 252.9 -87.3 -292.4 -560.3
1293 TongFu 14.3 114.9 254.3 -91.3 -296.4 -564.3
1294 VG 10.3 110.9 250.3 -77.5 -283.2 -553.6
1296 mouz 12.0 112.7 252.3 -81.5 -287.2 -557.6
1297 EG 14.4 115.0 254.9 -85.5 -291.2 -561.6
1299 EG 15.5 116.2 256.2 -89.5 -295.2 -565.6
1300 4FC 17.5 118.3 258.6 -93.5 -299.2 -569.6
1301 Hearts 18.8 119.9 260.4 -97.5 -303.2 -573.6
1302 DK 21.0 122.4 263.1 -101.5 -307.2 -577.6
1303 Sigma.int 21.9 123.6 264.6 -105.5 -311.2 -581.6
1305 Empire 22.5 124.4 265.5 -109.5 -315.2 -585.6
1306 FXopen 23.6 125.8 267.1 -113.5 -319.2 -589.6
1307 LGD.int 24.5 126.8 268.3 -117.5 -323.2 -593.6
1308 LGD.cn 25.2 127.6 269.3 -121.5 -327.2 -597.6
1309 4FC 27.4 129.5 271.4 -125.5 -331.2 -601.6
1310 Sigma.int 28.1 130.3 272.4 -129.5 -335.2 -605.6
1312 Arteezy 30.1 132.3 274.6 -133.5 -339.2 -609.6
1314 TongFu 30.5 132.9 275.3 -137.5 -343.2 -613.6
1315 Empire 31.3 133.8 276.3 -141.5 -347.2 -617.6
1316 VG 32.0 134.7 277.4 -145.5 -351.2 -621.6
1317 Na'Vi 33.0 135.8 278.8 -149.5 -355.2 -625.6
1318 QPandas 29.0 131.8 274.8 -135.9 -341.7 -612.7
1319 Empire 31.1 133.4 276.4 -139.9 -345.7 -616.7
1321 Fnatic.eu 31.8 134.1 277.0 -143.9 -349.7 -620.7
1322 DK 32.2 134.6 277.7 -147.9 -353.7 -624.7
1323 VG 33.0 135.6 279.0 -151.9 -357.7 -628.7
1324 VG 29.0 131.6 275.0 -137.7 -343.2 -616.5
1325 Kawai 25.0 127.6 271.0 -125.6 -333.3 -607.2
1326 Dignitas 21.0 123.6 267.0 -112.6 -321.3 -597.1
1327 Speed 21.6 124.3 267.9 -116.6 -325.3 -601.1
1328 Dignitas 23.3 126.0 269.7 -120.6 -329.3 -605.1
1329 Alliance 23.9 126.7 270.5 -124.6 -333.3 -609.1
1330 Na'Vi 25.9 128.5 272.5 -128.6 -337.3 -613.1
1331 Na'Vi 27.1 129.5 273.7 -132.6 -341.3 -617.1
1332 Fnatic.eu 23.1 125.5 269.7 -122.5 -329.6 -606.8
1333 Alliance 23.9 126.3 270.7 -126.5 -333.6 -610.8
1334 iG 25.4 128.1 272.9 -130.5 -337.6 -614.8
1335 LGD.int 26.6 129.5 274.5 -134.5 -341.6 -618.8
1336 TongFu 27.6 130.4 275.5 -138.5 -345.6 -622.8
1337 Startale 30.1 132.8 278.2 -142.5 -349.6 -626.8
1338 Liquid 31.5 134.3 279.9 -146.5 -353.6 -630.8
1340 Fnatic.eu 32.4 135.3 281.1 -150.5 -357.6 -634.8
1341 Alliance 32.9 135.9 281.8 -154.5 -361.6 -638.8
1343 Fnatic.eu 28.9 131.9 277.8 -146.5 -352.5 -630.3
1345 Sigma.int 30.1 133.4 279.6 -150.5 -356.5 -634.3
1350 Fnatic.eu 26.1 129.4 275.6 -144.9 -350.6 -628.3
1351 VG 26.5 130.1 276.4 -148.9 -354.6 -632.3
1352 DK 27.1 130.7 277.2 -152.9 -358.6 -636.3
1353 Alliance 28.8 132.4 279.1 -156.9 -362.6 -640.3
1354 VP 24.8 128.4 275.1 -144.0 -350.4 -629.4
1355 Alliance 26.0 129.7 276.7 -148.0 -354.4 -633.4
1356 Alliance 27.3 130.9 278.0 -152.0 -358.4 -637.4
1357 Na'Vi 28.4 131.9 279.1 -156.0 -362.4 -641.4
1358 VP 24.4 127.9 275.1 -150.1 -356.8 -636.1
1359 LGD.cn 24.7 128.4 275.7 -154.1 -360.8 -640.1
1360 iG 25.1 128.9 276.3 -158.1 -364.8 -644.1
1361 Dignitas 25.8 129.7 277.3 -162.1 -368.8 -648.1
1362 Speed 26.2 130.2 278.0 -166.1 -372.8 -652.1
1363 Speed 28.3 132.2 280.4 -170.1 -376.8 -656.1
1364 Na'Vi 30.1 134.1 282.4 -174.1 -380.8 -660.1
1365 Alliance 30.8 134.8 283.2 -178.1 -384.8 -664.1
1366 Alliance 31.2 135.3 283.8 -182.1 -388.8 -668.1
1367 Liquid 32.8 137.2 286.0 -186.1 -392.8 -672.1
1368 Fnatic.eu 34.0 138.4 287.3 -190.1 -396.8 -676.1
1369 Na'Vi 34.7 139.2 288.2 -194.1 -400.8 -680.1
1370 LGD.int 30.7 135.2 284.2 -184.9 -390.4 -670.6
1372 VP 26.7 131.2 280.2 -167.0 -375.2 -657.9
1373 Liquid 28.0 132.5 281.7 -171.0 -379.2 -661.9
1375 Startale 24.0 128.5 277.7 -160.5 -372.6 -656.4
1377 LGD.cn 25.5 130.1 279.5 -164.5 -376.6 -660.4
1379 Fnatic.eu 26.6 131.3 280.9 -168.5 -380.6 -664.4
1380 Liquid 27.7 132.5 282.3 -172.5 -384.6 -668.4
1381 Liquid 23.7 128.5 278.3 -157.6 -370.6 -656.5
1382 Titan 24.5 129.5 279.6 -161.6 -374.6 -660.5
1383 LGD.cn 26.0 131.3 281.6 -165.6 -378.6 -664.5
1384 Empire 26.7 132.1 282.6 -169.6 -382.6 -668.5
1386 StayFree 22.7 128.1 278.6 -159.2 -372.5 -659.5
1388 iG 23.2 128.8 279.4 -163.2 -376.5 -663.5
1389 RStars 23.9 129.8 280.8 -167.2 -380.5 -667.5
1390 Alliance 24.4 130.4 281.5 -171.2 -384.5 -671.5
1391 Fnatic.eu 25.6 131.7 283.1 -175.2 -388.5 -675.5
1396 rox.KIS 21.6 127.7 279.1 -140.0 -360.8 -652.3
1399 EG 17.6 123.7 275.1 -125.0 -345.0 -639.0
1400 VP 19.5 125.9 277.7 -129.0 -349.0 -643.0
1401 Alliance 21.3 127.6 279.6 -133.0 -353.0 -647.0
1402 Liquid 23.4 129.8 281.9 -137.0 -357.0 -651.0
1404 VG 24.3 130.9 283.3 -141.0 -361.0 -655.0
1405 Speed 25.1 132.0 284.7 -145.0 -365.0 -659.0
1406 EG 21.1 128.0 280.7 -136.5 -357.7 -652.9
1408 Liquid 22.8 129.9 282.8 -140.5 -361.7 -656.9
1412 DK 23.2 130.6 283.7 -144.5 -365.7 -660.9
1415 VP 19.2 126.6 279.7 -132.6 -353.0 -649.7
1416 Liquid 21.0 128.4 281.6 -136.6 -357.0 -653.7
1421 Na'Vi 22.5 130.0 283.5 -140.6 -361.0 -657.7
1423 Alliance 23.0 130.6 284.2 -144.6 -365.0 -661.7
1424 DK 23.3 131.0 284.8 -148.6 -369.0 -665.7
1425 VG 24.0 131.8 285.8 -152.6 -373.0 -669.7
1426 Speed 25.4 133.3 287.5 -156.6 -377.0 -673.7
1428 EG 21.4 129.3 283.5 -149.1 -368.6 -665.5
1429 Empire 22.6 130.5 284.9 -153.1 -372.6 -669.5
1430 Na'Vi 23.5 131.5 286.1 -157.1 -376.6 -673.5
1431 DK 23.9 132.0 286.7 -161.1 -380.6 -677.5
1433 iG 19.9 128.0 282.7 -154.1 -374.6 -672.2
1437 Liquid 21.9 130.2 285.1 -158.1 -378.6 -676.2
1438 Liquid 22.6 131.1 286.1 -162.1 -382.6 -680.2
1439 Empire 18.6 127.1 282.1 -148.6 -368.0 -665.7
1440 Alliance 21.1 129.8 285.1 -152.6 -372.0 -669.7
1441 PR 17.1 125.8 281.1 -144.7 -364.0 -661.9
1442 LGD.int 17.5 126.4 281.8 -148.7 -368.0 -665.9
1443 TongFu 18.2 127.2 282.8 -152.7 -372.0 -669.9
1445 Speed 20.0 129.6 285.5 -156.7 -376.0 -673.9
1446 mouz 16.0 125.6 281.5 -149.4 -369.7 -668.1
1447 FD 12.0 121.6 277.5 -141.2 -362.0 -660.9
1448 MiTH 8.0 117.6 273.5 -135.0 -355.2 -654.5
1449 Titan 9.9 119.3 275.3 -139.0 -359.2 -658.5
1450 Na'Vi 10.8 120.4 276.6 -143.0 -363.2 -662.5
1451 Na'Vi 12.2 121.8 278.0 -147.0 -367.2 -666.5
1453 Liquid 14.6 124.5 280.8 -151.0 -371.2 -670.5
1456 Liquid 16.1 126.3 282.8 -155.0 -375.2 -674.5
1458 Fnatic.eu 12.1 122.3 278.8 -142.2 -362.8 -663.2
1459 Na'Vi 13.8 123.8 280.5 -146.2 -366.8 -667.2
1460 Alliance 14.7 124.7 281.5 -150.2 -370.8 -671.2
1461 rox.KIS 10.7 120.7 277.5 -140.6 -362.0 -663.1
1462 rox.KIS 12.2 122.2 279.2 -144.6 -366.0 -667.1
1463 Na'Vi 14.3 124.1 281.2 -148.6 -370.0 -671.1
1465 DK 15.8 125.6 282.8 -152.6 -374.0 -675.1
1466 4FC 11.8 121.6 278.8 -139.7 -361.2 -663.3
1468 Alliance 13.6 123.5 280.8 -143.7 -365.2 -667.3
1471 Mts 9.6 119.5 276.8 -134.9 -358.6 -661.9
1472 rox.KIS 5.6 115.5 272.8 -126.5 -352.6 -656.7
1473 LGD.cn 6.2 116.3 273.8 -130.5 -356.6 -660.7
1475 TongFu3 8.0 118.0 275.7 -134.5 -360.6 -664.7
1478 Alliance 9.2 119.3 277.1 -138.5 -364.6 -668.7
1479 Liquid 9.9 120.1 278.1 -142.5 -368.6 -672.7
1480 Na'Vi 11.6 121.6 279.7 -146.5 -372.6 -676.7
1481 DK 7.6 117.6 275.7 -137.2 -364.4 -670.0
1482 Fnatic.eu 8.3 118.5 276.9 -141.2 -368.4 -674.0
1483 Sigma.int 4.3 114.5 272.9 -130.2 -356.0 -662.4
1484 DK 6.2 116.7 275.4 -134.2 -360.0 -666.4
1485 EG 2.2 112.7 271.4 -126.9 -353.3 -660.0
1487 VG 4.3 115.1 274.1 -130.9 -357.3 -664.0
1488 Imp 6.1 117.1 276.6 -134.9 -361.3 -668.0
1489 Na'Vi 7.8 118.8 278.5 -138.9 -365.3 -672.0
1490 EG 8.6 119.8 279.6 -142.9 -369.3 -676.0
1492 Alliance 9.9 121.2 281.1 -146.9 -373.3 -680.0
1494 Na'Vi 10.5 121.9 281.9 -150.9 -377.3 -684.0
1495 DK 11.6 123.2 283.4 -154.9 -381.3 -688.0
1496 Sigma.int 13.5 125.5 286.1 -158.9 -385.3 -692.0
1497 Speed 9.5 121.5 282.1 -145.3 -373.4 -681.1
1498 Fnatic.eu 5.5 117.5 278.1 -129.2 -357.9 -666.4
1499 DK 6.3 118.5 279.1 -133.2 -361.9 -670.4
1500 Speed 7.0 119.4 280.3 -137.2 -365.9 -674.4
1501 Liquid 3.0 115.4 276.3 -123.8 -352.8 -662.6
1503 Speed 5.5 117.5 278.7 -127.8 -356.8 -666.6
1506 Liquid 6.8 118.9 280.2 -131.8 -360.8 -670.6
1507 DK 8.5 120.6 281.9 -135.8 -364.8 -674.6
1508 Alliance 9.1 121.4 282.7 -139.8 -368.8 -678.6
1510 Na'Vi 10.6 123.0 284.5 -143.8 -372.8 -682.6
1511 Sigma.int 11.1 123.7 285.2 -147.8 -376.8 -686.6
1512 Alliance 12.0 124.7 286.4 -151.8 -380.8 -690.6
1513 DK 12.3 125.2 287.0 -155.8 -384.8 -694.6
1514 Fnatic.eu 8.3 121.2 283.0 -149.9 -379.0 -688.7
1515 Speed 4.3 117.2 279.0 -138.9 -368.2 -678.9
1518 Speed 0.3 113.2 275.0 -129.2 -359.8 -671.3
1520 Titan 2.9 115.7 277.6 -133.2 -363.8 -675.3
1521 Next.kz 4.7 117.8 280.1 -137.2 -367.8 -679.3
1522 Next.kz 0.7 113.8 276.1 -130.8 -361.6 -673.7
1523 SSD -3.3 109.8 272.1 -117.4 -348.3 -662.4
1524 Aspera -1.9 111.6 274.1 -121.4 -352.3 -666.4
1525 mouz 0.9 114.3 276.9 -125.4 -356.3 -670.4
1526 TongFu3 3.3 116.8 279.7 -129.4 -360.3 -674.4
1527 VP 4.4 118.2 281.3 -133.4 -364.3 -678.4
1528 TongFu 5.1 119.0 282.3 -137.4 -368.3 -682.4
1529 LGD.int 5.7 119.8 283.3 -141.4 -372.3 -686.4
1530 Empire 7.2 121.5 285.2 -145.4 -376.3 -690.4
1531 Aspera 8.6 123.0 286.9 -149.4 -380.3 -694.4
1533 OsG 4.6 119.0 282.9 -136.2 -367.8 -684.1
1534 Poseidon 6.5 120.9 285.0 -140.2 -371.8 -688.1
1535 Venum 8.5 123.4 287.8 -144.2 -375.8 -692.1
1537 FL 4.5 119.4 283.8 -134.4 -364.6 -682.5
1538 NoX 0.5 115.4 279.8 -126.9 -356.2 -674.7
1539 Next.kz 3.2 117.7 282.2 -130.9 -360.2 -678.7
1540 Next.kz 5.8 120.4 285.2 -134.9 -364.2 -682.7
1541 PR 1.8 116.4 281.2 -128.2 -358.1 -677.2
1542 rox.KIS 4.1 118.9 284.1 -132.2 -362.1 -681.2
1543 Fnatic.eu 6.7 121.3 286.6 -136.2 -366.1 -685.2
1544 SSD 8.4 123.2 288.7 -140.2 -370.1 -689.2
1545 LGD.cn 9.9 125.0 290.9 -144.2 -374.1 -693.2
1546 iG 11.1 126.4 292.6 -148.2 -378.1 -697.2
1547 Fnatic.eu 7.1 122.4 288.6 -138.3 -367.9 -687.6
1548 Na'Vi 8.7 124.0 290.4 -142.3 -371.9 -691.6
1549 VG 9.3 124.9 291.6 -146.3 -375.9 -695.6
1550 DK 10.0 125.7 292.6 -150.3 -379.9 -699.6
1553 Fnatic.eu 6.0 121.7 288.6 -141.0 -371.1 -692.0
1554 Alliance 7.9 123.5 290.5 -145.0 -375.1 -696.0
1557 LGD.int 3.9 119.5 286.5 -136.3 -365.6 -687.5
1560 EOT 5.9 121.5 288.7 -140.3 -369.6 -691.5
1561 Na'Vi 8.6 124.0 291.3 -144.3 -373.6 -695.5
1562 VG 4.6 120.0 287.3 -137.3 -363.9 -686.4
1568 Next.kz 5.8 121.5 289.0 -141.3 -367.9 -690.4
1569 Next.kz 1.8 117.5 285.0 -135.2 -361.1 -684.1
1571 PR 4.6 120.2 287.8 -139.2 -365.1 -688.1
1572 Fnatic.eu 6.0 121.5 289.2 -143.2 -369.1 -692.1
1573 iG 7.8 123.4 291.5 -147.2 -373.1 -696.1
1574 DK 8.9 124.6 292.8 -151.2 -377.1 -700.1
1576 5inQ 10.4 126.5 295.1 -155.2 -381.1 -704.1
1578 VG 6.4 122.5 291.1 -146.0 -372.2 -695.8
1579 DK 7.5 124.0 292.8 -150.0 -376.2 -699.8
1580 Alliance 8.6 125.3 294.3 -154.0 -380.2 -703.8
1582 PR 10.0 126.6 295.7 -158.0 -384.2 -707.8
1583 Sigma.int 11.4 128.3 297.7 -162.0 -388.2 -711.8
1584 SSD 13.8 131.1 300.6 -166.0 -392.2 -715.8
1585 Fnatic.eu 14.7 132.1 301.8 -170.0 -396.2 -719.8
1586 Fnatic.eu 10.7 128.1 297.8 -160.4 -386.8 -710.5
1587 Idol 12.2 129.9 300.1 -164.4 -390.8 -714.5
1589 FD 13.2 131.0 301.4 -168.4 -394.8 -718.5
1590 Orange 14.0 132.0 302.7 -172.4 -398.8 -722.5
1593 FD 14.7 133.0 304.0 -176.4 -402.8 -726.5
1594 FD 10.7 129.0 300.0 -167.6 -392.8 -717.3
1595 Idol 6.7 125.0 296.0 -161.5 -384.9 -709.2
1597 Empire 8.5 126.8 297.8 -165.5 -388.9 -713.2
1598 Alliance 9.4 127.8 298.9 -169.5 -392.9 -717.2
1599 OsG 5.4 123.8 294.9 -160.7 -385.1 -710.1
1600 TR 1.4 119.8 290.9 -149.8 -376.7 -703.0
1602 VP 3.1 121.7 292.9 -153.8 -380.7 -707.0
1603 Fnatic.eu 4.6 123.2 294.4 -157.8 -384.7 -711.0
1604 Sigma.int 0.6 119.2 290.4 -147.4 -373.9 -700.9
1605 VG 3.0 122.1 293.6 -151.4 -377.9 -704.9
1607 Idol 4.0 123.5 295.3 -155.4 -381.9 -708.9
1608 VP -5.28466159722e-14 119.5 291.3 -145.5 -373.0 -701.4
1611 Sigma.int 1.0 120.8 292.8 -149.5 -377.0 -705.4
1612 Fnatic.eu 2.9 122.7 295.0 -153.5 -381.0 -709.4
1613 Fnatic.eu 4.3 124.1 296.6 -157.5 -385.0 -713.4
1614 Alliance 4.9 124.9 297.5 -161.5 -389.0 -717.4
1617 Siltherin 6.9 127.2 300.1 -165.5 -393.0 -721.4
1618 FD 8.5 128.9 302.2 -169.5 -397.0 -725.4
1619 XctN 10.8 131.5 305.0 -173.5 -401.0 -729.4
1620 VP 12.3 132.9 306.6 -177.5 -405.0 -733.4
1622 Aspera 8.3 128.9 302.6 -171.4 -398.6 -727.4
1623 SSD 10.2 130.8 304.6 -175.4 -402.6 -731.4
1624 PR 11.8 132.6 306.6 -179.4 -406.6 -735.4
1625 Idol 7.8 128.6 302.6 -170.3 -397.8 -727.7
1626 FD 8.7 129.8 304.0 -174.3 -401.8 -731.7
1627 MVP 10.7 131.5 305.8 -178.3 -405.8 -735.7
1628 Alliance 11.4 132.2 306.7 -182.3 -409.8 -739.7
1629 Fnatic.eu 11.9 132.8 307.5 -186.3 -413.8 -743.7
1630 Na'Vi 14.5 135.1 310.0 -190.3 -417.8 -747.7
1631 VG 15.0 135.8 311.0 -194.3 -421.8 -751.7
1632 Fnatic.eu 11.0 131.8 307.0 -188.6 -416.0 -745.9
1634 Alliance 11.7 132.7 308.0 -192.6 -420.0 -749.9
1635 VG 7.7 128.7 304.0 -187.5 -412.8 -742.2
1636 Sigma.int 8.4 129.5 305.1 -191.5 -416.8 -746.2
1637 Na'Vi 10.3 131.3 307.0 -195.5 -420.8 -750.2
1639 Fnatic.eu 6.3 127.3 303.0 -189.7 -415.0 -745.0
1641 RRQ 2.3 123.3 299.0 -180.5 -405.0 -735.4
1642 MiTH 4.0 125.4 301.2 -184.5 -409.0 -739.4
1643 VG 6.4 128.5 304.6 -188.5 -413.0 -743.4
1644 iG 2.4 124.5 300.6 -182.5 -407.5 -738.1
1645 RRQ 4.8 126.8 303.0 -186.5 -411.5 -742.1
1648 Poseidon 0.8 122.8 299.0 -178.1 -403.1 -734.0
1650 VP 2.7 125.0 301.2 -182.1 -407.1 -738.0
1651 rox.KIS 4.4 126.7 303.1 -186.1 -411.1 -742.0
1652 PR 5.5 128.0 304.6 -190.1 -415.1 -746.0
1653 mouz 7.1 129.6 306.4 -194.1 -419.1 -750.0
1654 MVP.P 8.1 131.0 308.0 -198.1 -423.1 -754.0
1655 RRQ 10.6 132.9 309.9 -202.1 -427.1 -758.0
1656 HR 6.6 128.9 305.9 -193.1 -416.5 -748.2
1657 RRQ 7.3 129.8 307.0 -197.1 -420.5 -752.2
1660 Poseidon 3.3 125.8 303.0 -180.7 -405.9 -740.6
1662 Fnatic.eu 4.1 126.8 304.2 -184.7 -409.9 -744.6
1664 DK 4.8 127.6 305.2 -188.7 -413.9 -748.6
1665 LGD.cn 5.4 128.3 306.2 -192.7 -417.9 -752.6
1666 Lowyat 1.4 124.3 302.2 -186.0 -412.2 -747.5
1667 Fnatic.eu 2.9 125.7 303.8 -190.0 -416.2 -751.5
1668 Duskbin 3.7 127.0 305.4 -194.0 -420.2 -755.5
1669 Neon -0.3 123.0 301.4 -185.3 -412.1 -748.5
1672 MiTH 1.6 124.9 303.5 -189.3 -416.1 -752.5
1674 Empire 2.8 126.2 304.9 -193.3 -420.1 -756.5
1676 TR -1.2 122.2 300.9 -179.1 -408.5 -746.7
1677 Na'Vi -5.6177285046e-14 123.4 302.4 -183.1 -412.5 -750.7
1678 Na'Vi 0.9 124.5 303.6 -187.1 -416.5 -754.7
1679 Speed 2.6 126.2 305.5 -191.1 -420.5 -758.7
1681 Mski 3.5 127.3 306.8 -195.1 -424.5 -762.7
1682 Lowyat 4.7 128.6 308.4 -199.1 -428.5 -766.7
1683 rox.KIS 6.0 130.2 310.3 -203.1 -432.5 -770.7
1684 Alliance 7.4 131.5 311.7 -207.1 -436.5 -774.7
1685 Alliance 7.9 132.1 312.4 -211.1 -440.5 -778.7
1686 Sigma.int 9.1 133.3 313.8 -215.1 -444.5 -782.7
1688 Fnatic.eu 10.5 134.7 315.3 -219.1 -448.5 -786.7
1689 iG 11.0 135.3 316.0 -223.1 -452.5 -790.7
1690 Mski 13.0 136.8 317.5 -227.1 -456.5 -794.7
1697 mouz 9.0 132.8 313.5 -210.2 -436.4 -774.6
1698 Alliance 10.5 134.1 314.9 -214.2 -440.4 -778.6
1699 OsG 6.5 130.1 310.9 -185.8 -414.1 -755.2
1701 TongFu 7.5 131.1 312.0 -189.8 -418.1 -759.2
1704 Alliance 10.2 133.8 314.9 -193.8 -422.1 -763.2
1705 Next.kz 11.9 135.7 317.1 -197.8 -426.1 -767.2
1706 Sigma.int 12.8 136.5 318.0 -201.8 -430.1 -771.2
1707 mouz 14.0 137.6 319.2 -205.8 -434.1 -775.2
1708 HR 15.1 138.9 320.8 -209.8 -438.1 -779.2
1709 iG 16.5 140.5 322.8 -213.8 -442.1 -783.2
1709 iG 17.9 142.1 324.8 -217.8 -446.1 -787.2
1710 Speed 13.9 138.1 320.8 -211.7 -439.9 -781.3
1710 Speed 9.9 134.1 316.8 -205.2 -433.4 -775.4
1711 Next.kz 10.7 135.1 318.0 -209.2 -437.4 -779.4
1711 Next.kz 11.4 136.0 319.0 -213.2 -441.4 -783.4
1712 VP 13.1 137.7 320.8 -217.2 -445.4 -787.4
1712 VP 15.0 139.3 322.5 -221.2 -449.4 -791.4
1713 Alliance 16.6 140.9 324.2 -225.2 -453.4 -795.4
1713 Sigma.int 18.4 142.3 325.9 -229.2 -457.4 -799.4
1714 rox.KIS 19.1 143.2 326.9 -233.2 -461.4 -803.4
1714 rox.KIS 20.0 144.1 328.1 -237.2 -465.4 -807.4
1716 rox.KIS 22.4 146.8 330.9 -241.2 -469.4 -811.4
1716 rox.KIS 25.0 149.4 333.8 -245.2 -473.4 -815.4
1718 Fnatic.eu 21.0 145.4 329.8 -238.8 -466.5 -809.6
1718 Fnatic.eu 17.0 141.4 325.8 -231.9 -459.9 -803.8
1719 HR 18.8 142.9 327.4 -235.9 -463.9 -807.8
1719 HR 20.6 144.4 329.0 -239.9 -467.9 -811.8
1720 Mski 21.5 145.4 330.1 -243.9 -471.9 -815.8
1721 Lowyat 22.6 146.4 331.6 -247.9 -475.9 -819.8
1722 Mski 23.4 147.2 332.6 -251.9 -479.9 -823.8
1723 Mski 25.1 148.8 334.2 -255.9 -483.9 -827.8
1724 LGD.cn 26.7 150.5 336.1 -259.9 -487.9 -831.8
1725 VG 27.8 151.7 337.5 -263.9 -491.9 -835.8
1726 Lowyat 28.8 152.7 338.7 -267.9 -495.9 -839.8
1727 Mski 29.6 153.6 339.6 -271.9 -499.9 -843.8
1728 sQreen 25.6 149.6 335.6 -259.7 -487.4 -832.8
1730 rox.KIS 26.6 151.0 337.1 -263.7 -491.4 -836.8
1731 Empire 22.6 147.0 333.1 -251.5 -478.5 -825.5
1732 rox.KIS 18.6 143.0 329.1 -245.6 -471.2 -818.2
1733 PR 14.6 139.0 325.1 -234.7 -460.7 -808.5
1735 Mski 15.4 139.8 326.1 -238.7 -464.7 -812.5
1736 Lowyat 11.4 135.8 322.1 -229.5 -455.7 -804.6
1738 Lowyat 13.5 137.6 324.0 -233.5 -459.7 -808.6
1739 5inQ 9.5 133.6 320.0 -225.7 -451.9 -802.2
1740 LGD.cn 5.5 129.6 316.0 -219.3 -446.3 -797.4
1742 Na'Vi 7.0 131.6 318.2 -223.3 -450.3 -801.4
1743 Na'Vi 8.7 133.7 320.6 -227.3 -454.3 -805.4
1744 Sigma.int 9.7 135.0 322.1 -231.3 -458.3 -809.4
1745 Na'Vi 10.4 135.9 323.2 -235.3 -462.3 -813.4
1746 Alliance 11.1 136.7 324.3 -239.3 -466.3 -817.4
1750 Alliance 11.8 137.5 325.3 -243.3 -470.3 -821.4
1751 Na'Vi 12.7 138.5 326.5 -247.3 -474.3 -825.4
1753 Na'Vi 14.0 139.9 328.1 -251.3 -478.3 -829.4
1754 TR 10.0 135.9 324.1 -238.4 -466.9 -819.7
1755 SSD 11.1 137.3 325.8 -242.4 -470.9 -823.7
1756 TongFu 7.1 133.3 321.8 -234.6 -464.0 -818.0
1758 DK 8.7 135.1 323.9 -238.6 -468.0 -822.0
1760 Duskbin 4.7 131.1 319.9 -229.1 -457.4 -812.1
1761 Mski 5.7 132.4 321.3 -233.1 -461.4 -816.1
1762 TR 1.7 128.4 317.3 -223.7 -453.1 -808.9
1763 rox.KIS 2.6 129.4 318.5 -227.7 -457.1 -812.9
1764 Na'Vi 3.7 130.5 319.8 -231.7 -461.1 -816.9
1768 QPandas -0.3 126.5 315.8 -221.3 -451.3 -808.4
1770 5inQ 1.4 129.1 318.8 -225.3 -455.3 -812.4
1771 VG 2.3 130.3 320.4 -229.3 -459.3 -816.4
1773 FD 4.4 132.1 322.4 -233.3 -463.3 -820.4
1774 Idol 5.4 133.6 324.3 -237.3 -467.3 -824.4
1776 Fnatic.eu 6.5 134.8 325.7 -241.3 -471.3 -828.4
1777 PR 8.0 136.4 327.5 -245.3 -475.3 -832.4
1778 FSid3 4.0 132.4 323.5 -239.3 -468.7 -825.9
1779 Fnatic.eu 5.8 133.9 325.1 -243.3 -472.7 -829.9
1780 Titan 7.2 135.5 326.9 -247.3 -476.7 -833.9
1781 FD 8.9 137.4 329.0 -251.3 -480.7 -837.9
1783 Titan 9.9 138.4 330.3 -255.3 -484.7 -841.9
1784 LGD.cn 11.5 140.0 332.3 -259.3 -488.7 -845.9
1785 Fnatic.eu 12.6 141.2 333.6 -263.3 -492.7 -849.9
1786 Fnatic.eu 14.0 142.6 335.1 -267.3 -496.7 -853.9
1787 Sigma.int 16.5 145.1 337.7 -271.3 -500.7 -857.9
1788 Sigma.int 17.1 145.8 338.6 -275.3 -504.7 -861.9
1789 Na'Vi 20.0 148.5 341.4 -279.3 -508.7 -865.9
1790 Na'Vi 21.0 149.4 342.4 -283.3 -512.7 -869.9
1791 Revenge 17.0 145.4 338.4 -273.9 -501.2 -858.3
1792 Empire 13.0 141.4 334.4 -266.0 -493.5 -851.4
1793 Fnatic.eu 14.3 142.7 335.9 -270.0 -497.5 -855.4
1795 Empire 15.9 144.5 337.7 -274.0 -501.5 -859.4
1796 Titan 18.4 147.2 340.3 -278.0 -505.5 -863.4
1797 TR 14.4 143.2 336.3 -268.6 -495.7 -853.9
1798 OsG 16.7 145.9 339.1 -272.6 -499.7 -857.9
1799 VP 12.7 141.9 335.1 -263.9 -493.0 -852.1
1800 Empire 14.3 143.5 336.9 -267.9 -497.0 -856.1
1801 Na'Vi 16.0 144.9 338.5 -271.9 -501.0 -860.1
1802 PR 12.0 140.9 334.5 -258.8 -485.1 -845.3
1803 Sigma.int 13.2 142.3 336.0 -262.8 -489.1 -849.3
1804 DK 13.6 142.9 336.7 -266.8 -493.1 -853.3
1805 VG 14.2 143.6 337.6 -270.8 -497.1 -857.3
1806 DT 15.9 145.2 339.4 -274.8 -501.1 -861.3
1807 LGD.cn 16.4 145.8 340.2 -278.8 -505.1 -865.3
1808 iG 16.8 146.4 341.0 -282.8 -509.1 -869.3
1809 Titan 18.0 147.5 342.3 -286.8 -513.1 -873.3
1811 TongFu 18.9 148.4 343.4 -290.8 -517.1 -877.3
1813 DK 21.2 150.9 346.1 -294.8 -521.1 -881.3
1814 LGD.cn 21.7 151.6 347.0 -298.8 -525.1 -885.3
1815 iG 22.6 153.0 348.7 -302.8 -529.1 -889.3
1817 Mski 23.8 154.2 350.1 -306.8 -533.1 -893.3
1818 FD 26.0 156.3 352.2 -310.8 -537.1 -897.3
1819 rox.KIS 28.4 158.6 354.7 -314.8 -541.1 -901.3
1820 Empire 29.3 159.5 355.8 -318.8 -545.1 -905.3
1821 QPandas 25.3 155.5 351.8 -308.0 -534.1 -895.7
1822 Fnatic.eu 25.8 156.1 352.5 -312.0 -538.1 -899.7
1823 SSD 27.5 157.7 354.2 -316.0 -542.1 -903.7
1825 DK 29.1 159.5 356.3 -320.0 -546.1 -907.7
1826 Titan 30.1 160.5 357.4 -324.0 -550.1 -911.7
1827 MVP.P 31.0 161.7 358.8 -328.0 -554.1 -915.7
1828 TongFu 27.0 157.7 354.8 -313.6 -542.9 -905.9
1829 Sigma.int 28.3 159.4 356.8 -317.6 -546.9 -909.9
1830 mouz 30.5 161.6 359.0 -321.6 -550.9 -913.9
1831 rox.KIS 26.5 157.6 355.0 -312.6 -543.4 -906.9
1833 Fnatic.eu 28.0 159.0 356.4 -316.6 -547.4 -910.9
1836 DK 29.4 160.6 358.2 -320.6 -551.4 -914.9
1837 Titan 31.0 162.1 359.9 -324.6 -555.4 -918.9
1838 Titan 27.0 158.1 355.9 -318.3 -548.7 -912.4
1839 Sigma.int 23.0 154.1 351.9 -309.5 -540.2 -904.5
1840 PR 19.0 150.1 347.9 -297.3 -528.9 -894.0
1841 SSD 20.8 152.1 350.1 -301.3 -532.9 -898.0
1842 DK 22.1 153.7 351.9 -305.3 -536.9 -902.0
1843 iG 24.1 156.1 354.5 -309.3 -540.9 -906.0
1845 DK 26.0 158.3 355.7 -313.3 -544.9 -910.0
1846 DK 26.9 159.4 356.3 -317.3 -548.9 -914.0
1847 DK 27.7 160.5 357.6 -321.3 -552.9 -918.0
1848 TongFu 29.4 162.6 360.0 -325.3 -556.9 -922.0
1849 PBS 31.1 164.8 362.6 -329.3 -560.9 -926.0
1850 rox.KIS 32.4 166.4 363.4 -333.3 -564.9 -930.0
1851 Alliance 33.1 167.3 364.0 -337.3 -568.9 -934.0
1852 SSD 34.8 168.9 365.7 -341.3 -572.9 -938.0
1853 Alliance 35.8 169.7 366.6 -345.3 -576.9 -942.0
1854 SSD 31.8 165.7 362.6 -338.4 -568.7 -934.2
1857 iG 32.5 166.6 363.7 -342.4 -572.7 -938.2
1858 Empire 34.8 169.3 365.1 -346.4 -576.7 -942.2
1860 Fnatic.eu 35.4 170.1 366.0 -350.4 -580.7 -946.2
1861 Sigma.int 36.4 171.3 367.5 -354.4 -584.7 -950.2
1862 Next.kz 32.4 167.3 363.5 -343.5 -574.1 -940.4
1863 Fnatic.eu 33.6 168.6 364.5 -347.5 -578.1 -944.4
1864 Revenge 35.9 171.1 367.3 -351.5 -582.1 -948.4
1865 TongFu 36.7 172.1 368.5 -355.5 -586.1 -952.4
1866 Sigma.int 38.6 174.4 370.1 -359.5 -590.1 -956.4
1867 Fnatic.eu 39.5 175.4 370.8 -363.5 -594.1 -960.4
1868 Na'Vi 40.2 176.2 371.3 -367.5 -598.1 -964.4
1869 FSid3 36.2 172.2 367.3 -359.7 -590.6 -958.1
1870 FSid3 32.2 168.2 363.3 -350.0 -579.1 -946.8
1871 Relax 33.9 170.0 365.5 -354.0 -583.1 -950.8
1874 Revenge 35.3 171.6 366.5 -358.0 -587.1 -954.8
1875 iG 36.9 173.3 368.4 -362.0 -591.1 -958.8
1876 GB 38.7 175.2 370.6 -366.0 -595.1 -962.8
1877 FD 40.3 176.9 371.9 -370.0 -599.1 -966.8
1878 Invasion 36.3 172.9 367.9 -358.4 -588.7 -952.9
1879 Orange 37.1 173.8 368.9 -362.4 -592.7 -956.9
1880 VG 33.1 169.8 364.9 -355.8 -585.3 -949.8
1883 iG 29.1 165.8 360.9 -347.4 -577.8 -940.1
1885 Mski 30.3 166.9 362.1 -351.4 -581.8 -944.1
1886 Invasion 31.6 168.3 363.1 -355.4 -585.8 -948.1
1887 Lowyat 32.9 169.7 364.5 -359.4 -589.8 -952.1
1889 Fnatic.eu 28.9 165.7 360.5 -342.2 -576.7 -940.3
1890 LGD.cn 24.9 161.7 356.5 -335.7 -570.8 -934.8
1892 nAra 20.9 157.7 352.5 -327.9 -564.0 -926.4
1893 Mski 22.1 159.1 353.2 -331.9 -568.0 -930.4
1894 Spirit 18.1 155.1 349.2 -319.4 -556.5 -914.1
1895 Fnatic.eu 14.1 151.1 345.2 -314.8 -552.6 -905.4
1897 Idol 10.1 147.1 341.2 -308.9 -546.6 -899.7
1898 Titan 11.4 148.8 342.0 -312.9 -550.6 -903.7
1899 LGD.cn 13.9 151.4 344.0 -316.9 -554.6 -907.7
1900 PBS 16.1 153.8 346.6 -320.9 -558.6 -911.7
1903 Titan 18.1 156.2 347.9 -324.9 -562.6 -915.7
1904 Mastery 14.1 152.2 343.9 -318.4 -556.3 -908.2
1905 Swage 10.1 148.2 339.9 -310.8 -549.6 -902.2
1906 5inQ 11.2 149.9 341.9 -314.8 -553.6 -906.2
1910 FD 13.1 152.1 343.4 -318.8 -557.6 -910.2
1911 Titan 14.2 153.4 344.4 -322.8 -561.6 -914.2
1912 Orange 16.3 155.4 346.4 -326.8 -565.6 -918.2
1913 rox.KIS 17.7 157.0 347.7 -330.8 -569.6 -922.2
1914 rox.KIS 19.5 158.8 349.7 -334.8 -573.6 -926.2
1916 rox.KIS 20.8 160.2 351.2 -338.8 -577.6 -930.2
1917 Orange 22.8 161.8 352.9 -342.8 -581.6 -934.2
1918 Orange 24.9 163.7 354.8 -346.8 -585.6 -938.2
1920 Mski 20.9 159.7 350.8 -338.5 -579.1 -932.2
1921 VP 23.4 162.1 353.1 -342.5 -583.1 -936.2
1923 VP 24.9 163.8 354.9 -346.5 -587.1 -940.2
1924 Sigma.int 27.2 166.5 356.6 -350.5 -591.1 -944.2
1925 PR 28.9 168.1 358.0 -354.5 -595.1 -948.2
1926 PR 31.5 170.2 360.2 -358.5 -599.1 -952.2
1927 Titan 33.1 172.0 361.4 -362.5 -603.1 -956.2
1928 Zephyr 34.1 173.5 363.2 -366.5 -607.1 -960.2
1929 MVP 35.4 175.0 365.0 -370.5 -611.1 -964.2
1930 Alliance 37.5 177.1 367.4 -374.5 -615.1 -968.2
1931 Swage 33.5 173.1 363.4 -366.5 -607.8 -961.6
1933 Alliance 35.7 175.3 365.8 -370.5 -611.8 -965.6
1934 Sigma.int 31.7 171.3 361.8 -359.5 -600.4 -955.0
1935 EOT.Ham. 27.7 167.3 357.8 -344.0 -590.4 -946.9
1936 Alliance 29.5 169.3 359.5 -348.0 -594.4 -950.9
1937 Na'Vi 31.3 171.3 361.7 -352.0 -598.4 -954.9
1938 DK 33.8 174.0 364.6 -356.0 -602.4 -958.9
1939 Na'Vi 35.5 175.9 366.0 -360.0 -606.4 -962.9
1941 Zephyr 37.6 178.5 367.2 -364.0 -610.4 -966.9
1943 PR 39.5 180.4 369.4 -368.0 -614.4 -970.9
1944 VP 41.4 182.5 370.9 -372.0 -618.4 -974.9
1945 rox.KIS 42.5 183.8 371.7 -376.0 -622.4 -978.9
1946 PR 38.5 179.8 367.7 -369.4 -615.3 -972.3
1947 Relax 34.5 175.8 363.7 -362.4 -608.4 -966.2
1948 Empire 35.5 176.9 365.1 -366.4 -612.4 -970.2
1949 EOT.Ham. 31.5 172.9 361.1 -355.5 -603.1 -962.2
1951 Empire 32.7 174.4 361.9 -359.5 -607.1 -966.2
1953 Fnatic.eu 33.7 175.6 362.9 -363.5 -611.1 -970.2
1954 Empire 34.6 176.6 364.1 -367.5 -615.1 -974.2
1955 Life 37.4 180.1 365.8 -371.5 -619.1 -978.2
1956 rox.KIS 39.0 181.5 367.3 -375.5 -623.1 -982.2
1960 Empire 40.7 183.3 369.5 -379.5 -627.1 -986.2
1961 Fnatic.eu 41.5 184.2 370.1 -383.5 -631.1 -990.2
1962 Fnatic.eu 43.8 186.6 372.5 -387.5 -635.1 -994.2
1963 Life 39.8 182.6 368.5 -378.1 -625.5 -987.3
1964 Fnatic.eu 40.9 184.0 369.3 -382.1 -629.5 -991.3
1965 Relax 42.6 186.0 370.9 -386.1 -633.5 -995.3
1967 Liquid 44.0 187.1 372.2 -390.1 -637.5 -999.3
1968 Denial 46.3 189.7 375.1 -394.1 -641.5 -1003.3
1970 hehe 48.4 191.8 377.0 -398.1 -645.5 -1007.3
1971 Relax 44.4 187.8 373.0 -383.4 -632.7 -996.5
1972 PR 40.4 183.8 369.0 -373.4 -624.2 -981.0
1973 Sigma.int 41.6 185.4 369.8 -377.4 -628.2 -985.0
1975 Fnatic.eu 42.3 186.2 370.2 -381.4 -632.2 -989.0
1978 eHug 45.2 189.6 371.7 -385.4 -636.2 -993.0
1979 Empire 47.5 192.4 374.8 -389.4 -640.2 -997.0
1981 Liquid 48.4 193.6 376.3 -393.4 -644.2 -1001.0
1982 Speed 49.4 194.8 377.2 -397.4 -648.2 -1005.0
1983 SADBOYS 45.4 190.8 373.2 -390.3 -639.6 -996.4
1984 Empire 46.3 191.8 374.0 -394.3 -643.6 -1000.4
1985 SADBOYS 42.3 187.8 370.0 -384.5 -634.9 -990.1
1986 eHug 38.3 183.8 366.0 -378.4 -628.8 -984.2
1987 Empire 34.3 179.8 362.0 -372.1 -623.3 -976.2
1988 Liquid 30.3 175.8 358.0 -364.6 -616.7 -969.6
1991 PR 32.3 177.9 360.2 -368.6 -620.7 -973.6
1992 Speed 33.2 179.0 361.6 -372.6 -624.7 -977.6
1995 SADBOYS 34.7 181.0 364.1 -376.6 -628.7 -981.6
1996 TR 30.7 177.0 360.1 -368.6 -621.2 -974.7
2001 Speed 31.6 178.3 361.6 -372.6 -625.2 -978.7
2002 Swage 34.5 181.4 363.2 -376.6 -629.2 -982.7
2003 Empire 30.5 177.4 359.2 -370.4 -623.8 -974.2
2005 5inQ 33.1 180.3 360.7 -374.4 -627.8 -978.2
2008 SADBOYS 29.1 176.3 356.7 -367.1 -620.7 -971.1
2009 Fnatic.eu 30.6 178.0 358.0 -371.1 -624.7 -975.1
2010 Na'Vi 32.1 179.6 359.6 -375.1 -628.7 -979.1
2013 Empire 34.4 181.9 361.9 -379.1 -632.7 -983.1
2014 Speed 35.6 183.2 362.8 -383.1 -636.7 -987.1
2015 Speed 36.4 184.1 364.0 -387.1 -640.7 -991.1
2016 Revenge 38.3 186.1 366.1 -391.1 -644.7 -995.1
2018 Fnatic.eu 34.3 182.1 362.1 -382.2 -635.2 -986.3
2019 Na'Vi 35.7 183.5 363.7 -386.2 -639.2 -990.3
2020 PR 37.5 185.4 365.7 -390.2 -643.2 -994.3
2022 Liquid 38.4 186.4 366.3 -394.2 -647.2 -998.3
2023 SADBOYS 39.1 187.3 367.4 -398.2 -651.2 -1002.3
2024 SADBOYS 40.5 188.8 368.1 -402.2 -655.2 -1006.3
2026 Execration 42.5 191.1 370.7 -406.2 -659.2 -1010.3
2028 Next.kz 38.5 187.1 366.7 -397.8 -651.6 -1003.3
2029 Empire 39.6 188.4 367.4 -401.8 -655.6 -1007.3
2031 Sigma.int 35.6 184.4 363.4 -395.4 -649.1 -1000.7
2032 Liquid 36.5 185.4 364.5 -399.4 -653.1 -1004.7
2033 eHug 32.5 181.4 360.5 -392.9 -646.4 -998.1
2034 Denial 28.5 177.4 356.5 -382.6 -636.5 -987.7
2035 SADBOYS 29.5 178.5 357.1 -386.6 -640.5 -991.7
2039 Speed 25.5 174.5 353.1 -380.2 -634.1 -985.2
2043 Liquid 28.0 177.1 354.4 -384.2 -638.1 -989.2
2044 Arrow 30.3 179.9 355.8 -388.2 -642.1 -993.2
2047 Empire 32.0 181.9 357.1 -392.2 -646.1 -997.2
2048 Arrow 33.7 184.0 358.1 -396.2 -650.1 -1001.2
2049 GL 35.8 186.3 359.7 -400.2 -654.1 -1005.2
2051 Nullis 37.8 188.4 362.0 -404.2 -658.1 -1009.2
2052 Nullis 33.8 184.4 358.0 -396.4 -651.0 -1000.3
2053 SADBOYS 34.6 185.5 358.4 -400.4 -655.0 -1004.3
2054 Empire 35.6 186.8 360.0 -404.4 -659.0 -1008.3
2055 Na'Vi 36.6 188.0 360.7 -408.4 -663.0 -1012.3
2056 bvd.dotA 38.1 189.7 362.8 -412.4 -667.0 -1016.3
2057 Aura 40.3 192.1 365.4 -416.4 -671.0 -1020.3
2058 Cloud9 41.2 193.4 365.8 -420.4 -675.0 -1024.3
2059 Empire 42.1 194.4 366.9 -424.4 -679.0 -1028.3
2061 rox.KIS 38.1 190.4 362.9 -408.8 -664.3 -1015.2
2062 PR 34.1 186.4 358.9 -402.3 -658.1 -1009.3
2064 Cloud9 35.1 187.6 360.4 -406.3 -662.1 -1013.3
2066 Alliance 36.3 188.8 361.7 -410.3 -666.1 -1017.3
2067 Na'Vi 37.1 189.7 362.7 -414.3 -670.1 -1021.3
2068 Fnatic.eu 38.1 190.8 363.6 -418.3 -674.1 -1025.3
2069 VP 34.1 186.8 359.6 -412.0 -668.3 -1019.3
2070 rox.KIS 30.1 182.8 355.6 -404.9 -661.8 -1009.6
2071 Cloud9 33.2 186.2 357.7 -408.9 -665.8 -1013.6
2072 About 29.2 182.2 353.7 -401.5 -658.7 -1005.9
2073 4FC 31.0 184.3 355.2 -405.5 -662.7 -1009.9
2074 vhoul 27.0 180.3 351.2 -395.1 -653.0 -1003.0
2075 Liquid 23.0 176.3 347.2 -387.9 -647.0 -993.9
2076 Courage 19.0 172.3 343.2 -375.1 -636.2 -971.8
2078 Empire 21.5 174.9 345.2 -379.1 -640.2 -975.8
2079 Empire 23.1 176.8 347.3 -383.1 -644.2 -979.8
2080 rox.KIS 19.1 172.8 343.3 -366.8 -628.3 -966.5
2082 rox.KIS 20.1 174.0 344.6 -370.8 -632.3 -970.5
2083 PR 21.0 175.0 345.7 -374.8 -636.3 -974.5
2086 PssT 17.0 171.0 341.7 -367.5 -630.5 -965.9
2087 Liquid 18.3 172.4 342.6 -371.5 -634.5 -969.9
2089 SADBOYS 19.2 173.5 344.1 -375.5 -638.5 -973.9
2093 rox.KIS 21.0 175.4 345.3 -379.5 -642.5 -977.9
2094 Insane 17.0 171.4 341.3 -371.7 -635.5 -971.7
2095 Titan 18.4 173.1 341.9 -375.7 -639.5 -975.7
2097 rox.KIS 19.8 174.7 342.7 -379.7 -643.5 -979.7
2098 Zephyr 20.9 175.8 344.1 -383.7 -647.5 -983.7
2099 rox.KIS 22.9 177.7 346.0 -387.7 -651.5 -987.7
2100 PR 24.3 179.2 347.2 -391.7 -655.5 -991.7
2102 MYM 25.9 180.9 349.1 -395.7 -659.5 -995.7
2104 Arrow 21.9 176.9 345.1 -386.7 -650.6 -987.8
2106 Panthers 24.4 179.6 348.2 -390.7 -654.6 -991.8
2112 DUZA 26.9 182.2 350.8 -394.7 -658.6 -995.8
2113 TCN 28.5 184.2 351.9 -398.7 -662.6 -999.8
2115 Mongolz 24.5 180.2 347.9 -392.3 -655.8 -993.4
2117 Titan 26.6 182.7 349.4 -396.3 -659.8 -997.4
2119 Empire 27.3 183.6 349.9 -400.3 -663.8 -1001.4
2121 Relax 28.4 184.9 351.0 -404.3 -667.8 -1005.4
2123 rox.KIS 29.3 186.0 351.7 -408.3 -671.8 -1009.4
2124 neXt! 25.3 182.0 347.7 -401.9 -664.9 -1002.2
2126 ZR 27.5 184.3 349.8 -405.9 -668.9 -1006.2
2128 Alliance 29.1 186.0 351.4 -409.9 -672.9 -1010.2
2129 vhoul 31.6 188.7 353.2 -413.9 -676.9 -1014.2
2131 Titan 32.3 189.6 354.3 -417.9 -680.9 -1018.2
2132 Fnatic.eu 34.0 191.3 355.9 -421.9 -684.9 -1022.2
2133 Next.kz 30.0 187.3 351.9 -405.6 -670.1 -1002.1
2135 rox.KIS 32.0 189.5 354.4 -409.6 -674.1 -1006.1
2136 Swage 33.7 191.4 356.2 -413.6 -678.1 -1010.1
2137 Revenge 35.4 193.2 357.4 -417.6 -682.1 -1014.1
2138 Liquid 36.4 194.3 358.1 -421.6 -686.1 -1018.1
2139 eHug 38.1 196.1 359.6 -425.6 -690.1 -1022.1
2140 PssT 34.1 192.1 355.6 -418.2 -682.1 -1014.8
2141 WWD 35.6 193.6 357.4 -422.2 -686.1 -1018.8
2143 MiTH 37.1 195.1 358.7 -426.2 -690.1 -1022.8
2146 Fnatic.eu 39.0 197.2 360.4 -430.2 -694.1 -1026.8
2147 Na'Vi 40.1 198.4 361.7 -434.2 -698.1 -1030.8
2148 PR 36.1 194.4 357.7 -422.2 -688.3 -1022.6
2149 Sigma.int 37.7 196.1 359.6 -426.2 -692.3 -1026.6
2152 Relax 33.7 192.1 355.6 -416.0 -682.6 -1016.9
2155 MYM 35.4 193.7 357.5 -420.0 -686.6 -1020.9
2156 Cloud9 36.4 194.9 358.2 -424.0 -690.6 -1024.9
2158 Denial 32.4 190.9 354.2 -414.2 -681.3 -1012.9
2159 SADBOYS 33.1 191.8 355.3 -418.2 -685.3 -1016.9
2160 Dog 34.5 193.6 357.3 -422.2 -689.3 -1020.9
2161 Osiris 30.5 189.6 353.3 -414.4 -682.3 -1017.0
2162 Orange 31.4 190.7 354.5 -418.4 -686.3 -1021.0
2164 Puck 27.4 186.7 350.5 -412.1 -679.3 -1014.2
2165 TR 23.4 182.7 346.5 -398.0 -666.7 -994.7
2166 DUZA 19.4 178.7 342.5 -390.6 -659.7 -988.2
2167 Scythe 22.2 181.9 344.2 -394.6 -663.7 -992.2
2169 WWD 24.5 184.6 345.5 -398.6 -667.7 -996.2
2170 ZR 20.5 180.6 341.5 -389.5 -658.0 -987.3
2171 Relax 22.3 182.4 343.3 -393.5 -662.0 -991.3
2172 Na'Vi 23.4 183.7 344.1 -397.5 -666.0 -995.3
2175 Liquid 24.3 184.7 345.4 -401.5 -670.0 -999.3
2176 neXt! 20.3 180.7 341.4 -395.1 -664.2 -993.8
2177 Dog 21.7 182.5 343.8 -399.1 -668.2 -997.8
2178 VP 23.0 183.9 345.0 -403.1 -672.2 -1001.8
2179 PR 25.4 186.5 346.8 -407.1 -676.2 -1005.8
2180 Puck 21.4 182.5 342.8 -400.2 -670.1 -997.4
2181 MiT 17.4 178.5 338.8 -387.6 -657.8 -986.2
2182 MM 20.1 181.4 340.4 -391.6 -661.8 -990.2
2185 Scythe 21.4 183.1 340.9 -395.6 -665.8 -994.2
2186 RRQ 17.4 179.1 336.9 -389.9 -660.8 -986.4
2187 Titan 18.0 179.9 337.9 -393.9 -664.8 -990.4
2188 Everlast 14.0 175.9 333.9 -378.3 -652.3 -979.7
2190 VP 15.2 177.0 335.1 -382.3 -656.3 -983.7
2191 Orange 17.3 179.1 337.2 -386.3 -660.3 -987.7
2192 PR 13.3 175.1 333.2 -379.4 -654.1 -982.5
2193 Na'Vi 15.2 176.8 334.9 -383.4 -658.1 -986.5
2194 Zephyr 17.9 179.6 337.2 -387.4 -662.1 -990.5
2197 Empire 18.7 180.6 338.5 -391.4 -666.1 -994.5
2200 Alliance 20.0 181.8 340.0 -395.4 -670.1 -998.5
2201 eN.Legs 22.2 184.0 342.2 -399.4 -674.1 -1002.5
2202 neXt! 24.6 186.5 344.5 -403.4 -678.1 -1006.5
2203 BIP 27.2 189.5 346.2 -407.4 -682.1 -1010.5
2204 Osiris 23.2 185.5 342.2 -398.1 -672.5 -1001.5
2210 Titan 23.9 186.4 343.3 -402.1 -676.5 -1005.5
2213 Arrow 24.6 187.3 344.6 -406.1 -680.5 -1009.5
2214 Orange 25.4 188.3 345.1 -410.1 -684.5 -1013.5
2215 ADN 21.4 184.3 341.1 -401.0 -674.8 -1006.7
2216 Alliance 22.9 186.0 342.8 -405.0 -678.8 -1010.7
2218 VP 18.9 182.0 338.8 -395.5 -670.6 -1003.0
2225 Empire 14.9 178.0 334.8 -389.8 -663.2 -995.3
2226 Empire 10.9 174.0 330.8 -379.9 -653.3 -988.9
2228 Titan 11.6 174.8 331.2 -383.9 -657.3 -992.9
2229 Scythe 13.1 176.5 332.0 -387.9 -661.3 -996.9
2230 Orange 15.3 178.6 334.2 -391.9 -665.3 -1000.9
2231 Arrow 17.3 181.0 335.9 -395.9 -669.3 -1004.9
2233 CIS 20.0 184.0 338.6 -399.9 -673.3 -1008.9
2234 5inQ 22.6 186.1 340.8 -403.9 -677.3 -1012.9
2237 Execration 24.2 187.7 342.5 -407.9 -681.3 -1016.9
2238 FD 25.7 189.4 344.0 -411.9 -685.3 -1020.9
2239 Orange 21.7 185.4 340.0 -399.8 -676.2 -1013.1
2240 Spirit 17.7 181.4 336.0 -392.0 -668.4 -1004.0
2241 hehe 13.7 177.4 332.0 -374.7 -653.4 -977.4
2242 PR 9.7 173.4 328.0 -364.5 -644.0 -963.9
2244 EG 11.3 175.4 328.9 -368.5 -648.0 -967.9
2247 Cloud9 14.5 179.1 330.9 -372.5 -652.0 -971.9
2248 DT.NGC 16.2 181.1 333.3 -376.5 -656.0 -975.9
2249 Titan 17.3 182.3 334.7 -380.5 -660.0 -979.9
2251 Zephyr 18.6 183.7 336.4 -384.5 -664.0 -983.9
2252 FD 20.9 186.1 338.3 -388.5 -668.0 -987.9
2255 rox.KIS 23.4 188.5 340.7 -392.5 -672.0 -991.9
2258 Arrow 19.4 184.5 336.7 -384.2 -665.2 -986.2
2259 VG 22.1 187.3 338.5 -388.2 -669.2 -990.2
2260 FL 23.6 189.0 339.5 -392.2 -673.2 -994.2
2261 CIS 19.6 185.0 335.5 -373.0 -659.4 -984.0
2262 Mski 21.6 187.2 337.2 -377.0 -663.4 -988.0
2263 Cloud9 23.8 189.8 340.1 -381.0 -667.4 -992.0
2269 Na'Vi 25.6 191.7 341.8 -385.0 -671.4 -996.0
2270 RRQ 21.6 187.7 337.8 -377.6 -664.1 -989.0
2271 Titan 23.4 189.6 339.6 -381.6 -668.1 -993.0
2273 VG 24.1 190.5 340.8 -385.6 -672.1 -997.0
2274 LGD.cn 26.0 192.8 342.1 -389.6 -676.1 -1001.0
2275 Orange 26.7 193.5 342.8 -393.6 -680.1 -1005.0
2277 FD 28.0 195.0 343.7 -397.6 -684.1 -1009.0
2278 MiTH 29.1 196.1 345.1 -401.6 -688.1 -1013.0
2279 DUZA 30.6 197.7 346.4 -405.6 -692.1 -1017.0
2280 DK 31.2 198.4 347.3 -409.6 -696.1 -1021.0
2281 Titan 33.8 200.5 349.3 -413.6 -700.1 -1025.0
2282 iG 34.5 201.4 349.8 -417.6 -704.1 -1029.0
2283 Fnatic.eu 36.2 203.3 351.7 -421.6 -708.1 -1033.0
2284 Zephyr 37.5 204.7 353.0 -425.6 -712.1 -1037.0
2285 Na'Vi 38.6 205.8 354.2 -429.6 -716.1 -1041.0
2288 EG 34.6 201.8 350.2 -420.1 -706.4 -1033.2
2289 DT.NGC 30.6 197.8 346.2 -409.6 -694.9 -1027.3
2290 Orange 26.6 193.8 342.2 -400.4 -686.5 -1019.5
2291 Na'Vi 29.0 196.2 345.3 -404.4 -690.5 -1023.5
2292 Na'Vi 30.5 197.6 346.8 -408.4 -694.5 -1027.5
2293 Alliance 31.6 198.9 347.7 -412.4 -698.5 -1031.5
2295 Arrow 32.6 200.1 349.0 -416.4 -702.5 -1035.5
