0 0 0.0 0.0 0.0 0.0 0.0 0.0
17 Turtle 2.6 2.5 2.8 -4.0 -4.0 -4.0
18 Na'Vi 3.4 3.6 4.3 -8.0 -8.0 -8.0
19 Empire 4.9 5.5 6.2 -12.0 -12.0 -12.0
23 mouz 5.7 6.4 7.4 -16.0 -16.0 -16.0
26 Empire 1.7 2.4 3.4 -5.6 -7.5 -8.2
28 Quantic -2.3 -1.6 -0.6 1.0 -0.4 -1.6
29 GU.pe -6.3 -5.6 -4.6 13.1 9.5 7.9
31 Liquid -4.6 -3.7 -2.5 9.1 5.5 3.9
32 Alliance -3.9 -2.6 -1.3 5.1 1.5 -0.1
34 EG -7.9 -6.6 -5.3 13.3 8.4 6.4
39 VP -11.9 -10.6 -9.3 19.2 14.5 11.9
40 Fnatic.eu -10.5 -8.6 -7.3 15.2 10.5 7.9
41 Empire -9.4 -7.3 -5.6 11.2 6.5 3.9
42 Liquid -13.4 -11.3 -9.6 16.9 12.1 8.8
43 mouz -11.8 -9.4 -7.7 12.9 8.1 4.8
44 Quantic -10.4 -7.5 -5.6 8.9 4.1 0.8
45 Quantic -8.4 -5.1 -3.3 4.9 0.1 -3.2
48 VP -7.0 -3.5 -1.2 0.9 -3.9 -7.2
49 Liquid -6.2 -2.3 0.2 -3.1 -7.9 -11.2
50 3DMAX -10.2 -6.3 -3.8 22.1 9.6 3.8
51 Liquid -14.2 -10.3 -7.8 33.2 19.2 11.4
53 VP -18.2 -14.3 -11.8 43.8 27.9 19.5
57 Dignitas -16.5 -12.1 -9.4 39.8 23.9 15.5
58 Na'Vi -15.2 -10.5 -7.7 35.8 19.9 11.5
59 VP -19.2 -14.5 -11.7 47.2 28.8 19.8
60 Na'Vi -18.2 -13.3 -10.3 43.2 24.8 15.8
69 Dignitas -15.5 -10.5 -7.5 39.2 20.8 11.8
71 Liquid -14.1 -8.9 -5.6 35.2 16.8 7.8
73 Zenith -13.3 -7.9 -4.5 31.2 12.8 3.8
74 Dignitas -17.3 -11.9 -8.5 37.9 18.9 9.9
75 Fnatic.eu -16.0 -10.4 -6.7 33.9 14.9 5.9
77 VnR.Alpha -13.4 -8.5 -4.0 29.9 10.9 1.9
80 Liquid -17.4 -12.5 -8.0 37.4 18.8 8.0
81 Neo.int -14.9 -10.5 -5.7 33.4 14.8 4.0
82 Orange -18.9 -14.5 -9.7 41.1 22.4 11.2
88 Liquid -22.9 -18.5 -13.7 46.8 28.0 16.4
89 Liquid -21.4 -16.8 -11.9 42.8 24.0 12.4
93 Na'Vi -19.8 -15.0 -9.9 38.8 20.0 8.4
95 Na'Vi -18.1 -13.1 -7.8 34.8 16.0 4.4
96 Empire -15.9 -10.8 -5.3 30.8 12.0 0.4
98 Fnatic.eu -19.9 -14.8 -9.3 44.4 22.4 10.4
100 Liquid -17.8 -12.6 -6.9 40.4 18.4 6.4
101 3D -15.4 -9.6 -3.8 36.4 14.4 2.4
102 Dignitas -19.4 -13.6 -7.8 41.8 19.9 8.0
104 PtD.Alpha -17.7 -11.7 -5.8 37.8 15.9 4.0
105 Liquid -15.0 -9.0 -2.9 33.8 11.9 -1.7763568394e-15
106 Dignitas -12.7 -6.5 -0.1 29.8 7.9 -4.0
107 iM`Bashers -10.5 -3.6 2.8 25.8 3.9 -8.0
108 ASF.R5 -9.1 -1.9 4.5 21.8 -0.1 -12.0
110 Empire -7.7 -0.3 6.1 17.8 -4.1 -16.0
111 Fnatic.eu -5.7 2.2 8.7 13.8 -8.1 -20.0
112 eN.Legs -4.8 3.7 10.2 9.8 -12.1 -24.0
113 Fnatic.eu -3.2 5.4 12.5 5.8 -16.1 -28.0
114 Fnatic.eu -7.2 1.4 8.5 11.8 -10.5 -22.2
117 VP -5.9 2.9 10.2 7.8 -14.5 -26.2
118 mouz -9.9 -1.1 6.2 21.2 -2.7 -16.8
119 Fnatic.eu -8.6 0.6 8.1 17.2 -6.7 -20.8
121 eN.Legs -7.1 2.4 10.4 13.2 -10.7 -24.8
123 eLPride -5.9 3.9 12.1 9.2 -14.7 -28.8
124 VP -4.9 5.2 13.6 5.2 -18.7 -32.8
125 Empire -2.4 7.8 16.4 1.2 -22.7 -36.8
126 rox.KIS -6.4 3.8 12.4 8.4 -15.6 -30.8
128 ASF.R5 -10.4 -0.2 8.4 18.3 -7.0 -23.4
130 Alliance -14.4 -4.2 4.4 28.0 1.1 -15.7
132 Alliance -18.4 -8.2 0.4 36.6 7.8 -9.2
135 Fnatic.eu -17.1 -6.7 2.1 32.6 3.8 -13.2
136 Alliance -16.2 -5.6 3.4 28.6 -0.2 -17.2
137 Na'Vi -13.5 -2.7 6.2 24.6 -4.2 -21.2
138 TCM -17.5 -6.7 2.2 37.2 7.1 -11.6
140 CastersEN -21.5 -10.7 -1.8 42.0 12.7 -5.8
141 mouz -19.1 -8.1 0.9 38.0 8.7 -9.8
143 Na'Vi -18.0 -6.7 2.5 34.0 4.7 -13.8
146 Liquid -15.6 -4.2 5.3 30.0 0.7 -17.8
147 4FC -19.6 -8.2 1.3 35.5 6.2 -12.1
151 EG -23.6 -12.2 -2.7 45.0 14.5 -4.1
153 Liquid -27.6 -16.2 -6.7 51.8 22.0 3.5
154 VP -25.1 -13.8 -4.3 47.8 18.0 -0.5
155 iG -23.1 -11.5 -1.8 43.8 14.0 -4.5
157 Fnatic.eu -20.8 -9.2 0.5 39.8 10.0 -8.5
159 VP -24.8 -13.2 -3.5 47.8 17.1 -2.5
161 Empire -28.8 -17.2 -7.5 53.4 22.6 2.9
162 rox.KIS -26.9 -15.3 -5.5 49.4 18.6 -1.1
163 Lounge -24.3 -12.6 -2.6 45.4 14.6 -5.1
164 Dignitas -23.1 -11.1 -0.9 41.4 10.6 -9.1
165 eN.Legs -21.3 -9.2 1.4 37.4 6.6 -13.1
166 Fnatic.eu -19.3 -7.1 3.7 33.4 2.6 -17.1
167 LGD.int -18.4 -6.1 5.0 29.4 -1.4 -21.1
171 LGD.int -17.5 -5.1 6.2 25.4 -5.4 -25.1
172 Liquid -15.9 -3.5 7.9 21.4 -9.4 -29.1
173 VP -13.9 -1.2 10.4 17.4 -13.4 -33.1
175 Na'Vi -12.9 -1.55431223448e-15 12.0 13.4 -17.4 -37.1
176 Alliance -10.5 2.9 15.1 9.4 -21.4 -41.1
177 QPandas -14.5 -1.1 11.1 22.7 -10.3 -31.7
179 Liquid -18.5 -5.1 7.1 32.5 -1.5 -23.6
180 Empire -22.5 -9.1 3.1 44.8 8.1 -15.3
181 iCCup -26.5 -13.1 -0.9 60.4 19.4 -5.4
182 Empire -24.1 -10.4 2.0 56.4 15.4 -9.4
183 Fnatic.eu -28.1 -14.4 -2.0 63.9 21.9 -3.1
185 LGD.int -26.8 -12.9 -0.3 59.9 17.9 -7.1
186 Alliance -25.1 -11.0 1.7 55.9 13.9 -11.1
187 VP -29.1 -15.0 -2.3 62.9 20.4 -5.2
189 Dignitas -33.1 -19.0 -6.3 69.6 26.7 0.6
190 Alliance -37.1 -23.0 -10.3 75.4 32.2 6.1
194 Alliance -35.4 -21.1 -8.3 71.4 28.2 2.1
195 Dignitas -39.4 -25.1 -12.3 77.0 34.5 9.8
196 Orange -43.4 -29.1 -16.3 86.2 43.1 17.9
198 iG -42.1 -27.5 -14.4 82.2 39.1 13.9
202 Alliance -39.5 -24.8 -11.6 78.2 35.1 9.9
205 Fnatic.eu -43.5 -28.8 -15.6 84.0 40.9 15.6
206 LGD.cn -41.7 -27.0 -13.7 80.0 36.9 11.6
207 Alliance -39.9 -25.0 -11.4 76.0 32.9 7.6
208 iG -38.9 -23.7 -9.8 72.0 28.9 3.6
209 Liquid -37.3 -21.8 -7.6 68.0 24.9 -0.4
210 LGD.cn -34.4 -19.2 -5.0 64.0 20.9 -4.4
212 Dignitas -38.4 -23.2 -9.0 70.1 27.1 1.6
213 DK -42.4 -27.2 -13.0 79.0 36.0 10.1
215 Liquid -40.1 -24.7 -10.5 75.0 32.0 6.1
216 Liquid -44.1 -28.7 -14.5 82.4 38.8 12.8
218 Fnatic.eu -41.9 -26.6 -12.3 78.4 34.8 8.8
219 Dignitas -40.2 -24.8 -10.3 74.4 30.8 4.8
220 Fnatic.eu -38.5 -23.0 -8.3 70.4 26.8 0.8
221 Alliance -36.9 -21.2 -6.3 66.4 22.8 -3.2
224 mouz -40.9 -25.2 -10.3 75.7 31.9 5.0
226 Alliance -40.1 -24.1 -8.9 71.7 27.9 1.0
227 Kaipi -44.1 -28.1 -12.9 80.8 36.1 8.1
229 Liquid -48.1 -32.1 -16.9 91.0 44.9 16.0
230 VP -45.9 -29.6 -14.2 87.0 40.9 12.0
231 Na'Vi -44.4 -28.0 -12.4 83.0 36.9 8.0
232 Alliance -41.7 -25.1 -9.3 79.0 32.9 4.0
233 mouz -40.1 -23.4 -7.4 75.0 28.9 -3.5527136788e-15
234 rox.KIS -38.6 -21.7 -5.6 71.0 24.9 -4.0
235 aL -37.5 -20.4 -4.1 67.0 20.9 -8.0
236 mouz -41.5 -24.4 -8.1 82.7 33.3 2.1
237 Na'Vi -39.8 -22.6 -6.2 78.7 29.3 -1.9
238 rox.KIS -37.2 -19.9 -3.3 74.7 25.3 -5.9
239 Na'Vi -35.8 -18.3 -1.5 70.7 21.3 -9.9
240 Na'Vi -34.9 -17.2 -0.2 66.7 17.3 -13.9
242 EG -38.9 -21.2 -4.2 75.1 25.4 -6.2
243 Alliance -36.5 -18.6 -1.4 71.1 21.4 -10.2
244 Alliance -34.6 -16.4 1.3 67.1 17.4 -14.2
246 Na'Vi -33.6 -15.4 2.6 63.1 13.4 -18.2
248 Liquid -32.0 -13.7 4.4 59.1 9.4 -22.2
249 Fnatic.eu -29.0 -10.9 7.3 55.1 5.4 -26.2
250 Alliance -33.0 -14.9 3.3 62.3 12.7 -19.5
251 Alliance -31.5 -13.2 5.1 58.3 8.7 -23.5
252 VP -35.5 -17.2 1.1 65.1 14.6 -18.0
253 Liquid -39.5 -21.2 -2.9 81.8 28.4 -6.6
254 EG -43.5 -25.2 -6.9 89.6 35.7 -0.1
255 Na'Vi -41.8 -23.3 -4.7 85.6 31.7 -4.1
256 Alliance -40.2 -21.4 -2.7 81.6 27.7 -8.1
258 Alliance -38.7 -19.7 -0.8 77.6 23.7 -12.1
260 Alliance -37.1 -17.9 1.1 73.6 19.7 -16.1
261 Liquid -34.8 -15.3 3.8 69.6 15.7 -20.1
264 Lounge -38.8 -19.3 -0.2 75.2 21.1 -14.8
268 Na'Vi -37.8 -18.1 1.3 71.2 17.1 -18.8
269 EG -41.8 -22.1 -2.7 77.3 22.7 -13.4
270 Liquid -40.3 -20.4 -0.8 73.3 18.7 -17.4
271 Na'Vi -39.2 -19.0 0.8 69.3 14.7 -21.4
273 mouz -37.8 -17.6 2.4 65.3 10.7 -25.4
274 Liquid -36.4 -15.9 4.3 61.3 6.7 -29.4
275 EG -40.4 -19.9 0.3 80.6 23.6 -15.2
276 Alliance -39.4 -18.7 1.6 76.6 19.6 -19.2
277 Na'Vi -37.7 -16.7 4.0 72.6 15.6 -23.2
279 Dignitas -36.3 -15.0 6.0 68.6 11.6 -27.2
280 Zenith -35.2 -13.7 7.6 64.6 7.6 -31.2
281 EG -39.2 -17.7 3.6 72.7 14.6 -25.0
282 Alliance -38.3 -16.6 5.0 68.7 10.6 -29.0
283 VG -42.3 -20.6 1.0 83.8 23.2 -18.9
284 Liquid -40.2 -18.2 3.6 79.8 19.2 -22.9
286 Dignitas -38.7 -16.6 5.3 75.8 15.2 -26.9
289 Dignitas -36.8 -14.3 7.7 71.8 11.2 -30.9
290 Na'Vi -34.6 -12.0 10.2 67.8 7.2 -34.9
291 Alliance -33.2 -10.4 12.1 63.8 3.2 -38.9
292 rox.KIS -37.2 -14.4 8.1 72.2 10.6 -32.1
293 aL -41.2 -18.4 4.1 86.1 23.4 -21.1
294 Alliance -40.2 -17.2 5.6 82.1 19.4 -25.1
297 rox.KIS -38.7 -15.4 7.6 78.1 15.4 -29.1
298 Zenith -36.8 -13.4 9.8 74.1 11.4 -33.1
299 rox.KIS -34.8 -11.3 12.0 70.1 7.4 -37.1
300 mouz -33.6 -9.9 13.7 66.1 3.4 -41.1
301 EG -32.5 -8.5 15.3 62.1 -0.6 -45.1
302 EG -30.6 -6.3 17.8 58.1 -4.6 -49.1
303 QPandas -34.6 -10.3 13.8 64.3 1.1 -43.9
304 VG -33.8 -9.4 15.0 60.3 -2.9 -47.9
305 mouz -31.8 -7.2 17.4 56.3 -6.9 -51.9
306 LGD.cn -31.0 -6.3 18.5 52.3 -10.9 -55.9
307 rox.KIS -35.0 -10.3 14.5 60.6 -4.3 -50.2
310 iG -34.1 -9.1 16.1 56.6 -8.3 -54.2
312 mouz -38.1 -13.1 12.1 62.2 -2.8 -48.6
313 mouz -42.1 -17.1 8.1 68.7 3.5 -42.7
314 VP -40.7 -15.5 9.9 64.7 -0.5 -46.7
315 Liquid -39.0 -13.7 11.8 60.7 -4.5 -50.7
316 LGD.cn -38.4 -12.9 12.9 56.7 -8.5 -54.7
317 FD -42.4 -16.9 8.9 69.5 1.5 -46.2
319 Na'Vi -41.3 -15.7 10.3 65.5 -2.5 -50.2
321 mouz -40.4 -14.7 11.6 61.5 -6.5 -54.2
322 RS -38.9 -12.9 13.7 57.5 -10.5 -58.2
323 TongFu -42.9 -16.9 9.7 63.0 -5.0 -52.7
324 QPandas -46.9 -20.9 5.7 76.5 6.5 -43.1
325 RS -44.4 -18.0 8.7 72.5 2.5 -47.1
326 PR -48.4 -22.0 4.7 82.6 11.9 -38.5
327 rox.KIS -52.4 -26.0 0.7 92.6 20.6 -30.6
328 4FC -56.4 -30.0 -3.3 98.9 26.7 -24.8
330 TongFu -60.4 -34.0 -7.3 118.5 42.4 -13.6
331 EG -64.4 -38.0 -11.3 127.2 50.6 -6.0
333 VG -63.0 -36.3 -9.3 123.2 46.6 -10.0
334 VP -61.6 -34.5 -7.2 119.2 42.6 -14.0
337 TongFu -60.7 -33.3 -5.6 115.2 38.6 -18.0
338 Na'Vi -59.8 -32.2 -4.2 111.2 34.6 -22.0
339 RStars -57.5 -29.1 -1.0 107.2 30.6 -26.0
340 mouz -56.7 -28.2 0.1 103.2 26.6 -30.0
342 Alliance -53.9 -25.7 2.7 99.2 22.6 -34.0
344 LGD.cn -57.9 -29.7 -1.3 109.8 32.4 -25.3
345 LGD.cn -56.1 -27.9 0.6 105.8 28.4 -29.3
346 Alliance -55.0 -26.7 2.0 101.8 24.4 -33.3
347 Orange -59.0 -30.7 -2.0 110.1 30.8 -27.5
348 Na'Vi -57.6 -29.0 -0.2 106.1 26.8 -31.5
351 Alliance -55.6 -26.8 2.1 102.1 22.8 -35.5
352 LGD.cn -54.5 -25.5 3.6 98.1 18.8 -39.5
353 iG -52.8 -23.6 5.7 94.1 14.8 -43.5
355 DK -56.8 -27.6 1.7 103.0 24.5 -34.4
356 Liquid -60.8 -31.6 -2.3 117.1 36.4 -24.6
357 LGD.cn -59.1 -29.8 -0.4 113.1 32.4 -28.6
358 Alliance -57.1 -27.7 1.8 109.1 28.4 -32.6
360 mouz -55.3 -25.8 4.0 105.1 24.4 -36.6
362 LGD.cn -53.9 -24.5 5.5 101.1 20.4 -40.6
363 Alliance -51.8 -22.4 7.6 97.1 16.4 -44.6
364 Zenith -50.7 -21.1 9.1 93.1 12.4 -48.6
365 rox.KIS -54.7 -25.1 5.1 101.4 19.7 -42.3
366 Dignitas -58.7 -29.1 1.1 110.1 28.6 -34.2
368 mouz -57.3 -27.5 3.0 106.1 24.6 -38.2
369 iCCup -61.3 -31.5 -1.0 117.0 35.0 -28.6
370 iCCup -59.0 -28.8 2.0 113.0 31.0 -32.6
372 Quantic -63.0 -32.8 -2.0 121.5 38.9 -25.8
373 Na'Vi -62.2 -31.9 -1.0 117.5 34.9 -29.8
375 VG -60.5 -29.9 1.1 113.5 30.9 -33.8
376 LGD.cn -59.7 -28.9 2.3 109.5 26.9 -37.8
377 LGD.cn -58.5 -27.8 3.6 105.5 22.9 -41.8
378 VP -57.0 -26.2 5.4 101.5 18.9 -45.8
379 Na'Vi -56.1 -25.1 6.7 97.5 14.9 -49.8
380 4FC -53.4 -22.1 9.9 93.5 10.9 -53.8
382 Fnatic.eu -57.4 -26.1 5.9 101.9 18.0 -47.4
383 RS -61.4 -30.1 1.9 111.2 27.2 -38.7
384 Alliance -60.4 -28.8 3.5 107.2 23.2 -42.7
385 Alliance -58.1 -25.8 7.1 103.2 19.2 -46.7
387 LGD.cn -56.9 -24.4 8.7 99.2 15.2 -50.7
388 Dignitas -55.9 -23.2 10.5 95.2 11.2 -54.7
389 iG -55.0 -22.2 11.8 91.2 7.2 -58.7
390 Na'Vi -53.6 -20.6 13.6 87.2 3.2 -62.7
392 Alliance -52.5 -19.3 15.1 83.2 -0.8 -66.7
393 Kaipi -56.5 -23.3 11.1 92.4 9.1 -58.2
394 MX -54.3 -20.9 13.8 88.4 5.1 -62.2
396 Liquid -53.7 -20.2 14.8 84.4 1.1 -66.2
397 rox.KIS -51.2 -18.1 17.0 80.4 -2.9 -70.2
398 Alliance -50.5 -17.3 18.0 76.4 -6.9 -74.2
399 VP -54.5 -21.3 14.0 84.8 1.1 -66.5
402 DK -58.5 -25.3 10.0 90.9 8.4 -59.4
403 RStars -62.5 -29.3 6.0 102.3 19.0 -50.4
404 MiTH -60.8 -27.4 8.1 98.3 15.0 -54.4
407 PR -59.0 -25.1 10.9 94.3 11.0 -58.4
408 TM -57.3 -23.2 13.1 90.3 7.0 -62.4
409 Orange -56.2 -21.8 14.8 86.3 3.0 -66.4
410 Alliance -55.5 -20.9 15.9 82.3 -1.0 -70.4
412 mouz -53.6 -18.8 18.2 78.3 -5.0 -74.4
414 Alliance -52.7 -17.7 19.6 74.3 -9.0 -78.4
416 4FC -56.7 -21.7 15.6 92.8 7.5 -64.5
417 mouz -60.7 -25.7 11.6 106.7 19.4 -54.5
418 VP -58.9 -23.9 13.7 102.7 15.4 -58.5
420 Na'Vi -62.9 -27.9 9.7 109.7 20.8 -53.6
421 Na'Vi -61.4 -26.3 11.5 105.7 16.8 -57.6
423 Quantic -58.8 -23.7 14.3 101.7 12.8 -61.6
424 Kaipi -62.8 -27.7 10.3 112.5 23.6 -51.8
425 mouz -60.9 -25.6 12.6 108.5 19.6 -55.8
426 Artyk -59.0 -23.2 15.4 104.5 15.6 -59.8
427 rox.KIS -57.7 -21.8 17.0 100.5 11.6 -63.8
428 Kaipi -56.1 -19.8 19.4 96.5 7.6 -67.8
429 Liquid -53.5 -17.3 22.0 92.5 3.6 -71.8
430 rox.KIS -52.3 -16.0 23.4 88.5 -0.4 -75.8
431 Quantic -51.3 -14.7 25.0 84.5 -4.4 -79.8
432 Kaipi -49.7 -13.3 26.6 80.5 -8.4 -83.8
433 DK -48.5 -11.9 28.3 76.5 -12.4 -87.8
437 Quantic -47.5 -10.9 29.6 72.5 -16.4 -91.8
438 Na'Vi -45.5 -9.0 31.6 68.5 -20.4 -95.8
439 Artyk -44.6 -8.0 33.1 64.5 -24.4 -99.8
440 Orange -42.6 -5.5 35.8 60.5 -28.4 -103.8
441 Na'Vi -41.7 -4.5 37.0 56.5 -32.4 -107.8
442 Kaipi -39.6 -2.6 39.0 52.5 -36.4 -111.8
443 Kaipi -43.6 -6.6 35.0 65.2 -23.0 -99.9
444 Artyk -47.6 -10.6 31.0 76.1 -12.8 -90.6
445 TM -46.5 -9.2 32.6 72.1 -16.8 -94.6
446 Orange -45.6 -8.2 33.8 68.1 -20.8 -98.6
447 DK -44.4 -6.9 35.4 64.1 -24.8 -102.6
448 VP -48.4 -10.9 31.4 75.2 -15.1 -94.2
449 VP -46.9 -9.0 33.6 71.2 -19.1 -98.2
451 Kaipi -46.0 -8.0 34.8 67.2 -23.1 -102.2
452 EG -44.4 -6.2 36.8 63.2 -27.1 -106.2
453 Fnatic.eu -48.4 -10.2 32.8 76.3 -15.9 -97.2
454 Kaipi -52.4 -14.2 28.8 82.9 -10.3 -92.1
455 EG -49.6 -11.2 31.8 78.9 -14.3 -96.1
456 Fnatic.eu -53.6 -15.2 27.8 84.9 -8.2 -90.4
457 Alliance -51.8 -13.2 29.9 80.9 -12.2 -94.4
459 Alliance -50.2 -11.4 31.9 76.9 -16.2 -98.4
460 Kaipi -54.2 -15.4 27.9 83.3 -10.4 -92.9
461 Alliance -53.4 -14.5 29.1 79.3 -14.4 -96.9
463 VP -50.7 -12.0 31.8 75.3 -18.4 -100.9
464 Fnatic.eu -49.2 -10.5 33.4 71.3 -22.4 -104.9
465 Alliance -47.8 -9.1 35.0 67.3 -26.4 -108.9
466 iCCup -45.9 -7.1 37.3 63.3 -30.4 -112.9
467 Na'Vi -44.1 -5.0 39.6 59.3 -34.4 -116.9
468 Quantic -42.6 -3.5 41.3 55.3 -38.4 -120.9
469 Alliance -41.0 -1.9 43.1 51.3 -42.4 -124.9
470 mouz -38.3 0.8 46.0 47.3 -46.4 -128.9
471 4FC -42.3 -3.2 42.0 60.5 -33.7 -118.0
475 Na'Vi -41.3 -2.2 43.2 56.5 -37.7 -122.0
476 Na'Vi -39.8 -0.6 45.0 52.5 -41.7 -126.0
477 mouz -37.1 2.4 48.1 48.5 -45.7 -130.0
479 4FC -36.0 3.6 49.6 44.5 -49.7 -134.0
480 Orange -35.0 4.8 51.1 40.5 -53.7 -138.0
481 TM -33.7 6.5 53.1 36.5 -57.7 -142.0
482 Smeagol -31.9 8.8 55.5 32.5 -61.7 -146.0
483 paiN -35.9 4.8 51.5 41.1 -53.2 -138.9
484 Empire -39.9 0.8 47.5 57.8 -38.0 -127.0
486 Na'Vi -38.7 2.0 48.8 53.8 -42.0 -131.0
487 Kaipi -36.5 4.6 51.7 49.8 -46.0 -135.0
488 Fnatic.eu -40.5 0.6 47.7 67.5 -31.2 -123.4
489 LGD.int -38.9 2.2 49.6 63.5 -35.2 -127.4
491 TM -37.6 3.9 51.5 59.5 -39.2 -131.4
492 iCCup -36.3 5.5 53.3 55.5 -43.2 -135.4
493 iCCup -35.3 6.7 54.7 51.5 -47.2 -139.4
494 zRage -39.3 2.7 50.7 72.0 -29.0 -123.7
495 Artyk -38.1 4.3 52.7 68.0 -33.0 -127.7
496 TongFu -36.1 6.7 55.3 64.0 -37.0 -131.7
498 mouz -34.9 8.0 56.9 60.0 -41.0 -135.7
499 Liquid -33.7 9.4 58.3 56.0 -45.0 -139.7
500 Liquid -37.7 5.4 54.3 62.2 -38.0 -133.0
501 eLPride -41.7 1.4 50.3 67.8 -31.6 -126.5
502 VP -41.0 2.2 51.3 63.8 -35.6 -130.5
503 Dignitas -40.2 3.2 52.6 59.8 -39.6 -134.5
504 VP -38.5 5.0 54.7 55.8 -43.6 -138.5
505 Na'Vi -38.0 5.6 55.5 51.8 -47.6 -142.5
506 EG -37.2 6.5 56.7 47.8 -51.6 -146.5
507 Na'Vi -36.3 7.5 58.0 43.8 -55.6 -150.5
508 Na'Vi -35.8 8.1 58.7 39.8 -59.6 -154.5
509 Keita -32.8 10.5 61.0 35.8 -63.6 -158.5
511 Alliance -30.7 12.8 63.5 31.8 -67.6 -162.5
512 Quantic -34.7 8.8 59.5 49.5 -52.4 -148.6
513 EG -38.7 4.8 55.5 62.8 -41.0 -138.4
514 Dignitas -42.7 0.8 51.5 84.7 -22.4 -122.4
515 Alliance -41.2 2.7 53.7 80.7 -26.4 -126.4
517 Alliance -39.7 4.5 55.8 76.7 -30.4 -130.4
518 Alliance -37.7 6.9 58.4 72.7 -34.4 -134.4
519 FSid3 -35.7 9.3 61.1 68.7 -38.4 -138.4
520 Quantic -34.6 10.6 62.7 64.7 -42.4 -142.4
521 LGD.int -38.6 6.6 58.7 74.6 -34.1 -135.0
522 Na'Vi -37.4 8.0 60.3 70.6 -38.1 -139.0
523 Na'Vi -35.7 9.8 62.3 66.6 -42.1 -143.0
524 Na'Vi -34.4 11.2 63.9 62.6 -46.1 -147.0
525 LGD.cn -32.5 13.2 66.2 58.6 -50.1 -151.0
527 Na'Vi -31.5 14.3 67.6 54.6 -54.1 -155.0
528 Liquid -30.6 15.4 68.9 50.6 -58.1 -159.0
529 EG -29.9 16.2 69.8 46.6 -62.1 -163.0
531 Na'Vi -29.0 17.2 71.0 42.6 -66.1 -167.0
532 Empire -28.0 18.2 72.2 38.6 -70.1 -171.0
533 rox.KIS -26.9 19.2 73.2 34.6 -74.1 -175.0
534 EG -24.1 22.0 75.9 30.6 -78.1 -179.0
536 Liquid -23.4 22.8 76.9 26.6 -82.1 -183.0
537 Liquid -22.8 23.5 77.8 22.6 -86.1 -187.0
538 Alliance -22.0 24.3 78.8 18.6 -90.1 -191.0
540 EG -19.4 26.8 81.4 14.6 -94.1 -195.0
541 VP -18.4 28.1 82.8 10.6 -98.1 -199.0
542 Alliance -16.9 29.7 84.6 6.6 -102.1 -203.0
543 VP -14.3 32.0 87.2 2.6 -106.1 -207.0
544 EG -18.3 28.0 83.2 12.8 -96.4 -197.9
545 Alliance -16.8 29.9 85.4 8.8 -100.4 -201.9
546 Orange -14.3 32.0 87.5 4.8 -104.4 -205.9
547 iG -12.4 33.8 89.4 0.8 -108.4 -209.9
549 Fnatic.eu -16.4 29.8 85.4 13.3 -97.4 -200.6
550 Kaipi -20.4 25.8 81.4 23.5 -86.9 -190.9
551 Kaipi -24.4 21.8 77.4 33.6 -76.0 -180.2
553 TongFu -28.4 17.8 73.4 49.4 -61.1 -167.4
557 Liquid -32.4 13.8 69.4 59.9 -52.1 -159.3
558 rox.KIS -30.7 15.6 71.4 55.9 -56.1 -163.3
562 TongFu -29.0 17.4 73.3 51.9 -60.1 -167.3
564 EG -33.0 13.4 69.3 58.8 -53.5 -161.2
568 Liquid -30.3 16.0 72.0 54.8 -57.5 -165.2
571 DK -34.3 12.0 68.0 62.2 -50.4 -158.4
573 VP -38.3 8.0 64.0 74.6 -40.2 -149.7
574 Fnatic.eu -42.3 4.0 60.0 86.5 -29.8 -140.9
576 iCCup -46.3 1.42108547152e-14 56.0 98.9 -19.9 -132.4
577 rox.KIS -44.3 2.1 58.5 94.9 -23.9 -136.4
579 Alliance -41.6 4.9 61.5 90.9 -27.9 -140.4
580 VP -40.6 6.1 62.9 86.9 -31.9 -144.4
581 LGD.cn -38.2 8.9 66.0 82.9 -35.9 -148.4
584 Alliance -36.2 11.4 68.7 78.9 -39.9 -152.4
585 VP -34.7 13.2 70.6 74.9 -43.9 -156.4
587 Alliance -33.3 14.5 72.0 70.9 -47.9 -160.4
588 Zenith -37.3 10.5 68.0 78.3 -40.3 -153.5
589 Alliance -35.3 12.6 70.4 74.3 -44.3 -157.5
590 Na'Vi -33.4 14.4 72.3 70.3 -48.3 -161.5
591 LGD.cn -30.7 17.3 75.3 66.3 -52.3 -165.5
592 Fnatic.eu -28.9 19.3 77.4 62.3 -56.3 -169.5
593 Quantic -26.4 21.8 80.0 58.3 -60.3 -173.5
595 Alliance -24.8 23.5 81.9 54.3 -64.3 -177.5
596 mouz -22.0 26.5 84.8 50.3 -68.3 -181.5
597 Alliance -20.2 28.4 86.8 46.3 -72.3 -185.5
598 LGD.cn -18.7 30.1 88.7 42.3 -76.3 -189.5
600 mouz -22.7 26.1 84.7 54.7 -64.5 -179.0
602 Alliance -21.1 27.9 86.6 50.7 -68.5 -183.0
604 Orange -20.0 29.1 88.1 46.7 -72.5 -187.0
605 LGD.int -18.2 30.8 90.0 42.7 -76.5 -191.0
607 Kaipi -22.2 26.8 86.0 51.6 -67.9 -183.4
608 Alliance -20.9 28.3 87.7 47.6 -71.9 -187.4
611 Denial -18.9 30.7 90.4 43.6 -75.9 -191.4
613 Fnatic.eu -16.1 33.5 93.2 39.6 -79.9 -195.4
615 Orange -14.8 34.9 94.8 35.6 -83.9 -199.4
616 TongFu -13.0 37.1 97.4 31.6 -87.9 -203.4
617 VP -11.6 38.7 99.2 27.6 -91.9 -207.4
618 Alliance -10.4 40.1 100.8 23.6 -95.9 -211.4
621 iCCup -14.4 36.1 96.8 37.2 -82.8 -200.9
622 Fnatic.eu -12.1 38.2 98.9 33.2 -86.8 -204.9
623 Alliance -10.5 40.0 100.9 29.2 -90.8 -208.9
624 Liquid -9.0 41.7 102.8 25.2 -94.8 -212.9
626 iCCup -13.0 37.7 98.8 36.0 -85.3 -204.7
627 EG -11.2 39.4 100.7 32.0 -89.3 -208.7
628 EG -10.3 40.4 101.9 28.0 -93.3 -212.7
629 LGD.cn -14.3 36.4 97.9 34.9 -86.0 -205.9
630 iG -12.3 38.5 100.2 30.9 -90.0 -209.9
631 Alliance -11.4 39.7 101.7 26.9 -94.0 -213.9
632 mouz -9.9 41.4 103.6 22.9 -98.0 -217.9
634 Na'Vi -7.0 44.2 106.4 18.9 -102.0 -221.9
635 Dignitas -5.6 45.7 108.2 14.9 -106.0 -225.9
636 EG -4.9 46.6 109.3 10.9 -110.0 -229.9
638 Na'Vi -2.2 49.2 112.0 6.9 -114.0 -233.9
641 mouz -0.1 51.8 114.8 2.9 -118.0 -237.9
642 Alliance 0.9 53.0 116.3 -1.1 -122.0 -241.9
643 iG 3.2 55.1 118.6 -5.1 -126.0 -245.9
644 rox.KIS -0.8 51.1 114.6 5.7 -115.9 -237.1
645 VP -4.8 47.1 110.6 14.2 -107.6 -229.6
646 Fnatic.eu -2.4 49.2 112.8 10.2 -111.6 -233.6
648 VP -0.7 51.3 115.2 6.2 -115.6 -237.6
651 Denial -4.7 47.3 111.2 24.2 -100.2 -225.6
652 DK -8.7 43.3 107.2 30.1 -94.6 -220.2
653 VG -12.7 39.3 103.2 45.1 -81.5 -209.4
654 DK -10.7 41.9 106.4 41.1 -85.5 -213.4
656 Na'Vi -9.6 43.1 107.9 37.1 -89.5 -217.4
657 mouz -8.0 45.0 110.0 33.1 -93.5 -221.4
658 mouz -12.0 41.0 106.0 44.6 -83.4 -211.6
659 Na'Vi -10.4 42.6 107.7 40.6 -87.4 -215.6
660 RS -14.4 38.6 103.7 53.1 -76.1 -206.0
662 DK -12.7 40.5 105.9 49.1 -80.1 -210.0
664 RStars -16.7 36.5 101.9 65.2 -66.7 -198.8
665 Orange -14.3 39.1 104.9 61.2 -70.7 -202.8
666 LGD.cn -12.0 41.8 107.8 57.2 -74.7 -206.8
667 DK -10.2 43.7 110.0 53.2 -78.7 -210.8
668 mouz -9.4 44.7 111.3 49.2 -82.7 -214.8
669 iNfernity -7.1 47.3 114.5 45.2 -86.7 -218.8
670 EG -6.1 48.4 115.9 41.2 -90.7 -222.8
671 Fnatic.eu -5.2 49.4 117.1 37.2 -94.7 -226.8
672 Orange -3.6 51.1 119.0 33.2 -98.7 -230.8
674 mouz -2.9 52.0 120.1 29.2 -102.7 -234.8
675 EG -6.9 48.0 116.1 35.6 -96.5 -228.9
676 LGD.cn -5.1 49.9 118.3 31.6 -100.5 -232.9
677 mouz -3.1 51.9 120.3 27.6 -104.5 -236.9
678 Kaipi -7.1 47.9 116.3 46.3 -88.0 -223.3
679 Fnatic.eu -11.1 43.9 112.3 56.0 -79.4 -215.5
680 Liquid -15.1 39.9 108.3 62.6 -72.7 -209.8
681 Quantic -19.1 35.9 104.3 69.3 -66.8 -204.4
682 mouz -23.1 31.9 100.3 75.6 -60.9 -199.1
683 rox.KIS -27.1 27.9 96.3 82.0 -55.2 -193.9
685 mouz -24.5 30.9 99.6 78.0 -59.2 -197.9
686 VP -22.7 32.8 101.7 74.0 -63.2 -201.9
688 VP -20.7 34.9 104.1 70.0 -67.2 -205.9
690 EG -18.8 37.3 106.7 66.0 -71.2 -209.9
691 Liquid -16.6 39.7 109.3 62.0 -75.2 -213.9
692 Na'Vi -15.0 41.3 111.1 58.0 -79.2 -217.9
693 Alliance -13.4 43.0 113.0 54.0 -83.2 -221.9
695 Alliance -11.4 45.2 115.4 50.0 -87.2 -225.9
696 Fnatic.eu -9.8 46.8 117.2 46.0 -91.2 -229.9
697 Kaipi -8.2 48.4 119.0 42.0 -95.2 -233.9
699 Alliance -7.1 49.7 120.5 38.0 -99.2 -237.9
700 Orange -5.7 51.1 122.2 34.0 -103.2 -241.9
701 VG -9.7 47.1 118.2 40.1 -97.0 -236.1
702 Na'Vi -8.8 48.1 119.4 36.1 -101.0 -240.1
703 mouz -7.9 49.1 120.7 32.1 -105.0 -244.1
704 EG -11.9 45.1 116.7 40.1 -98.0 -237.8
707 Orange -10.0 47.0 118.8 36.1 -102.0 -241.8
708 iCCup -14.0 43.0 114.8 46.0 -93.1 -233.8
712 Na'Vi -13.1 44.1 116.1 42.0 -97.1 -237.8
713 MiTH -11.4 46.0 118.3 38.0 -101.1 -241.8
714 Dreamz -8.5 48.7 121.2 34.0 -105.1 -245.8
715 mouz -7.0 50.4 123.1 30.0 -109.1 -249.8
716 mouz -4.9 52.8 125.8 26.0 -113.1 -253.8
718 Dreamz -3.8 54.0 127.3 22.0 -117.1 -257.8
719 Mski -1.7 55.8 129.2 18.0 -121.1 -261.8
720 MiTH 0.1 57.6 131.2 14.0 -125.1 -265.8
721 Mski -3.9 53.6 127.2 23.4 -115.0 -256.6
722 iCCup -2.0 55.6 129.5 19.4 -119.0 -260.6
723 Kaipi -1.1 56.6 130.7 15.4 -123.0 -264.6
725 Romania 0.6 58.6 133.0 11.4 -127.0 -268.6
726 RS -3.4 54.6 129.0 18.3 -120.0 -262.3
727 Fnatic.eu -7.4 50.6 125.0 35.1 -105.5 -250.8
729 DK -6.4 52.1 126.8 31.1 -109.5 -254.8
730 LGD.cn -5.6 53.1 127.9 27.1 -113.5 -258.8
731 iG -4.0 55.0 130.0 23.1 -117.5 -262.8
732 Alliance -2.9 56.3 131.6 19.1 -121.5 -266.8
737 Na'Vi -0.7 58.7 134.2 15.1 -125.5 -270.8
741 TongFu 0.8 60.5 136.7 11.1 -129.5 -274.8
744 Alliance 3.3 63.1 139.5 7.1 -133.5 -278.8
745 Dignitas -0.7 59.1 135.5 28.6 -119.0 -267.1
746 DK 1.22124532709e-14 60.0 136.5 24.6 -123.0 -271.1
748 Na'Vi 1.2 61.3 138.1 20.6 -127.0 -275.1
749 Liquid -2.8 57.3 134.1 33.1 -117.0 -265.2
750 Orange -0.2 60.4 137.3 29.1 -121.0 -269.2
751 Alliance 0.6 61.5 138.7 25.1 -125.0 -273.2
754 Na'Vi 1.3 62.3 139.6 21.1 -129.0 -277.2
757 Alliance 2.9 63.8 141.1 17.1 -133.0 -281.2
758 iG 4.4 65.6 142.9 13.1 -137.0 -285.2
759 Orange 6.0 67.4 144.9 9.1 -141.0 -289.2
761 Fnatic.eu 6.7 68.2 145.8 5.1 -145.0 -293.2
762 Na'Vi 8.8 70.2 148.0 1.1 -149.0 -297.2
766 Alliance 9.7 71.2 149.1 -2.9 -153.0 -301.2
767 LGD.int 5.7 67.2 145.1 13.1 -139.1 -289.3
769 mouz 6.6 68.2 146.3 9.1 -143.1 -293.3
770 LGD.cn 8.2 69.9 148.1 5.1 -147.1 -297.3
771 Na'Vi 9.4 71.2 149.5 1.1 -151.1 -301.3
772 DK 5.4 67.2 145.5 6.6 -145.2 -295.9
773 Alliance 6.1 68.0 146.4 2.6 -149.2 -299.9
774 TongFu 2.1 64.0 142.4 9.2 -143.0 -294.2
775 Liquid 5.0 66.9 145.4 5.2 -147.0 -298.2
776 Orange 6.3 68.3 147.0 1.2 -151.0 -302.2
778 DK 7.7 70.1 149.0 -2.8 -155.0 -306.2
779 Zenith 8.6 71.1 150.2 -6.8 -159.0 -310.2
781 Alliance 9.5 72.1 151.3 -10.8 -163.0 -314.2
782 iG 12.0 74.8 154.2 -14.8 -167.0 -318.2
783 TongFu 12.9 75.7 155.2 -18.8 -171.0 -322.2
785 LGD.cn 14.9 78.0 157.7 -22.8 -175.0 -326.2
786 Na'Vi 15.9 79.1 159.0 -26.8 -179.0 -330.2
788 Dignitas 18.3 81.5 161.6 -30.8 -183.0 -334.2
791 Orange 20.0 83.4 163.6 -34.8 -187.0 -338.2
792 Fnatic.eu 22.6 85.9 166.3 -38.8 -191.0 -342.2
793 Alliance 23.8 87.2 167.9 -42.8 -195.0 -346.2
795 Liquid 24.7 88.2 169.1 -46.8 -199.0 -350.2
796 Zenith 26.6 90.2 171.4 -50.8 -203.0 -354.2
797 Liquid 22.6 86.2 167.4 -37.0 -191.6 -344.6
798 iG 24.5 88.2 169.6 -41.0 -195.6 -348.6
799 Alliance 25.6 89.4 171.1 -45.0 -199.6 -352.6
800 Na'Vi 27.0 90.8 172.6 -49.0 -203.6 -356.6
801 Orange 29.7 93.8 175.8 -53.0 -207.6 -360.6
802 iG 31.8 96.1 178.4 -57.0 -211.6 -364.6
803 Orange 27.8 92.1 174.4 -45.1 -202.0 -356.4
806 Orange 23.8 88.1 170.4 -38.0 -195.8 -350.7
807 Na'Vi 25.4 89.8 172.3 -42.0 -199.8 -354.7
808 Alliance 27.8 92.6 175.2 -46.0 -203.8 -358.7
811 RStars 29.0 94.1 177.0 -50.0 -207.8 -362.7
812 Empire 30.0 95.3 178.6 -54.0 -211.8 -366.7
813 Empire 30.9 96.2 179.8 -58.0 -215.8 -370.7
814 Kaipi 32.4 98.0 181.9 -62.0 -219.8 -374.7
815 TTD 33.7 99.4 183.6 -66.0 -223.8 -378.7
816 Kaipi 35.0 100.8 185.1 -70.0 -227.8 -382.7
817 Lounge 37.0 102.8 187.4 -74.0 -231.8 -386.7
818 FD 38.2 104.0 188.9 -78.0 -235.8 -390.7
820 4FC 38.9 104.8 189.9 -82.0 -239.8 -394.7
821 4++ 34.9 100.8 185.9 -67.7 -224.6 -382.8
822 MiTH 35.9 102.1 187.4 -71.7 -228.6 -386.8
823 GL.eu 37.3 103.7 189.3 -75.7 -232.6 -390.8
825 WARDGS 39.0 105.4 191.3 -79.7 -236.6 -394.8
826 EVOPLAY 40.7 106.9 193.2 -83.7 -240.6 -398.8
827 TS 36.7 102.9 189.2 -78.6 -233.7 -392.3
828 EVOPLAY 38.6 104.8 191.3 -82.6 -237.7 -396.3
829 TLP 34.6 100.8 187.3 -68.7 -225.8 -386.9
830 DUZA 30.6 96.8 183.3 -61.0 -218.2 -379.5
831 Awake 32.5 98.7 185.3 -65.0 -222.2 -383.5
832 CDCD 28.5 94.7 181.3 -41.8 -203.8 -367.7
833 Menace 24.5 90.7 177.3 -28.9 -192.7 -358.7
835 Poseidon 27.4 93.2 179.7 -32.9 -196.7 -362.7
836 Poseidon 29.2 95.3 182.1 -36.9 -200.7 -366.7
837 Next.kz 25.2 91.3 178.1 -31.1 -194.4 -360.7
838 Kaipi 26.8 93.1 180.4 -35.1 -198.4 -364.7
841 VP 27.8 94.2 181.8 -39.1 -202.4 -368.7
842 Menace 23.8 90.2 177.8 -29.7 -193.4 -360.0
843 Empire 25.7 91.9 179.6 -33.7 -197.4 -364.0
844 Kaipi 27.0 93.2 181.2 -37.7 -201.4 -368.0
845 DUZA 23.0 89.2 177.2 -28.6 -192.9 -360.4
848 DUZA 19.0 85.2 173.2 -21.7 -186.4 -354.6
851 VP 20.0 86.4 174.7 -25.7 -190.4 -358.6
855 Imp 22.2 88.7 177.2 -29.7 -194.4 -362.6
856 Empire 23.7 90.2 178.9 -33.7 -198.4 -366.6
857 Next.kz 25.5 92.0 180.8 -37.7 -202.4 -370.6
858 FSid3 27.4 94.0 183.2 -41.7 -206.4 -374.6
859 FSid3 23.4 90.0 179.2 -31.9 -195.7 -364.8
860 Bambang 19.4 86.0 175.2 -24.3 -187.5 -357.4
861 Aspera 21.7 88.0 177.3 -28.3 -191.5 -361.4
862 rox.KIS 23.2 89.3 178.8 -32.3 -195.5 -365.4
864 Poseidon 24.3 90.6 180.3 -36.3 -199.5 -369.4
865 Mski 25.3 91.7 181.7 -40.3 -203.5 -373.4
866 Poseidon 26.2 92.6 182.8 -44.3 -207.5 -377.4
867 Dreamz 27.3 93.9 184.4 -48.3 -211.5 -381.4
871 Next.kz 28.4 95.1 185.8 -52.3 -215.5 -385.4
872 Aspera 24.4 91.1 181.8 -43.6 -207.5 -378.1
873 PR 20.4 87.1 177.8 -22.9 -189.9 -363.5
876 MSIEvoGT 22.4 89.4 180.5 -26.9 -193.9 -367.5
877 Mski 23.4 90.8 182.2 -30.9 -197.9 -371.5
878 Lowyat 19.4 86.8 178.2 -17.2 -186.5 -362.0
880 Empire 15.4 82.8 174.2 -8.3 -177.8 -354.1
881 Quantic 11.4 78.8 170.2 0.3 -170.2 -347.4
883 Kaipi 12.6 80.2 171.8 -3.7 -174.2 -351.4
885 Aspera 14.3 81.9 173.7 -7.7 -178.2 -355.4
886 Fnatic.eu 15.7 83.4 175.5 -11.7 -182.2 -359.4
887 MSIEvoGT 11.7 79.4 171.5 -5.3 -176.6 -354.2
888 Mski 13.6 81.4 173.8 -9.3 -180.6 -358.2
889 Next.kz 14.9 82.7 175.3 -13.3 -184.6 -362.2
890 GL.eu 17.2 85.4 178.2 -17.3 -188.6 -366.2
891 Menace 19.1 87.2 180.2 -21.3 -192.6 -370.2
892 Kaipi 21.1 89.5 182.8 -25.3 -196.6 -374.2
893 Menace 17.1 85.5 178.8 -15.1 -186.5 -365.3
894 Life 19.6 88.5 182.2 -19.1 -190.5 -369.3
896 Life 15.6 84.5 178.2 -10.9 -181.5 -360.4
897 Kaipi 17.2 86.4 180.4 -14.9 -185.5 -364.4
898 Mski 18.8 88.1 182.3 -18.9 -189.5 -368.4
899 Menace 20.1 89.3 183.7 -22.9 -193.5 -372.4
900 VP 16.1 85.3 179.7 -15.9 -186.9 -366.4
901 Fnatic.eu 17.5 86.6 181.2 -19.9 -190.9 -370.4
902 Kaipi 19.7 88.8 183.6 -23.9 -194.9 -374.4
903 Kaipi 20.9 90.1 185.1 -27.9 -198.9 -378.4
904 SAfrica 16.9 86.1 181.1 -22.4 -193.4 -373.2
905 Dignitas 17.7 87.0 182.2 -26.4 -197.4 -377.2
906 Dignitas 18.6 88.0 183.4 -30.4 -201.4 -381.2
908 iG 19.3 88.8 184.4 -34.4 -205.4 -385.2
909 VG 20.8 90.7 186.7 -38.4 -209.4 -389.2
911 4FC 16.8 86.7 182.7 -25.1 -195.8 -377.8
913 Joiker 12.8 82.7 178.7 -17.5 -188.8 -371.7
914 StayFree 15.1 85.1 181.5 -21.5 -192.8 -375.7
915 Fnatic.eu 15.9 86.1 182.7 -25.5 -196.8 -379.7
916 Property 11.9 82.1 178.7 -12.8 -186.2 -370.4
917 Menace 7.9 78.1 174.7 -1.9 -175.3 -360.9
919 LGD.cn 9.2 79.6 176.4 -5.9 -179.3 -364.9
920 TongFu 9.8 80.3 177.3 -9.9 -183.3 -368.9
921 Alliance 10.8 81.3 178.6 -13.9 -187.3 -372.9
922 PR 6.8 77.3 174.6 -6.3 -180.4 -366.3
923 DUZA 8.6 79.1 176.7 -10.3 -184.4 -370.3
925 Empire 9.9 80.4 178.2 -14.3 -188.4 -374.3
926 Empire 11.3 82.0 179.9 -18.3 -192.4 -378.3
927 iG 12.8 83.4 181.4 -22.3 -196.4 -382.3
930 MiTH 15.5 85.7 183.8 -26.3 -200.4 -386.3
931 Alliance 16.4 86.6 184.8 -30.3 -204.4 -390.3
932 Fnatic.eu 18.4 89.0 187.4 -34.3 -208.4 -394.3
933 Empire 20.7 91.3 189.9 -38.3 -212.4 -398.3
937 OguraYui 16.7 87.3 185.9 -27.2 -199.8 -387.5
938 Mski 18.5 88.8 187.6 -31.2 -203.8 -391.5
941 Alliance 19.4 89.8 188.7 -35.2 -207.8 -395.5
944 Imp 15.4 85.8 184.7 -24.0 -197.0 -385.6
948 Empire 17.6 88.1 187.2 -28.0 -201.0 -389.6
949 VP 18.9 89.4 188.7 -32.0 -205.0 -393.6
950 Kaipi 19.9 90.6 190.2 -36.0 -209.0 -397.6
951 Mski 20.9 91.7 191.5 -40.0 -213.0 -401.6
953 Kaipi 22.6 93.8 194.0 -44.0 -217.0 -405.6
954 Cascade 18.6 89.8 190.0 -30.6 -205.4 -395.6
956 Alliance 19.1 90.3 190.7 -34.6 -209.4 -399.6
957 Na'Vi 19.9 91.0 191.6 -38.6 -213.4 -403.6
958 PR 15.9 87.0 187.6 -13.9 -189.4 -382.8
959 Kaipi 16.7 88.0 188.7 -17.9 -193.4 -386.8
960 Kaipi 17.4 88.9 189.9 -21.9 -197.4 -390.8
961 Life 19.6 91.8 193.2 -25.9 -201.4 -394.8
963 Na'Vi 21.0 93.2 194.8 -29.9 -205.4 -398.8
964 Alliance 22.2 94.5 196.3 -33.9 -209.4 -402.8
967 mouz 23.6 96.0 198.0 -37.9 -213.4 -406.8
970 Joiker 26.4 98.9 201.1 -41.9 -217.4 -410.8
971 iG 28.4 101.4 203.9 -45.9 -221.4 -414.8
972 Aspera 24.4 97.4 199.9 -24.0 -202.4 -398.9
974 Fnatic.eu 27.2 99.8 202.4 -28.0 -206.4 -402.9
975 Dignitas 28.0 100.8 203.7 -32.0 -210.4 -406.9
976 StayFree 29.4 102.5 205.7 -36.0 -214.4 -410.9
977 Na'Vi 30.9 104.2 207.7 -40.0 -218.4 -414.9
978 rox.KIS 26.9 100.2 203.7 -32.9 -209.9 -407.1
979 PR 29.5 102.5 206.1 -36.9 -213.9 -411.1
981 PR 31.5 104.5 208.3 -40.9 -217.9 -415.1
982 Fnatic.eu 32.3 105.3 209.3 -44.9 -221.9 -419.1
983 Fnatic.eu 34.1 107.0 211.1 -48.9 -225.9 -423.1
985 Inv.kwnku 35.9 109.1 213.5 -52.9 -229.9 -427.1
986 Na'Vi 36.9 110.3 214.9 -56.9 -233.9 -431.1
987 Fnatic.eu 38.5 112.1 216.9 -60.9 -237.9 -435.1
988 4FC 34.5 108.1 212.9 -51.3 -227.8 -426.1
990 Kaipi 35.3 109.0 214.0 -55.3 -231.8 -430.1
991 Empire 31.3 105.0 210.0 -44.4 -222.4 -422.2
992 PBS 27.3 101.0 206.0 -34.1 -214.1 -414.4
993 SFEC 23.3 97.0 202.0 -25.4 -205.9 -407.1
994 Next.kz 19.3 93.0 198.0 -19.4 -200.2 -401.7
995 Inv.kwnku 21.0 95.1 200.6 -23.4 -204.2 -405.7
996 rox.KIS 23.7 97.5 203.1 -27.4 -208.2 -409.7
997 PR 19.7 93.5 199.1 -9.8 -193.4 -398.0
999 Empire 21.6 95.9 201.8 -13.8 -197.4 -402.0
1000 Inv.kwnku 23.3 97.8 203.9 -17.8 -201.4 -406.0
1001 FD 25.0 99.8 206.4 -21.8 -205.4 -410.0
1002 Empire 26.5 101.6 208.6 -25.8 -209.4 -414.0
1004 EG 28.1 103.3 210.5 -29.8 -213.4 -418.0
1005 Dignitas 24.1 99.3 206.5 -17.7 -203.5 -409.6
1008 Menace 20.1 95.3 202.5 -5.6 -191.2 -398.7
1009 Kaipi 21.0 96.2 203.6 -9.6 -195.2 -402.7
1010 Aspera 17.0 92.2 199.6 -2.2 -188.2 -396.1
1012 DK 18.3 93.7 201.4 -6.2 -192.2 -400.1
1015 StayFree 20.0 96.1 204.1 -10.2 -196.2 -404.1
1017 Na'Vi 20.8 97.0 205.1 -14.2 -200.2 -408.1
1018 Alliance 21.6 97.9 206.3 -18.2 -204.2 -412.1
1019 Empire 23.5 100.3 209.0 -22.2 -208.2 -416.1
1020 Na'Vi 25.2 102.0 210.9 -26.2 -212.2 -420.1
1021 Na'Vi 26.4 103.2 212.3 -30.2 -216.2 -424.1
1022 LGD.cn 27.5 104.5 213.7 -34.2 -220.2 -428.1
1023 VG 29.5 106.7 215.9 -38.2 -224.2 -432.1
1024 LGD.cn 31.8 108.7 217.9 -42.2 -228.2 -436.1
1025 Dignitas 32.6 109.6 219.1 -46.2 -232.2 -440.1
1027 Next.kz 28.6 105.6 215.1 -40.1 -224.6 -432.8
1028 4FC 24.6 101.6 211.1 -29.6 -213.1 -422.8
1030 Na'Vi 25.4 102.5 212.1 -33.6 -217.1 -426.8
1031 Empire 28.2 105.2 214.9 -37.6 -221.1 -430.8
1032 Na'Vi 29.1 106.3 216.2 -41.6 -225.1 -434.8
1034 Alliance 29.8 107.1 217.2 -45.6 -229.1 -438.8
1035 Alliance 30.5 107.8 218.0 -49.6 -233.1 -442.8
1036 4FC 26.5 103.8 214.0 -43.5 -227.1 -437.4
1037 VP 22.5 99.8 210.0 -31.5 -217.9 -429.5
1039 Ahead.kz 18.5 95.8 206.0 -10.2 -196.1 -411.6
1040 PBS 19.9 97.8 208.3 -14.2 -200.1 -415.6
1041 Alliance 20.9 99.1 209.8 -18.2 -204.1 -419.6
1042 Empire 22.4 100.8 211.7 -22.2 -208.1 -423.6
1044 Quantic 24.4 103.4 214.4 -26.2 -212.1 -427.6
1045 iG 25.3 104.8 216.1 -30.2 -216.1 -431.6
1046 Liquid 26.4 106.0 217.5 -34.2 -220.1 -435.6
1047 EG 22.4 102.0 213.5 -25.3 -212.1 -429.1
1048 MiTH 24.0 103.7 215.5 -29.3 -216.1 -433.1
1049 Dreamz 25.9 105.9 218.0 -33.3 -220.1 -437.1
1050 Alliance 26.7 106.8 219.1 -37.3 -224.1 -441.1
1051 iG 27.5 107.8 220.3 -41.3 -228.1 -445.1
1052 DK 29.1 109.7 222.4 -45.3 -232.1 -449.1
1053 Kaipi 25.1 105.7 218.4 -39.7 -226.7 -443.8
1055 Alliance 25.7 106.4 219.3 -43.7 -230.7 -447.8
1059 TongFu 27.5 107.9 220.9 -47.7 -234.7 -451.8
1060 LGD.int 29.7 110.2 223.4 -51.7 -238.7 -455.8
1061 RS.int 31.2 112.0 225.5 -55.7 -242.7 -459.8
1062 MiTH 32.9 113.7 227.4 -59.7 -246.7 -463.8
1063 Alliance 33.6 114.5 228.3 -63.7 -250.7 -467.8
1064 Alliance 34.4 115.4 229.3 -67.7 -254.7 -471.8
1065 SSD 35.4 116.9 231.0 -71.7 -258.7 -475.8
1067 Hearts 36.9 118.5 232.8 -75.7 -262.7 -479.8
1068 rox.KIS 38.8 120.5 235.1 -79.7 -266.7 -483.8
1069 Poseidon 34.8 116.5 231.1 -72.9 -259.2 -476.3
1070 Quantic 30.8 112.5 227.1 -62.6 -249.9 -467.9
1071 Quantic 32.6 114.1 228.9 -66.6 -253.9 -471.9
1073 Titan 34.1 115.6 230.5 -70.6 -257.9 -475.9
1077 StayFree 35.2 117.1 232.3 -74.6 -261.9 -479.9
1078 VP 37.5 119.4 234.8 -78.6 -265.9 -483.9
1080 SYF 40.0 121.4 236.9 -82.6 -269.9 -487.9
1081 Na'Vi 40.7 122.2 237.9 -86.6 -273.9 -491.9
1082 Fnatic.eu 41.5 123.1 238.9 -90.6 -277.9 -495.9
1083 Titan 42.3 124.0 240.1 -94.6 -281.9 -499.9
1085 FD 43.1 125.1 241.5 -98.6 -285.9 -503.9
1086 MVP 39.1 121.1 237.5 -93.3 -280.3 -498.4
1087 UR 41.0 123.1 239.6 -97.3 -284.3 -502.4
1088 FXopen 41.9 124.4 241.1 -101.3 -288.3 -506.4
1089 Imp 42.6 125.4 242.2 -105.3 -292.3 -510.4
1090 MiTH 43.3 126.3 243.3 -109.3 -296.3 -514.4
1091 Na'Vi 44.2 127.3 244.6 -113.3 -300.3 -518.4
1092 ONE.dota 40.2 123.3 240.6 -102.1 -288.7 -508.2
1093 Lowyat 36.2 119.3 236.6 -96.3 -282.9 -502.7
1094 DK 38.5 121.9 239.6 -100.3 -286.9 -506.7
1095 Arcanys 34.5 117.9 235.6 -78.8 -269.6 -493.2
1096 VG 35.5 119.3 237.3 -82.8 -273.6 -497.2
1097 FD 36.2 120.2 238.6 -86.8 -277.6 -501.2
1098 Lowyat 32.2 116.2 234.6 -76.2 -267.4 -492.5
1099 rox.KIS 34.4 118.5 237.1 -80.2 -271.4 -496.5
1101 Fnatic.eu 35.4 119.7 238.6 -84.2 -275.4 -500.5
1104 Poseidon 31.4 115.7 234.6 -68.2 -261.2 -489.3
1105 Na'Vi 32.2 116.6 235.7 -72.2 -265.2 -493.3
1108 eN.Legs 33.7 118.6 238.1 -76.2 -269.2 -497.3
1110 bvd.dotA 35.8 121.0 240.9 -80.2 -273.2 -501.3
1111 LGD.int 36.8 122.1 242.3 -84.2 -277.2 -505.3
1112 DK 37.3 122.8 243.1 -88.2 -281.2 -509.3
1113 Imp 39.2 125.5 246.2 -92.2 -285.2 -513.3
1114 Na'Vi 39.9 126.3 247.2 -96.2 -289.2 -517.3
1116 NJ&Kids 35.9 122.3 243.2 -91.1 -282.9 -511.1
1117 VG 36.6 123.1 244.2 -95.1 -286.9 -515.1
1118 LGD.cn 37.0 123.7 245.0 -99.1 -290.9 -519.1
1119 FD 33.0 119.7 241.0 -92.3 -284.5 -513.2
1120 Ahead.kz 34.3 121.2 242.8 -96.3 -288.5 -517.2
1122 PR 35.8 122.4 244.1 -100.3 -292.5 -521.2
1123 Na'Vi 36.2 123.0 244.8 -104.3 -296.5 -525.2
1124 bvd.dotA 38.2 124.8 246.6 -108.3 -300.5 -529.2
1125 Empire 39.8 126.4 248.2 -112.3 -304.5 -533.2
1126 Life 35.8 122.4 244.2 -101.9 -290.4 -520.3
1127 EG 38.1 124.9 247.0 -105.9 -294.4 -524.3
1129 iG 38.6 125.6 247.8 -109.9 -298.4 -528.3
1130 TongFu 40.2 127.4 249.8 -113.9 -302.4 -532.3
1131 Na'Vi 41.2 128.4 251.0 -117.9 -306.4 -536.3
1132 Fnatic.eu 42.1 129.5 252.2 -121.9 -310.4 -540.3
1133 MUFC 38.1 125.5 248.2 -111.6 -301.0 -531.8
1135 Empire 39.1 126.6 249.5 -115.6 -305.0 -535.8
1136 Empire 40.5 128.2 251.3 -119.6 -309.0 -539.8
1137 TakeFive 36.5 124.2 247.3 -108.8 -295.9 -528.5
1139 VT 38.5 126.6 250.0 -112.8 -299.9 -532.5
1140 SYM 34.5 122.6 246.0 -106.7 -293.3 -526.0
1141 EOT 35.8 124.8 248.6 -110.7 -297.3 -530.0
1143 DK 36.3 125.5 249.5 -114.7 -301.3 -534.0
1144 VG 32.3 121.5 245.5 -100.1 -288.0 -523.6
1145 Fnatic.eu 35.0 123.8 247.9 -104.1 -292.0 -527.6
1146 iG 35.4 124.4 248.6 -108.1 -296.0 -531.6
1147 LGD.cn 36.6 125.8 250.3 -112.1 -300.0 -535.6
1148 HR 38.3 128.0 252.9 -116.1 -304.0 -539.6
1149 Na'Vi 39.2 129.0 254.2 -120.1 -308.0 -543.6
1150 Speed 41.2 132.2 257.9 -124.1 -312.0 -547.6
1151 Alliance 41.7 132.9 258.7 -128.1 -316.0 -551.6
1155 Empire 42.8 134.4 260.4 -132.1 -320.0 -555.6
1156 iG 43.9 136.0 262.3 -136.1 -324.0 -559.6
1157 Na'Vi 44.7 136.9 263.3 -140.1 -328.0 -563.6
1159 SAfrica 45.8 138.3 265.1 -144.1 -332.0 -567.6
1160 Na'Vi 41.8 134.3 261.1 -136.1 -326.5 -562.6
1161 FD 43.6 136.3 263.1 -140.1 -330.5 -566.6
1164 Titan 39.6 132.3 259.1 -133.2 -322.4 -558.7
1165 Titan 35.6 128.3 255.1 -122.7 -311.0 -548.6
1167 EOT 37.5 130.2 257.3 -126.7 -315.0 -552.6
1168 LGD.cn 39.3 132.0 259.3 -130.7 -319.0 -556.6
1169 DK 39.7 132.6 260.1 -134.7 -323.0 -560.6
1170 VG 41.8 134.7 262.4 -138.7 -327.0 -564.6
1171 Empire 42.6 135.7 263.6 -142.7 -331.0 -568.6
1172 Speed 38.6 131.7 259.6 -123.8 -310.2 -548.5
1173 Empire 40.3 133.4 261.5 -127.8 -314.2 -552.5
1174 Fnatic 41.6 134.7 262.9 -131.8 -318.2 -556.5
1175 TongFu 42.3 135.6 264.1 -135.8 -322.2 -560.5
1176 LGD.cn 38.3 131.6 260.1 -124.1 -312.6 -552.3
1177 TongFu 39.8 133.0 261.7 -128.1 -316.6 -556.3
1178 DK 40.2 133.5 262.4 -132.1 -320.6 -560.3
1179 RStars 36.2 129.5 258.4 -123.0 -312.0 -552.6
1181 Alliance 36.9 130.4 259.5 -127.0 -316.0 -556.6
1183 Speed 38.3 131.7 261.0 -131.0 -320.0 -560.6
1185 Liquid 34.3 127.7 257.0 -110.4 -299.2 -541.3
1186 iG 36.5 130.5 259.8 -114.4 -303.2 -545.3
1188 LGD.int 37.1 131.3 260.7 -118.4 -307.2 -549.3
1189 EG 38.2 132.7 262.5 -122.4 -311.2 -553.3
1190 TongFu 39.0 133.8 263.9 -126.4 -315.2 -557.3
1191 DK 39.4 134.5 264.7 -130.4 -319.2 -561.3
1192 Na'Vi 40.2 135.4 266.0 -134.4 -323.2 -565.3
1194 Dignitas 41.7 136.9 267.7 -138.4 -327.2 -569.3
1195 VG 42.2 137.6 268.5 -142.4 -331.2 -573.3
1196 LGD.cn 42.7 138.3 269.4 -146.4 -335.2 -577.3
1197 CSW 44.1 140.0 271.2 -150.4 -339.2 -581.3
1199 Menace 45.8 141.9 273.4 -154.4 -343.2 -585.3
1200 Liquid 47.4 143.3 274.9 -158.4 -347.2 -589.3
1202 SSD 48.7 144.8 276.7 -162.4 -351.2 -593.3
1203 TongFu 49.1 145.4 277.4 -166.4 -355.2 -597.3
1204 iG 49.8 146.3 278.4 -170.4 -359.2 -601.3
1205 HR 45.8 142.3 274.4 -158.0 -344.1 -587.9
1206 EG 47.3 143.4 275.6 -162.0 -348.1 -591.9
1207 mouz 43.3 139.4 271.6 -155.7 -341.8 -586.0
1208 Imp 39.3 135.4 267.6 -147.2 -332.3 -577.0
1209 MiTH 35.3 131.4 263.6 -140.2 -326.0 -571.2
1210 Liquid 31.3 127.4 259.6 -127.9 -313.5 -560.4
1211 mouz 27.3 123.4 255.6 -122.2 -308.2 -555.3
1212 Fnatic.eu 29.2 125.6 258.1 -126.2 -312.2 -559.3
1213 Poseidon 25.2 121.6 254.1 -118.9 -304.1 -551.5
1214 VG 21.2 117.6 250.1 -112.7 -296.8 -544.7
1215 iG 21.6 118.3 250.9 -116.7 -300.8 -548.7
1216 LGD.cn 23.0 120.1 253.1 -120.7 -304.8 -552.7
1217 Speed 19.0 116.1 249.1 -110.7 -295.5 -544.4
1218 CSW 15.0 112.1 245.1 -104.3 -289.7 -539.2
1220 Empire 16.3 113.7 247.0 -108.3 -293.7 -543.2
1221 iG 12.3 109.7 243.0 -97.0 -284.8 -536.2
1222 LGD.cn 14.2 111.3 244.7 -101.0 -288.8 -540.2
1223 DK 15.1 112.5 246.2 -105.0 -292.8 -544.2
1227 Empire 16.9 114.7 248.6 -109.0 -296.8 -548.2
1229 StayFree 12.9 110.7 244.6 -102.3 -291.2 -543.4
1230 Property 8.9 106.7 240.6 -89.6 -280.8 -534.8
1231 TTD 4.9 102.7 236.6 -82.3 -272.1 -526.9
1232 Alliance 5.8 103.6 237.7 -86.3 -276.1 -530.9
1234 VG 7.7 105.8 240.3 -90.3 -280.1 -534.9
1235 TongFu 3.7 101.8 236.3 -72.4 -266.1 -524.2
1237 FSid3 -0.3 97.8 232.3 -62.0 -256.6 -515.8
1238 LGD.cn 0.3 98.7 233.5 -66.0 -260.6 -519.8
1239 RStars 1.7 100.7 236.0 -70.0 -264.6 -523.8
1240 Na'Vi 3.4 102.5 238.0 -74.0 -268.6 -527.8
1242 mouz 5.0 104.5 240.3 -78.0 -272.6 -531.8
1243 Alliance 5.7 105.3 241.4 -82.0 -276.6 -535.8
1244 Sigma.int 7.4 107.9 244.7 -86.0 -280.6 -539.8
1245 Speed 8.4 109.2 246.3 -90.0 -284.6 -543.8
1246 Liquid 11.0 112.0 249.3 -94.0 -288.6 -547.8
1247 iG 11.4 112.6 250.1 -98.0 -292.6 -551.8
1251 UR 12.9 114.5 252.2 -102.0 -296.6 -555.8
1253 LGD.int 8.9 110.5 248.2 -73.3 -276.2 -539.7
1255 Empire 10.9 112.6 250.5 -77.3 -280.2 -543.7
1256 RS 11.8 113.6 251.8 -81.3 -284.2 -547.7
1257 mouz 7.8 109.6 247.8 -69.5 -274.4 -539.3
1259 Sigma.int 9.8 112.3 250.8 -73.5 -278.4 -543.3
1261 mouz 5.8 108.3 246.8 -65.5 -272.5 -537.8
1262 iG 6.9 109.7 248.4 -69.5 -276.5 -541.8
1263 LGD.cn 7.6 110.6 249.5 -73.5 -280.5 -545.8
1264 DK 8.3 111.4 250.5 -77.5 -284.5 -549.8
1265 Fnatic.eu 4.3 107.4 246.5 -69.4 -277.0 -543.2
1266 Alliance 5.0 108.2 247.5 -73.4 -281.0 -547.2
1267 Na'Vi 6.4 109.8 249.3 -77.4 -285.0 -551.2
1268 Mski 7.5 111.2 250.9 -81.4 -289.0 -555.2
1269 Orange 8.5 112.2 252.2 -85.4 -293.0 -559.2
1270 MiTH 11.2 114.5 254.8 -89.4 -297.0 -563.2
1271 SYF 13.5 117.1 257.9 -93.4 -301.0 -567.2
1272 iG 15.5 119.6 260.7 -97.4 -305.0 -571.2
1273 RS 11.5 115.6 256.7 -84.7 -293.8 -561.1
1274 LGD.cn 13.0 117.1 258.3 -88.7 -297.8 -565.1
1275 FXopen 14.7 119.1 260.4 -92.7 -301.8 -569.1
1276 CSW 16.2 120.8 262.3 -96.7 -305.8 -573.1
1278 Lowyat 12.2 116.8 258.3 -84.5 -290.4 -559.1
1279 Titan 13.3 117.9 259.6 -88.5 -294.4 -563.1
1283 Speed 14.5 119.1 260.8 -92.5 -298.4 -567.1
1284 Alliance 15.3 119.9 261.8 -96.5 -302.4 -571.1
1286 LGD.int 17.4 122.5 264.5 -100.5 -306.4 -575.1
1288 Alliance 19.2 124.4 266.4 -104.5 -310.4 -579.1
1290 Lowyat 15.2 120.4 262.4 -98.4 -304.8 -573.7
1291 PR 18.6 123.0 265.1 -102.4 -308.8 -577.7
1292 SSD 14.6 119.0 261.1 -94.0 -299.4 -568.7
1293 TongFu 15.6 120.1 262.5 -98.0 -303.4 -572.7
1294 VG 11.6 116.1 258.5 -84.2 -290.2 -562.0
1296 mouz 13.3 117.9 260.5 -88.2 -294.2 -566.0
1297 EG 15.7 120.2 263.1 -92.2 -298.2 -570.0
1299 EG 16.8 121.4 264.4 -96.2 -302.2 -574.0
1300 4FC 18.8 123.5 266.8 -100.2 -306.2 -578.0
1301 Hearts 20.1 125.1 268.6 -104.2 -310.2 -582.0
1302 DK 22.3 127.6 271.3 -108.2 -314.2 -586.0
1303 Sigma.int 23.2 128.8 272.8 -112.2 -318.2 -590.0
1305 Empire 23.8 129.6 273.7 -116.2 -322.2 -594.0
1306 FXopen 24.9 131.0 275.3 -120.2 -326.2 -598.0
1307 LGD.int 25.8 132.0 276.5 -124.2 -330.2 -602.0
1308 LGD.cn 26.5 132.8 277.5 -128.2 -334.2 -606.0
1309 4FC 28.7 134.7 279.6 -132.2 -338.2 -610.0
1310 Sigma.int 29.4 135.5 280.6 -136.2 -342.2 -614.0
1312 Arteezy 31.4 137.5 282.8 -140.2 -346.2 -618.0
1313 EG 27.4 133.5 278.8 -134.6 -340.3 -612.6
1314 TongFu 27.8 134.1 279.5 -138.6 -344.3 -616.6
1315 Empire 28.6 135.0 280.5 -142.6 -348.3 -620.6
1316 VG 29.3 135.9 281.6 -146.6 -352.3 -624.6
1317 Na'Vi 30.3 137.0 283.0 -150.6 -356.3 -628.6
1318 QPandas 26.3 133.0 279.0 -137.0 -342.8 -615.7
1319 Empire 28.4 134.6 280.6 -141.0 -346.8 -619.7
1321 Fnatic.eu 29.1 135.3 281.2 -145.0 -350.8 -623.7
1322 DK 29.5 135.8 281.9 -149.0 -354.8 -627.7
1323 VG 30.3 136.8 283.2 -153.0 -358.8 -631.7
1324 VG 26.3 132.8 279.2 -138.8 -344.3 -619.5
1325 Kawai 22.3 128.8 275.2 -126.7 -334.4 -610.2
1326 Dignitas 18.3 124.8 271.2 -113.7 -322.4 -600.1
1327 Speed 18.9 125.5 272.1 -117.7 -326.4 -604.1
1328 Dignitas 20.6 127.2 273.9 -121.7 -330.4 -608.1
1329 Alliance 21.2 127.9 274.7 -125.7 -334.4 -612.1
1330 Na'Vi 23.2 129.7 276.7 -129.7 -338.4 -616.1
1331 Na'Vi 24.4 130.7 277.9 -133.7 -342.4 -620.1
1332 Fnatic.eu 20.4 126.7 273.9 -123.6 -330.7 -609.8
1333 Alliance 21.2 127.5 274.9 -127.6 -334.7 -613.8
1334 iG 22.7 129.3 277.1 -131.6 -338.7 -617.8
1335 LGD.int 23.9 130.7 278.7 -135.6 -342.7 -621.8
1336 TongFu 24.9 131.6 279.7 -139.6 -346.7 -625.8
1337 Startale 27.4 134.0 282.4 -143.6 -350.7 -629.8
1338 Liquid 28.8 135.5 284.1 -147.6 -354.7 -633.8
1340 Fnatic.eu 29.7 136.5 285.3 -151.6 -358.7 -637.8
1341 Alliance 30.2 137.1 286.0 -155.6 -362.7 -641.8
1343 Fnatic.eu 26.2 133.1 282.0 -147.6 -353.6 -633.3
1345 Sigma.int 27.4 134.6 283.8 -151.6 -357.6 -637.3
1350 Fnatic.eu 23.4 130.6 279.8 -146.0 -351.7 -631.3
1351 VG 23.8 131.3 280.6 -150.0 -355.7 -635.3
1352 DK 24.4 131.9 281.4 -154.0 -359.7 -639.3
1353 Alliance 26.1 133.6 283.3 -158.0 -363.7 -643.3
1354 VP 22.1 129.6 279.3 -145.1 -351.5 -632.4
1355 Alliance 23.3 130.9 280.9 -149.1 -355.5 -636.4
1356 Alliance 24.6 132.1 282.2 -153.1 -359.5 -640.4
1357 Na'Vi 25.7 133.1 283.3 -157.1 -363.5 -644.4
1358 VP 21.7 129.1 279.3 -151.2 -357.9 -639.1
1359 LGD.cn 22.0 129.6 279.9 -155.2 -361.9 -643.1
1360 iG 22.4 130.1 280.5 -159.2 -365.9 -647.1
1361 Dignitas 23.1 130.9 281.5 -163.2 -369.9 -651.1
1362 Speed 23.5 131.4 282.2 -167.2 -373.9 -655.1
1363 Speed 25.6 133.4 284.6 -171.2 -377.9 -659.1
1364 Na'Vi 27.4 135.3 286.6 -175.2 -381.9 -663.1
1365 Alliance 28.1 136.0 287.4 -179.2 -385.9 -667.1
1366 Alliance 28.5 136.5 288.0 -183.2 -389.9 -671.1
1367 Liquid 30.1 138.4 290.2 -187.2 -393.9 -675.1
1368 Fnatic.eu 31.3 139.6 291.5 -191.2 -397.9 -679.1
1369 Na'Vi 32.0 140.4 292.4 -195.2 -401.9 -683.1
1370 LGD.int 28.0 136.4 288.4 -186.0 -391.5 -673.6
1372 VP 24.0 132.4 284.4 -168.1 -376.3 -660.9
1373 Liquid 25.3 133.7 285.9 -172.1 -380.3 -664.9
1375 Startale 21.3 129.7 281.9 -161.6 -373.7 -659.4
1377 LGD.cn 22.8 131.3 283.7 -165.6 -377.7 -663.4
1379 Fnatic.eu 23.9 132.5 285.1 -169.6 -381.7 -667.4
1380 Liquid 25.0 133.7 286.5 -173.6 -385.7 -671.4
1381 Liquid 21.0 129.7 282.5 -158.7 -371.7 -659.5
1382 Titan 21.8 130.7 283.8 -162.7 -375.7 -663.5
1383 LGD.cn 23.3 132.5 285.8 -166.7 -379.7 -667.5
1384 Empire 24.0 133.3 286.8 -170.7 -383.7 -671.5
1385 Na'Vi 20.0 129.3 282.8 -164.6 -378.5 -666.8
1386 StayFree 16.0 125.3 278.8 -154.2 -368.4 -657.8
1388 iG 16.5 126.0 279.6 -158.2 -372.4 -661.8
1389 RStars 17.2 127.0 281.0 -162.2 -376.4 -665.8
1390 Alliance 17.7 127.6 281.7 -166.2 -380.4 -669.8
1391 Fnatic.eu 18.9 128.9 283.3 -170.2 -384.4 -673.8
1396 rox.KIS 14.9 124.9 279.3 -135.0 -356.7 -650.6
1399 EG 10.9 120.9 275.3 -120.0 -340.9 -637.3
1400 VP 12.8 123.1 277.9 -124.0 -344.9 -641.3
1401 Alliance 14.6 124.8 279.8 -128.0 -348.9 -645.3
1402 Liquid 16.7 127.0 282.1 -132.0 -352.9 -649.3
1404 VG 17.6 128.1 283.5 -136.0 -356.9 -653.3
1405 Speed 18.4 129.2 284.9 -140.0 -360.9 -657.3
1406 EG 14.4 125.2 280.9 -131.5 -353.6 -651.2
1408 Liquid 16.1 127.1 283.0 -135.5 -357.6 -655.2
1412 DK 16.5 127.8 283.9 -139.5 -361.6 -659.2
1415 VP 12.5 123.8 279.9 -127.6 -348.9 -648.0
1416 Liquid 14.3 125.6 281.8 -131.6 -352.9 -652.0
1421 Na'Vi 15.8 127.2 283.7 -135.6 -356.9 -656.0
1423 Alliance 16.3 127.8 284.4 -139.6 -360.9 -660.0
1424 DK 16.6 128.2 285.0 -143.6 -364.9 -664.0
1425 VG 17.3 129.0 286.0 -147.6 -368.9 -668.0
1426 Speed 18.7 130.5 287.7 -151.6 -372.9 -672.0
1428 EG 14.7 126.5 283.7 -144.1 -364.5 -663.8
1429 Empire 15.9 127.7 285.1 -148.1 -368.5 -667.8
1430 Na'Vi 16.8 128.7 286.3 -152.1 -372.5 -671.8
1431 DK 17.2 129.2 286.9 -156.1 -376.5 -675.8
1433 iG 13.2 125.2 282.9 -149.1 -370.5 -670.5
1434 MiTH 16.3 128.0 285.7 -153.1 -374.5 -674.5
1437 Liquid 18.3 130.2 288.1 -157.1 -378.5 -678.5
1438 Liquid 19.0 131.1 289.1 -161.1 -382.5 -682.5
1439 Empire 15.0 127.1 285.1 -147.6 -367.9 -668.0
1440 Alliance 17.5 129.8 288.1 -151.6 -371.9 -672.0
1441 PR 13.5 125.8 284.1 -143.7 -363.9 -664.2
1442 LGD.int 13.9 126.4 284.8 -147.7 -367.9 -668.2
1443 TongFu 14.6 127.2 285.8 -151.7 -371.9 -672.2
1445 Speed 16.4 129.6 288.5 -155.7 -375.9 -676.2
1446 mouz 12.4 125.6 284.5 -148.4 -369.6 -670.4
1447 FD 8.4 121.6 280.5 -140.2 -361.9 -663.2
1448 MiTH 4.4 117.6 276.5 -134.0 -355.1 -656.8
1449 Titan 6.3 119.3 278.3 -138.0 -359.1 -660.8
1450 Na'Vi 7.2 120.4 279.6 -142.0 -363.1 -664.8
1451 Na'Vi 8.6 121.8 281.0 -146.0 -367.1 -668.8
1453 Liquid 11.0 124.5 283.8 -150.0 -371.1 -672.8
1456 Liquid 12.5 126.3 285.8 -154.0 -375.1 -676.8
1458 Fnatic.eu 8.5 122.3 281.8 -141.2 -362.7 -665.5
1459 Na'Vi 10.2 123.8 283.5 -145.2 -366.7 -669.5
1460 Alliance 11.1 124.7 284.5 -149.2 -370.7 -673.5
1461 rox.KIS 7.1 120.7 280.5 -139.6 -361.9 -665.4
1462 rox.KIS 8.6 122.2 282.2 -143.6 -365.9 -669.4
1463 Na'Vi 10.7 124.1 284.2 -147.6 -369.9 -673.4
1465 DK 12.2 125.6 285.8 -151.6 -373.9 -677.4
1466 4FC 8.2 121.6 281.8 -138.7 -361.1 -665.6
1468 Alliance 10.0 123.5 283.8 -142.7 -365.1 -669.6
1471 Mts 6.0 119.5 279.8 -133.9 -358.5 -664.2
1472 rox.KIS 2.0 115.5 275.8 -125.5 -352.5 -659.0
1473 LGD.cn 2.6 116.3 276.8 -129.5 -356.5 -663.0
1475 TongFu3 4.4 118.0 278.7 -133.5 -360.5 -667.0
1478 Alliance 5.6 119.3 280.1 -137.5 -364.5 -671.0
1479 Liquid 6.3 120.1 281.1 -141.5 -368.5 -675.0
1480 Na'Vi 8.0 121.6 282.7 -145.5 -372.5 -679.0
1481 DK 4.0 117.6 278.7 -136.2 -364.3 -672.3
1482 Fnatic.eu 4.7 118.5 279.9 -140.2 -368.3 -676.3
1483 Sigma.int 0.7 114.5 275.9 -129.2 -355.9 -664.7
1484 DK 2.6 116.7 278.4 -133.2 -359.9 -668.7
1485 EG -1.4 112.7 274.4 -125.9 -353.2 -662.3
1487 VG 0.7 115.1 277.1 -129.9 -357.2 -666.3
1488 Imp 2.5 117.1 279.6 -133.9 -361.2 -670.3
1489 Na'Vi 4.2 118.8 281.5 -137.9 -365.2 -674.3
1490 EG 5.0 119.8 282.6 -141.9 -369.2 -678.3
1492 Alliance 6.3 121.2 284.1 -145.9 -373.2 -682.3
1494 Na'Vi 6.9 121.9 284.9 -149.9 -377.2 -686.3
1495 DK 8.0 123.2 286.4 -153.9 -381.2 -690.3
1496 Sigma.int 9.9 125.5 289.1 -157.9 -385.2 -694.3
1497 Speed 5.9 121.5 285.1 -144.3 -373.3 -683.4
1498 Fnatic.eu 1.9 117.5 281.1 -128.2 -357.8 -668.7
1499 DK 2.7 118.5 282.1 -132.2 -361.8 -672.7
1500 Speed 3.4 119.4 283.3 -136.2 -365.8 -676.7
1501 Liquid -0.6 115.4 279.3 -122.8 -352.7 -664.9
1503 Speed 1.9 117.5 281.7 -126.8 -356.7 -668.9
1506 Liquid 3.2 118.9 283.2 -130.8 -360.7 -672.9
1507 DK 4.9 120.6 284.9 -134.8 -364.7 -676.9
1508 Alliance 5.5 121.4 285.7 -138.8 -368.7 -680.9
1510 Na'Vi 7.0 123.0 287.5 -142.8 -372.7 -684.9
1511 Sigma.int 7.5 123.7 288.2 -146.8 -376.7 -688.9
1512 Alliance 8.4 124.7 289.4 -150.8 -380.7 -692.9
1513 DK 8.7 125.2 290.0 -154.8 -384.7 -696.9
1514 Fnatic.eu 4.7 121.2 286.0 -148.9 -378.9 -691.0
1515 Speed 0.7 117.2 282.0 -137.9 -368.1 -681.2
1518 Speed -3.3 113.2 278.0 -128.2 -359.7 -673.6
1520 Titan -0.7 115.7 280.6 -132.2 -363.7 -677.6
1521 Next.kz 1.1 117.8 283.1 -136.2 -367.7 -681.6
1522 Next.kz -2.9 113.8 279.1 -129.8 -361.5 -676.0
1523 SSD -6.9 109.8 275.1 -116.4 -348.2 -664.7
1524 Aspera -5.5 111.6 277.1 -120.4 -352.2 -668.7
1525 mouz -2.7 114.3 279.9 -124.4 -356.2 -672.7
1526 TongFu3 -0.3 116.8 282.7 -128.4 -360.2 -676.7
1527 VP 0.8 118.2 284.3 -132.4 -364.2 -680.7
1528 TongFu 1.5 119.0 285.3 -136.4 -368.2 -684.7
1529 LGD.int 2.1 119.8 286.3 -140.4 -372.2 -688.7
1530 Empire 3.6 121.5 288.2 -144.4 -376.2 -692.7
1531 Aspera 5.0 123.0 289.9 -148.4 -380.2 -696.7
1533 OsG 1.0 119.0 285.9 -135.2 -367.7 -686.4
1534 Poseidon 2.9 120.9 288.0 -139.2 -371.7 -690.4
1535 Venum 4.9 123.4 290.8 -143.2 -375.7 -694.4
1537 FL 0.9 119.4 286.8 -133.4 -364.5 -684.8
1538 NoX -3.1 115.4 282.8 -125.9 -356.1 -677.0
1539 Next.kz -0.4 117.7 285.2 -129.9 -360.1 -681.0
1540 Next.kz 2.2 120.4 288.2 -133.9 -364.1 -685.0
1541 PR -1.8 116.4 284.2 -127.2 -358.0 -679.5
1542 rox.KIS 0.5 118.9 287.1 -131.2 -362.0 -683.5
1543 Fnatic.eu 3.1 121.3 289.6 -135.2 -366.0 -687.5
1544 SSD 4.8 123.2 291.7 -139.2 -370.0 -691.5
1545 LGD.cn 6.3 125.0 293.9 -143.2 -374.0 -695.5
1546 iG 7.5 126.4 295.6 -147.2 -378.0 -699.5
1547 Fnatic.eu 3.5 122.4 291.6 -137.3 -367.8 -689.9
1548 Na'Vi 5.1 124.0 293.4 -141.3 -371.8 -693.9
1549 VG 5.7 124.9 294.6 -145.3 -375.8 -697.9
1550 DK 6.4 125.7 295.6 -149.3 -379.8 -701.9
1553 Fnatic.eu 2.4 121.7 291.6 -140.0 -371.0 -694.3
1554 Alliance 4.3 123.5 293.5 -144.0 -375.0 -698.3
1557 LGD.int 0.3 119.5 289.5 -135.3 -365.5 -689.8
1560 EOT 2.3 121.5 291.7 -139.3 -369.5 -693.8
1561 Na'Vi 5.0 124.0 294.3 -143.3 -373.5 -697.8
1562 VG 1.0 120.0 290.3 -136.3 -363.8 -688.7
1568 Next.kz 2.2 121.5 292.0 -140.3 -367.8 -692.7
1569 Next.kz -1.8 117.5 288.0 -134.2 -361.0 -686.4
1571 PR 1.0 120.2 290.8 -138.2 -365.0 -690.4
1572 Fnatic.eu 2.4 121.5 292.2 -142.2 -369.0 -694.4
1573 iG 4.2 123.4 294.5 -146.2 -373.0 -698.4
1574 DK 5.3 124.6 295.8 -150.2 -377.0 -702.4
1576 5inQ 6.8 126.5 298.1 -154.2 -381.0 -706.4
1578 VG 2.8 122.5 294.1 -145.0 -372.1 -698.1
1579 DK 3.9 124.0 295.8 -149.0 -376.1 -702.1
1580 Alliance 5.0 125.3 297.3 -153.0 -380.1 -706.1
1582 PR 6.4 126.6 298.7 -157.0 -384.1 -710.1
1583 Sigma.int 7.8 128.3 300.7 -161.0 -388.1 -714.1
1584 SSD 10.2 131.1 303.6 -165.0 -392.1 -718.1
1585 Fnatic.eu 11.1 132.1 304.8 -169.0 -396.1 -722.1
1586 Fnatic.eu 7.1 128.1 300.8 -159.4 -386.7 -712.8
1587 Idol 8.6 129.9 303.1 -163.4 -390.7 -716.8
1589 FD 9.6 131.0 304.4 -167.4 -394.7 -720.8
1590 Orange 10.4 132.0 305.7 -171.4 -398.7 -724.8
1593 FD 11.1 133.0 307.0 -175.4 -402.7 -728.8
1594 FD 7.1 129.0 303.0 -166.6 -392.7 -719.6
1595 Idol 3.1 125.0 299.0 -160.5 -384.8 -711.5
1597 Empire 4.9 126.8 300.8 -164.5 -388.8 -715.5
1598 Alliance 5.8 127.8 301.9 -168.5 -392.8 -719.5
1599 OsG 1.8 123.8 297.9 -159.7 -385.0 -712.4
1600 TR -2.2 119.8 293.9 -148.8 -376.6 -705.3
1602 VP -0.5 121.7 295.9 -152.8 -380.6 -709.3
1603 Fnatic.eu 1.0 123.2 297.4 -156.8 -384.6 -713.3
1604 Sigma.int -3.0 119.2 293.4 -146.4 -373.8 -703.2
1605 VG -0.6 122.1 296.6 -150.4 -377.8 -707.2
1607 Idol 0.4 123.5 298.3 -154.4 -381.8 -711.2
1608 VP -3.6 119.5 294.3 -144.5 -372.9 -703.7
1611 Sigma.int -2.6 120.8 295.8 -148.5 -376.9 -707.7
1612 Fnatic.eu -0.7 122.7 298.0 -152.5 -380.9 -711.7
1613 Fnatic.eu 0.7 124.1 299.6 -156.5 -384.9 -715.7
1614 Alliance 1.3 124.9 300.5 -160.5 -388.9 -719.7
1615 Speed 4.2 127.7 303.6 -164.5 -392.9 -723.7
1617 Siltherin 6.2 130.0 306.2 -168.5 -396.9 -727.7
1618 FD 7.8 131.7 308.3 -172.5 -400.9 -731.7
1619 XctN 10.1 134.3 311.1 -176.5 -404.9 -735.7
1620 VP 11.6 135.7 312.7 -180.5 -408.9 -739.7
1622 Aspera 7.6 131.7 308.7 -174.4 -402.5 -733.7
1623 SSD 9.5 133.6 310.7 -178.4 -406.5 -737.7
1624 PR 11.1 135.4 312.7 -182.4 -410.5 -741.7
1625 Idol 7.1 131.4 308.7 -173.3 -401.7 -734.0
1626 FD 8.0 132.6 310.1 -177.3 -405.7 -738.0
1627 MVP 10.0 134.3 311.9 -181.3 -409.7 -742.0
1628 Alliance 10.7 135.0 312.8 -185.3 -413.7 -746.0
1629 Fnatic.eu 11.2 135.6 313.6 -189.3 -417.7 -750.0
1630 Na'Vi 13.8 137.9 316.1 -193.3 -421.7 -754.0
1631 VG 14.3 138.6 317.1 -197.3 -425.7 -758.0
1632 Fnatic.eu 10.3 134.6 313.1 -191.6 -419.9 -752.2
1634 Alliance 11.0 135.5 314.1 -195.6 -423.9 -756.2
1635 VG 7.0 131.5 310.1 -190.5 -416.7 -748.5
1636 Sigma.int 7.7 132.3 311.2 -194.5 -420.7 -752.5
1637 Na'Vi 9.6 134.1 313.1 -198.5 -424.7 -756.5
1639 Fnatic.eu 5.6 130.1 309.1 -192.7 -418.9 -751.3
1641 RRQ 1.6 126.1 305.1 -183.5 -408.9 -741.7
1642 MiTH 3.3 128.2 307.3 -187.5 -412.9 -745.7
1643 VG 5.7 131.3 310.7 -191.5 -416.9 -749.7
1644 iG 1.7 127.3 306.7 -185.5 -411.4 -744.4
1645 RRQ 4.1 129.6 309.1 -189.5 -415.4 -748.4
1648 Poseidon 0.1 125.6 305.1 -181.1 -407.0 -740.3
1650 VP 2.0 127.8 307.3 -185.1 -411.0 -744.3
1651 rox.KIS 3.7 129.5 309.2 -189.1 -415.0 -748.3
1652 PR 4.8 130.8 310.7 -193.1 -419.0 -752.3
1653 mouz 6.4 132.4 312.5 -197.1 -423.0 -756.3
1654 MVP.P 7.4 133.8 314.1 -201.1 -427.0 -760.3
1655 RRQ 9.9 135.7 316.0 -205.1 -431.0 -764.3
1656 HR 5.9 131.7 312.0 -196.1 -420.4 -754.5
1657 RRQ 6.6 132.6 313.1 -200.1 -424.4 -758.5
1660 Poseidon 2.6 128.6 309.1 -183.7 -409.8 -746.9
1661 Alliance 5.3 131.4 312.1 -187.7 -413.8 -750.9
1662 Fnatic.eu 6.1 132.4 313.3 -191.7 -417.8 -754.9
1664 DK 6.8 133.2 314.3 -195.7 -421.8 -758.9
1665 LGD.cn 7.4 133.9 315.3 -199.7 -425.8 -762.9
1666 Lowyat 3.4 129.9 311.3 -193.0 -420.1 -757.8
1667 Fnatic.eu 4.9 131.3 312.9 -197.0 -424.1 -761.8
1668 Duskbin 5.7 132.6 314.5 -201.0 -428.1 -765.8
1669 Neon 1.7 128.6 310.5 -192.3 -420.0 -758.8
1672 MiTH 3.6 130.5 312.6 -196.3 -424.0 -762.8
1674 Empire 4.8 131.8 314.0 -200.3 -428.0 -766.8
1676 TR 0.8 127.8 310.0 -186.1 -416.4 -757.0
1677 Na'Vi 2.0 129.0 311.5 -190.1 -420.4 -761.0
1678 Na'Vi 2.9 130.1 312.7 -194.1 -424.4 -765.0
1679 Speed 4.6 131.8 314.6 -198.1 -428.4 -769.0
1681 Mski 5.5 132.9 315.9 -202.1 -432.4 -773.0
1682 Lowyat 6.7 134.2 317.5 -206.1 -436.4 -777.0
1683 rox.KIS 8.0 135.8 319.4 -210.1 -440.4 -781.0
1684 Alliance 9.4 137.1 320.8 -214.1 -444.4 -785.0
1685 Alliance 9.9 137.7 321.5 -218.1 -448.4 -789.0
1686 Sigma.int 11.1 138.9 322.9 -222.1 -452.4 -793.0
1688 Fnatic.eu 12.5 140.3 324.4 -226.1 -456.4 -797.0
1689 iG 13.0 140.9 325.1 -230.1 -460.4 -801.0
1690 Mski 15.0 142.4 326.6 -234.1 -464.4 -805.0
1697 mouz 11.0 138.4 322.6 -217.2 -444.3 -784.9
1698 Alliance 12.5 139.7 324.0 -221.2 -448.3 -788.9
1699 OsG 8.5 135.7 320.0 -192.8 -422.0 -765.5
1701 TongFu 9.5 136.7 321.1 -196.8 -426.0 -769.5
1704 Alliance 12.2 139.4 324.0 -200.8 -430.0 -773.5
1705 Next.kz 13.9 141.3 326.2 -204.8 -434.0 -777.5
1706 Sigma.int 14.8 142.1 327.1 -208.8 -438.0 -781.5
1707 mouz 16.0 143.2 328.3 -212.8 -442.0 -785.5
1708 HR 17.1 144.5 329.9 -216.8 -446.0 -789.5
1709 iG 18.5 146.1 331.9 -220.8 -450.0 -793.5
1709 iG 19.9 147.7 333.9 -224.8 -454.0 -797.5
1710 Speed 15.9 143.7 329.9 -218.7 -447.8 -791.6
1710 Speed 11.9 139.7 325.9 -212.2 -441.3 -785.7
1711 Next.kz 12.7 140.7 327.1 -216.2 -445.3 -789.7
1711 Next.kz 13.4 141.6 328.1 -220.2 -449.3 -793.7
1712 VP 15.1 143.3 329.9 -224.2 -453.3 -797.7
1712 VP 17.0 144.9 331.6 -228.2 -457.3 -801.7
1713 Alliance 18.6 146.5 333.3 -232.2 -461.3 -805.7
1713 Sigma.int 20.4 147.9 335.0 -236.2 -465.3 -809.7
1714 rox.KIS 21.1 148.8 336.0 -240.2 -469.3 -813.7
1714 rox.KIS 22.0 149.7 337.2 -244.2 -473.3 -817.7
1715 Poseidon 18.0 145.7 333.2 -238.5 -467.9 -812.4
1716 rox.KIS 20.4 148.4 336.0 -242.5 -471.9 -816.4
1716 rox.KIS 23.0 151.0 338.9 -246.5 -475.9 -820.4
1718 Fnatic.eu 19.0 147.0 334.9 -240.1 -469.0 -814.6
1718 Fnatic.eu 15.0 143.0 330.9 -233.2 -462.4 -808.8
1719 HR 16.8 144.5 332.5 -237.2 -466.4 -812.8
1719 HR 18.6 146.0 334.1 -241.2 -470.4 -816.8
1720 Mski 19.5 147.0 335.2 -245.2 -474.4 -820.8
1721 Lowyat 20.6 148.0 336.7 -249.2 -478.4 -824.8
1722 Mski 21.4 148.8 337.7 -253.2 -482.4 -828.8
1723 Mski 23.1 150.4 339.3 -257.2 -486.4 -832.8
1724 LGD.cn 24.7 152.1 341.2 -261.2 -490.4 -836.8
1725 VG 25.8 153.3 342.6 -265.2 -494.4 -840.8
1726 Lowyat 26.8 154.3 343.8 -269.2 -498.4 -844.8
1727 Mski 27.6 155.2 344.7 -273.2 -502.4 -848.8
1728 sQreen 23.6 151.2 340.7 -261.0 -489.9 -837.8
1730 rox.KIS 24.6 152.6 342.2 -265.0 -493.9 -841.8
1731 Empire 20.6 148.6 338.2 -252.8 -481.0 -830.5
1732 rox.KIS 16.6 144.6 334.2 -246.9 -473.7 -823.2
1733 PR 12.6 140.6 330.2 -236.0 -463.2 -813.5
1735 Mski 13.4 141.4 331.2 -240.0 -467.2 -817.5
1736 Lowyat 9.4 137.4 327.2 -230.8 -458.2 -809.6
1738 Lowyat 11.5 139.2 329.1 -234.8 -462.2 -813.6
1739 5inQ 7.5 135.2 325.1 -227.0 -454.4 -807.2
1740 LGD.cn 3.5 131.2 321.1 -220.6 -448.8 -802.4
1742 Na'Vi 5.0 133.2 323.3 -224.6 -452.8 -806.4
1743 Na'Vi 6.7 135.3 325.7 -228.6 -456.8 -810.4
1744 Sigma.int 7.7 136.6 327.2 -232.6 -460.8 -814.4
1745 Na'Vi 8.4 137.5 328.3 -236.6 -464.8 -818.4
1746 Alliance 9.1 138.3 329.4 -240.6 -468.8 -822.4
1750 Alliance 9.8 139.1 330.4 -244.6 -472.8 -826.4
1751 Na'Vi 10.7 140.1 331.6 -248.6 -476.8 -830.4
1753 Na'Vi 12.0 141.5 333.2 -252.6 -480.8 -834.4
1754 TR 8.0 137.5 329.2 -239.7 -469.4 -824.7
1755 SSD 9.1 138.9 330.9 -243.7 -473.4 -828.7
1756 TongFu 5.1 134.9 326.9 -235.9 -466.5 -823.0
1758 DK 6.7 136.7 329.0 -239.9 -470.5 -827.0
1760 Duskbin 2.7 132.7 325.0 -230.4 -459.9 -817.1
1761 Mski 3.7 134.0 326.4 -234.4 -463.9 -821.1
1762 TR -0.3 130.0 322.4 -225.0 -455.6 -813.9
1763 rox.KIS 0.6 131.0 323.6 -229.0 -459.6 -817.9
1764 Na'Vi 1.7 132.1 324.9 -233.0 -463.6 -821.9
1768 QPandas -2.3 128.1 320.9 -222.6 -453.8 -813.4
1770 5inQ -0.6 130.7 323.9 -226.6 -457.8 -817.4
1771 VG 0.3 131.9 325.5 -230.6 -461.8 -821.4
1773 FD 2.4 133.7 327.5 -234.6 -465.8 -825.4
1774 Idol 3.4 135.2 329.4 -238.6 -469.8 -829.4
1776 Fnatic.eu 4.5 136.4 330.8 -242.6 -473.8 -833.4
1777 PR 6.0 138.0 332.6 -246.6 -477.8 -837.4
1778 FSid3 2.0 134.0 328.6 -240.6 -471.2 -830.9
1779 Fnatic.eu 3.8 135.5 330.2 -244.6 -475.2 -834.9
1780 Titan 5.2 137.1 332.0 -248.6 -479.2 -838.9
1781 FD 6.9 139.0 334.1 -252.6 -483.2 -842.9
1783 Titan 7.9 140.0 335.4 -256.6 -487.2 -846.9
1784 LGD.cn 9.5 141.6 337.4 -260.6 -491.2 -850.9
1785 Fnatic.eu 10.6 142.8 338.7 -264.6 -495.2 -854.9
1786 Fnatic.eu 12.0 144.2 340.2 -268.6 -499.2 -858.9
1787 Sigma.int 14.5 146.7 342.8 -272.6 -503.2 -862.9
1788 Sigma.int 15.1 147.4 343.7 -276.6 -507.2 -866.9
1789 Na'Vi 18.0 150.1 346.5 -280.6 -511.2 -870.9
1790 Na'Vi 19.0 151.0 347.5 -284.6 -515.2 -874.9
1791 Revenge 15.0 147.0 343.5 -275.2 -503.7 -863.3
1792 Empire 11.0 143.0 339.5 -267.3 -496.0 -856.4
1793 Fnatic.eu 12.3 144.3 341.0 -271.3 -500.0 -860.4
1795 Empire 13.9 146.1 342.8 -275.3 -504.0 -864.4
1796 Titan 16.4 148.8 345.4 -279.3 -508.0 -868.4
1797 TR 12.4 144.8 341.4 -269.9 -498.2 -858.9
1798 OsG 14.7 147.5 344.2 -273.9 -502.2 -862.9
1799 VP 10.7 143.5 340.2 -265.2 -495.5 -857.1
1800 Empire 12.3 145.1 342.0 -269.2 -499.5 -861.1
1801 Na'Vi 14.0 146.5 343.6 -273.2 -503.5 -865.1
1802 PR 10.0 142.5 339.6 -260.1 -487.6 -850.3
1803 Sigma.int 11.2 143.9 341.1 -264.1 -491.6 -854.3
1804 DK 11.6 144.5 341.8 -268.1 -495.6 -858.3
1805 VG 12.2 145.2 342.7 -272.1 -499.6 -862.3
1806 DT 13.9 146.8 344.5 -276.1 -503.6 -866.3
1807 LGD.cn 14.4 147.4 345.3 -280.1 -507.6 -870.3
1808 iG 14.8 148.0 346.1 -284.1 -511.6 -874.3
1809 Titan 16.0 149.1 347.4 -288.1 -515.6 -878.3
1811 TongFu 16.9 150.0 348.5 -292.1 -519.6 -882.3
1813 DK 19.2 152.5 351.2 -296.1 -523.6 -886.3
1814 LGD.cn 19.7 153.2 352.1 -300.1 -527.6 -890.3
1815 iG 20.6 154.6 353.8 -304.1 -531.6 -894.3
1817 Mski 21.8 155.8 355.2 -308.1 -535.6 -898.3
1818 FD 24.0 157.9 357.3 -312.1 -539.6 -902.3
1819 rox.KIS 26.4 160.2 359.8 -316.1 -543.6 -906.3
1820 Empire 27.3 161.1 360.9 -320.1 -547.6 -910.3
1821 QPandas 23.3 157.1 356.9 -309.3 -536.6 -900.7
1822 Fnatic.eu 23.8 157.7 357.6 -313.3 -540.6 -904.7
1823 SSD 25.5 159.3 359.3 -317.3 -544.6 -908.7
1825 DK 27.1 161.1 361.4 -321.3 -548.6 -912.7
1826 Titan 28.1 162.1 362.5 -325.3 -552.6 -916.7
1827 MVP.P 29.0 163.3 363.9 -329.3 -556.6 -920.7
1828 TongFu 25.0 159.3 359.9 -314.9 -545.4 -910.9
1829 Sigma.int 26.3 161.0 361.9 -318.9 -549.4 -914.9
1830 mouz 28.5 163.2 364.1 -322.9 -553.4 -918.9
1831 rox.KIS 24.5 159.2 360.1 -313.9 -545.9 -911.9
1833 Fnatic.eu 26.0 160.6 361.5 -317.9 -549.9 -915.9
1836 DK 27.4 162.2 363.3 -321.9 -553.9 -919.9
1837 Titan 29.0 163.7 365.0 -325.9 -557.9 -923.9
1838 Titan 25.0 159.7 361.0 -319.6 -551.2 -917.4
1839 Sigma.int 21.0 155.7 357.0 -310.8 -542.7 -909.5
1840 PR 17.0 151.7 353.0 -298.6 -531.4 -899.0
1841 SSD 18.8 153.7 355.2 -302.6 -535.4 -903.0
1842 DK 20.1 155.3 357.0 -306.6 -539.4 -907.0
1843 iG 22.1 157.7 359.6 -310.6 -543.4 -911.0
1844 VG 18.1 153.7 355.6 -304.8 -538.4 -906.3
1845 DK 20.0 155.9 356.8 -308.8 -542.4 -910.3
1846 DK 20.9 157.0 357.4 -312.8 -546.4 -914.3
1847 DK 21.7 158.1 358.7 -316.8 -550.4 -918.3
1848 TongFu 23.4 160.2 361.1 -320.8 -554.4 -922.3
1849 PBS 25.1 162.4 363.7 -324.8 -558.4 -926.3
1850 rox.KIS 26.4 164.0 364.5 -328.8 -562.4 -930.3
1851 Alliance 27.1 164.9 365.1 -332.8 -566.4 -934.3
1852 SSD 28.8 166.5 366.8 -336.8 -570.4 -938.3
1853 Alliance 29.8 167.3 367.7 -340.8 -574.4 -942.3
1854 SSD 25.8 163.3 363.7 -333.9 -566.2 -934.5
1857 iG 26.5 164.2 364.8 -337.9 -570.2 -938.5
1858 Empire 28.8 166.9 366.2 -341.9 -574.2 -942.5
1860 Fnatic.eu 29.4 167.7 367.1 -345.9 -578.2 -946.5
1861 Sigma.int 30.4 168.9 368.6 -349.9 -582.2 -950.5
1862 Next.kz 26.4 164.9 364.6 -339.0 -571.6 -940.7
1863 Fnatic.eu 27.6 166.2 365.6 -343.0 -575.6 -944.7
1864 Revenge 29.9 168.7 368.4 -347.0 -579.6 -948.7
1865 TongFu 30.7 169.7 369.6 -351.0 -583.6 -952.7
1866 Sigma.int 32.6 172.0 371.2 -355.0 -587.6 -956.7
1867 Fnatic.eu 33.5 173.0 371.9 -359.0 -591.6 -960.7
1868 Na'Vi 34.2 173.8 372.4 -363.0 -595.6 -964.7
1869 FSid3 30.2 169.8 368.4 -355.2 -588.1 -958.4
1870 FSid3 26.2 165.8 364.4 -345.5 -576.6 -947.1
1871 Relax 27.9 167.6 366.6 -349.5 -580.6 -951.1
1874 Revenge 29.3 169.2 367.6 -353.5 -584.6 -955.1
1875 iG 30.9 170.9 369.5 -357.5 -588.6 -959.1
1876 GB 32.7 172.8 371.7 -361.5 -592.6 -963.1
1877 FD 34.3 174.5 373.0 -365.5 -596.6 -967.1
1878 Invasion 30.3 170.5 369.0 -353.9 -586.2 -953.2
1879 Orange 31.1 171.4 370.0 -357.9 -590.2 -957.2
1880 VG 27.1 167.4 366.0 -351.3 -582.8 -950.1
1881 LGD.cn 30.4 171.2 367.9 -355.3 -586.8 -954.1
1883 iG 26.4 167.2 363.9 -346.9 -579.3 -944.4
1885 Mski 27.6 168.3 365.1 -350.9 -583.3 -948.4
1886 Invasion 28.9 169.7 366.1 -354.9 -587.3 -952.4
1887 Lowyat 30.2 171.1 367.5 -358.9 -591.3 -956.4
1889 Fnatic.eu 26.2 167.1 363.5 -341.7 -578.2 -944.6
1890 LGD.cn 22.2 163.1 359.5 -335.2 -572.3 -939.1
1892 nAra 18.2 159.1 355.5 -327.4 -565.5 -930.7
1893 Mski 19.4 160.5 356.2 -331.4 -569.5 -934.7
1894 Spirit 15.4 156.5 352.2 -318.9 -558.0 -918.4
1895 Fnatic.eu 11.4 152.5 348.2 -314.3 -554.1 -909.7
1896 XctN 7.4 148.5 344.2 -308.9 -548.2 -904.2
1897 Idol 3.4 144.5 340.2 -303.0 -542.2 -898.5
1898 Titan 4.7 146.2 341.0 -307.0 -546.2 -902.5
1899 LGD.cn 7.2 148.8 343.0 -311.0 -550.2 -906.5
1900 PBS 9.4 151.2 345.6 -315.0 -554.2 -910.5
1903 Titan 11.4 153.6 346.9 -319.0 -558.2 -914.5
1904 Mastery 7.4 149.6 342.9 -312.5 -551.9 -907.0
1905 Swage 3.4 145.6 338.9 -304.9 -545.2 -901.0
1906 5inQ 4.5 147.3 340.9 -308.9 -549.2 -905.0
1907 EOT 7.4 150.6 343.2 -312.9 -553.2 -909.0
1910 FD 9.3 152.8 344.7 -316.9 -557.2 -913.0
1911 Titan 10.4 154.1 345.7 -320.9 -561.2 -917.0
1912 Orange 12.5 156.1 347.7 -324.9 -565.2 -921.0
1913 rox.KIS 13.9 157.7 349.0 -328.9 -569.2 -925.0
1914 rox.KIS 15.7 159.5 351.0 -332.9 -573.2 -929.0
1916 rox.KIS 17.0 160.9 352.5 -336.9 -577.2 -933.0
1917 Orange 19.0 162.5 354.2 -340.9 -581.2 -937.0
1918 Orange 21.1 164.4 356.1 -344.9 -585.2 -941.0
1920 Mski 17.1 160.4 352.1 -336.6 -578.7 -935.0
1921 VP 19.6 162.8 354.4 -340.6 -582.7 -939.0
1923 VP 21.1 164.5 356.2 -344.6 -586.7 -943.0
1924 Sigma.int 23.4 167.2 357.9 -348.6 -590.7 -947.0
1925 PR 25.1 168.8 359.3 -352.6 -594.7 -951.0
1926 PR 27.7 170.9 361.5 -356.6 -598.7 -955.0
1927 Titan 29.3 172.7 362.7 -360.6 -602.7 -959.0
1928 Zephyr 30.3 174.2 364.5 -364.6 -606.7 -963.0
1929 MVP 31.6 175.7 366.3 -368.6 -610.7 -967.0
1930 Alliance 33.7 177.8 368.7 -372.6 -614.7 -971.0
1931 Swage 29.7 173.8 364.7 -364.6 -607.4 -964.4
1933 Alliance 31.9 176.0 367.1 -368.6 -611.4 -968.4
1934 Sigma.int 27.9 172.0 363.1 -357.6 -600.0 -957.8
1935 EOT.Ham. 23.9 168.0 359.1 -342.1 -590.0 -949.7
1936 Alliance 25.7 170.0 360.8 -346.1 -594.0 -953.7
1937 Na'Vi 27.5 172.0 363.0 -350.1 -598.0 -957.7
1938 DK 30.0 174.7 365.9 -354.1 -602.0 -961.7
1939 Na'Vi 31.7 176.6 367.3 -358.1 -606.0 -965.7
1941 Zephyr 33.8 179.2 368.5 -362.1 -610.0 -969.7
1943 PR 35.7 181.1 370.7 -366.1 -614.0 -973.7
1944 VP 37.6 183.2 372.2 -370.1 -618.0 -977.7
1945 rox.KIS 38.7 184.5 373.0 -374.1 -622.0 -981.7
1946 PR 34.7 180.5 369.0 -367.5 -614.9 -975.1
1947 Relax 30.7 176.5 365.0 -360.5 -608.0 -969.0
1948 Empire 31.7 177.6 366.4 -364.5 -612.0 -973.0
1949 EOT.Ham. 27.7 173.6 362.4 -353.6 -602.7 -965.0
1951 Empire 28.9 175.1 363.2 -357.6 -606.7 -969.0
1953 Fnatic.eu 29.9 176.3 364.2 -361.6 -610.7 -973.0
1954 Empire 30.8 177.3 365.4 -365.6 -614.7 -977.0
1955 Life 33.6 180.8 367.1 -369.6 -618.7 -981.0
1956 rox.KIS 35.2 182.2 368.6 -373.6 -622.7 -985.0
1960 Empire 36.9 184.0 370.8 -377.6 -626.7 -989.0
1961 Fnatic.eu 37.7 184.9 371.4 -381.6 -630.7 -993.0
1962 Fnatic.eu 40.0 187.3 373.8 -385.6 -634.7 -997.0
1963 Life 36.0 183.3 369.8 -376.2 -625.1 -990.1
1964 Fnatic.eu 37.1 184.7 370.6 -380.2 -629.1 -994.1
1965 Relax 38.8 186.7 372.2 -384.2 -633.1 -998.1
1967 Liquid 40.2 187.8 373.5 -388.2 -637.1 -1002.1
1968 Denial 42.5 190.4 376.4 -392.2 -641.1 -1006.1
1970 hehe 44.6 192.5 378.3 -396.2 -645.1 -1010.1
1971 Relax 40.6 188.5 374.3 -381.5 -632.3 -999.3
1972 PR 36.6 184.5 370.3 -371.5 -623.8 -983.8
1973 Sigma.int 37.8 186.1 371.1 -375.5 -627.8 -987.8
1975 Fnatic.eu 38.5 186.9 371.5 -379.5 -631.8 -991.8
1976 Relax 34.5 182.9 367.5 -374.3 -627.0 -984.8
1978 eHug 37.4 186.3 369.0 -378.3 -631.0 -988.8
1979 Empire 39.7 189.1 372.1 -382.3 -635.0 -992.8
1981 Liquid 40.6 190.3 373.6 -386.3 -639.0 -996.8
1982 Speed 41.6 191.5 374.5 -390.3 -643.0 -1000.8
1983 SADBOYS 37.6 187.5 370.5 -383.2 -634.4 -992.2
1984 Empire 38.5 188.5 371.3 -387.2 -638.4 -996.2
1985 SADBOYS 34.5 184.5 367.3 -377.4 -629.7 -985.9
1986 eHug 30.5 180.5 363.3 -371.3 -623.6 -980.0
1987 Empire 26.5 176.5 359.3 -365.0 -618.1 -972.0
1988 Liquid 22.5 172.5 355.3 -357.5 -611.5 -965.4
1991 PR 24.5 174.6 357.5 -361.5 -615.5 -969.4
1992 Speed 25.4 175.7 358.9 -365.5 -619.5 -973.4
1995 SADBOYS 26.9 177.7 361.4 -369.5 -623.5 -977.4
1996 TR 22.9 173.7 357.4 -361.5 -616.0 -970.5
2001 Speed 23.8 175.0 358.9 -365.5 -620.0 -974.5
2002 Swage 26.7 178.1 360.5 -369.5 -624.0 -978.5
2003 Empire 22.7 174.1 356.5 -363.3 -618.6 -970.0
2005 5inQ 25.3 177.0 358.0 -367.3 -622.6 -974.0
2008 SADBOYS 21.3 173.0 354.0 -360.0 -615.5 -966.9
2009 Fnatic.eu 22.8 174.7 355.3 -364.0 -619.5 -970.9
2010 Na'Vi 24.3 176.3 356.9 -368.0 -623.5 -974.9
2013 Empire 26.6 178.6 359.2 -372.0 -627.5 -978.9
2014 Speed 27.8 179.9 360.1 -376.0 -631.5 -982.9
2015 Speed 28.6 180.8 361.3 -380.0 -635.5 -986.9
2016 Revenge 30.5 182.8 363.4 -384.0 -639.5 -990.9
2018 Fnatic.eu 26.5 178.8 359.4 -375.1 -630.0 -982.1
2019 Na'Vi 27.9 180.2 361.0 -379.1 -634.0 -986.1
2020 PR 29.7 182.1 363.0 -383.1 -638.0 -990.1
2022 Liquid 30.6 183.1 363.6 -387.1 -642.0 -994.1
2023 SADBOYS 31.3 184.0 364.7 -391.1 -646.0 -998.1
2024 SADBOYS 32.7 185.5 365.4 -395.1 -650.0 -1002.1
2025 D4D 35.8 188.7 367.7 -399.1 -654.0 -1006.1
2026 Execration 37.8 191.0 370.3 -403.1 -658.0 -1010.1
2028 Next.kz 33.8 187.0 366.3 -394.7 -650.4 -1003.1
2029 Empire 34.9 188.3 367.0 -398.7 -654.4 -1007.1
2031 Sigma.int 30.9 184.3 363.0 -392.3 -647.9 -1000.5
2032 Liquid 31.8 185.3 364.1 -396.3 -651.9 -1004.5
2033 eHug 27.8 181.3 360.1 -389.8 -645.2 -997.9
2034 Denial 23.8 177.3 356.1 -379.5 -635.3 -987.5
2035 SADBOYS 24.8 178.4 356.7 -383.5 -639.3 -991.5
2039 Speed 20.8 174.4 352.7 -377.1 -632.9 -985.0
2043 Liquid 23.3 177.0 354.0 -381.1 -636.9 -989.0
2044 Arrow 25.6 179.8 355.4 -385.1 -640.9 -993.0
2047 Empire 27.3 181.8 356.7 -389.1 -644.9 -997.0
2048 Arrow 29.0 183.9 357.7 -393.1 -648.9 -1001.0
2049 GL 31.1 186.2 359.3 -397.1 -652.9 -1005.0
2051 Nullis 33.1 188.3 361.6 -401.1 -656.9 -1009.0
2052 Nullis 29.1 184.3 357.6 -393.3 -649.8 -1000.1
2053 SADBOYS 29.9 185.4 358.0 -397.3 -653.8 -1004.1
2054 Empire 30.9 186.7 359.6 -401.3 -657.8 -1008.1
2055 Na'Vi 31.9 187.9 360.3 -405.3 -661.8 -1012.1
2056 bvd.dotA 33.4 189.6 362.4 -409.3 -665.8 -1016.1
2057 Aura 35.6 192.0 365.0 -413.3 -669.8 -1020.1
2058 Cloud9 36.5 193.3 365.4 -417.3 -673.8 -1024.1
2059 Empire 37.4 194.3 366.5 -421.3 -677.8 -1028.1
2061 rox.KIS 33.4 190.3 362.5 -405.7 -663.1 -1015.0
2062 PR 29.4 186.3 358.5 -399.2 -656.9 -1009.1
2064 Cloud9 30.4 187.5 360.0 -403.2 -660.9 -1013.1
2066 Alliance 31.6 188.7 361.3 -407.2 -664.9 -1017.1
2067 Na'Vi 32.4 189.6 362.3 -411.2 -668.9 -1021.1
2068 Fnatic.eu 33.4 190.7 363.2 -415.2 -672.9 -1025.1
2069 VP 29.4 186.7 359.2 -408.9 -667.1 -1019.1
2070 rox.KIS 25.4 182.7 355.2 -401.8 -660.6 -1009.4
2071 Cloud9 28.5 186.1 357.3 -405.8 -664.6 -1013.4
2072 About 24.5 182.1 353.3 -398.4 -657.5 -1005.7
2073 4FC 26.3 184.2 354.8 -402.4 -661.5 -1009.7
2074 vhoul 22.3 180.2 350.8 -392.0 -651.8 -1002.8
2075 Liquid 18.3 176.2 346.8 -384.8 -645.8 -993.7
2076 Courage 14.3 172.2 342.8 -372.0 -635.0 -971.6
2078 Empire 16.8 174.8 344.8 -376.0 -639.0 -975.6
2079 Empire 18.4 176.7 346.9 -380.0 -643.0 -979.6
2080 rox.KIS 14.4 172.7 342.9 -363.7 -627.1 -966.3
2082 rox.KIS 15.4 173.9 344.2 -367.7 -631.1 -970.3
2083 PR 16.3 174.9 345.3 -371.7 -635.1 -974.3
2086 PssT 12.3 170.9 341.3 -364.4 -629.3 -965.7
2087 Liquid 13.6 172.3 342.2 -368.4 -633.3 -969.7
2088 SADBOYS 16.7 176.0 344.6 -372.4 -637.3 -973.7
2089 SADBOYS 17.6 177.1 346.1 -376.4 -641.3 -977.7
2091 Zephyr 20.4 180.0 349.2 -380.4 -645.3 -981.7
2093 rox.KIS 22.2 181.9 350.4 -384.4 -649.3 -985.7
2094 Insane 18.2 177.9 346.4 -376.6 -642.3 -979.5
2095 Titan 19.6 179.6 347.0 -380.6 -646.3 -983.5
2096 neXt! 15.6 175.6 343.0 -374.8 -640.9 -979.1
2097 rox.KIS 17.0 177.2 343.8 -378.8 -644.9 -983.1
2098 Zephyr 18.1 178.3 345.2 -382.8 -648.9 -987.1
2099 rox.KIS 20.1 180.2 347.1 -386.8 -652.9 -991.1
2100 PR 21.5 181.7 348.3 -390.8 -656.9 -995.1
2102 MYM 23.1 183.4 350.2 -394.8 -660.9 -999.1
2104 Arrow 19.1 179.4 346.2 -385.8 -652.0 -991.2
2106 Panthers 21.6 182.1 349.3 -389.8 -656.0 -995.2
2112 DUZA 24.1 184.7 351.9 -393.8 -660.0 -999.2
2113 TCN 25.7 186.7 353.0 -397.8 -664.0 -1003.2
2114 VP 28.4 189.7 356.2 -401.8 -668.0 -1007.2
2115 Mongolz 24.4 185.7 352.2 -395.4 -661.2 -1000.8
2117 Titan 26.5 188.2 353.7 -399.4 -665.2 -1004.8
2119 Empire 27.2 189.1 354.2 -403.4 -669.2 -1008.8
2121 Relax 28.3 190.4 355.3 -407.4 -673.2 -1012.8
2123 rox.KIS 29.2 191.5 356.0 -411.4 -677.2 -1016.8
2124 neXt! 25.2 187.5 352.0 -405.0 -670.3 -1009.6
2126 ZR 27.4 189.8 354.1 -409.0 -674.3 -1013.6
2128 Alliance 29.0 191.5 355.7 -413.0 -678.3 -1017.6
2129 vhoul 31.5 194.2 357.5 -417.0 -682.3 -1021.6
2131 Titan 32.2 195.1 358.6 -421.0 -686.3 -1025.6
2132 Fnatic.eu 33.9 196.8 360.2 -425.0 -690.3 -1029.6
2133 Next.kz 29.9 192.8 356.2 -408.7 -675.5 -1009.5
2135 rox.KIS 31.9 195.0 358.7 -412.7 -679.5 -1013.5
2136 Swage 33.6 196.9 360.5 -416.7 -683.5 -1017.5
2137 Revenge 35.3 198.7 361.7 -420.7 -687.5 -1021.5
2138 Liquid 36.3 199.8 362.4 -424.7 -691.5 -1025.5
2139 eHug 38.0 201.6 363.9 -428.7 -695.5 -1029.5
2140 PssT 34.0 197.6 359.9 -421.3 -687.5 -1022.2
2141 WWD 35.5 199.1 361.7 -425.3 -691.5 -1026.2
2143 MiTH 37.0 200.6 363.0 -429.3 -695.5 -1030.2
2146 Fnatic.eu 38.9 202.7 364.7 -433.3 -699.5 -1034.2
2147 Na'Vi 40.0 203.9 366.0 -437.3 -703.5 -1038.2
2148 PR 36.0 199.9 362.0 -425.3 -693.7 -1030.0
2149 Sigma.int 37.6 201.6 363.9 -429.3 -697.7 -1034.0
2152 Relax 33.6 197.6 359.9 -419.1 -688.0 -1024.3
2154 ZR 29.6 193.6 355.9 -413.4 -682.5 -1019.4
2155 MYM 31.3 195.2 357.8 -417.4 -686.5 -1023.4
2156 Cloud9 32.3 196.4 358.5 -421.4 -690.5 -1027.4
2158 Denial 28.3 192.4 354.5 -411.6 -681.2 -1015.4
2159 SADBOYS 29.0 193.3 355.6 -415.6 -685.2 -1019.4
2160 Dog 30.4 195.1 357.6 -419.6 -689.2 -1023.4
2161 Osiris 26.4 191.1 353.6 -411.8 -682.2 -1019.5
2162 Orange 27.3 192.2 354.8 -415.8 -686.2 -1023.5
2164 Puck 23.3 188.2 350.8 -409.5 -679.2 -1016.7
2165 TR 19.3 184.2 346.8 -395.4 -666.6 -997.2
2166 DUZA 15.3 180.2 342.8 -388.0 -659.6 -990.7
2167 Scythe 18.1 183.4 344.5 -392.0 -663.6 -994.7
2169 WWD 20.4 186.1 345.8 -396.0 -667.6 -998.7
2170 ZR 16.4 182.1 341.8 -386.9 -657.9 -989.8
2171 Relax 18.2 183.9 343.6 -390.9 -661.9 -993.8
2172 Na'Vi 19.3 185.2 344.4 -394.9 -665.9 -997.8
2175 Liquid 20.2 186.2 345.7 -398.9 -669.9 -1001.8
2176 neXt! 16.2 182.2 341.7 -392.5 -664.1 -996.3
2177 Dog 17.6 184.0 344.1 -396.5 -668.1 -1000.3
2178 VP 18.9 185.4 345.3 -400.5 -672.1 -1004.3
2179 PR 21.3 188.0 347.1 -404.5 -676.1 -1008.3
2180 Puck 17.3 184.0 343.1 -397.6 -670.0 -999.9
2181 MiT 13.3 180.0 339.1 -385.0 -657.7 -988.7
2182 MM 16.0 182.9 340.7 -389.0 -661.7 -992.7
2185 Scythe 17.3 184.6 341.2 -393.0 -665.7 -996.7
2186 RRQ 13.3 180.6 337.2 -387.3 -660.7 -988.9
2187 Titan 13.9 181.4 338.2 -391.3 -664.7 -992.9
2188 Everlast 9.9 177.4 334.2 -375.7 -652.2 -982.2
2190 VP 11.1 178.5 335.4 -379.7 -656.2 -986.2
2191 Orange 13.2 180.6 337.5 -383.7 -660.2 -990.2
2192 PR 9.2 176.6 333.5 -376.8 -654.0 -985.0
2193 Na'Vi 11.1 178.3 335.2 -380.8 -658.0 -989.0
2194 Zephyr 13.8 181.1 337.5 -384.8 -662.0 -993.0
2197 Empire 14.6 182.1 338.8 -388.8 -666.0 -997.0
2200 Alliance 15.9 183.3 340.3 -392.8 -670.0 -1001.0
2201 eN.Legs 18.1 185.5 342.5 -396.8 -674.0 -1005.0
2202 neXt! 20.5 188.0 344.8 -400.8 -678.0 -1009.0
2203 BIP 23.1 191.0 346.5 -404.8 -682.0 -1013.0
2204 Osiris 19.1 187.0 342.5 -395.5 -672.4 -1004.0
2210 Titan 19.8 187.9 343.6 -399.5 -676.4 -1008.0
2213 Arrow 20.5 188.8 344.9 -403.5 -680.4 -1012.0
2214 Orange 21.3 189.8 345.4 -407.5 -684.4 -1016.0
2215 ADN 17.3 185.8 341.4 -398.4 -674.7 -1009.2
2216 Alliance 18.8 187.5 343.1 -402.4 -678.7 -1013.2
2218 VP 14.8 183.5 339.1 -392.9 -670.5 -1005.5
2225 Empire 10.8 179.5 335.1 -387.2 -663.1 -997.8
2226 Empire 6.8 175.5 331.1 -377.3 -653.2 -991.4
2228 Titan 7.5 176.3 331.5 -381.3 -657.2 -995.4
2229 Scythe 9.0 178.0 332.3 -385.3 -661.2 -999.4
2230 Orange 11.2 180.1 334.5 -389.3 -665.2 -1003.4
2231 Arrow 13.2 182.5 336.2 -393.3 -669.2 -1007.4
2233 CIS 15.9 185.5 338.9 -397.3 -673.2 -1011.4
2234 5inQ 18.5 187.6 341.1 -401.3 -677.2 -1015.4
2237 Execration 20.1 189.2 342.8 -405.3 -681.2 -1019.4
2238 FD 21.6 190.9 344.3 -409.3 -685.2 -1023.4
2239 Orange 17.6 186.9 340.3 -397.2 -676.1 -1015.6
2240 Spirit 13.6 182.9 336.3 -389.4 -668.3 -1006.5
2241 hehe 9.6 178.9 332.3 -372.1 -653.3 -979.9
2242 PR 5.6 174.9 328.3 -361.9 -643.9 -966.4
2244 EG 7.2 176.9 329.2 -365.9 -647.9 -970.4
2247 Cloud9 10.4 180.6 331.2 -369.9 -651.9 -974.4
2248 DT.NGC 12.1 182.6 333.6 -373.9 -655.9 -978.4
2249 Titan 13.2 183.8 335.0 -377.9 -659.9 -982.4
2251 Zephyr 14.5 185.2 336.7 -381.9 -663.9 -986.4
2252 FD 16.8 187.6 338.6 -385.9 -667.9 -990.4
2255 rox.KIS 19.3 190.0 341.0 -389.9 -671.9 -994.4
2258 Arrow 15.3 186.0 337.0 -381.6 -665.1 -988.7
2259 VG 18.0 188.8 338.8 -385.6 -669.1 -992.7
2260 FL 19.5 190.5 339.8 -389.6 -673.1 -996.7
2261 CIS 15.5 186.5 335.8 -370.4 -659.3 -986.5
2262 Mski 17.5 188.7 337.5 -374.4 -663.3 -990.5
2263 Cloud9 19.7 191.3 340.4 -378.4 -667.3 -994.5
2269 Na'Vi 21.5 193.2 342.1 -382.4 -671.3 -998.5
2270 RRQ 17.5 189.2 338.1 -375.0 -664.0 -991.5
2271 Titan 19.3 191.1 339.9 -379.0 -668.0 -995.5
2273 VG 20.0 192.0 341.1 -383.0 -672.0 -999.5
2274 LGD.cn 21.9 194.3 342.4 -387.0 -676.0 -1003.5
2275 Orange 22.6 195.0 343.1 -391.0 -680.0 -1007.5
2277 FD 23.9 196.5 344.0 -395.0 -684.0 -1011.5
2278 MiTH 25.0 197.6 345.4 -399.0 -688.0 -1015.5
2279 DUZA 26.5 199.2 346.7 -403.0 -692.0 -1019.5
2280 DK 27.1 199.9 347.6 -407.0 -696.0 -1023.5
2281 Titan 29.7 202.0 349.6 -411.0 -700.0 -1027.5
2282 iG 30.4 202.9 350.1 -415.0 -704.0 -1031.5
2283 Fnatic.eu 32.1 204.8 352.0 -419.0 -708.0 -1035.5
2284 Zephyr 33.4 206.2 353.3 -423.0 -712.0 -1039.5
2285 Na'Vi 34.5 207.3 354.5 -427.0 -716.0 -1043.5
2286 Cloud9 37.2 209.9 358.0 -431.0 -720.0 -1047.5
2288 EG 33.2 205.9 354.0 -421.5 -710.3 -1039.7
2289 DT.NGC 29.2 201.9 350.0 -411.0 -698.8 -1033.8
2290 Orange 25.2 197.9 346.0 -401.8 -690.4 -1026.0
2291 Na'Vi 27.6 200.3 349.1 -405.8 -694.4 -1030.0
2292 Na'Vi 29.1 201.7 350.6 -409.8 -698.4 -1034.0
2293 Alliance 30.2 203.0 351.5 -413.8 -702.4 -1038.0
2295 Arrow 31.2 204.2 352.8 -417.8 -706.4 -1042.0
