0 0 0.0 0.0 0.0 0.0 0.0 0.0
396 Liquid 0.6 0.7 1.0 -4.0 -4.0 -4.0
505 Na'Vi 1.1 1.3 1.8 -8.0 -8.0 -8.0
508 Na'Vi 1.6 1.9 2.5 -12.0 -12.0 -12.0
537 Liquid 2.2 2.6 3.4 -16.0 -16.0 -16.0
956 Alliance 2.7 3.1 4.1 -20.0 -20.0 -20.0
958 PR -1.3 -0.9 0.1 4.7 4.0 0.8
1035 Alliance -0.6 -0.2 0.9 0.7 0.0 -3.2
1039 Ahead.kz -4.6 -4.2 -3.1 22.0 21.8 14.7
1055 Alliance -4.0 -3.5 -2.2 18.0 17.8 10.7
1112 DK -3.5 -2.8 -1.4 14.0 13.8 6.7
1118 LGD.cn -3.1 -2.2 -0.6 10.0 9.8 2.7
1123 Na'Vi -2.7 -1.6 0.1 6.0 5.8 -1.3
1129 iG -2.2 -0.9 0.9 2.0 1.8 -5.3
1143 DK -1.7 -0.2 1.8 -2.0 -2.2 -9.3
1146 iG -1.3 0.4 2.5 -6.0 -6.2 -13.3
1151 Alliance -0.8 1.1 3.3 -10.0 -10.2 -17.3
1169 DK -0.4 1.7 4.1 -14.0 -14.2 -21.3
1178 DK 2.22044604925e-16 2.2 4.8 -18.0 -18.2 -25.3
1188 LGD.int 0.6 3.0 5.7 -22.0 -22.2 -29.3
1191 DK 1.0 3.7 6.5 -26.0 -26.2 -33.3
1195 VG 1.5 4.4 7.3 -30.0 -30.2 -37.3
1196 LGD.cn 2.0 5.1 8.2 -34.0 -34.2 -41.3
1203 TongFu 2.4 5.7 8.9 -38.0 -38.2 -45.3
1215 iG 2.8 6.4 9.7 -42.0 -42.2 -49.3
1247 iG 3.2 7.0 10.5 -46.0 -46.2 -53.3
1253 LGD.int -0.8 3.0 6.5 -17.3 -25.8 -37.2
1314 TongFu -0.4 3.6 7.2 -21.3 -29.8 -41.2
1321 Fnatic.eu 0.3 4.3 7.8 -25.3 -33.8 -45.2
1322 DK 0.7 4.8 8.5 -29.3 -37.8 -49.2
1327 Speed 1.3 5.5 9.4 -33.3 -41.8 -53.2
1329 Alliance 1.9 6.2 10.2 -37.3 -45.8 -57.2
1341 Alliance 2.4 6.8 10.9 -41.3 -49.8 -61.2
1351 VG 2.8 7.5 11.7 -45.3 -53.8 -65.2
1352 DK 3.4 8.1 12.5 -49.3 -57.8 -69.2
1359 LGD.cn 3.7 8.6 13.1 -53.3 -61.8 -73.2
1360 iG 4.1 9.1 13.7 -57.3 -65.8 -77.2
1362 Speed 4.5 9.6 14.4 -61.3 -69.8 -81.2
1365 Alliance 5.2 10.3 15.2 -65.3 -73.8 -85.2
1366 Alliance 5.6 10.8 15.8 -69.3 -77.8 -89.2
1388 iG 6.1 11.5 16.6 -73.3 -81.8 -93.2
1390 Alliance 6.6 12.1 17.3 -77.3 -85.8 -97.2
1396 rox.KIS 2.6 8.1 13.3 -42.1 -58.1 -74.0
1412 DK 3.0 8.8 14.2 -46.1 -62.1 -78.0
1423 Alliance 3.5 9.4 14.9 -50.1 -66.1 -82.0
1424 DK 3.8 9.8 15.5 -54.1 -70.1 -86.0
1431 DK 4.2 10.3 16.1 -58.1 -74.1 -90.0
1442 LGD.int 4.6 10.9 16.8 -62.1 -78.1 -94.0
1473 LGD.cn 5.2 11.7 17.8 -66.1 -82.1 -98.0
1494 Na'Vi 5.8 12.4 18.6 -70.1 -86.1 -102.0
1508 Alliance 6.4 13.2 19.4 -74.1 -90.1 -106.0
1511 Sigma.int 6.9 13.9 20.1 -78.1 -94.1 -110.0
1513 DK 7.2 14.4 20.7 -82.1 -98.1 -114.0
1628 Alliance 7.9 15.1 21.6 -86.1 -102.1 -118.0
1629 Fnatic.eu 8.4 15.7 22.4 -90.1 -106.1 -122.0
1631 VG 8.9 16.4 23.4 -94.1 -110.1 -126.0
1685 Alliance 9.4 17.0 24.1 -98.1 -114.1 -130.0
1689 iG 9.9 17.6 24.8 -102.1 -118.1 -134.0
1699 OsG 5.9 13.6 20.8 -73.7 -91.8 -110.6
1788 Sigma.int 6.5 14.3 21.7 -77.7 -95.8 -114.6
1804 DK 6.9 14.9 22.4 -81.7 -99.8 -118.6
1805 VG 7.5 15.6 23.3 -85.7 -103.8 -122.6
1807 LGD.cn 8.0 16.2 24.1 -89.7 -107.8 -126.6
1808 iG 8.4 16.8 24.9 -93.7 -111.8 -130.6
1814 LGD.cn 8.9 17.5 25.8 -97.7 -115.8 -134.6
1822 Fnatic.eu 9.4 18.1 26.5 -101.7 -119.8 -138.6
1868 Na'Vi 10.1 18.9 27.0 -105.7 -123.8 -142.6
1975 Fnatic.eu 10.8 19.7 27.4 -109.7 -127.8 -146.6
2053 SADBOYS 11.6 20.8 27.8 -113.7 -131.8 -150.6
2119 Empire 12.3 21.7 28.3 -117.7 -135.8 -154.6
2187 Titan 12.9 22.5 29.3 -121.7 -139.8 -158.6
2214 Orange 13.7 23.5 29.8 -125.7 -143.8 -162.6
2228 Titan 14.4 24.3 30.2 -129.7 -147.8 -166.6
2275 Orange 15.1 25.0 30.9 -133.7 -151.8 -170.6
2280 DK 15.7 25.7 31.8 -137.7 -155.8 -174.6
2282 iG 16.4 26.6 32.3 -141.7 -159.8 -178.6
