0 0 0.0 0.0 0.0 0.0 0.0 0.0
18 Na'Vi 0.8 1.1 1.5 -4.0 -4.0 -4.0
19 Empire 2.3 3.0 3.4 -8.0 -8.0 -8.0
23 mouz 3.1 3.9 4.6 -12.0 -12.0 -12.0
26 Empire -0.9 -0.1 0.6 -1.6 -3.5 -4.2
29 GU.pe -4.9 -4.1 -3.4 10.5 6.4 5.3
31 Liquid -3.2 -2.2 -1.3 6.5 2.4 1.3
32 Alliance -2.5 -1.1 -0.1 2.5 -1.6 -2.7
40 Fnatic.eu -1.1 0.9 1.9 -1.5 -5.6 -6.7
41 Empire 0.0 2.2 3.6 -5.5 -9.6 -10.7
43 mouz 1.6 4.1 5.5 -9.5 -13.6 -14.7
44 Quantic 3.0 6.0 7.6 -13.5 -17.6 -18.7
48 VP 4.4 7.6 9.7 -17.5 -21.6 -22.7
49 Liquid 5.2 8.8 11.1 -21.5 -25.6 -26.7
50 3DMAX 1.2 4.8 7.1 3.7 -8.1 -11.7
51 Liquid -2.8 0.8 3.1 14.8 1.5 -4.1
53 VP -6.8 -3.2 -0.9 25.4 10.2 4.0
58 Na'Vi -5.5 -1.6 0.8 21.4 6.2 0.0
59 VP -9.5 -5.6 -3.2 32.8 15.1 8.3
60 Na'Vi -8.5 -4.4 -1.8 28.8 11.1 4.3
71 Liquid -7.1 -2.8 0.1 24.8 7.1 0.3
73 Zenith -6.3 -1.8 1.2 20.8 3.1 -3.7
75 Fnatic.eu -5.0 -0.3 3.0 16.8 -0.9 -7.7
89 Liquid -3.5 1.4 4.8 12.8 -4.9 -11.7
93 Na'Vi -1.9 3.2 6.8 8.8 -8.9 -15.7
95 Na'Vi -0.2 5.1 8.9 4.8 -12.9 -19.7
98 Fnatic.eu -4.2 1.1 4.9 18.4 -2.5 -9.7
104 PtD.Alpha -2.5 3.0 6.9 14.4 -6.5 -13.7
108 ASF.R5 -1.1 4.7 8.6 10.4 -10.5 -17.7
110 Empire 0.3 6.3 10.2 6.4 -14.5 -21.7
112 eN.Legs 1.2 7.8 11.7 2.4 -18.5 -25.7
113 Fnatic.eu 2.8 9.5 14.0 -1.6 -22.5 -29.7
117 VP 4.1 11.0 15.7 -5.6 -26.5 -33.7
118 mouz 0.1 7.0 11.7 7.8 -14.7 -24.3
119 Fnatic.eu 1.4 8.7 13.6 3.8 -18.7 -28.3
121 eN.Legs 2.9 10.5 15.9 -0.2 -22.7 -32.3
123 eLPride 4.1 12.0 17.6 -4.2 -26.7 -36.3
124 VP 5.1 13.3 19.1 -8.2 -30.7 -40.3
128 ASF.R5 1.1 9.3 15.1 1.7 -22.1 -32.9
130 Alliance -2.9 5.3 11.1 11.4 -14.0 -25.2
135 Fnatic.eu -1.6 6.8 12.8 7.4 -18.0 -29.2
136 Alliance -0.7 7.9 14.1 3.4 -22.0 -33.2
138 TCM -4.7 3.9 10.1 16.0 -10.7 -23.6
143 Na'Vi -3.6 5.3 11.7 12.0 -14.7 -27.6
151 EG -7.6 1.3 7.7 21.5 -6.4 -19.6
162 rox.KIS -5.7 3.2 9.7 17.5 -10.4 -23.6
164 Dignitas -4.5 4.7 11.4 13.5 -14.4 -27.6
167 LGD.int -3.6 5.7 12.7 9.5 -18.4 -31.6
171 LGD.int -2.7 6.7 13.9 5.5 -22.4 -35.6
172 Liquid -1.1 8.3 15.6 1.5 -26.4 -39.6
175 Na'Vi -0.1 9.5 17.2 -2.5 -30.4 -43.6
177 QPandas -4.1 5.5 13.2 10.8 -19.3 -34.2
179 Liquid -8.1 1.5 9.2 20.6 -10.5 -26.1
180 Empire -12.1 -2.5 5.2 32.9 -0.9 -17.8
181 iCCup -16.1 -6.5 1.2 48.5 10.4 -7.9
185 LGD.int -14.8 -5.0 2.9 44.5 6.4 -11.9
186 Alliance -13.1 -3.1 4.9 40.5 2.4 -15.9
194 Alliance -11.4 -1.2 6.9 36.5 -1.6 -19.9
196 Orange -15.4 -5.2 2.9 45.7 7.0 -11.8
198 iG -14.1 -3.6 4.8 41.7 3.0 -15.8
206 LGD.cn -12.3 -1.8 6.7 37.7 -1.0 -19.8
208 iG -11.3 -0.5 8.3 33.7 -5.0 -23.8
209 Liquid -9.7 1.4 10.5 29.7 -9.0 -27.8
213 DK -13.7 -2.6 6.5 38.6 -0.1 -19.3
219 Dignitas -12.0 -0.8 8.5 34.6 -4.1 -23.3
220 Fnatic.eu -10.3 1.0 10.5 30.6 -8.1 -27.3
221 Alliance -8.7 2.8 12.5 26.6 -12.1 -31.3
224 mouz -12.7 -1.2 8.5 35.9 -3.0 -23.1
226 Alliance -11.9 -0.1 9.9 31.9 -7.0 -27.1
227 Kaipi -15.9 -4.1 5.9 41.0 1.2 -20.0
229 Liquid -19.9 -8.1 1.9 51.2 10.0 -12.1
231 Na'Vi -18.4 -6.5 3.7 47.2 6.0 -16.1
233 mouz -16.8 -4.8 5.6 43.2 2.0 -20.1
234 rox.KIS -15.3 -3.1 7.4 39.2 -2.0 -24.1
235 aL -14.2 -1.8 8.9 35.2 -6.0 -28.1
236 mouz -18.2 -5.8 4.9 50.9 6.4 -18.0
237 Na'Vi -16.5 -4.0 6.8 46.9 2.4 -22.0
239 Na'Vi -15.1 -2.4 8.6 42.9 -1.6 -26.0
240 Na'Vi -14.2 -1.3 9.9 38.9 -5.6 -30.0
242 EG -18.2 -5.3 5.9 47.3 2.5 -22.3
246 Na'Vi -17.2 -4.3 7.2 43.3 -1.5 -26.3
248 Liquid -15.6 -2.6 9.0 39.3 -5.5 -30.3
251 Alliance -14.1 -0.9 10.8 35.3 -9.5 -34.3
253 Liquid -18.1 -4.9 6.8 52.0 4.3 -22.9
255 Na'Vi -16.4 -3.0 9.0 48.0 0.3 -26.9
256 Alliance -14.8 -1.1 11.0 44.0 -3.7 -30.9
258 Alliance -13.3 0.6 12.9 40.0 -7.7 -34.9
260 Alliance -11.7 2.4 14.8 36.0 -11.7 -38.9
268 Na'Vi -10.7 3.6 16.3 32.0 -15.7 -42.9
270 Liquid -9.2 5.3 18.2 28.0 -19.7 -46.9
271 Na'Vi -8.1 6.7 19.8 24.0 -23.7 -50.9
273 mouz -6.7 8.1 21.4 20.0 -27.7 -54.9
274 Liquid -5.3 9.8 23.3 16.0 -31.7 -58.9
275 EG -9.3 5.8 19.3 35.3 -14.8 -44.7
276 Alliance -8.3 7.0 20.6 31.3 -18.8 -48.7
279 Dignitas -6.9 8.7 22.6 27.3 -22.8 -52.7
280 Zenith -5.8 10.0 24.2 23.3 -26.8 -56.7
282 Alliance -4.9 11.1 25.6 19.3 -30.8 -60.7
283 VG -8.9 7.1 21.6 34.4 -18.2 -50.6
286 Dignitas -7.4 8.7 23.3 30.4 -22.2 -54.6
291 Alliance -6.0 10.3 25.2 26.4 -26.2 -58.6
293 aL -10.0 6.3 21.2 40.3 -13.4 -47.6
294 Alliance -9.0 7.5 22.7 36.3 -17.4 -51.6
297 rox.KIS -7.5 9.3 24.7 32.3 -21.4 -55.6
300 mouz -6.3 10.7 26.4 28.3 -25.4 -59.6
301 EG -5.2 12.1 28.0 24.3 -29.4 -63.6
304 VG -4.4 13.0 29.2 20.3 -33.4 -67.6
306 LGD.cn -3.6 13.9 30.3 16.3 -37.4 -71.6
310 iG -2.7 15.1 31.9 12.3 -41.4 -75.6
314 VP -1.3 16.7 33.7 8.3 -45.4 -79.6
315 Liquid 0.4 18.5 35.6 4.3 -49.4 -83.6
316 LGD.cn 1.0 19.3 36.7 0.3 -53.4 -87.6
317 FD -3.0 15.3 32.7 13.1 -43.4 -79.1
319 Na'Vi -1.9 16.5 34.1 9.1 -47.4 -83.1
321 mouz -1.0 17.5 35.4 5.1 -51.4 -87.1
322 RS 0.5 19.3 37.5 1.1 -55.4 -91.1
324 QPandas -3.5 15.3 33.5 14.6 -43.9 -81.5
326 PR -7.5 11.3 29.5 24.7 -34.5 -72.9
327 rox.KIS -11.5 7.3 25.5 34.7 -25.8 -65.0
330 TongFu -15.5 3.3 21.5 54.3 -10.1 -53.8
331 EG -19.5 -0.7 17.5 63.0 -1.9 -46.2
333 VG -18.1 1.0 19.5 59.0 -5.9 -50.2
334 VP -16.7 2.8 21.6 55.0 -9.9 -54.2
337 TongFu -15.8 4.0 23.2 51.0 -13.9 -58.2
338 Na'Vi -14.9 5.1 24.6 47.0 -17.9 -62.2
340 mouz -14.1 6.0 25.7 43.0 -21.9 -66.2
344 LGD.cn -18.1 2.0 21.7 53.6 -12.1 -57.5
345 LGD.cn -16.3 3.8 23.6 49.6 -16.1 -61.5
346 Alliance -15.2 5.0 25.0 45.6 -20.1 -65.5
348 Na'Vi -13.8 6.7 26.8 41.6 -24.1 -69.5
352 LGD.cn -12.7 8.0 28.3 37.6 -28.1 -73.5
353 iG -11.0 9.9 30.4 33.6 -32.1 -77.5
355 DK -15.0 5.9 26.4 42.5 -22.4 -68.4
356 Liquid -19.0 1.9 22.4 56.6 -10.5 -58.6
357 LGD.cn -17.3 3.7 24.3 52.6 -14.5 -62.6
360 mouz -15.5 5.6 26.5 48.6 -18.5 -66.6
362 LGD.cn -14.1 6.9 28.0 44.6 -22.5 -70.6
364 Zenith -13.0 8.2 29.5 40.6 -26.5 -74.6
366 Dignitas -17.0 4.2 25.5 49.3 -17.6 -66.5
368 mouz -15.6 5.8 27.4 45.3 -21.6 -70.5
369 iCCup -19.6 1.8 23.4 56.2 -11.2 -60.9
373 Na'Vi -18.8 2.7 24.4 52.2 -15.2 -64.9
375 VG -17.1 4.7 26.5 48.2 -19.2 -68.9
376 LGD.cn -16.3 5.7 27.7 44.2 -23.2 -72.9
377 LGD.cn -15.1 6.8 29.0 40.2 -27.2 -76.9
378 VP -13.6 8.4 30.8 36.2 -31.2 -80.9
379 Na'Vi -12.7 9.5 32.1 32.2 -35.2 -84.9
383 RS -16.7 5.5 28.1 41.5 -26.0 -76.2
384 Alliance -15.7 6.8 29.7 37.5 -30.0 -80.2
387 LGD.cn -14.5 8.2 31.3 33.5 -34.0 -84.2
388 Dignitas -13.5 9.4 33.1 29.5 -38.0 -88.2
389 iG -12.6 10.4 34.4 25.5 -42.0 -92.2
390 Na'Vi -11.2 12.0 36.2 21.5 -46.0 -96.2
392 Alliance -10.1 13.3 37.7 17.5 -50.0 -100.2
393 Kaipi -14.1 9.3 33.7 26.7 -40.1 -91.7
396 Liquid -13.5 10.0 34.7 22.7 -44.1 -95.7
398 Alliance -12.8 10.8 35.7 18.7 -48.1 -99.7
399 VP -16.8 6.8 31.7 27.1 -40.1 -92.0
403 RStars -20.8 2.8 27.7 38.5 -29.5 -83.0
404 MiTH -19.1 4.7 29.8 34.5 -33.5 -87.0
408 TM -17.4 6.6 32.0 30.5 -37.5 -91.0
409 Orange -16.3 8.0 33.7 26.5 -41.5 -95.0
410 Alliance -15.6 8.9 34.8 22.5 -45.5 -99.0
414 Alliance -14.7 10.0 36.2 18.5 -49.5 -103.0
416 4FC -18.7 6.0 32.2 37.0 -33.0 -89.1
417 mouz -22.7 2.0 28.2 50.9 -21.1 -79.1
418 VP -20.9 3.8 30.3 46.9 -25.1 -83.1
421 Na'Vi -19.4 5.4 32.1 42.9 -29.1 -87.1
424 Kaipi -23.4 1.4 28.1 53.7 -18.3 -77.3
427 rox.KIS -22.1 2.8 29.7 49.7 -22.3 -81.3
428 Kaipi -20.5 4.8 32.1 45.7 -26.3 -85.3
430 rox.KIS -19.3 6.1 33.5 41.7 -30.3 -89.3
431 Quantic -18.3 7.4 35.1 37.7 -34.3 -93.3
432 Kaipi -16.7 8.8 36.7 33.7 -38.3 -97.3
433 DK -15.5 10.2 38.4 29.7 -42.3 -101.3
437 Quantic -14.5 11.2 39.7 25.7 -46.3 -105.3
438 Na'Vi -12.5 13.1 41.7 21.7 -50.3 -109.3
439 Artyk -11.6 14.1 43.2 17.7 -54.3 -113.3
441 Na'Vi -10.7 15.1 44.4 13.7 -58.3 -117.3
443 Kaipi -14.7 11.1 40.4 26.4 -44.9 -105.4
444 Artyk -18.7 7.1 36.4 37.3 -34.7 -96.1
445 TM -17.6 8.5 38.0 33.3 -38.7 -100.1
446 Orange -16.7 9.5 39.2 29.3 -42.7 -104.1
447 DK -15.5 10.8 40.8 25.3 -46.7 -108.1
448 VP -19.5 6.8 36.8 36.4 -37.0 -99.7
449 VP -18.0 8.7 39.0 32.4 -41.0 -103.7
451 Kaipi -17.1 9.7 40.2 28.4 -45.0 -107.7
452 EG -15.5 11.5 42.2 24.4 -49.0 -111.7
453 Fnatic.eu -19.5 7.5 38.2 37.5 -37.8 -102.7
457 Alliance -17.7 9.5 40.3 33.5 -41.8 -106.7
459 Alliance -16.1 11.3 42.3 29.5 -45.8 -110.7
461 Alliance -15.3 12.2 43.5 25.5 -49.8 -114.7
464 Fnatic.eu -13.8 13.7 45.1 21.5 -53.8 -118.7
465 Alliance -12.4 15.1 46.7 17.5 -57.8 -122.7
468 Quantic -10.9 16.6 48.4 13.5 -61.8 -126.7
469 Alliance -9.3 18.2 50.2 9.5 -65.8 -130.7
471 4FC -13.3 14.2 46.2 22.7 -53.1 -119.8
475 Na'Vi -12.3 15.2 47.4 18.7 -57.1 -123.8
476 Na'Vi -10.8 16.8 49.2 14.7 -61.1 -127.8
479 4FC -9.7 18.0 50.7 10.7 -65.1 -131.8
480 Orange -8.7 19.2 52.2 6.7 -69.1 -135.8
481 TM -7.4 20.9 54.2 2.7 -73.1 -139.8
483 paiN -11.4 16.9 50.2 11.3 -64.6 -132.7
484 Empire -15.4 12.9 46.2 28.0 -49.4 -120.8
486 Na'Vi -14.2 14.1 47.5 24.0 -53.4 -124.8
488 Fnatic.eu -18.2 10.1 43.5 41.7 -38.6 -113.2
489 LGD.int -16.6 11.7 45.4 37.7 -42.6 -117.2
491 TM -15.3 13.4 47.3 33.7 -46.6 -121.2
492 iCCup -14.0 15.0 49.1 29.7 -50.6 -125.2
493 iCCup -13.0 16.2 50.5 25.7 -54.6 -129.2
494 zRage -17.0 12.2 46.5 46.2 -36.4 -113.5
495 Artyk -15.8 13.8 48.5 42.2 -40.4 -117.5
498 mouz -14.6 15.1 50.1 38.2 -44.4 -121.5
499 Liquid -13.4 16.5 51.5 34.2 -48.4 -125.5
502 VP -12.7 17.3 52.5 30.2 -52.4 -129.5
503 Dignitas -11.9 18.3 53.8 26.2 -56.4 -133.5
504 VP -10.2 20.1 55.9 22.2 -60.4 -137.5
505 Na'Vi -9.7 20.7 56.7 18.2 -64.4 -141.5
506 EG -8.9 21.6 57.9 14.2 -68.4 -145.5
507 Na'Vi -8.0 22.6 59.2 10.2 -72.4 -149.5
508 Na'Vi -7.5 23.2 59.9 6.2 -76.4 -153.5
512 Quantic -11.5 19.2 55.9 23.9 -61.2 -139.6
513 EG -15.5 15.2 51.9 37.2 -49.8 -129.4
514 Dignitas -19.5 11.2 47.9 59.1 -31.2 -113.4
515 Alliance -18.0 13.1 50.1 55.1 -35.2 -117.4
517 Alliance -16.5 14.9 52.2 51.1 -39.2 -121.4
520 Quantic -15.4 16.2 53.8 47.1 -43.2 -125.4
521 LGD.int -19.4 12.2 49.8 57.0 -34.9 -118.0
522 Na'Vi -18.2 13.6 51.4 53.0 -38.9 -122.0
523 Na'Vi -16.5 15.4 53.4 49.0 -42.9 -126.0
524 Na'Vi -15.2 16.8 55.0 45.0 -46.9 -130.0
527 Na'Vi -14.2 17.9 56.4 41.0 -50.9 -134.0
528 Liquid -13.3 19.0 57.7 37.0 -54.9 -138.0
529 EG -12.6 19.8 58.6 33.0 -58.9 -142.0
531 Na'Vi -11.7 20.8 59.8 29.0 -62.9 -146.0
532 Empire -10.7 21.8 61.0 25.0 -66.9 -150.0
533 rox.KIS -9.6 22.8 62.0 21.0 -70.9 -154.0
536 Liquid -8.9 23.6 63.0 17.0 -74.9 -158.0
537 Liquid -8.3 24.3 63.9 13.0 -78.9 -162.0
538 Alliance -7.5 25.1 64.9 9.0 -82.9 -166.0
541 VP -6.5 26.4 66.3 5.0 -86.9 -170.0
542 Alliance -5.0 28.0 68.1 1.0 -90.9 -174.0
544 EG -9.0 24.0 64.1 11.2 -81.2 -164.9
545 Alliance -7.5 25.9 66.3 7.2 -85.2 -168.9
547 iG -5.6 27.7 68.2 3.2 -89.2 -172.9
549 Fnatic.eu -9.6 23.7 64.2 15.7 -78.2 -163.6
550 Kaipi -13.6 19.7 60.2 25.9 -67.7 -153.9
551 Kaipi -17.6 15.7 56.2 36.0 -56.8 -143.2
553 TongFu -21.6 11.7 52.2 51.8 -41.9 -130.4
557 Liquid -25.6 7.7 48.2 62.3 -32.9 -122.3
558 rox.KIS -23.9 9.5 50.2 58.3 -36.9 -126.3
562 TongFu -22.2 11.3 52.1 54.3 -40.9 -130.3
573 VP -26.2 7.3 48.1 66.7 -30.7 -121.6
574 Fnatic.eu -30.2 3.3 44.1 78.6 -20.3 -112.8
576 iCCup -34.2 -0.7 40.1 91.0 -10.4 -104.3
580 VP -33.2 0.5 41.5 87.0 -14.4 -108.3
585 VP -31.7 2.3 43.4 83.0 -18.4 -112.3
587 Alliance -30.3 3.6 44.8 79.0 -22.4 -116.3
590 Na'Vi -28.4 5.4 46.7 75.0 -26.4 -120.3
592 Fnatic.eu -26.6 7.4 48.8 71.0 -30.4 -124.3
595 Alliance -25.0 9.1 50.7 67.0 -34.4 -128.3
597 Alliance -23.2 11.0 52.7 63.0 -38.4 -132.3
598 LGD.cn -21.7 12.7 54.6 59.0 -42.4 -136.3
600 mouz -25.7 8.7 50.6 71.4 -30.6 -125.8
602 Alliance -24.1 10.5 52.5 67.4 -34.6 -129.8
604 Orange -23.0 11.7 54.0 63.4 -38.6 -133.8
605 LGD.int -21.2 13.4 55.9 59.4 -42.6 -137.8
607 Kaipi -25.2 9.4 51.9 68.3 -34.0 -130.2
608 Alliance -23.9 10.9 53.6 64.3 -38.0 -134.2
615 Orange -22.6 12.3 55.2 60.3 -42.0 -138.2
617 VP -21.2 13.9 57.0 56.3 -46.0 -142.2
618 Alliance -20.0 15.3 58.6 52.3 -50.0 -146.2
621 iCCup -24.0 11.3 54.6 65.9 -36.9 -135.7
623 Alliance -22.4 13.1 56.6 61.9 -40.9 -139.7
624 Liquid -20.9 14.8 58.5 57.9 -44.9 -143.7
626 iCCup -24.9 10.8 54.5 68.7 -35.4 -135.5
627 EG -23.1 12.5 56.4 64.7 -39.4 -139.5
628 EG -22.2 13.5 57.6 60.7 -43.4 -143.5
631 Alliance -21.3 14.7 59.1 56.7 -47.4 -147.5
632 mouz -19.8 16.4 61.0 52.7 -51.4 -151.5
635 Dignitas -18.4 17.9 62.8 48.7 -55.4 -155.5
636 EG -17.7 18.8 63.9 44.7 -59.4 -159.5
642 Alliance -16.7 20.0 65.4 40.7 -63.4 -163.5
644 rox.KIS -20.7 16.0 61.4 51.5 -53.3 -154.7
645 VP -24.7 12.0 57.4 60.0 -45.0 -147.2
651 Denial -28.7 8.0 53.4 78.0 -29.6 -135.2
653 VG -32.7 4.0 49.4 93.0 -16.5 -124.4
656 Na'Vi -31.6 5.2 50.9 89.0 -20.5 -128.4
657 mouz -30.0 7.1 53.0 85.0 -24.5 -132.4
658 mouz -34.0 3.1 49.0 96.5 -14.4 -122.6
659 Na'Vi -32.4 4.7 50.7 92.5 -18.4 -126.6
660 RS -36.4 0.7 46.7 105.0 -7.1 -117.0
662 DK -34.7 2.6 48.9 101.0 -11.1 -121.0
664 RStars -38.7 -1.4 44.9 117.1 2.3 -109.8
667 DK -36.9 0.5 47.1 113.1 -1.7 -113.8
668 mouz -36.1 1.5 48.4 109.1 -5.7 -117.8
670 EG -35.1 2.6 49.8 105.1 -9.7 -121.8
671 Fnatic.eu -34.2 3.6 51.0 101.1 -13.7 -125.8
672 Orange -32.6 5.3 52.9 97.1 -17.7 -129.8
674 mouz -31.9 6.2 54.0 93.1 -21.7 -133.8
676 LGD.cn -30.1 8.1 56.2 89.1 -25.7 -137.8
677 mouz -28.1 10.1 58.2 85.1 -29.7 -141.8
678 Kaipi -32.1 6.1 54.2 103.8 -13.2 -128.2
679 Fnatic.eu -36.1 2.1 50.2 113.5 -4.6 -120.4
686 VP -34.3 4.0 52.3 109.5 -8.6 -124.4
692 Na'Vi -32.7 5.6 54.1 105.5 -12.6 -128.4
693 Alliance -31.1 7.3 56.0 101.5 -16.6 -132.4
696 Fnatic.eu -29.5 8.9 57.8 97.5 -20.6 -136.4
697 Kaipi -27.9 10.5 59.6 93.5 -24.6 -140.4
699 Alliance -26.8 11.8 61.1 89.5 -28.6 -144.4
700 Orange -25.4 13.2 62.8 85.5 -32.6 -148.4
702 Na'Vi -24.5 14.2 64.0 81.5 -36.6 -152.4
703 mouz -23.6 15.2 65.3 77.5 -40.6 -156.4
707 Orange -21.7 17.1 67.4 73.5 -44.6 -160.4
708 iCCup -25.7 13.1 63.4 83.4 -35.7 -152.4
712 Na'Vi -24.8 14.2 64.7 79.4 -39.7 -156.4
713 MiTH -23.1 16.1 66.9 75.4 -43.7 -160.4
715 mouz -21.6 17.8 68.8 71.4 -47.7 -164.4
718 Dreamz -20.5 19.0 70.3 67.4 -51.7 -168.4
719 Mski -18.4 20.8 72.2 63.4 -55.7 -172.4
720 MiTH -16.6 22.6 74.2 59.4 -59.7 -176.4
721 Mski -20.6 18.6 70.2 68.8 -49.6 -167.2
723 Kaipi -19.7 19.6 71.4 64.8 -53.6 -171.2
725 Romania -18.0 21.6 73.7 60.8 -57.6 -175.2
727 Fnatic.eu -22.0 17.6 69.7 77.6 -43.1 -163.7
729 DK -21.0 19.1 71.5 73.6 -47.1 -167.7
730 LGD.cn -20.2 20.1 72.6 69.6 -51.1 -171.7
731 iG -18.6 22.0 74.7 65.6 -55.1 -175.7
732 Alliance -17.5 23.3 76.3 61.6 -59.1 -179.7
741 TongFu -16.0 25.1 78.8 57.6 -63.1 -183.7
745 Dignitas -20.0 21.1 74.8 79.1 -48.6 -172.0
746 DK -19.3 22.0 75.8 75.1 -52.6 -176.0
748 Na'Vi -18.1 23.3 77.4 71.1 -56.6 -180.0
749 Liquid -22.1 19.3 73.4 83.6 -46.6 -170.1
751 Alliance -21.3 20.4 74.8 79.6 -50.6 -174.1
754 Na'Vi -20.6 21.2 75.7 75.6 -54.6 -178.1
757 Alliance -19.0 22.7 77.2 71.6 -58.6 -182.1
758 iG -17.5 24.5 79.0 67.6 -62.6 -186.1
759 Orange -15.9 26.3 81.0 63.6 -66.6 -190.1
761 Fnatic.eu -15.2 27.1 81.9 59.6 -70.6 -194.1
766 Alliance -14.3 28.1 83.0 55.6 -74.6 -198.1
767 LGD.int -18.3 24.1 79.0 71.6 -60.7 -186.2
769 mouz -17.4 25.1 80.2 67.6 -64.7 -190.2
770 LGD.cn -15.8 26.8 82.0 63.6 -68.7 -194.2
771 Na'Vi -14.6 28.1 83.4 59.6 -72.7 -198.2
773 Alliance -13.9 28.9 84.3 55.6 -76.7 -202.2
776 Orange -12.6 30.3 85.9 51.6 -80.7 -206.2
778 DK -11.2 32.1 87.9 47.6 -84.7 -210.2
779 Zenith -10.3 33.1 89.1 43.6 -88.7 -214.2
781 Alliance -9.4 34.1 90.2 39.6 -92.7 -218.2
783 TongFu -8.5 35.0 91.2 35.6 -96.7 -222.2
786 Na'Vi -7.5 36.1 92.5 31.6 -100.7 -226.2
791 Orange -5.8 38.0 94.5 27.6 -104.7 -230.2
793 Alliance -4.6 39.3 96.1 23.6 -108.7 -234.2
795 Liquid -3.7 40.3 97.3 19.6 -112.7 -238.2
797 Liquid -7.7 36.3 93.3 33.4 -101.3 -228.6
798 iG -5.8 38.3 95.5 29.4 -105.3 -232.6
799 Alliance -4.7 39.5 97.0 25.4 -109.3 -236.6
800 Na'Vi -3.3 40.9 98.5 21.4 -113.3 -240.6
803 Orange -7.3 36.9 94.5 33.3 -103.7 -232.4
807 Na'Vi -5.7 38.6 96.4 29.3 -107.7 -236.4
811 RStars -4.5 40.1 98.2 25.3 -111.7 -240.4
812 Empire -3.5 41.3 99.8 21.3 -115.7 -244.4
813 Empire -2.6 42.2 101.0 17.3 -119.7 -248.4
814 Kaipi -1.1 44.0 103.1 13.3 -123.7 -252.4
815 TTD 0.2 45.4 104.8 9.3 -127.7 -256.4
816 Kaipi 1.5 46.8 106.3 5.3 -131.7 -260.4
818 FD 2.7 48.0 107.8 1.3 -135.7 -264.4
820 4FC 3.4 48.8 108.8 -2.7 -139.7 -268.4
821 4++ -0.6 44.8 104.8 11.6 -124.5 -256.5
822 MiTH 0.4 46.1 106.3 7.6 -128.5 -260.5
823 GL.eu 1.8 47.7 108.2 3.6 -132.5 -264.5
825 WARDGS 3.5 49.4 110.2 -0.4 -136.5 -268.5
826 EVOPLAY 5.2 50.9 112.1 -4.4 -140.5 -272.5
828 EVOPLAY 7.1 52.8 114.2 -8.4 -144.5 -276.5
829 TLP 3.1 48.8 110.2 5.5 -132.6 -267.1
831 Awake 5.0 50.7 112.2 1.5 -136.6 -271.1
832 CDCD 1.0 46.7 108.2 24.7 -118.2 -255.3
833 Menace -3.0 42.7 104.2 37.6 -107.1 -246.3
838 Kaipi -1.4 44.5 106.5 33.6 -111.1 -250.3
841 VP -0.4 45.6 107.9 29.6 -115.1 -254.3
842 Menace -4.4 41.6 103.9 39.0 -106.1 -245.6
843 Empire -2.5 43.3 105.7 35.0 -110.1 -249.6
844 Kaipi -1.2 44.6 107.3 31.0 -114.1 -253.6
845 DUZA -5.2 40.6 103.3 40.1 -105.6 -246.0
851 VP -4.2 41.8 104.8 36.1 -109.6 -250.0
856 Empire -2.7 43.3 106.5 32.1 -113.6 -254.0
857 Next.kz -0.9 45.1 108.4 28.1 -117.6 -258.0
859 FSid3 -4.9 41.1 104.4 37.9 -106.9 -248.2
862 rox.KIS -3.4 42.4 105.9 33.9 -110.9 -252.2
864 Poseidon -2.3 43.7 107.4 29.9 -114.9 -256.2
865 Mski -1.3 44.8 108.8 25.9 -118.9 -260.2
866 Poseidon -0.4 45.7 109.9 21.9 -122.9 -264.2
867 Dreamz 0.7 47.0 111.5 17.9 -126.9 -268.2
871 Next.kz 1.8 48.2 112.9 13.9 -130.9 -272.2
872 Aspera -2.2 44.2 108.9 22.6 -122.9 -264.9
873 PR -6.2 40.2 104.9 43.3 -105.3 -250.3
877 Mski -5.2 41.6 106.6 39.3 -109.3 -254.3
878 Lowyat -9.2 37.6 102.6 53.0 -97.9 -244.8
880 Empire -13.2 33.6 98.6 61.9 -89.2 -236.9
883 Kaipi -12.0 35.0 100.2 57.9 -93.2 -240.9
885 Aspera -10.3 36.7 102.1 53.9 -97.2 -244.9
886 Fnatic.eu -8.9 38.2 103.9 49.9 -101.2 -248.9
889 Next.kz -7.6 39.5 105.4 45.9 -105.2 -252.9
891 Menace -5.7 41.3 107.4 41.9 -109.2 -256.9
893 Menace -9.7 37.3 103.4 52.1 -99.1 -248.0
896 Life -13.7 33.3 99.4 60.3 -90.1 -239.1
897 Kaipi -12.1 35.2 101.6 56.3 -94.1 -243.1
898 Mski -10.5 36.9 103.5 52.3 -98.1 -247.1
899 Menace -9.2 38.1 104.9 48.3 -102.1 -251.1
901 Fnatic.eu -7.8 39.4 106.4 44.3 -106.1 -255.1
903 Kaipi -6.6 40.7 107.9 40.3 -110.1 -259.1
905 Dignitas -5.8 41.6 109.0 36.3 -114.1 -263.1
906 Dignitas -4.9 42.6 110.2 32.3 -118.1 -267.1
908 iG -4.2 43.4 111.2 28.3 -122.1 -271.1
909 VG -2.7 45.3 113.5 24.3 -126.1 -275.1
911 4FC -6.7 41.3 109.5 37.6 -112.5 -263.7
915 Fnatic.eu -5.9 42.3 110.7 33.6 -116.5 -267.7
916 Property -9.9 38.3 106.7 46.3 -105.9 -258.4
917 Menace -13.9 34.3 102.7 57.2 -95.0 -248.9
919 LGD.cn -12.6 35.8 104.4 53.2 -99.0 -252.9
920 TongFu -12.0 36.5 105.3 49.2 -103.0 -256.9
921 Alliance -11.0 37.5 106.6 45.2 -107.0 -260.9
923 DUZA -9.2 39.3 108.7 41.2 -111.0 -264.9
925 Empire -7.9 40.6 110.2 37.2 -115.0 -268.9
926 Empire -6.5 42.2 111.9 33.2 -119.0 -272.9
927 iG -5.0 43.6 113.4 29.2 -123.0 -276.9
931 Alliance -4.1 44.5 114.4 25.2 -127.0 -280.9
937 OguraYui -8.1 40.5 110.4 36.3 -114.4 -270.1
938 Mski -6.3 42.0 112.1 32.3 -118.4 -274.1
941 Alliance -5.4 43.0 113.2 28.3 -122.4 -278.1
944 Imp -9.4 39.0 109.2 39.5 -111.6 -268.2
949 VP -8.1 40.3 110.7 35.5 -115.6 -272.2
950 Kaipi -7.1 41.5 112.2 31.5 -119.6 -276.2
951 Mski -6.1 42.6 113.5 27.5 -123.6 -280.2
954 Cascade -10.1 38.6 109.5 40.9 -112.0 -270.2
956 Alliance -9.6 39.1 110.2 36.9 -116.0 -274.2
957 Na'Vi -8.8 39.8 111.1 32.9 -120.0 -278.2
958 PR -12.8 35.8 107.1 57.6 -96.0 -257.4
959 Kaipi -12.0 36.8 108.2 53.6 -100.0 -261.4
960 Kaipi -11.3 37.7 109.4 49.6 -104.0 -265.4
963 Na'Vi -9.9 39.1 111.0 45.6 -108.0 -269.4
964 Alliance -8.7 40.4 112.5 41.6 -112.0 -273.4
967 mouz -7.3 41.9 114.2 37.6 -116.0 -277.4
972 Aspera -11.3 37.9 110.2 59.5 -97.0 -261.5
975 Dignitas -10.5 38.9 111.5 55.5 -101.0 -265.5
976 StayFree -9.1 40.6 113.5 51.5 -105.0 -269.5
977 Na'Vi -7.6 42.3 115.5 47.5 -109.0 -273.5
982 Fnatic.eu -6.8 43.1 116.5 43.5 -113.0 -277.5
983 Fnatic.eu -5.0 44.8 118.3 39.5 -117.0 -281.5
986 Na'Vi -4.0 46.0 119.7 35.5 -121.0 -285.5
987 Fnatic.eu -2.4 47.8 121.7 31.5 -125.0 -289.5
988 4FC -6.4 43.8 117.7 41.1 -114.9 -280.5
990 Kaipi -5.6 44.7 118.8 37.1 -118.9 -284.5
991 Empire -9.6 40.7 114.8 48.0 -109.5 -276.6
992 PBS -13.6 36.7 110.8 58.3 -101.2 -268.8
993 SFEC -17.6 32.7 106.8 67.0 -93.0 -261.5
997 PR -21.6 28.7 102.8 84.6 -78.2 -249.8
1000 Inv.kwnku -19.9 30.6 104.9 80.6 -82.2 -253.8
1002 Empire -18.4 32.4 107.1 76.6 -86.2 -257.8
1004 EG -16.8 34.1 109.0 72.6 -90.2 -261.8
1005 Dignitas -20.8 30.1 105.0 84.7 -80.3 -253.4
1008 Menace -24.8 26.1 101.0 96.8 -68.0 -242.5
1009 Kaipi -23.9 27.0 102.1 92.8 -72.0 -246.5
1012 DK -22.6 28.5 103.9 88.8 -76.0 -250.5
1017 Na'Vi -21.8 29.4 104.9 84.8 -80.0 -254.5
1018 Alliance -21.0 30.3 106.1 80.8 -84.0 -258.5
1020 Na'Vi -19.3 32.0 108.0 76.8 -88.0 -262.5
1021 Na'Vi -18.1 33.2 109.4 72.8 -92.0 -266.5
1022 LGD.cn -17.0 34.5 110.8 68.8 -96.0 -270.5
1025 Dignitas -16.2 35.4 112.0 64.8 -100.0 -274.5
1028 4FC -20.2 31.4 108.0 75.3 -88.5 -264.5
1030 Na'Vi -19.4 32.3 109.0 71.3 -92.5 -268.5
1032 Na'Vi -18.5 33.4 110.3 67.3 -96.5 -272.5
1034 Alliance -17.8 34.2 111.3 63.3 -100.5 -276.5
1035 Alliance -17.1 34.9 112.1 59.3 -104.5 -280.5
1037 VP -21.1 30.9 108.1 71.3 -95.3 -272.6
1039 Ahead.kz -25.1 26.9 104.1 92.6 -73.5 -254.7
1040 PBS -23.7 28.9 106.4 88.6 -77.5 -258.7
1041 Alliance -22.7 30.2 107.9 84.6 -81.5 -262.7
1042 Empire -21.2 31.9 109.8 80.6 -85.5 -266.7
1045 iG -20.3 33.3 111.5 76.6 -89.5 -270.7
1046 Liquid -19.2 34.5 112.9 72.6 -93.5 -274.7
1048 MiTH -17.6 36.2 114.9 68.6 -97.5 -278.7
1050 Alliance -16.8 37.1 116.0 64.6 -101.5 -282.7
1051 iG -16.0 38.1 117.2 60.6 -105.5 -286.7
1052 DK -14.4 40.0 119.3 56.6 -109.5 -290.7
1055 Alliance -13.8 40.7 120.2 52.6 -113.5 -294.7
1059 TongFu -12.0 42.2 121.8 48.6 -117.5 -298.7
1061 RS.int -10.5 44.0 123.9 44.6 -121.5 -302.7
1062 MiTH -8.8 45.7 125.8 40.6 -125.5 -306.7
1063 Alliance -8.1 46.5 126.7 36.6 -129.5 -310.7
1064 Alliance -7.3 47.4 127.7 32.6 -133.5 -314.7
1065 SSD -6.3 48.9 129.4 28.6 -137.5 -318.7
1067 Hearts -4.8 50.5 131.2 24.6 -141.5 -322.7
1070 Quantic -8.8 46.5 127.2 34.9 -132.2 -314.3
1071 Quantic -7.0 48.1 129.0 30.9 -136.2 -318.3
1073 Titan -5.5 49.6 130.6 26.9 -140.2 -322.3
1077 StayFree -4.4 51.1 132.4 22.9 -144.2 -326.3
1081 Na'Vi -3.7 51.9 133.4 18.9 -148.2 -330.3
1082 Fnatic.eu -2.9 52.8 134.4 14.9 -152.2 -334.3
1083 Titan -2.1 53.7 135.6 10.9 -156.2 -338.3
1085 FD -1.3 54.8 137.0 6.9 -160.2 -342.3
1088 FXopen -0.4 56.1 138.5 2.9 -164.2 -346.3
1089 Imp 0.3 57.1 139.6 -1.1 -168.2 -350.3
1090 MiTH 1.0 58.0 140.7 -5.1 -172.2 -354.3
1091 Na'Vi 1.9 59.0 142.0 -9.1 -176.2 -358.3
1092 ONE.dota -2.1 55.0 138.0 2.1 -164.6 -348.1
1095 Arcanys -6.1 51.0 134.0 23.6 -147.3 -334.6
1096 VG -5.1 52.4 135.7 19.6 -151.3 -338.6
1097 FD -4.4 53.3 137.0 15.6 -155.3 -342.6
1098 Lowyat -8.4 49.3 133.0 26.2 -145.1 -333.9
1101 Fnatic.eu -7.4 50.5 134.5 22.2 -149.1 -337.9
1104 Poseidon -11.4 46.5 130.5 38.2 -134.9 -326.7
1105 Na'Vi -10.6 47.4 131.6 34.2 -138.9 -330.7
1108 eN.Legs -9.1 49.4 134.0 30.2 -142.9 -334.7
1111 LGD.int -8.1 50.5 135.4 26.2 -146.9 -338.7
1112 DK -7.6 51.2 136.2 22.2 -150.9 -342.7
1114 Na'Vi -6.9 52.0 137.2 18.2 -154.9 -346.7
1117 VG -6.2 52.8 138.2 14.2 -158.9 -350.7
1118 LGD.cn -5.8 53.4 139.0 10.2 -162.9 -354.7
1120 Ahead.kz -4.5 54.9 140.8 6.2 -166.9 -358.7
1122 PR -3.0 56.1 142.1 2.2 -170.9 -362.7
1123 Na'Vi -2.6 56.7 142.8 -1.8 -174.9 -366.7
1124 bvd.dotA -0.6 58.5 144.6 -5.8 -178.9 -370.7
1125 Empire 1.0 60.1 146.2 -9.8 -182.9 -374.7
1126 Life -3.0 56.1 142.2 0.6 -168.8 -361.8
1129 iG -2.5 56.8 143.0 -3.4 -172.8 -365.8
1130 TongFu -0.9 58.6 145.0 -7.4 -176.8 -369.8
1131 Na'Vi 0.1 59.6 146.2 -11.4 -180.8 -373.8
1132 Fnatic.eu 1.0 60.7 147.4 -15.4 -184.8 -377.8
1133 MUFC -3.0 56.7 143.4 -5.1 -175.4 -369.3
1135 Empire -2.0 57.8 144.7 -9.1 -179.4 -373.3
1136 Empire -0.6 59.4 146.5 -13.1 -183.4 -377.3
1137 TakeFive -4.6 55.4 142.5 -2.3 -170.3 -366.0
1141 EOT -3.3 57.6 145.1 -6.3 -174.3 -370.0
1143 DK -2.8 58.3 146.0 -10.3 -178.3 -374.0
1144 VG -6.8 54.3 142.0 4.3 -165.0 -363.6
1146 iG -6.4 54.9 142.7 0.3 -169.0 -367.6
1147 LGD.cn -5.2 56.3 144.4 -3.7 -173.0 -371.6
1149 Na'Vi -4.3 57.3 145.7 -7.7 -177.0 -375.6
1151 Alliance -3.8 58.0 146.5 -11.7 -181.0 -379.6
1155 Empire -2.7 59.5 148.2 -15.7 -185.0 -383.6
1156 iG -1.6 61.1 150.1 -19.7 -189.0 -387.6
1157 Na'Vi -0.8 62.0 151.1 -23.7 -193.0 -391.6
1159 SAfrica 0.3 63.4 152.9 -27.7 -197.0 -395.6
1161 FD 2.1 65.4 154.9 -31.7 -201.0 -399.6
1165 Titan -1.9 61.4 150.9 -21.2 -189.6 -389.5
1168 LGD.cn -0.1 63.2 152.9 -25.2 -193.6 -393.5
1169 DK 0.3 63.8 153.7 -29.2 -197.6 -397.5
1171 Empire 1.1 64.8 154.9 -33.2 -201.6 -401.5
1172 Speed -2.9 60.8 150.9 -14.3 -180.8 -381.4
1173 Empire -1.2 62.5 152.8 -18.3 -184.8 -385.4
1174 Fnatic 0.1 63.8 154.2 -22.3 -188.8 -389.4
1175 TongFu 0.8 64.7 155.4 -26.3 -192.8 -393.4
1176 LGD.cn -3.2 60.7 151.4 -14.6 -183.2 -385.2
1177 TongFu -1.7 62.1 153.0 -18.6 -187.2 -389.2
1178 DK -1.3 62.6 153.7 -22.6 -191.2 -393.2
1179 RStars -5.3 58.6 149.7 -13.5 -182.6 -385.5
1181 Alliance -4.6 59.5 150.8 -17.5 -186.6 -389.5
1183 Speed -3.2 60.8 152.3 -21.5 -190.6 -393.5
1185 Liquid -7.2 56.8 148.3 -0.9 -169.8 -374.2
1188 LGD.int -6.6 57.6 149.2 -4.9 -173.8 -378.2
1189 EG -5.5 59.0 151.0 -8.9 -177.8 -382.2
1190 TongFu -4.7 60.1 152.4 -12.9 -181.8 -386.2
1191 DK -4.3 60.8 153.2 -16.9 -185.8 -390.2
1192 Na'Vi -3.5 61.7 154.5 -20.9 -189.8 -394.2
1194 Dignitas -2.0 63.2 156.2 -24.9 -193.8 -398.2
1195 VG -1.5 63.9 157.0 -28.9 -197.8 -402.2
1196 LGD.cn -1.0 64.6 157.9 -32.9 -201.8 -406.2
1197 CSW 0.4 66.3 159.7 -36.9 -205.8 -410.2
1199 Menace 2.1 68.2 161.9 -40.9 -209.8 -414.2
1200 Liquid 3.7 69.6 163.4 -44.9 -213.8 -418.2
1202 SSD 5.0 71.1 165.2 -48.9 -217.8 -422.2
1203 TongFu 5.4 71.7 165.9 -52.9 -221.8 -426.2
1204 iG 6.1 72.6 166.9 -56.9 -225.8 -430.2
1205 HR 2.1 68.6 162.9 -44.5 -210.7 -416.8
1206 EG 3.6 69.7 164.1 -48.5 -214.7 -420.8
1208 Imp -0.4 65.7 160.1 -40.0 -205.2 -411.8
1210 Liquid -4.4 61.7 156.1 -27.7 -192.7 -401.0
1215 iG -4.0 62.4 156.9 -31.7 -196.7 -405.0
1216 LGD.cn -2.6 64.2 159.1 -35.7 -200.7 -409.0
1217 Speed -6.6 60.2 155.1 -25.7 -191.4 -400.7
1220 Empire -5.3 61.8 157.0 -29.7 -195.4 -404.7
1221 iG -9.3 57.8 153.0 -18.4 -186.5 -397.7
1222 LGD.cn -7.4 59.4 154.7 -22.4 -190.5 -401.7
1223 DK -6.5 60.6 156.2 -26.4 -194.5 -405.7
1230 Property -10.5 56.6 152.2 -13.7 -184.1 -397.1
1232 Alliance -9.6 57.5 153.3 -17.7 -188.1 -401.1
1235 TongFu -13.6 53.5 149.3 0.2 -174.1 -390.4
1237 FSid3 -17.6 49.5 145.3 10.6 -164.6 -382.0
1238 LGD.cn -17.0 50.4 146.5 6.6 -168.6 -386.0
1239 RStars -15.6 52.4 149.0 2.6 -172.6 -390.0
1240 Na'Vi -13.9 54.2 151.0 -1.4 -176.6 -394.0
1242 mouz -12.3 56.2 153.3 -5.4 -180.6 -398.0
1243 Alliance -11.6 57.0 154.4 -9.4 -184.6 -402.0
1245 Speed -10.6 58.3 156.0 -13.4 -188.6 -406.0
1247 iG -10.2 58.9 156.8 -17.4 -192.6 -410.0
1251 UR -8.7 60.8 158.9 -21.4 -196.6 -414.0
1253 LGD.int -12.7 56.8 154.9 7.3 -176.2 -397.9
1256 RS -11.8 57.8 156.2 3.3 -180.2 -401.9
1257 mouz -15.8 53.8 152.2 15.1 -170.4 -393.5
1262 iG -14.7 55.2 153.8 11.1 -174.4 -397.5
1263 LGD.cn -14.0 56.1 154.9 7.1 -178.4 -401.5
1264 DK -13.3 56.9 155.9 3.1 -182.4 -405.5
1266 Alliance -12.6 57.7 156.9 -0.9 -186.4 -409.5
1267 Na'Vi -11.2 59.3 158.7 -4.9 -190.4 -413.5
1268 Mski -10.1 60.7 160.3 -8.9 -194.4 -417.5
1269 Orange -9.1 61.7 161.6 -12.9 -198.4 -421.5
1273 RS -13.1 57.7 157.6 -0.2 -187.2 -411.4
1274 LGD.cn -11.6 59.2 159.2 -4.2 -191.2 -415.4
1275 FXopen -9.9 61.2 161.3 -8.2 -195.2 -419.4
1276 CSW -8.4 62.9 163.2 -12.2 -199.2 -423.4
1278 Lowyat -12.4 58.9 159.2 -7.1054273576e-15 -183.8 -409.4
1279 Titan -11.3 60.0 160.5 -4.0 -187.8 -413.4
1283 Speed -10.1 61.2 161.7 -8.0 -191.8 -417.4
1284 Alliance -9.3 62.0 162.7 -12.0 -195.8 -421.4
1288 Alliance -7.5 63.9 164.6 -16.0 -199.8 -425.4
1292 SSD -11.5 59.9 160.6 -7.6 -190.4 -416.4
1293 TongFu -10.5 61.0 162.0 -11.6 -194.4 -420.4
1294 VG -14.5 57.0 158.0 2.2 -181.2 -409.7
1296 mouz -12.8 58.8 160.0 -1.8 -185.2 -413.7
1299 EG -11.7 60.0 161.3 -5.8 -189.2 -417.7
1301 Hearts -10.4 61.6 163.1 -9.8 -193.2 -421.7
1303 Sigma.int -9.5 62.8 164.6 -13.8 -197.2 -425.7
1305 Empire -8.9 63.6 165.5 -17.8 -201.2 -429.7
1306 FXopen -7.8 65.0 167.1 -21.8 -205.2 -433.7
1307 LGD.int -6.9 66.0 168.3 -25.8 -209.2 -437.7
1308 LGD.cn -6.2 66.8 169.3 -29.8 -213.2 -441.7
1310 Sigma.int -5.5 67.6 170.3 -33.8 -217.2 -445.7
1314 TongFu -5.1 68.2 171.0 -37.8 -221.2 -449.7
1315 Empire -4.3 69.1 172.0 -41.8 -225.2 -453.7
1316 VG -3.6 70.0 173.1 -45.8 -229.2 -457.7
1317 Na'Vi -2.6 71.1 174.5 -49.8 -233.2 -461.7
1318 QPandas -6.6 67.1 170.5 -36.2 -219.7 -448.8
1319 Empire -4.5 68.7 172.1 -40.2 -223.7 -452.8
1321 Fnatic.eu -3.8 69.4 172.7 -44.2 -227.7 -456.8
1322 DK -3.4 69.9 173.4 -48.2 -231.7 -460.8
1323 VG -2.6 70.9 174.7 -52.2 -235.7 -464.8
1324 VG -6.6 66.9 170.7 -38.0 -221.2 -452.6
1325 Kawai -10.6 62.9 166.7 -25.9 -211.3 -443.3
1326 Dignitas -14.6 58.9 162.7 -12.9 -199.3 -433.2
1327 Speed -14.0 59.6 163.6 -16.9 -203.3 -437.2
1328 Dignitas -12.3 61.3 165.4 -20.9 -207.3 -441.2
1329 Alliance -11.7 62.0 166.2 -24.9 -211.3 -445.2
1330 Na'Vi -9.7 63.8 168.2 -28.9 -215.3 -449.2
1331 Na'Vi -8.5 64.8 169.4 -32.9 -219.3 -453.2
1332 Fnatic.eu -12.5 60.8 165.4 -22.8 -207.6 -442.9
1333 Alliance -11.7 61.6 166.4 -26.8 -211.6 -446.9
1334 iG -10.2 63.4 168.6 -30.8 -215.6 -450.9
1335 LGD.int -9.0 64.8 170.2 -34.8 -219.6 -454.9
1336 TongFu -8.0 65.7 171.2 -38.8 -223.6 -458.9
1338 Liquid -6.6 67.2 172.9 -42.8 -227.6 -462.9
1340 Fnatic.eu -5.7 68.2 174.1 -46.8 -231.6 -466.9
1341 Alliance -5.2 68.8 174.8 -50.8 -235.6 -470.9
1343 Fnatic.eu -9.2 64.8 170.8 -42.8 -226.5 -462.4
1345 Sigma.int -8.0 66.3 172.6 -46.8 -230.5 -466.4
1351 VG -7.6 67.0 173.4 -50.8 -234.5 -470.4
1352 DK -7.0 67.6 174.2 -54.8 -238.5 -474.4
1353 Alliance -5.3 69.3 176.1 -58.8 -242.5 -478.4
1354 VP -9.3 65.3 172.1 -45.9 -230.3 -467.5
1355 Alliance -8.1 66.6 173.7 -49.9 -234.3 -471.5
1356 Alliance -6.8 67.8 175.0 -53.9 -238.3 -475.5
1357 Na'Vi -5.7 68.8 176.1 -57.9 -242.3 -479.5
1359 LGD.cn -5.4 69.3 176.7 -61.9 -246.3 -483.5
1360 iG -5.0 69.8 177.3 -65.9 -250.3 -487.5
1361 Dignitas -4.3 70.6 178.3 -69.9 -254.3 -491.5
1362 Speed -3.9 71.1 179.0 -73.9 -258.3 -495.5
1364 Na'Vi -2.1 73.0 181.0 -77.9 -262.3 -499.5
1365 Alliance -1.4 73.7 181.8 -81.9 -266.3 -503.5
1366 Alliance -1.0 74.2 182.4 -85.9 -270.3 -507.5
1367 Liquid 0.6 76.1 184.6 -89.9 -274.3 -511.5
1368 Fnatic.eu 1.8 77.3 185.9 -93.9 -278.3 -515.5
1369 Na'Vi 2.5 78.1 186.8 -97.9 -282.3 -519.5
1370 LGD.int -1.5 74.1 182.8 -88.7 -271.9 -510.0
1372 VP -5.5 70.1 178.8 -70.8 -256.7 -497.3
1373 Liquid -4.2 71.4 180.3 -74.8 -260.7 -501.3
1377 LGD.cn -2.7 73.0 182.1 -78.8 -264.7 -505.3
1379 Fnatic.eu -1.6 74.2 183.5 -82.8 -268.7 -509.3
1380 Liquid -0.5 75.4 184.9 -86.8 -272.7 -513.3
1381 Liquid -4.5 71.4 180.9 -71.9 -258.7 -501.4
1382 Titan -3.7 72.4 182.2 -75.9 -262.7 -505.4
1383 LGD.cn -2.2 74.2 184.2 -79.9 -266.7 -509.4
1384 Empire -1.5 75.0 185.2 -83.9 -270.7 -513.4
1386 StayFree -5.5 71.0 181.2 -73.5 -260.6 -504.4
1388 iG -5.0 71.7 182.0 -77.5 -264.6 -508.4
1389 RStars -4.3 72.7 183.4 -81.5 -268.6 -512.4
1390 Alliance -3.8 73.3 184.1 -85.5 -272.6 -516.4
1391 Fnatic.eu -2.6 74.6 185.7 -89.5 -276.6 -520.4
1396 rox.KIS -6.6 70.6 181.7 -54.3 -248.9 -497.2
1399 EG -10.6 66.6 177.7 -39.3 -233.1 -483.9
1401 Alliance -8.8 68.3 179.6 -43.3 -237.1 -487.9
1404 VG -7.9 69.4 181.0 -47.3 -241.1 -491.9
1405 Speed -7.1 70.5 182.4 -51.3 -245.1 -495.9
1408 Liquid -5.4 72.4 184.5 -55.3 -249.1 -499.9
1412 DK -5.0 73.1 185.4 -59.3 -253.1 -503.9
1415 VP -9.0 69.1 181.4 -47.4 -240.4 -492.7
1416 Liquid -7.2 70.9 183.3 -51.4 -244.4 -496.7
1421 Na'Vi -5.7 72.5 185.2 -55.4 -248.4 -500.7
1423 Alliance -5.2 73.1 185.9 -59.4 -252.4 -504.7
1424 DK -4.9 73.5 186.5 -63.4 -256.4 -508.7
1425 VG -4.2 74.3 187.5 -67.4 -260.4 -512.7
1426 Speed -2.8 75.8 189.2 -71.4 -264.4 -516.7
1429 Empire -1.6 77.0 190.6 -75.4 -268.4 -520.7
1430 Na'Vi -0.7 78.0 191.8 -79.4 -272.4 -524.7
1431 DK -0.3 78.5 192.4 -83.4 -276.4 -528.7
1438 Liquid 0.4 79.4 193.4 -87.4 -280.4 -532.7
1439 Empire -3.6 75.4 189.4 -73.9 -265.8 -518.2
1442 LGD.int -3.2 76.0 190.1 -77.9 -269.8 -522.2
1443 TongFu -2.5 76.8 191.1 -81.9 -273.8 -526.2
1449 Titan -0.6 78.5 192.9 -85.9 -277.8 -530.2
1450 Na'Vi 0.3 79.6 194.2 -89.9 -281.8 -534.2
1451 Na'Vi 1.7 81.0 195.6 -93.9 -285.8 -538.2
1456 Liquid 3.2 82.8 197.6 -97.9 -289.8 -542.2
1458 Fnatic.eu -0.8 78.8 193.6 -85.1 -277.4 -530.9
1459 Na'Vi 0.9 80.3 195.3 -89.1 -281.4 -534.9
1460 Alliance 1.8 81.2 196.3 -93.1 -285.4 -538.9
1461 rox.KIS -2.2 77.2 192.3 -83.5 -276.6 -530.8
1462 rox.KIS -0.7 78.7 194.0 -87.5 -280.6 -534.8
1465 DK 0.8 80.2 195.6 -91.5 -284.6 -538.8
1466 4FC -3.2 76.2 191.6 -78.6 -271.8 -527.0
1468 Alliance -1.4 78.1 193.6 -82.6 -275.8 -531.0
1473 LGD.cn -0.8 78.9 194.6 -86.6 -279.8 -535.0
1475 TongFu3 1.0 80.6 196.5 -90.6 -283.8 -539.0
1478 Alliance 2.2 81.9 197.9 -94.6 -287.8 -543.0
1479 Liquid 2.9 82.7 198.9 -98.6 -291.8 -547.0
1480 Na'Vi 4.6 84.2 200.5 -102.6 -295.8 -551.0
1481 DK 0.6 80.2 196.5 -93.3 -287.6 -544.3
1482 Fnatic.eu 1.3 81.1 197.7 -97.3 -291.6 -548.3
1483 Sigma.int -2.7 77.1 193.7 -86.3 -279.2 -536.7
1489 Na'Vi -1.0 78.8 195.6 -90.3 -283.2 -540.7
1490 EG -0.2 79.8 196.7 -94.3 -287.2 -544.7
1492 Alliance 1.1 81.2 198.2 -98.3 -291.2 -548.7
1494 Na'Vi 1.7 81.9 199.0 -102.3 -295.2 -552.7
1495 DK 2.8 83.2 200.5 -106.3 -299.2 -556.7
1497 Speed -1.2 79.2 196.5 -92.7 -287.3 -545.8
1498 Fnatic.eu -5.2 75.2 192.5 -76.6 -271.8 -531.1
1499 DK -4.4 76.2 193.5 -80.6 -275.8 -535.1
1500 Speed -3.7 77.1 194.7 -84.6 -279.8 -539.1
1501 Liquid -7.7 73.1 190.7 -71.2 -266.7 -527.3
1506 Liquid -6.4 74.5 192.2 -75.2 -270.7 -531.3
1507 DK -4.7 76.2 193.9 -79.2 -274.7 -535.3
1508 Alliance -4.1 77.0 194.7 -83.2 -278.7 -539.3
1510 Na'Vi -2.6 78.6 196.5 -87.2 -282.7 -543.3
1511 Sigma.int -2.1 79.3 197.2 -91.2 -286.7 -547.3
1512 Alliance -1.2 80.3 198.4 -95.2 -290.7 -551.3
1513 DK -0.9 80.8 199.0 -99.2 -294.7 -555.3
1515 Speed -4.9 76.8 195.0 -88.2 -283.9 -545.5
1518 Speed -8.9 72.8 191.0 -78.5 -275.5 -537.9
1523 SSD -12.9 68.8 187.0 -65.1 -262.2 -526.6
1524 Aspera -11.5 70.6 189.0 -69.1 -266.2 -530.6
1527 VP -10.4 72.0 190.6 -73.1 -270.2 -534.6
1528 TongFu -9.7 72.8 191.6 -77.1 -274.2 -538.6
1529 LGD.int -9.1 73.6 192.6 -81.1 -278.2 -542.6
1530 Empire -7.6 75.3 194.5 -85.1 -282.2 -546.6
1531 Aspera -6.2 76.8 196.2 -89.1 -286.2 -550.6
1533 OsG -10.2 72.8 192.2 -75.9 -273.7 -540.3
1534 Poseidon -8.3 74.7 194.3 -79.9 -277.7 -544.3
1537 FL -12.3 70.7 190.3 -70.1 -266.5 -534.7
1544 SSD -10.6 72.6 192.4 -74.1 -270.5 -538.7
1545 LGD.cn -9.1 74.4 194.6 -78.1 -274.5 -542.7
1546 iG -7.9 75.8 196.3 -82.1 -278.5 -546.7
1547 Fnatic.eu -11.9 71.8 192.3 -72.2 -268.3 -537.1
1548 Na'Vi -10.3 73.4 194.1 -76.2 -272.3 -541.1
1549 VG -9.7 74.3 195.3 -80.2 -276.3 -545.1
1550 DK -9.0 75.1 196.3 -84.2 -280.3 -549.1
1553 Fnatic.eu -13.0 71.1 192.3 -74.9 -271.5 -541.5
1554 Alliance -11.1 72.9 194.2 -78.9 -275.5 -545.5
1557 LGD.int -15.1 68.9 190.2 -70.2 -266.0 -537.0
1562 VG -19.1 64.9 186.2 -63.2 -256.3 -527.9
1568 Next.kz -17.9 66.4 187.9 -67.2 -260.3 -531.9
1572 Fnatic.eu -16.5 67.7 189.3 -71.2 -264.3 -535.9
1573 iG -14.7 69.6 191.6 -75.2 -268.3 -539.9
1574 DK -13.6 70.8 192.9 -79.2 -272.3 -543.9
1576 5inQ -12.1 72.7 195.2 -83.2 -276.3 -547.9
1578 VG -16.1 68.7 191.2 -74.0 -267.4 -539.6
1579 DK -15.0 70.2 192.9 -78.0 -271.4 -543.6
1580 Alliance -13.9 71.5 194.4 -82.0 -275.4 -547.6
1582 PR -12.5 72.8 195.8 -86.0 -279.4 -551.6
1583 Sigma.int -11.1 74.5 197.8 -90.0 -283.4 -555.6
1585 Fnatic.eu -10.2 75.5 199.0 -94.0 -287.4 -559.6
1586 Fnatic.eu -14.2 71.5 195.0 -84.4 -278.0 -550.3
1587 Idol -12.7 73.3 197.3 -88.4 -282.0 -554.3
1589 FD -11.7 74.4 198.6 -92.4 -286.0 -558.3
1590 Orange -10.9 75.4 199.9 -96.4 -290.0 -562.3
1593 FD -10.2 76.4 201.2 -100.4 -294.0 -566.3
1594 FD -14.2 72.4 197.2 -91.6 -284.0 -557.1
1597 Empire -12.4 74.2 199.0 -95.6 -288.0 -561.1
1598 Alliance -11.5 75.2 200.1 -99.6 -292.0 -565.1
1599 OsG -15.5 71.2 196.1 -90.8 -284.2 -558.0
1600 TR -19.5 67.2 192.1 -79.9 -275.8 -550.9
1602 VP -17.8 69.1 194.1 -83.9 -279.8 -554.9
1603 Fnatic.eu -16.3 70.6 195.6 -87.9 -283.8 -558.9
1604 Sigma.int -20.3 66.6 191.6 -77.5 -273.0 -548.8
1607 Idol -19.3 68.0 193.3 -81.5 -277.0 -552.8
1608 VP -23.3 64.0 189.3 -71.6 -268.1 -545.3
1611 Sigma.int -22.3 65.3 190.8 -75.6 -272.1 -549.3
1612 Fnatic.eu -20.4 67.2 193.0 -79.6 -276.1 -553.3
1613 Fnatic.eu -19.0 68.6 194.6 -83.6 -280.1 -557.3
1614 Alliance -18.4 69.4 195.5 -87.6 -284.1 -561.3
1618 FD -16.8 71.1 197.6 -91.6 -288.1 -565.3
1620 VP -15.3 72.5 199.2 -95.6 -292.1 -569.3
1623 SSD -13.4 74.4 201.2 -99.6 -296.1 -573.3
1624 PR -11.8 76.2 203.2 -103.6 -300.1 -577.3
1625 Idol -15.8 72.2 199.2 -94.5 -291.3 -569.6
1626 FD -14.9 73.4 200.6 -98.5 -295.3 -573.6
1627 MVP -12.9 75.1 202.4 -102.5 -299.3 -577.6
1628 Alliance -12.2 75.8 203.3 -106.5 -303.3 -581.6
1629 Fnatic.eu -11.7 76.4 204.1 -110.5 -307.3 -585.6
1631 VG -11.2 77.1 205.1 -114.5 -311.3 -589.6
1634 Alliance -10.5 78.0 206.1 -118.5 -315.3 -593.6
1636 Sigma.int -9.8 78.8 207.2 -122.5 -319.3 -597.6
1637 Na'Vi -7.9 80.6 209.1 -126.5 -323.3 -601.6
1641 RRQ -11.9 76.6 205.1 -117.3 -313.3 -592.0
1642 MiTH -10.2 78.7 207.3 -121.3 -317.3 -596.0
1648 Poseidon -14.2 74.7 203.3 -112.9 -308.9 -587.9
1651 rox.KIS -12.5 76.4 205.2 -116.9 -312.9 -591.9
1652 PR -11.4 77.7 206.7 -120.9 -316.9 -595.9
1653 mouz -9.8 79.3 208.5 -124.9 -320.9 -599.9
1654 MVP.P -8.8 80.7 210.1 -128.9 -324.9 -603.9
1656 HR -12.8 76.7 206.1 -119.9 -314.3 -594.1
1657 RRQ -12.1 77.6 207.2 -123.9 -318.3 -598.1
1660 Poseidon -16.1 73.6 203.2 -107.5 -303.7 -586.5
1662 Fnatic.eu -15.3 74.6 204.4 -111.5 -307.7 -590.5
1664 DK -14.6 75.4 205.4 -115.5 -311.7 -594.5
1665 LGD.cn -14.0 76.1 206.4 -119.5 -315.7 -598.5
1667 Fnatic.eu -12.5 77.5 208.0 -123.5 -319.7 -602.5
1668 Duskbin -11.7 78.8 209.6 -127.5 -323.7 -606.5
1669 Neon -15.7 74.8 205.6 -118.8 -315.6 -599.5
1672 MiTH -13.8 76.7 207.7 -122.8 -319.6 -603.5
1674 Empire -12.6 78.0 209.1 -126.8 -323.6 -607.5
1676 TR -16.6 74.0 205.1 -112.6 -312.0 -597.7
1677 Na'Vi -15.4 75.2 206.6 -116.6 -316.0 -601.7
1678 Na'Vi -14.5 76.3 207.8 -120.6 -320.0 -605.7
1679 Speed -12.8 78.0 209.7 -124.6 -324.0 -609.7
1681 Mski -11.9 79.1 211.0 -128.6 -328.0 -613.7
1682 Lowyat -10.7 80.4 212.6 -132.6 -332.0 -617.7
1683 rox.KIS -9.4 82.0 214.5 -136.6 -336.0 -621.7
1684 Alliance -8.0 83.3 215.9 -140.6 -340.0 -625.7
1685 Alliance -7.5 83.9 216.6 -144.6 -344.0 -629.7
1686 Sigma.int -6.3 85.1 218.0 -148.6 -348.0 -633.7
1688 Fnatic.eu -4.9 86.5 219.5 -152.6 -352.0 -637.7
1689 iG -4.4 87.1 220.2 -156.6 -356.0 -641.7
1690 Mski -2.4 88.6 221.7 -160.6 -360.0 -645.7
1697 mouz -6.4 84.6 217.7 -143.7 -339.9 -625.6
1698 Alliance -4.9 85.9 219.1 -147.7 -343.9 -629.6
1699 OsG -8.9 81.9 215.1 -119.3 -317.6 -606.2
1701 TongFu -7.9 82.9 216.2 -123.3 -321.6 -610.2
1705 Next.kz -6.2 84.8 218.4 -127.3 -325.6 -614.2
1706 Sigma.int -5.3 85.6 219.3 -131.3 -329.6 -618.2
1707 mouz -4.1 86.7 220.5 -135.3 -333.6 -622.2
1708 HR -3.0 88.0 222.1 -139.3 -337.6 -626.2
1709 iG -1.6 89.6 224.1 -143.3 -341.6 -630.2
1709 iG -0.2 91.2 226.1 -147.3 -345.6 -634.2
1711 Next.kz 0.6 92.2 227.3 -151.3 -349.6 -638.2
1711 Next.kz 1.3 93.1 228.3 -155.3 -353.6 -642.2
1712 VP 3.0 94.8 230.1 -159.3 -357.6 -646.2
1712 VP 4.9 96.4 231.8 -163.3 -361.6 -650.2
1713 Alliance 6.5 98.0 233.5 -167.3 -365.6 -654.2
1713 Sigma.int 8.3 99.4 235.2 -171.3 -369.6 -658.2
1714 rox.KIS 9.0 100.3 236.2 -175.3 -373.6 -662.2
1714 rox.KIS 9.9 101.2 237.4 -179.3 -377.6 -666.2
1719 HR 11.7 102.7 239.0 -183.3 -381.6 -670.2
1719 HR 13.5 104.2 240.6 -187.3 -385.6 -674.2
1720 Mski 14.4 105.2 241.7 -191.3 -389.6 -678.2
1721 Lowyat 15.5 106.2 243.2 -195.3 -393.6 -682.2
1722 Mski 16.3 107.0 244.2 -199.3 -397.6 -686.2
1723 Mski 18.0 108.6 245.8 -203.3 -401.6 -690.2
1724 LGD.cn 19.6 110.3 247.7 -207.3 -405.6 -694.2
1725 VG 20.7 111.5 249.1 -211.3 -409.6 -698.2
1726 Lowyat 21.7 112.5 250.3 -215.3 -413.6 -702.2
1727 Mski 22.5 113.4 251.2 -219.3 -417.6 -706.2
1728 sQreen 18.5 109.4 247.2 -207.1 -405.1 -695.2
1730 rox.KIS 19.5 110.8 248.7 -211.1 -409.1 -699.2
1731 Empire 15.5 106.8 244.7 -198.9 -396.2 -687.9
1733 PR 11.5 102.8 240.7 -188.0 -385.7 -678.2
1735 Mski 12.3 103.6 241.7 -192.0 -389.7 -682.2
1736 Lowyat 8.3 99.6 237.7 -182.8 -380.7 -674.3
1742 Na'Vi 9.8 101.6 239.9 -186.8 -384.7 -678.3
1743 Na'Vi 11.5 103.7 242.3 -190.8 -388.7 -682.3
1744 Sigma.int 12.5 105.0 243.8 -194.8 -392.7 -686.3
1745 Na'Vi 13.2 105.9 244.9 -198.8 -396.7 -690.3
1746 Alliance 13.9 106.7 246.0 -202.8 -400.7 -694.3
1750 Alliance 14.6 107.5 247.0 -206.8 -404.7 -698.3
1751 Na'Vi 15.5 108.5 248.2 -210.8 -408.7 -702.3
1753 Na'Vi 16.8 109.9 249.8 -214.8 -412.7 -706.3
1754 TR 12.8 105.9 245.8 -201.9 -401.3 -696.6
1755 SSD 13.9 107.3 247.5 -205.9 -405.3 -700.6
1758 DK 15.5 109.1 249.6 -209.9 -409.3 -704.6
1760 Duskbin 11.5 105.1 245.6 -200.4 -398.7 -694.7
1761 Mski 12.5 106.4 247.0 -204.4 -402.7 -698.7
1762 TR 8.5 102.4 243.0 -195.0 -394.4 -691.5
1763 rox.KIS 9.4 103.4 244.2 -199.0 -398.4 -695.5
1764 Na'Vi 10.5 104.5 245.5 -203.0 -402.4 -699.5
1768 QPandas 6.5 100.5 241.5 -192.6 -392.6 -691.0
1771 VG 7.4 101.7 243.1 -196.6 -396.6 -695.0
1774 Idol 8.4 103.2 245.0 -200.6 -400.6 -699.0
1776 Fnatic.eu 9.5 104.4 246.4 -204.6 -404.6 -703.0
1777 PR 11.0 106.0 248.2 -208.6 -408.6 -707.0
1779 Fnatic.eu 12.8 107.5 249.8 -212.6 -412.6 -711.0
1780 Titan 14.2 109.1 251.6 -216.6 -416.6 -715.0
1781 FD 15.9 111.0 253.7 -220.6 -420.6 -719.0
1783 Titan 16.9 112.0 255.0 -224.6 -424.6 -723.0
1784 LGD.cn 18.5 113.6 257.0 -228.6 -428.6 -727.0
1785 Fnatic.eu 19.6 114.8 258.3 -232.6 -432.6 -731.0
1786 Fnatic.eu 21.0 116.2 259.8 -236.6 -436.6 -735.0
1788 Sigma.int 21.6 116.9 260.7 -240.6 -440.6 -739.0
1790 Na'Vi 22.6 117.8 261.7 -244.6 -444.6 -743.0
1791 Revenge 18.6 113.8 257.7 -235.2 -433.1 -731.4
1793 Fnatic.eu 19.9 115.1 259.2 -239.2 -437.1 -735.4
1795 Empire 21.5 116.9 261.0 -243.2 -441.1 -739.4
1797 TR 17.5 112.9 257.0 -233.8 -431.3 -729.9
1800 Empire 19.1 114.5 258.8 -237.8 -435.3 -733.9
1801 Na'Vi 20.8 115.9 260.4 -241.8 -439.3 -737.9
1802 PR 16.8 111.9 256.4 -228.7 -423.4 -723.1
1803 Sigma.int 18.0 113.3 257.9 -232.7 -427.4 -727.1
1804 DK 18.4 113.9 258.6 -236.7 -431.4 -731.1
1805 VG 19.0 114.6 259.5 -240.7 -435.4 -735.1
1806 DT 20.7 116.2 261.3 -244.7 -439.4 -739.1
1807 LGD.cn 21.2 116.8 262.1 -248.7 -443.4 -743.1
1808 iG 21.6 117.4 262.9 -252.7 -447.4 -747.1
1809 Titan 22.8 118.5 264.2 -256.7 -451.4 -751.1
1811 TongFu 23.7 119.4 265.3 -260.7 -455.4 -755.1
1814 LGD.cn 24.2 120.1 266.2 -264.7 -459.4 -759.1
1815 iG 25.1 121.5 267.9 -268.7 -463.4 -763.1
1817 Mski 26.3 122.7 269.3 -272.7 -467.4 -767.1
1820 Empire 27.2 123.6 270.4 -276.7 -471.4 -771.1
1821 QPandas 23.2 119.6 266.4 -265.9 -460.4 -761.5
1822 Fnatic.eu 23.7 120.2 267.1 -269.9 -464.4 -765.5
1823 SSD 25.4 121.8 268.8 -273.9 -468.4 -769.5
1825 DK 27.0 123.6 270.9 -277.9 -472.4 -773.5
1826 Titan 28.0 124.6 272.0 -281.9 -476.4 -777.5
1827 MVP.P 28.9 125.8 273.4 -285.9 -480.4 -781.5
1828 TongFu 24.9 121.8 269.4 -271.5 -469.2 -771.7
1829 Sigma.int 26.2 123.5 271.4 -275.5 -473.2 -775.7
1831 rox.KIS 22.2 119.5 267.4 -266.5 -465.7 -768.7
1833 Fnatic.eu 23.7 120.9 268.8 -270.5 -469.7 -772.7
1836 DK 25.1 122.5 270.6 -274.5 -473.7 -776.7
1837 Titan 26.7 124.0 272.3 -278.5 -477.7 -780.7
1839 Sigma.int 22.7 120.0 268.3 -269.7 -469.2 -772.8
1840 PR 18.7 116.0 264.3 -257.5 -457.9 -762.3
1841 SSD 20.5 118.0 266.5 -261.5 -461.9 -766.3
1842 DK 21.8 119.6 268.3 -265.5 -465.9 -770.3
1845 DK 23.7 121.8 269.5 -269.5 -469.9 -774.3
1846 DK 24.6 122.9 270.1 -273.5 -473.9 -778.3
1847 DK 25.4 124.0 271.4 -277.5 -477.9 -782.3
1848 TongFu 27.1 126.1 273.8 -281.5 -481.9 -786.3
1850 rox.KIS 28.4 127.7 274.6 -285.5 -485.9 -790.3
1851 Alliance 29.1 128.6 275.2 -289.5 -489.9 -794.3
1852 SSD 30.8 130.2 276.9 -293.5 -493.9 -798.3
1853 Alliance 31.8 131.0 277.8 -297.5 -497.9 -802.3
1857 iG 32.5 131.9 278.9 -301.5 -501.9 -806.3
1860 Fnatic.eu 33.1 132.7 279.8 -305.5 -505.9 -810.3
1861 Sigma.int 34.1 133.9 281.3 -309.5 -509.9 -814.3
1862 Next.kz 30.1 129.9 277.3 -298.6 -499.3 -804.5
1863 Fnatic.eu 31.3 131.2 278.3 -302.6 -503.3 -808.5
1865 TongFu 32.1 132.2 279.5 -306.6 -507.3 -812.5
1866 Sigma.int 34.0 134.5 281.1 -310.6 -511.3 -816.5
1867 Fnatic.eu 34.9 135.5 281.8 -314.6 -515.3 -820.5
1868 Na'Vi 35.6 136.3 282.3 -318.6 -519.3 -824.5
1870 FSid3 31.6 132.3 278.3 -308.9 -507.8 -813.2
1871 Relax 33.3 134.1 280.5 -312.9 -511.8 -817.2
1874 Revenge 34.7 135.7 281.5 -316.9 -515.8 -821.2
1875 iG 36.3 137.4 283.4 -320.9 -519.8 -825.2
1876 GB 38.1 139.3 285.6 -324.9 -523.8 -829.2
1877 FD 39.7 141.0 286.9 -328.9 -527.8 -833.2
1878 Invasion 35.7 137.0 282.9 -317.3 -517.4 -819.3
1879 Orange 36.5 137.9 283.9 -321.3 -521.4 -823.3
1883 iG 32.5 133.9 279.9 -312.9 -513.9 -813.6
1885 Mski 33.7 135.0 281.1 -316.9 -517.9 -817.6
1886 Invasion 35.0 136.4 282.1 -320.9 -521.9 -821.6
1887 Lowyat 36.3 137.8 283.5 -324.9 -525.9 -825.6
1889 Fnatic.eu 32.3 133.8 279.5 -307.7 -512.8 -813.8
1893 Mski 33.5 135.2 280.2 -311.7 -516.8 -817.8
1894 Spirit 29.5 131.2 276.2 -299.2 -505.3 -801.5
1898 Titan 30.8 132.9 277.0 -303.2 -509.3 -805.5
1903 Titan 32.8 135.3 278.3 -307.2 -513.3 -809.5
1906 5inQ 33.9 137.0 280.3 -311.2 -517.3 -813.5
1910 FD 35.8 139.2 281.8 -315.2 -521.3 -817.5
1911 Titan 36.9 140.5 282.8 -319.2 -525.3 -821.5
1913 rox.KIS 38.3 142.1 284.1 -323.2 -529.3 -825.5
1914 rox.KIS 40.1 143.9 286.1 -327.2 -533.3 -829.5
1916 rox.KIS 41.4 145.3 287.6 -331.2 -537.3 -833.5
1917 Orange 43.4 146.9 289.3 -335.2 -541.3 -837.5
1918 Orange 45.5 148.8 291.2 -339.2 -545.3 -841.5
1923 VP 47.0 150.5 293.0 -343.2 -549.3 -845.5
1925 PR 48.7 152.1 294.4 -347.2 -553.3 -849.5
1927 Titan 50.3 153.9 295.6 -351.2 -557.3 -853.5
1928 Zephyr 51.3 155.4 297.4 -355.2 -561.3 -857.5
1929 MVP 52.6 156.9 299.2 -359.2 -565.3 -861.5
1934 Sigma.int 48.6 152.9 295.2 -348.2 -553.9 -850.9
1935 EOT.Ham. 44.6 148.9 291.2 -332.7 -543.9 -842.8
1936 Alliance 46.4 150.9 292.9 -336.7 -547.9 -846.8
1937 Na'Vi 48.2 152.9 295.1 -340.7 -551.9 -850.8
1939 Na'Vi 49.9 154.8 296.5 -344.7 -555.9 -854.8
1944 VP 51.8 156.9 298.0 -348.7 -559.9 -858.8
1945 rox.KIS 52.9 158.2 298.8 -352.7 -563.9 -862.8
1948 Empire 53.9 159.3 300.2 -356.7 -567.9 -866.8
1949 EOT.Ham. 49.9 155.3 296.2 -345.8 -558.6 -858.8
1951 Empire 51.1 156.8 297.0 -349.8 -562.6 -862.8
1953 Fnatic.eu 52.1 158.0 298.0 -353.8 -566.6 -866.8
1954 Empire 53.0 159.0 299.2 -357.8 -570.6 -870.8
1956 rox.KIS 54.6 160.4 300.7 -361.8 -574.6 -874.8
1960 Empire 56.3 162.2 302.9 -365.8 -578.6 -878.8
1961 Fnatic.eu 57.1 163.1 303.5 -369.8 -582.6 -882.8
1963 Life 53.1 159.1 299.5 -360.4 -573.0 -875.9
1964 Fnatic.eu 54.2 160.5 300.3 -364.4 -577.0 -879.9
1965 Relax 55.9 162.5 301.9 -368.4 -581.0 -883.9
1967 Liquid 57.3 163.6 303.2 -372.4 -585.0 -887.9
1971 Relax 53.3 159.6 299.2 -357.7 -572.2 -877.1
1972 PR 49.3 155.6 295.2 -347.7 -563.7 -861.6
1973 Sigma.int 50.5 157.2 296.0 -351.7 -567.7 -865.6
1975 Fnatic.eu 51.2 158.0 296.4 -355.7 -571.7 -869.6
1981 Liquid 52.1 159.2 297.9 -359.7 -575.7 -873.6
1982 Speed 53.1 160.4 298.8 -363.7 -579.7 -877.6
1984 Empire 54.0 161.4 299.6 -367.7 -583.7 -881.6
1985 SADBOYS 50.0 157.4 295.6 -357.9 -575.0 -871.3
1992 Speed 50.9 158.5 297.0 -361.9 -579.0 -875.3
1995 SADBOYS 52.4 160.5 299.5 -365.9 -583.0 -879.3
2001 Speed 53.3 161.8 301.0 -369.9 -587.0 -883.3
2009 Fnatic.eu 54.8 163.5 302.3 -373.9 -591.0 -887.3
2010 Na'Vi 56.3 165.1 303.9 -377.9 -595.0 -891.3
2014 Speed 57.5 166.4 304.8 -381.9 -599.0 -895.3
2015 Speed 58.3 167.3 306.0 -385.9 -603.0 -899.3
2016 Revenge 60.2 169.3 308.1 -389.9 -607.0 -903.3
2018 Fnatic.eu 56.2 165.3 304.1 -381.0 -597.5 -894.5
2019 Na'Vi 57.6 166.7 305.7 -385.0 -601.5 -898.5
2020 PR 59.4 168.6 307.7 -389.0 -605.5 -902.5
2022 Liquid 60.3 169.6 308.3 -393.0 -609.5 -906.5
2023 SADBOYS 61.0 170.5 309.4 -397.0 -613.5 -910.5
2024 SADBOYS 62.4 172.0 310.1 -401.0 -617.5 -914.5
2029 Empire 63.5 173.3 310.8 -405.0 -621.5 -918.5
2032 Liquid 64.4 174.3 311.9 -409.0 -625.5 -922.5
2034 Denial 60.4 170.3 307.9 -398.7 -615.6 -912.1
2035 SADBOYS 61.4 171.4 308.5 -402.7 -619.6 -916.1
2047 Empire 63.1 173.4 309.8 -406.7 -623.6 -920.1
2048 Arrow 64.8 175.5 310.8 -410.7 -627.6 -924.1
2049 GL 66.9 177.8 312.4 -414.7 -631.6 -928.1
2052 Nullis 62.9 173.8 308.4 -406.9 -624.5 -919.2
2053 SADBOYS 63.7 174.9 308.8 -410.9 -628.5 -923.2
2054 Empire 64.7 176.2 310.4 -414.9 -632.5 -927.2
2055 Na'Vi 65.7 177.4 311.1 -418.9 -636.5 -931.2
2056 bvd.dotA 67.2 179.1 313.2 -422.9 -640.5 -935.2
2058 Cloud9 68.1 180.4 313.6 -426.9 -644.5 -939.2
2059 Empire 69.0 181.4 314.7 -430.9 -648.5 -943.2
2061 rox.KIS 65.0 177.4 310.7 -415.3 -633.8 -930.1
2064 Cloud9 66.0 178.6 312.2 -419.3 -637.8 -934.1
2066 Alliance 67.2 179.8 313.5 -423.3 -641.8 -938.1
2067 Na'Vi 68.0 180.7 314.5 -427.3 -645.8 -942.1
2068 Fnatic.eu 69.0 181.8 315.4 -431.3 -649.8 -946.1
2074 vhoul 65.0 177.8 311.4 -420.9 -640.1 -939.2
2076 Courage 61.0 173.8 307.4 -408.1 -629.3 -917.1
2079 Empire 62.6 175.7 309.5 -412.1 -633.3 -921.1
2080 rox.KIS 58.6 171.7 305.5 -395.8 -617.4 -907.8
2082 rox.KIS 59.6 172.9 306.8 -399.8 -621.4 -911.8
2083 PR 60.5 173.9 307.9 -403.8 -625.4 -915.8
2087 Liquid 61.8 175.3 308.8 -407.8 -629.4 -919.8
2089 SADBOYS 62.7 176.4 310.3 -411.8 -633.4 -923.8
2093 rox.KIS 64.5 178.3 311.5 -415.8 -637.4 -927.8
2095 Titan 65.9 180.0 312.1 -419.8 -641.4 -931.8
2097 rox.KIS 67.3 181.6 312.9 -423.8 -645.4 -935.8
2098 Zephyr 68.4 182.7 314.3 -427.8 -649.4 -939.8
2099 rox.KIS 70.4 184.6 316.2 -431.8 -653.4 -943.8
2100 PR 71.8 186.1 317.4 -435.8 -657.4 -947.8
2102 MYM 73.4 187.8 319.3 -439.8 -661.4 -951.8
2104 Arrow 69.4 183.8 315.3 -430.8 -652.5 -943.9
2113 TCN 71.0 185.8 316.4 -434.8 -656.5 -947.9
2117 Titan 73.1 188.3 317.9 -438.8 -660.5 -951.9
2119 Empire 73.8 189.2 318.4 -442.8 -664.5 -955.9
2121 Relax 74.9 190.5 319.5 -446.8 -668.5 -959.9
2123 rox.KIS 75.8 191.6 320.2 -450.8 -672.5 -963.9
2128 Alliance 77.4 193.3 321.8 -454.8 -676.5 -967.9
2131 Titan 78.1 194.2 322.9 -458.8 -680.5 -971.9
2132 Fnatic.eu 79.8 195.9 324.5 -462.8 -684.5 -975.9
2133 Next.kz 75.8 191.9 320.5 -446.5 -669.7 -955.8
2136 Swage 77.5 193.8 322.3 -450.5 -673.7 -959.8
2137 Revenge 79.2 195.6 323.5 -454.5 -677.7 -963.8
2138 Liquid 80.2 196.7 324.2 -458.5 -681.7 -967.8
2139 eHug 81.9 198.5 325.7 -462.5 -685.7 -971.8
2141 WWD 83.4 200.0 327.5 -466.5 -689.7 -975.8
2143 MiTH 84.9 201.5 328.8 -470.5 -693.7 -979.8
2146 Fnatic.eu 86.8 203.6 330.5 -474.5 -697.7 -983.8
2147 Na'Vi 87.9 204.8 331.8 -478.5 -701.7 -987.8
2148 PR 83.9 200.8 327.8 -466.5 -691.9 -979.6
2149 Sigma.int 85.5 202.5 329.7 -470.5 -695.9 -983.6
2152 Relax 81.5 198.5 325.7 -460.3 -686.2 -973.9
2155 MYM 83.2 200.1 327.6 -464.3 -690.2 -977.9
2156 Cloud9 84.2 201.3 328.3 -468.3 -694.2 -981.9
2158 Denial 80.2 197.3 324.3 -458.5 -684.9 -969.9
2159 SADBOYS 80.9 198.2 325.4 -462.5 -688.9 -973.9
2160 Dog 82.3 200.0 327.4 -466.5 -692.9 -977.9
2162 Orange 83.2 201.1 328.6 -470.5 -696.9 -981.9
2165 TR 79.2 197.1 324.6 -456.4 -684.3 -962.4
2169 WWD 81.5 199.8 325.9 -460.4 -688.3 -966.4
2170 ZR 77.5 195.8 321.9 -451.3 -678.6 -957.5
2171 Relax 79.3 197.6 323.7 -455.3 -682.6 -961.5
2172 Na'Vi 80.4 198.9 324.5 -459.3 -686.6 -965.5
2175 Liquid 81.3 199.9 325.8 -463.3 -690.6 -969.5
2177 Dog 82.7 201.7 328.2 -467.3 -694.6 -973.5
2178 VP 84.0 203.1 329.4 -471.3 -698.6 -977.5
2181 MiT 80.0 199.1 325.4 -458.7 -686.3 -966.3
2185 Scythe 81.3 200.8 325.9 -462.7 -690.3 -970.3
2187 Titan 81.9 201.6 326.9 -466.7 -694.3 -974.3
2188 Everlast 77.9 197.6 322.9 -451.1 -681.8 -963.6
2190 VP 79.1 198.7 324.1 -455.1 -685.8 -967.6
2193 Na'Vi 81.0 200.4 325.8 -459.1 -689.8 -971.6
2197 Empire 81.8 201.4 327.1 -463.1 -693.8 -975.6
2200 Alliance 83.1 202.6 328.6 -467.1 -697.8 -979.6
2204 Osiris 79.1 198.6 324.6 -457.8 -688.2 -970.6
2210 Titan 79.8 199.5 325.7 -461.8 -692.2 -974.6
2213 Arrow 80.5 200.4 327.0 -465.8 -696.2 -978.6
2214 Orange 81.3 201.4 327.5 -469.8 -700.2 -982.6
2215 ADN 77.3 197.4 323.5 -460.7 -690.5 -975.8
2216 Alliance 78.8 199.1 325.2 -464.7 -694.5 -979.8
2218 VP 74.8 195.1 321.2 -455.2 -686.3 -972.1
2226 Empire 70.8 191.1 317.2 -445.3 -676.4 -965.7
2228 Titan 71.5 191.9 317.6 -449.3 -680.4 -969.7
2229 Scythe 73.0 193.6 318.4 -453.3 -684.4 -973.7
2231 Arrow 75.0 196.0 320.1 -457.3 -688.4 -977.7
2237 Execration 76.6 197.6 321.8 -461.3 -692.4 -981.7
2238 FD 78.1 199.3 323.3 -465.3 -696.4 -985.7
2239 Orange 74.1 195.3 319.3 -453.2 -687.3 -977.9
2240 Spirit 70.1 191.3 315.3 -445.4 -679.5 -968.8
2241 hehe 66.1 187.3 311.3 -428.1 -664.5 -942.2
2242 PR 62.1 183.3 307.3 -417.9 -655.1 -928.7
2244 EG 63.7 185.3 308.2 -421.9 -659.1 -932.7
2248 DT.NGC 65.4 187.3 310.6 -425.9 -663.1 -936.7
2249 Titan 66.5 188.5 312.0 -429.9 -667.1 -940.7
2251 Zephyr 67.8 189.9 313.7 -433.9 -671.1 -944.7
2260 FL 69.3 191.6 314.7 -437.9 -675.1 -948.7
2261 CIS 65.3 187.6 310.7 -418.7 -661.3 -938.5
2269 Na'Vi 67.1 189.5 312.4 -422.7 -665.3 -942.5
2271 Titan 68.9 191.4 314.2 -426.7 -669.3 -946.5
2273 VG 69.6 192.3 315.4 -430.7 -673.3 -950.5
2274 LGD.cn 71.5 194.6 316.7 -434.7 -677.3 -954.5
2275 Orange 72.2 195.3 317.4 -438.7 -681.3 -958.5
2277 FD 73.5 196.8 318.3 -442.7 -685.3 -962.5
2278 MiTH 74.6 197.9 319.7 -446.7 -689.3 -966.5
2279 DUZA 76.1 199.5 321.0 -450.7 -693.3 -970.5
2280 DK 76.7 200.2 321.9 -454.7 -697.3 -974.5
2282 iG 77.4 201.1 322.4 -458.7 -701.3 -978.5
2283 Fnatic.eu 79.1 203.0 324.3 -462.7 -705.3 -982.5
2284 Zephyr 80.4 204.4 325.6 -466.7 -709.3 -986.5
2285 Na'Vi 81.5 205.5 326.8 -470.7 -713.3 -990.5
2288 EG 77.5 201.5 322.8 -461.2 -703.6 -982.7
2289 DT.NGC 73.5 197.5 318.8 -450.7 -692.1 -976.8
2290 Orange 69.5 193.5 314.8 -441.5 -683.7 -969.0
2292 Na'Vi 71.0 194.9 316.3 -445.5 -687.7 -973.0
2293 Alliance 72.1 196.2 317.2 -449.5 -691.7 -977.0
2295 Arrow 73.1 197.4 318.5 -453.5 -695.7 -981.0
