0 0 0.0 0.0 0.0 0.0 0.0 0.0
50 3DMAX -4.0 -4.0 -4.0 25.2 17.5 15.0
316 LGD.cn -3.4 -3.2 -2.9 21.2 13.5 11.0
396 Liquid -2.8 -2.5 -1.9 17.2 9.5 7.0
398 Alliance -2.1 -1.7 -0.9 13.2 5.5 3.0
494 zRage -6.1 -5.7 -4.9 33.7 23.7 18.7
502 VP -5.4 -4.9 -3.9 29.7 19.7 14.7
505 Na'Vi -4.9 -4.3 -3.1 25.7 15.7 10.7
508 Na'Vi -4.4 -3.7 -2.4 21.7 11.7 6.7
514 Dignitas -8.4 -7.7 -6.4 43.6 30.3 22.7
529 EG -7.7 -6.9 -5.5 39.6 26.3 18.7
536 Liquid -7.0 -6.1 -4.5 35.6 22.3 14.7
537 Liquid -6.4 -5.4 -3.6 31.6 18.3 10.7
538 Alliance -5.6 -4.6 -2.6 27.6 14.3 6.7
746 DK -4.9 -3.7 -1.6 23.6 10.3 2.7
754 Na'Vi -4.2 -2.9 -0.7 19.6 6.3 -1.3
761 Fnatic.eu -3.5 -2.1 0.2 15.6 2.3 -5.3
773 Alliance -2.8 -1.3 1.1 11.6 -1.7 -9.3
820 4FC -2.1 -0.5 2.1 7.6 -5.7 -13.3
832 CDCD -6.1 -4.5 -1.9 30.8 12.7 2.5
908 iG -5.4 -3.7 -0.9 26.8 8.7 -1.5
920 TongFu -4.8 -3.0 1.11022302463e-16 22.8 4.7 -5.5
956 Alliance -4.3 -2.5 0.7 18.8 0.7 -9.5
957 Na'Vi -3.5 -1.8 1.6 14.8 -3.3 -13.5
958 PR -7.5 -5.8 -2.4 39.5 20.7 7.3
972 Aspera -11.5 -9.8 -6.4 61.4 39.7 23.2
982 Fnatic.eu -10.7 -9.0 -5.4 57.4 35.7 19.2
990 Kaipi -9.9 -8.1 -4.3 53.4 31.7 15.2
1034 Alliance -9.2 -7.3 -3.3 49.4 27.7 11.2
1035 Alliance -8.5 -6.6 -2.5 45.4 23.7 7.2
1039 Ahead.kz -12.5 -10.6 -6.5 66.7 45.5 25.1
1055 Alliance -11.9 -9.9 -5.6 62.7 41.5 21.1
1063 Alliance -11.2 -9.1 -4.7 58.7 37.5 17.1
1081 Na'Vi -10.5 -8.3 -3.7 54.7 33.5 13.1
1090 MiTH -9.8 -7.4 -2.6 50.7 29.5 9.1
1112 DK -9.3 -6.7 -1.8 46.7 25.5 5.1
1114 Na'Vi -8.6 -5.9 -0.8 42.7 21.5 1.1
1117 VG -7.9 -5.1 0.2 38.7 17.5 -2.9
1118 LGD.cn -7.5 -4.5 1.0 34.7 13.5 -6.9
1123 Na'Vi -7.1 -3.9 1.7 30.7 9.5 -10.9
1129 iG -6.6 -3.2 2.5 26.7 5.5 -14.9
1143 DK -6.1 -2.5 3.4 22.7 1.5 -18.9
1146 iG -5.7 -1.9 4.1 18.7 -2.5 -22.9
1151 Alliance -5.2 -1.2 4.9 14.7 -6.5 -26.9
1157 Na'Vi -4.4 -0.3 5.9 10.7 -10.5 -30.9
1169 DK -4.0 0.3 6.7 6.7 -14.5 -34.9
1172 Speed -8.0 -3.7 2.7 25.6 6.3 -14.8
1178 DK -7.6 -3.2 3.4 21.6 2.3 -18.8
1185 Liquid -11.6 -7.2 -0.6 42.2 23.1 0.5
1188 LGD.int -11.0 -6.4 0.3 38.2 19.1 -3.5
1191 DK -10.6 -5.7 1.1 34.2 15.1 -7.5
1195 VG -10.1 -5.0 1.9 30.2 11.1 -11.5
1196 LGD.cn -9.6 -4.3 2.8 26.2 7.1 -15.5
1203 TongFu -9.2 -3.7 3.5 22.2 3.1 -19.5
1215 iG -8.8 -3.0 4.3 18.2 -0.9 -23.5
1243 Alliance -8.1 -2.2 5.4 14.2 -4.9 -27.5
1247 iG -7.7 -1.6 6.2 10.2 -8.9 -31.5
1253 LGD.int -11.7 -5.6 2.2 38.9 11.5 -15.4
1264 DK -11.0 -4.8 3.2 34.9 7.5 -19.4
1266 Alliance -10.3 -4.0 4.2 30.9 3.5 -23.4
1284 Alliance -9.5 -3.2 5.2 26.9 -0.5 -27.4
1305 Empire -8.9 -2.4 6.1 22.9 -4.5 -31.4
1308 LGD.cn -8.2 -1.6 7.1 18.9 -8.5 -35.4
1310 Sigma.int -7.5 -0.8 8.1 14.9 -12.5 -39.4
1314 TongFu -7.1 -0.2 8.8 10.9 -16.5 -43.4
1315 Empire -6.3 0.7 9.8 6.9 -20.5 -47.4
1321 Fnatic.eu -5.6 1.4 10.4 2.9 -24.5 -51.4
1322 DK -5.2 1.9 11.1 -1.1 -28.5 -55.4
1327 Speed -4.6 2.6 12.0 -5.1 -32.5 -59.4
1329 Alliance -4.0 3.3 12.8 -9.1 -36.5 -63.4
1333 Alliance -3.2 4.1 13.8 -13.1 -40.5 -67.4
1341 Alliance -2.7 4.7 14.5 -17.1 -44.5 -71.4
1351 VG -2.3 5.4 15.3 -21.1 -48.5 -75.4
1352 DK -1.7 6.0 16.1 -25.1 -52.5 -79.4
1359 LGD.cn -1.4 6.5 16.7 -29.1 -56.5 -83.4
1360 iG -1.0 7.0 17.3 -33.1 -60.5 -87.4
1361 Dignitas -0.3 7.8 18.3 -37.1 -64.5 -91.4
1362 Speed 0.1 8.3 19.0 -41.1 -68.5 -95.4
1365 Alliance 0.8 9.0 19.8 -45.1 -72.5 -99.4
1366 Alliance 1.2 9.5 20.4 -49.1 -76.5 -103.4
1369 Na'Vi 1.9 10.3 21.3 -53.1 -80.5 -107.4
1384 Empire 2.6 11.1 22.3 -57.1 -84.5 -111.4
1388 iG 3.1 11.8 23.1 -61.1 -88.5 -115.4
1390 Alliance 3.6 12.4 23.8 -65.1 -92.5 -119.4
1396 rox.KIS -0.4 8.4 19.8 -29.9 -64.8 -96.2
1412 DK -1.22124532709e-15 9.1 20.7 -33.9 -68.8 -100.2
1423 Alliance 0.5 9.7 21.4 -37.9 -72.8 -104.2
1424 DK 0.8 10.1 22.0 -41.9 -76.8 -108.2
1425 VG 1.5 10.9 23.0 -45.9 -80.8 -112.2
1431 DK 1.9 11.4 23.6 -49.9 -84.8 -116.2
1438 Liquid 2.6 12.3 24.6 -53.9 -88.8 -120.2
1442 LGD.int 3.0 12.9 25.3 -57.9 -92.8 -124.2
1443 TongFu 3.7 13.7 26.3 -61.9 -96.8 -128.2
1473 LGD.cn 4.3 14.5 27.3 -65.9 -100.8 -132.2
1479 Liquid 5.0 15.3 28.3 -69.9 -104.8 -136.2
1494 Na'Vi 5.6 16.0 29.1 -73.9 -108.8 -140.2
1508 Alliance 6.2 16.8 29.9 -77.9 -112.8 -144.2
1511 Sigma.int 6.7 17.5 30.6 -81.9 -116.8 -148.2
1513 DK 7.0 18.0 31.2 -85.9 -120.8 -152.2
1528 TongFu 7.7 18.8 32.2 -89.9 -124.8 -156.2
1529 LGD.int 8.3 19.6 33.2 -93.9 -128.8 -160.2
1549 VG 8.9 20.5 34.4 -97.9 -132.8 -164.2
1550 DK 9.6 21.3 35.4 -101.9 -136.8 -168.2
1614 Alliance 10.2 22.1 36.3 -105.9 -140.8 -172.2
1628 Alliance 10.9 22.8 37.2 -109.9 -144.8 -176.2
1629 Fnatic.eu 11.4 23.4 38.0 -113.9 -148.8 -180.2
1631 VG 11.9 24.1 39.0 -117.9 -152.8 -184.2
1634 Alliance 12.6 25.0 40.0 -121.9 -156.8 -188.2
1636 Sigma.int 13.3 25.8 41.1 -125.9 -160.8 -192.2
1657 RRQ 14.0 26.7 42.2 -129.9 -164.8 -196.2
1664 DK 14.7 27.5 43.2 -133.9 -168.8 -200.2
1665 LGD.cn 15.3 28.2 44.2 -137.9 -172.8 -204.2
1685 Alliance 15.8 28.8 44.9 -141.9 -176.8 -208.2
1689 iG 16.3 29.4 45.6 -145.9 -180.8 -212.2
1697 mouz 12.3 25.4 41.6 -129.0 -160.7 -192.1
1699 OsG 8.3 21.4 37.6 -100.6 -134.4 -168.7
1706 Sigma.int 9.2 22.2 38.5 -104.6 -138.4 -172.7
1711 Next.kz 9.9 23.1 39.5 -108.6 -142.4 -176.7
1714 rox.KIS 10.6 24.0 40.5 -112.6 -146.4 -180.7
1722 Mski 11.4 24.8 41.5 -116.6 -150.4 -184.7
1727 Mski 12.2 25.7 42.4 -120.6 -154.4 -188.7
1735 Mski 13.0 26.5 43.4 -124.6 -158.4 -192.7
1745 Na'Vi 13.7 27.4 44.5 -128.6 -162.4 -196.7
1746 Alliance 14.4 28.2 45.6 -132.6 -166.4 -200.7
1750 Alliance 15.1 29.0 46.6 -136.6 -170.4 -204.7
1788 Sigma.int 15.7 29.7 47.5 -140.6 -174.4 -208.7
1804 DK 16.1 30.3 48.2 -144.6 -178.4 -212.7
1805 VG 16.7 31.0 49.1 -148.6 -182.4 -216.7
1807 LGD.cn 17.2 31.6 49.9 -152.6 -186.4 -220.7
1808 iG 17.6 32.2 50.7 -156.6 -190.4 -224.7
1814 LGD.cn 18.1 32.9 51.6 -160.6 -194.4 -228.7
1822 Fnatic.eu 18.6 33.5 52.3 -164.6 -198.4 -232.7
1846 DK 19.5 34.6 52.9 -168.6 -202.4 -236.7
1851 Alliance 20.2 35.5 53.5 -172.6 -206.4 -240.7
1860 Fnatic.eu 20.8 36.3 54.4 -176.6 -210.4 -244.7
1867 Fnatic.eu 21.7 37.3 55.1 -180.6 -214.4 -248.7
1868 Na'Vi 22.4 38.1 55.6 -184.6 -218.4 -252.7
1961 Fnatic.eu 23.2 39.0 56.2 -188.6 -222.4 -256.7
1975 Fnatic.eu 23.9 39.8 56.6 -192.6 -226.4 -260.7
2022 Liquid 24.8 40.8 57.2 -196.6 -230.4 -264.7
2023 SADBOYS 25.5 41.7 58.3 -200.6 -234.4 -268.7
2035 SADBOYS 26.5 42.8 58.9 -204.6 -238.4 -272.7
2053 SADBOYS 27.3 43.9 59.3 -208.6 -242.4 -276.7
2058 Cloud9 28.2 45.2 59.7 -212.6 -246.4 -280.7
2119 Empire 28.9 46.1 60.2 -216.6 -250.4 -284.7
2131 Titan 29.6 47.0 61.3 -220.6 -254.4 -288.7
2159 SADBOYS 30.3 47.9 62.4 -224.6 -258.4 -292.7
2187 Titan 30.9 48.7 63.4 -228.6 -262.4 -296.7
2210 Titan 31.6 49.6 64.5 -232.6 -266.4 -300.7
2213 Arrow 32.3 50.5 65.8 -236.6 -270.4 -304.7
2214 Orange 33.1 51.5 66.3 -240.6 -274.4 -308.7
2228 Titan 33.8 52.3 66.7 -244.6 -278.4 -312.7
2241 hehe 29.8 48.3 62.7 -227.3 -263.4 -286.1
2273 VG 30.5 49.2 63.9 -231.3 -267.4 -290.1
2275 Orange 31.2 49.9 64.6 -235.3 -271.4 -294.1
2280 DK 31.8 50.6 65.5 -239.3 -275.4 -298.1
2282 iG 32.5 51.5 66.0 -243.3 -279.4 -302.1
