0 0 0.0 0.0 0.0 0.0 0.0 0.0
15 Fnatic 3.5 3.5 2.5 -4.0 -4.0 -4.0
17 Turtle 6.1 6.0 5.3 -8.0 -8.0 -8.0
18 Na'Vi 6.9 7.1 6.8 -12.0 -12.0 -12.0
19 Empire 8.4 9.0 8.7 -16.0 -16.0 -16.0
23 mouz 9.2 9.9 9.9 -20.0 -20.0 -20.0
26 Empire 5.2 5.9 5.9 -9.6 -11.5 -12.2
28 Quantic 1.2 1.9 1.9 -3.0 -4.4 -5.6
29 GU.pe -2.8 -2.1 -2.1 9.1 5.5 3.9
31 Liquid -1.1 -0.2 -1.33226762955e-15 5.1 1.5 -0.1
32 Alliance -0.4 0.9 1.2 1.1 -2.5 -4.1
34 EG -4.4 -3.1 -2.8 9.3 4.4 2.4
39 VP -8.4 -7.1 -6.8 15.2 10.5 7.9
40 Fnatic.eu -7.0 -5.1 -4.8 11.2 6.5 3.9
41 Empire -5.9 -3.8 -3.1 7.2 2.5 -0.1
42 Liquid -9.9 -7.8 -7.1 12.9 8.1 4.8
43 mouz -8.3 -5.9 -5.2 8.9 4.1 0.8
44 Quantic -6.9 -4.0 -3.1 4.9 0.1 -3.2
45 Quantic -4.9 -1.6 -0.8 0.9 -3.9 -7.2
48 VP -3.5 0.0 1.3 -3.1 -7.9 -11.2
49 Liquid -2.7 1.2 2.7 -7.1 -11.9 -15.2
50 3DMAX -6.7 -2.8 -1.3 18.1 5.6 -0.2
51 Liquid -10.7 -6.8 -5.3 29.2 15.2 7.4
53 VP -14.7 -10.8 -9.3 39.8 23.9 15.5
54 4FC -12.1 -7.6 -5.8 35.8 19.9 11.5
57 Dignitas -10.4 -5.4 -3.4 31.8 15.9 7.5
58 Na'Vi -9.1 -3.8 -1.7 27.8 11.9 3.5
59 VP -13.1 -7.8 -5.7 39.2 20.8 11.8
60 Na'Vi -12.1 -6.6 -4.3 35.2 16.8 7.8
63 EG -16.1 -10.6 -8.3 40.8 21.7 12.7
69 Dignitas -13.4 -7.8 -5.5 36.8 17.7 8.7
70 Quantic -10.3 -5.0 -2.3 32.8 13.7 4.7
71 Liquid -8.9 -3.4 -0.4 28.8 9.7 0.7
72 Neo.int -12.9 -7.4 -4.4 33.7 15.1 5.6
73 Zenith -12.1 -6.4 -3.3 29.7 11.1 1.6
74 Dignitas -16.1 -10.4 -7.3 36.4 17.2 7.7
75 Fnatic.eu -14.8 -8.9 -5.5 32.4 13.2 3.7
76 eN.Legs -12.4 -5.7 -2.1 28.4 9.2 -0.3
77 VnR.Alpha -9.8 -3.8 0.6 24.4 5.2 -4.3
79 Na'Vi -6.8 -0.8 3.5 20.4 1.2 -8.3
80 Liquid -10.8 -4.8 -0.5 27.9 9.1 -2.2
81 Neo.int -8.3 -2.8 1.8 23.9 5.1 -6.2
82 Orange -12.3 -6.8 -2.2 31.6 12.7 1.0
88 Liquid -16.3 -10.8 -6.2 37.3 18.3 6.2
89 Liquid -14.8 -9.1 -4.4 33.3 14.3 2.2
91 Liquid -11.5 -6.2 -1.6 29.3 10.3 -1.8
93 Na'Vi -9.9 -4.4 0.4 25.3 6.3 -5.8
95 Na'Vi -8.2 -2.5 2.5 21.3 2.3 -9.8
96 Empire -6.0 -0.2 5.0 17.3 -1.7 -13.8
98 Fnatic.eu -10.0 -4.2 1.0 30.9 8.7 -3.8
99 VP -7.3 -1.3 4.2 26.9 4.7 -7.8
100 Liquid -5.2 0.9 6.6 22.9 0.7 -11.8
101 3D -2.8 3.9 9.7 18.9 -3.3 -15.8
102 Dignitas -6.8 -0.1 5.7 24.3 2.2 -10.2
104 PtD.Alpha -5.1 1.8 7.7 20.3 -1.8 -14.2
105 Liquid -2.4 4.5 10.6 16.3 -5.8 -18.2
106 Dignitas -0.1 7.0 13.4 12.3 -9.8 -22.2
107 iM`Bashers 2.1 9.9 16.3 8.3 -13.8 -26.2
108 ASF.R5 3.5 11.6 18.0 4.3 -17.8 -30.2
110 Empire 4.9 13.2 19.6 0.3 -21.8 -34.2
111 Fnatic.eu 6.9 15.7 22.2 -3.7 -25.8 -38.2
112 eN.Legs 7.8 17.2 23.7 -7.7 -29.8 -42.2
113 Fnatic.eu 9.4 18.9 26.0 -11.7 -33.8 -46.2
114 Fnatic.eu 5.4 14.9 22.0 -5.7 -28.2 -40.4
117 VP 6.7 16.4 23.7 -9.7 -32.2 -44.4
118 mouz 2.7 12.4 19.7 3.7 -20.4 -35.0
119 Fnatic.eu 4.0 14.1 21.6 -0.3 -24.4 -39.0
121 eN.Legs 5.5 15.9 23.9 -4.3 -28.4 -43.0
123 eLPride 6.7 17.4 25.6 -8.3 -32.4 -47.0
124 VP 7.7 18.7 27.1 -12.3 -36.4 -51.0
125 Empire 10.2 21.3 29.9 -16.3 -40.4 -55.0
126 rox.KIS 6.2 17.3 25.9 -9.1 -33.3 -49.0
128 ASF.R5 2.2 13.3 21.9 0.8 -24.7 -41.6
130 Alliance -1.8 9.3 17.9 10.5 -16.6 -33.9
132 Alliance -5.8 5.3 13.9 19.1 -9.9 -27.4
135 Fnatic.eu -4.5 6.8 15.6 15.1 -13.9 -31.4
136 Alliance -3.6 7.9 16.9 11.1 -17.9 -35.4
137 Na'Vi -0.9 10.8 19.7 7.1 -21.9 -39.4
138 TCM -4.9 6.8 15.7 19.7 -10.6 -29.8
140 CastersEN -8.9 2.8 11.7 24.5 -5.0 -24.0
141 mouz -6.5 5.4 14.4 20.5 -9.0 -28.0
143 Na'Vi -5.4 6.8 16.0 16.5 -13.0 -32.0
144 mouz -9.4 2.8 12.0 21.9 -8.0 -27.1
146 Liquid -7.0 5.3 14.8 17.9 -12.0 -31.1
147 4FC -11.0 1.3 10.8 23.4 -6.5 -25.4
148 Empire -8.3 4.2 13.9 19.4 -10.5 -29.4
151 EG -12.3 0.2 9.9 28.9 -2.2 -21.4
152 Alliance -9.3 3.4 13.1 24.9 -6.2 -25.4
153 Liquid -13.3 -0.6 9.1 31.7 1.3 -17.8
154 VP -10.8 1.8 11.5 27.7 -2.7 -21.8
155 iG -8.8 4.1 14.0 23.7 -6.7 -25.8
157 Fnatic.eu -6.5 6.4 16.3 19.7 -10.7 -29.8
159 VP -10.5 2.4 12.3 27.7 -3.6 -23.8
161 Empire -14.5 -1.6 8.3 33.3 1.9 -18.4
162 rox.KIS -12.6 0.3 10.3 29.3 -2.1 -22.4
163 Lounge -10.0 3.0 13.2 25.3 -6.1 -26.4
164 Dignitas -8.8 4.5 14.9 21.3 -10.1 -30.4
165 eN.Legs -7.0 6.4 17.2 17.3 -14.1 -34.4
166 Fnatic.eu -5.0 8.5 19.5 13.3 -18.1 -38.4
167 LGD.int -4.1 9.5 20.8 9.3 -22.1 -42.4
171 LGD.int -3.2 10.5 22.0 5.3 -26.1 -46.4
172 Liquid -1.6 12.1 23.7 1.3 -30.1 -50.4
173 VP 0.4 14.4 26.2 -2.7 -34.1 -54.4
175 Na'Vi 1.4 15.6 27.8 -6.7 -38.1 -58.4
176 Alliance 3.8 18.5 30.9 -10.7 -42.1 -62.4
177 QPandas -0.2 14.5 26.9 2.6 -31.0 -53.0
178 Dignitas 2.4 17.8 30.3 -1.4 -35.0 -57.0
179 Liquid -1.6 13.8 26.3 8.4 -26.2 -48.9
180 Empire -5.6 9.8 22.3 20.7 -16.6 -40.6
181 iCCup -9.6 5.8 18.3 36.3 -5.3 -30.7
182 Empire -7.2 8.5 21.2 32.3 -9.3 -34.7
183 Fnatic.eu -11.2 4.5 17.2 39.8 -2.8 -28.4
185 LGD.int -9.9 6.0 18.9 35.8 -6.8 -32.4
186 Alliance -8.2 7.9 20.9 31.8 -10.8 -36.4
187 VP -12.2 3.9 16.9 38.8 -4.3 -30.5
188 LGD.cn -16.2 -0.1 12.9 43.8 1.0 -25.2
189 Dignitas -20.2 -4.1 8.9 50.5 7.3 -19.4
190 Alliance -24.2 -8.1 4.9 56.3 12.8 -13.9
191 Liquid -28.2 -12.1 0.9 61.4 18.3 -8.5
193 VP -32.2 -16.1 -3.1 66.9 23.6 -3.4
194 Alliance -30.5 -14.2 -1.1 62.9 19.6 -7.4
195 Dignitas -34.5 -18.2 -5.1 68.5 25.9 0.3
196 Orange -38.5 -22.2 -9.1 77.7 34.5 8.4
198 iG -37.2 -20.6 -7.2 73.7 30.5 4.4
199 Dignitas -41.2 -24.6 -11.2 78.8 35.6 9.5
202 Alliance -38.6 -21.9 -8.4 74.8 31.6 5.5
205 Fnatic.eu -42.6 -25.9 -12.4 80.6 37.4 11.2
206 LGD.cn -40.8 -24.1 -10.5 76.6 33.4 7.2
207 Alliance -39.0 -22.1 -8.2 72.6 29.4 3.2
208 iG -38.0 -20.8 -6.6 68.6 25.4 -0.8
209 Liquid -36.4 -18.9 -4.4 64.6 21.4 -4.8
210 LGD.cn -33.5 -16.3 -1.8 60.6 17.4 -8.8
211 Liquid -30.9 -13.3 1.4 56.6 13.4 -12.8
212 Dignitas -34.9 -17.3 -2.6 62.7 19.6 -6.8
213 DK -38.9 -21.3 -6.6 71.6 28.5 1.7
215 Liquid -36.6 -18.8 -4.1 67.6 24.5 -2.3
216 Liquid -40.6 -22.8 -8.1 75.0 31.3 4.4
217 DK -37.2 -19.9 -5.3 71.0 27.3 0.4
218 Fnatic.eu -35.0 -17.8 -3.1 67.0 23.3 -3.6
219 Dignitas -33.3 -16.0 -1.1 63.0 19.3 -7.6
220 Fnatic.eu -31.6 -14.2 0.9 59.0 15.3 -11.6
221 Alliance -30.0 -12.4 2.9 55.0 11.3 -15.6
224 mouz -34.0 -16.4 -1.1 64.3 20.4 -7.4
226 Alliance -33.2 -15.3 0.3 60.3 16.4 -11.4
227 Kaipi -37.2 -19.3 -3.7 69.4 24.6 -4.3
229 Liquid -41.2 -23.3 -7.7 79.6 33.4 3.6
230 VP -39.0 -20.8 -5.0 75.6 29.4 -0.4
231 Na'Vi -37.5 -19.2 -3.2 71.6 25.4 -4.4
232 Alliance -34.8 -16.3 -0.1 67.6 21.4 -8.4
233 mouz -33.2 -14.6 1.8 63.6 17.4 -12.4
234 rox.KIS -31.7 -12.9 3.6 59.6 13.4 -16.4
235 aL -30.6 -11.6 5.1 55.6 9.4 -20.4
236 mouz -34.6 -15.6 1.1 71.3 21.8 -10.3
237 Na'Vi -32.9 -13.8 3.0 67.3 17.8 -14.3
238 rox.KIS -30.3 -11.1 5.9 63.3 13.8 -18.3
239 Na'Vi -28.9 -9.5 7.7 59.3 9.8 -22.3
240 Na'Vi -28.0 -8.4 9.0 55.3 5.8 -26.3
242 EG -32.0 -12.4 5.0 63.7 13.9 -18.6
243 Alliance -29.6 -9.8 7.8 59.7 9.9 -22.6
244 Alliance -27.7 -7.6 10.5 55.7 5.9 -26.6
246 Na'Vi -26.7 -6.6 11.8 51.7 1.9 -30.6
248 Liquid -25.1 -4.9 13.6 47.7 -2.1 -34.6
249 Fnatic.eu -22.1 -2.1 16.5 43.7 -6.1 -38.6
250 Alliance -26.1 -6.1 12.5 50.9 1.2 -31.9
251 Alliance -24.6 -4.4 14.3 46.9 -2.8 -35.9
252 VP -28.6 -8.4 10.3 53.7 3.1 -30.4
253 Liquid -32.6 -12.4 6.3 70.4 16.9 -19.0
254 EG -36.6 -16.4 2.3 78.2 24.2 -12.5
255 Na'Vi -34.9 -14.5 4.5 74.2 20.2 -16.5
256 Alliance -33.3 -12.6 6.5 70.2 16.2 -20.5
258 Alliance -31.8 -10.9 8.4 66.2 12.2 -24.5
260 Alliance -30.2 -9.1 10.3 62.2 8.2 -28.5
261 Liquid -27.9 -6.5 13.0 58.2 4.2 -32.5
264 Lounge -31.9 -10.5 9.0 63.8 9.6 -27.2
268 Na'Vi -30.9 -9.3 10.5 59.8 5.6 -31.2
269 EG -34.9 -13.3 6.5 65.9 11.2 -25.8
270 Liquid -33.4 -11.6 8.4 61.9 7.2 -29.8
271 Na'Vi -32.3 -10.2 10.0 57.9 3.2 -33.8
273 mouz -30.9 -8.8 11.6 53.9 -0.8 -37.8
274 Liquid -29.5 -7.1 13.5 49.9 -4.8 -41.8
275 EG -33.5 -11.1 9.5 69.2 12.1 -27.6
276 Alliance -32.5 -9.9 10.8 65.2 8.1 -31.6
277 Na'Vi -30.8 -7.9 13.2 61.2 4.1 -35.6
279 Dignitas -29.4 -6.2 15.2 57.2 0.1 -39.6
280 Zenith -28.3 -4.9 16.8 53.2 -3.9 -43.6
281 EG -32.3 -8.9 12.8 61.3 3.1 -37.4
282 Alliance -31.4 -7.8 14.2 57.3 -0.9 -41.4
283 VG -35.4 -11.8 10.2 72.4 11.7 -31.3
284 Liquid -33.3 -9.4 12.8 68.4 7.7 -35.3
286 Dignitas -31.8 -7.8 14.5 64.4 3.7 -39.3
289 Dignitas -29.9 -5.5 16.9 60.4 -0.3 -43.3
290 Na'Vi -27.7 -3.2 19.4 56.4 -4.3 -47.3
291 Alliance -26.3 -1.6 21.3 52.4 -8.3 -51.3
292 rox.KIS -30.3 -5.6 17.3 60.8 -0.9 -44.5
293 aL -34.3 -9.6 13.3 74.7 11.9 -33.5
294 Alliance -33.3 -8.4 14.8 70.7 7.9 -37.5
295 Quantic -37.3 -12.4 10.8 75.6 13.4 -32.0
296 Quantic -34.4 -9.3 14.0 71.6 9.4 -36.0
297 rox.KIS -32.9 -7.5 16.0 67.6 5.4 -40.0
298 Zenith -31.0 -5.5 18.2 63.6 1.4 -44.0
299 rox.KIS -29.0 -3.4 20.4 59.6 -2.6 -48.0
300 mouz -27.8 -2.0 22.1 55.6 -6.6 -52.0
301 EG -26.7 -0.6 23.7 51.6 -10.6 -56.0
302 EG -24.8 1.6 26.2 47.6 -14.6 -60.0
303 QPandas -28.8 -2.4 22.2 53.8 -8.9 -54.8
304 VG -28.0 -1.5 23.4 49.8 -12.9 -58.8
305 mouz -26.0 0.7 25.8 45.8 -16.9 -62.8
306 LGD.cn -25.2 1.6 26.9 41.8 -20.9 -66.8
307 rox.KIS -29.2 -2.4 22.9 50.1 -14.3 -61.1
308 Quantic -33.2 -6.4 18.9 55.9 -9.3 -56.4
310 iG -32.3 -5.2 20.5 51.9 -13.3 -60.4
312 mouz -36.3 -9.2 16.5 57.5 -7.8 -54.8
313 mouz -40.3 -13.2 12.5 64.0 -1.5 -48.9
314 VP -38.9 -11.6 14.3 60.0 -5.5 -52.9
315 Liquid -37.2 -9.8 16.2 56.0 -9.5 -56.9
316 LGD.cn -36.6 -9.0 17.3 52.0 -13.5 -60.9
317 FD -40.6 -13.0 13.3 64.8 -3.5 -52.4
318 mouz -37.7 -9.8 16.6 60.8 -7.5 -56.4
319 Na'Vi -36.6 -8.6 18.0 56.8 -11.5 -60.4
321 mouz -35.7 -7.6 19.3 52.8 -15.5 -64.4
322 RS -34.2 -5.8 21.4 48.8 -19.5 -68.4
323 TongFu -38.2 -9.8 17.4 54.3 -14.0 -62.9
324 QPandas -42.2 -13.8 13.4 67.8 -2.5 -53.3
325 RS -39.7 -10.9 16.4 63.8 -6.5 -57.3
326 PR -43.7 -14.9 12.4 73.9 2.9 -48.7
327 rox.KIS -47.7 -18.9 8.4 83.9 11.6 -40.8
328 4FC -51.7 -22.9 4.4 90.2 17.7 -35.0
330 TongFu -55.7 -26.9 0.4 109.8 33.4 -23.8
331 EG -59.7 -30.9 -3.6 118.5 41.6 -16.2
332 RStars -57.1 -27.8 -8.43769498715e-15 114.5 37.6 -20.2
333 VG -55.7 -26.1 2.0 110.5 33.6 -24.2
334 VP -54.3 -24.3 4.1 106.5 29.6 -28.2
337 TongFu -53.4 -23.1 5.7 102.5 25.6 -32.2
338 Na'Vi -52.5 -22.0 7.1 98.5 21.6 -36.2
339 RStars -50.2 -18.9 10.3 94.5 17.6 -40.2
340 mouz -49.4 -18.0 11.4 90.5 13.6 -44.2
342 Alliance -46.6 -15.5 14.0 86.5 9.6 -48.2
344 LGD.cn -50.6 -19.5 10.0 97.1 19.4 -39.5
345 LGD.cn -48.8 -17.7 11.9 93.1 15.4 -43.5
346 Alliance -47.7 -16.5 13.3 89.1 11.4 -47.5
347 Orange -51.7 -20.5 9.3 97.4 17.8 -41.7
348 Na'Vi -50.3 -18.8 11.1 93.4 13.8 -45.7
351 Alliance -48.3 -16.6 13.4 89.4 9.8 -49.7
352 LGD.cn -47.2 -15.3 14.9 85.4 5.8 -53.7
353 iG -45.5 -13.4 17.0 81.4 1.8 -57.7
355 DK -49.5 -17.4 13.0 90.3 11.5 -48.6
356 Liquid -53.5 -21.4 9.0 104.4 23.4 -38.8
357 LGD.cn -51.8 -19.6 10.9 100.4 19.4 -42.8
358 Alliance -49.8 -17.5 13.1 96.4 15.4 -46.8
360 mouz -48.0 -15.6 15.3 92.4 11.4 -50.8
362 LGD.cn -46.6 -14.3 16.8 88.4 7.4 -54.8
363 Alliance -44.5 -12.2 18.9 84.4 3.4 -58.8
364 Zenith -43.4 -10.9 20.4 80.4 -0.6 -62.8
365 rox.KIS -47.4 -14.9 16.4 88.7 6.7 -56.5
366 Dignitas -51.4 -18.9 12.4 97.4 15.6 -48.4
368 mouz -50.0 -17.3 14.3 93.4 11.6 -52.4
369 iCCup -54.0 -21.3 10.3 104.3 22.0 -42.8
370 iCCup -51.7 -18.6 13.3 100.3 18.0 -46.8
372 Quantic -55.7 -22.6 9.3 108.8 25.9 -40.0
373 Na'Vi -54.9 -21.7 10.3 104.8 21.9 -44.0
374 Dignitas -58.9 -25.7 6.3 110.3 27.3 -39.1
375 VG -57.2 -23.7 8.4 106.3 23.3 -43.1
376 LGD.cn -56.4 -22.7 9.6 102.3 19.3 -47.1
377 LGD.cn -55.2 -21.6 10.9 98.3 15.3 -51.1
378 VP -53.7 -20.0 12.7 94.3 11.3 -55.1
379 Na'Vi -52.8 -18.9 14.0 90.3 7.3 -59.1
380 4FC -50.1 -15.9 17.2 86.3 3.3 -63.1
381 RS -47.1 -12.8 20.4 82.3 -0.7 -67.1
382 Fnatic.eu -51.1 -16.8 16.4 90.7 6.4 -60.7
383 RS -55.1 -20.8 12.4 100.0 15.6 -52.0
384 Alliance -54.1 -19.5 14.0 96.0 11.6 -56.0
385 Alliance -51.8 -16.5 17.6 92.0 7.6 -60.0
387 LGD.cn -50.6 -15.1 19.2 88.0 3.6 -64.0
388 Dignitas -49.6 -13.9 21.0 84.0 -0.4 -68.0
389 iG -48.7 -12.9 22.3 80.0 -4.4 -72.0
390 Na'Vi -47.3 -11.3 24.1 76.0 -8.4 -76.0
392 Alliance -46.2 -10.0 25.6 72.0 -12.4 -80.0
393 Kaipi -50.2 -14.0 21.6 81.2 -2.5 -71.5
394 MX -48.0 -11.6 24.3 77.2 -6.5 -75.5
396 Liquid -47.4 -10.9 25.3 73.2 -10.5 -79.5
397 rox.KIS -44.9 -8.8 27.5 69.2 -14.5 -83.5
398 Alliance -44.2 -8.0 28.5 65.2 -18.5 -87.5
399 VP -48.2 -12.0 24.5 73.6 -10.5 -79.8
402 DK -52.2 -16.0 20.5 79.7 -3.2 -72.7
403 RStars -56.2 -20.0 16.5 91.1 7.4 -63.7
404 MiTH -54.5 -18.1 18.6 87.1 3.4 -67.7
407 PR -52.7 -15.8 21.4 83.1 -0.6 -71.7
408 TM -51.0 -13.9 23.6 79.1 -4.6 -75.7
409 Orange -49.9 -12.5 25.3 75.1 -8.6 -79.7
410 Alliance -49.2 -11.6 26.4 71.1 -12.6 -83.7
411 Quantic -53.2 -15.6 22.4 76.5 -7.6 -79.0
412 mouz -51.3 -13.5 24.7 72.5 -11.6 -83.0
414 Alliance -50.4 -12.4 26.1 68.5 -15.6 -87.0
416 4FC -54.4 -16.4 22.1 87.0 0.9 -73.1
417 mouz -58.4 -20.4 18.1 100.9 12.8 -63.1
418 VP -56.6 -18.6 20.2 96.9 8.8 -67.1
420 Na'Vi -60.6 -22.6 16.2 103.9 14.2 -62.2
421 Na'Vi -59.1 -21.0 18.0 99.9 10.2 -66.2
423 Quantic -56.5 -18.4 20.8 95.9 6.2 -70.2
424 Kaipi -60.5 -22.4 16.8 106.7 17.0 -60.4
425 mouz -58.6 -20.3 19.1 102.7 13.0 -64.4
426 Artyk -56.7 -17.9 21.9 98.7 9.0 -68.4
427 rox.KIS -55.4 -16.5 23.5 94.7 5.0 -72.4
428 Kaipi -53.8 -14.5 25.9 90.7 1.0 -76.4
429 Liquid -51.2 -12.0 28.5 86.7 -3.0 -80.4
430 rox.KIS -50.0 -10.7 29.9 82.7 -7.0 -84.4
431 Quantic -49.0 -9.4 31.5 78.7 -11.0 -88.4
432 Kaipi -47.4 -8.0 33.1 74.7 -15.0 -92.4
433 DK -46.2 -6.6 34.8 70.7 -19.0 -96.4
437 Quantic -45.2 -5.6 36.1 66.7 -23.0 -100.4
438 Na'Vi -43.2 -3.7 38.1 62.7 -27.0 -104.4
439 Artyk -42.3 -2.7 39.6 58.7 -31.0 -108.4
440 Orange -40.3 -0.2 42.3 54.7 -35.0 -112.4
441 Na'Vi -39.4 0.8 43.5 50.7 -39.0 -116.4
442 Kaipi -37.3 2.7 45.5 46.7 -43.0 -120.4
443 Kaipi -41.3 -1.3 41.5 59.4 -29.6 -108.5
444 Artyk -45.3 -5.3 37.5 70.3 -19.4 -99.2
445 TM -44.2 -3.9 39.1 66.3 -23.4 -103.2
446 Orange -43.3 -2.9 40.3 62.3 -27.4 -107.2
447 DK -42.1 -1.6 41.9 58.3 -31.4 -111.2
448 VP -46.1 -5.6 37.9 69.4 -21.7 -102.8
449 VP -44.6 -3.7 40.1 65.4 -25.7 -106.8
451 Kaipi -43.7 -2.7 41.3 61.4 -29.7 -110.8
452 EG -42.1 -0.9 43.3 57.4 -33.7 -114.8
453 Fnatic.eu -46.1 -4.9 39.3 70.5 -22.5 -105.8
454 Kaipi -50.1 -8.9 35.3 77.1 -16.9 -100.7
455 EG -47.3 -5.9 38.3 73.1 -20.9 -104.7
456 Fnatic.eu -51.3 -9.9 34.3 79.1 -14.8 -99.0
457 Alliance -49.5 -7.9 36.4 75.1 -18.8 -103.0
459 Alliance -47.9 -6.1 38.4 71.1 -22.8 -107.0
460 Kaipi -51.9 -10.1 34.4 77.5 -17.0 -101.5
461 Alliance -51.1 -9.2 35.6 73.5 -21.0 -105.5
463 VP -48.4 -6.7 38.3 69.5 -25.0 -109.5
464 Fnatic.eu -46.9 -5.2 39.9 65.5 -29.0 -113.5
465 Alliance -45.5 -3.8 41.5 61.5 -33.0 -117.5
466 iCCup -43.6 -1.8 43.8 57.5 -37.0 -121.5
467 Na'Vi -41.8 0.3 46.1 53.5 -41.0 -125.5
468 Quantic -40.3 1.8 47.8 49.5 -45.0 -129.5
469 Alliance -38.7 3.4 49.6 45.5 -49.0 -133.5
470 mouz -36.0 6.1 52.5 41.5 -53.0 -137.5
471 4FC -40.0 2.1 48.5 54.7 -40.3 -126.6
475 Na'Vi -39.0 3.1 49.7 50.7 -44.3 -130.6
476 Na'Vi -37.5 4.7 51.5 46.7 -48.3 -134.6
477 mouz -34.8 7.7 54.6 42.7 -52.3 -138.6
479 4FC -33.7 8.9 56.1 38.7 -56.3 -142.6
480 Orange -32.7 10.1 57.6 34.7 -60.3 -146.6
481 TM -31.4 11.8 59.6 30.7 -64.3 -150.6
482 Smeagol -29.6 14.1 62.0 26.7 -68.3 -154.6
483 paiN -33.6 10.1 58.0 35.3 -59.8 -147.5
484 Empire -37.6 6.1 54.0 52.0 -44.6 -135.6
486 Na'Vi -36.4 7.3 55.3 48.0 -48.6 -139.6
487 Kaipi -34.2 9.9 58.2 44.0 -52.6 -143.6
488 Fnatic.eu -38.2 5.9 54.2 61.7 -37.8 -132.0
489 LGD.int -36.6 7.5 56.1 57.7 -41.8 -136.0
490 paiN.int -33.9 10.6 59.5 53.7 -45.8 -140.0
491 TM -32.6 12.3 61.4 49.7 -49.8 -144.0
492 iCCup -31.3 13.9 63.2 45.7 -53.8 -148.0
493 iCCup -30.3 15.1 64.6 41.7 -57.8 -152.0
494 zRage -34.3 11.1 60.6 62.2 -39.6 -136.3
495 Artyk -33.1 12.7 62.6 58.2 -43.6 -140.3
496 TongFu -31.1 15.1 65.2 54.2 -47.6 -144.3
497 DK -35.1 11.1 61.2 59.7 -42.4 -139.3
498 mouz -33.9 12.4 62.8 55.7 -46.4 -143.3
499 Liquid -32.7 13.8 64.2 51.7 -50.4 -147.3
500 Liquid -36.7 9.8 60.2 57.9 -43.4 -140.6
501 eLPride -40.7 5.8 56.2 63.5 -37.0 -134.1
502 VP -40.0 6.6 57.2 59.5 -41.0 -138.1
503 Dignitas -39.2 7.6 58.5 55.5 -45.0 -142.1
504 VP -37.5 9.4 60.6 51.5 -49.0 -146.1
505 Na'Vi -37.0 10.0 61.4 47.5 -53.0 -150.1
506 EG -36.2 10.9 62.6 43.5 -57.0 -154.1
507 Na'Vi -35.3 11.9 63.9 39.5 -61.0 -158.1
508 Na'Vi -34.8 12.5 64.6 35.5 -65.0 -162.1
509 Keita -31.8 14.9 66.9 31.5 -69.0 -166.1
511 Alliance -29.7 17.2 69.4 27.5 -73.0 -170.1
512 Quantic -33.7 13.2 65.4 45.2 -57.8 -156.2
513 EG -37.7 9.2 61.4 58.5 -46.4 -146.0
514 Dignitas -41.7 5.2 57.4 80.4 -27.8 -130.0
515 Alliance -40.2 7.1 59.6 76.4 -31.8 -134.0
517 Alliance -38.7 8.9 61.7 72.4 -35.8 -138.0
518 Alliance -36.7 11.3 64.3 68.4 -39.8 -142.0
519 FSid3 -34.7 13.7 67.0 64.4 -43.8 -146.0
520 Quantic -33.6 15.0 68.6 60.4 -47.8 -150.0
521 LGD.int -37.6 11.0 64.6 70.3 -39.5 -142.6
522 Na'Vi -36.4 12.4 66.2 66.3 -43.5 -146.6
523 Na'Vi -34.7 14.2 68.2 62.3 -47.5 -150.6
524 Na'Vi -33.4 15.6 69.8 58.3 -51.5 -154.6
525 LGD.cn -31.5 17.6 72.1 54.3 -55.5 -158.6
527 Na'Vi -30.5 18.7 73.5 50.3 -59.5 -162.6
528 Liquid -29.6 19.8 74.8 46.3 -63.5 -166.6
529 EG -28.9 20.6 75.7 42.3 -67.5 -170.6
531 Na'Vi -28.0 21.6 76.9 38.3 -71.5 -174.6
532 Empire -27.0 22.6 78.1 34.3 -75.5 -178.6
533 rox.KIS -25.9 23.6 79.1 30.3 -79.5 -182.6
534 EG -23.1 26.4 81.8 26.3 -83.5 -186.6
536 Liquid -22.4 27.2 82.8 22.3 -87.5 -190.6
537 Liquid -21.8 27.9 83.7 18.3 -91.5 -194.6
538 Alliance -21.0 28.7 84.7 14.3 -95.5 -198.6
540 EG -18.4 31.2 87.3 10.3 -99.5 -202.6
541 VP -17.4 32.5 88.7 6.3 -103.5 -206.6
542 Alliance -15.9 34.1 90.5 2.3 -107.5 -210.6
543 VP -13.3 36.4 93.1 -1.7 -111.5 -214.6
544 EG -17.3 32.4 89.1 8.5 -101.8 -205.5
545 Alliance -15.8 34.3 91.3 4.5 -105.8 -209.5
546 Orange -13.3 36.4 93.4 0.5 -109.8 -213.5
547 iG -11.4 38.2 95.3 -3.5 -113.8 -217.5
548 Liquid -8.3 41.3 98.6 -7.5 -117.8 -221.5
549 Fnatic.eu -12.3 37.3 94.6 5.0 -106.8 -212.2
550 Kaipi -16.3 33.3 90.6 15.2 -96.3 -202.5
551 Kaipi -20.3 29.3 86.6 25.3 -85.4 -191.8
553 TongFu -24.3 25.3 82.6 41.1 -70.5 -179.0
557 Liquid -28.3 21.3 78.6 51.6 -61.5 -170.9
558 rox.KIS -26.6 23.1 80.6 47.6 -65.5 -174.9
561 Orange -30.6 19.1 76.6 52.2 -60.2 -169.6
562 TongFu -28.9 20.9 78.5 48.2 -64.2 -173.6
564 EG -32.9 16.9 74.5 55.1 -57.6 -167.5
568 Liquid -30.2 19.5 77.2 51.1 -61.6 -171.5
571 DK -34.2 15.5 73.2 58.5 -54.5 -164.7
573 VP -38.2 11.5 69.2 70.9 -44.3 -156.0
574 Fnatic.eu -42.2 7.5 65.2 82.8 -33.9 -147.2
575 TongFu -46.2 3.5 61.2 88.3 -28.6 -142.2
576 iCCup -50.2 -0.5 57.2 100.7 -18.7 -133.7
577 rox.KIS -48.2 1.6 59.7 96.7 -22.7 -137.7
579 Alliance -45.5 4.4 62.7 92.7 -26.7 -141.7
580 VP -44.5 5.6 64.1 88.7 -30.7 -145.7
581 LGD.cn -42.1 8.4 67.2 84.7 -34.7 -149.7
584 Alliance -40.1 10.9 69.9 80.7 -38.7 -153.7
585 VP -38.6 12.7 71.8 76.7 -42.7 -157.7
587 Alliance -37.2 14.0 73.2 72.7 -46.7 -161.7
588 Zenith -41.2 10.0 69.2 80.1 -39.1 -154.8
589 Alliance -39.2 12.1 71.6 76.1 -43.1 -158.8
590 Na'Vi -37.3 13.9 73.5 72.1 -47.1 -162.8
591 LGD.cn -34.6 16.8 76.5 68.1 -51.1 -166.8
592 Fnatic.eu -32.8 18.8 78.6 64.1 -55.1 -170.8
593 Quantic -30.3 21.3 81.2 60.1 -59.1 -174.8
595 Alliance -28.7 23.0 83.1 56.1 -63.1 -178.8
596 mouz -25.9 26.0 86.0 52.1 -67.1 -182.8
597 Alliance -24.1 27.9 88.0 48.1 -71.1 -186.8
598 LGD.cn -22.6 29.6 89.9 44.1 -75.1 -190.8
600 mouz -26.6 25.6 85.9 56.5 -63.3 -180.3
602 Alliance -25.0 27.4 87.8 52.5 -67.3 -184.3
604 Orange -23.9 28.6 89.3 48.5 -71.3 -188.3
605 LGD.int -22.1 30.3 91.2 44.5 -75.3 -192.3
607 Kaipi -26.1 26.3 87.2 53.4 -66.7 -184.7
608 Alliance -24.8 27.8 88.9 49.4 -70.7 -188.7
611 Denial -22.8 30.2 91.6 45.4 -74.7 -192.7
612 Na'Vi -19.6 33.1 94.4 41.4 -78.7 -196.7
613 Fnatic.eu -16.8 35.9 97.2 37.4 -82.7 -200.7
615 Orange -15.5 37.3 98.8 33.4 -86.7 -204.7
616 TongFu -13.7 39.5 101.4 29.4 -90.7 -208.7
617 VP -12.3 41.1 103.2 25.4 -94.7 -212.7
618 Alliance -11.1 42.5 104.8 21.4 -98.7 -216.7
619 iG -15.1 38.5 100.8 26.7 -93.6 -211.7
620 DK -19.1 34.5 96.8 31.3 -88.0 -205.6
621 iCCup -23.1 30.5 92.8 44.9 -74.9 -195.1
622 Fnatic.eu -20.8 32.6 94.9 40.9 -78.9 -199.1
623 Alliance -19.2 34.4 96.9 36.9 -82.9 -203.1
624 Liquid -17.7 36.1 98.8 32.9 -86.9 -207.1
625 TongFu -21.7 32.1 94.8 38.6 -81.8 -202.4
626 iCCup -25.7 28.1 90.8 49.4 -72.3 -194.2
627 EG -23.9 29.8 92.7 45.4 -76.3 -198.2
628 EG -23.0 30.8 93.9 41.4 -80.3 -202.2
629 LGD.cn -27.0 26.8 89.9 48.3 -73.0 -195.4
630 iG -25.0 28.9 92.2 44.3 -77.0 -199.4
631 Alliance -24.1 30.1 93.7 40.3 -81.0 -203.4
632 mouz -22.6 31.8 95.6 36.3 -85.0 -207.4
634 Na'Vi -19.7 34.6 98.4 32.3 -89.0 -211.4
635 Dignitas -18.3 36.1 100.2 28.3 -93.0 -215.4
636 EG -17.6 37.0 101.3 24.3 -97.0 -219.4
638 Na'Vi -14.9 39.6 104.0 20.3 -101.0 -223.4
639 4FC -11.6 42.4 106.8 16.3 -105.0 -227.4
641 mouz -9.5 45.0 109.6 12.3 -109.0 -231.4
642 Alliance -8.5 46.2 111.1 8.3 -113.0 -235.4
643 iG -6.2 48.3 113.4 4.3 -117.0 -239.4
644 rox.KIS -10.2 44.3 109.4 15.1 -106.9 -230.6
645 VP -14.2 40.3 105.4 23.6 -98.6 -223.1
646 Fnatic.eu -11.8 42.4 107.6 19.6 -102.6 -227.1
648 VP -10.1 44.5 110.0 15.6 -106.6 -231.1
651 Denial -14.1 40.5 106.0 33.6 -91.2 -219.1
652 DK -18.1 36.5 102.0 39.5 -85.6 -213.7
653 VG -22.1 32.5 98.0 54.5 -72.5 -202.9
654 DK -20.1 35.1 101.2 50.5 -76.5 -206.9
656 Na'Vi -19.0 36.3 102.7 46.5 -80.5 -210.9
657 mouz -17.4 38.2 104.8 42.5 -84.5 -214.9
658 mouz -21.4 34.2 100.8 54.0 -74.4 -205.1
659 Na'Vi -19.8 35.8 102.5 50.0 -78.4 -209.1
660 RS -23.8 31.8 98.5 62.5 -67.1 -199.5
661 iG -27.8 27.8 94.5 68.0 -62.1 -194.8
662 DK -26.1 29.7 96.7 64.0 -66.1 -198.8
664 RStars -30.1 25.7 92.7 80.1 -52.7 -187.6
665 Orange -27.7 28.3 95.7 76.1 -56.7 -191.6
666 LGD.cn -25.4 31.0 98.6 72.1 -60.7 -195.6
667 DK -23.6 32.9 100.8 68.1 -64.7 -199.6
668 mouz -22.8 33.9 102.1 64.1 -68.7 -203.6
669 iNfernity -20.5 36.5 105.3 60.1 -72.7 -207.6
670 EG -19.5 37.6 106.7 56.1 -76.7 -211.6
671 Fnatic.eu -18.6 38.6 107.9 52.1 -80.7 -215.6
672 Orange -17.0 40.3 109.8 48.1 -84.7 -219.6
674 mouz -16.3 41.2 110.9 44.1 -88.7 -223.6
675 EG -20.3 37.2 106.9 50.5 -82.5 -217.7
676 LGD.cn -18.5 39.1 109.1 46.5 -86.5 -221.7
677 mouz -16.5 41.1 111.1 42.5 -90.5 -225.7
678 Kaipi -20.5 37.1 107.1 61.2 -74.0 -212.1
679 Fnatic.eu -24.5 33.1 103.1 70.9 -65.4 -204.3
680 Liquid -28.5 29.1 99.1 77.5 -58.7 -198.6
681 Quantic -32.5 25.1 95.1 84.2 -52.8 -193.2
682 mouz -36.5 21.1 91.1 90.5 -46.9 -187.9
683 rox.KIS -40.5 17.1 87.1 96.9 -41.2 -182.7
685 mouz -37.9 20.1 90.4 92.9 -45.2 -186.7
686 VP -36.1 22.0 92.5 88.9 -49.2 -190.7
687 VP -40.1 18.0 88.5 94.5 -44.0 -185.6
688 VP -38.1 20.1 90.9 90.5 -48.0 -189.6
690 EG -36.2 22.5 93.5 86.5 -52.0 -193.6
691 Liquid -34.0 24.9 96.1 82.5 -56.0 -197.6
692 Na'Vi -32.4 26.5 97.9 78.5 -60.0 -201.6
693 Alliance -30.8 28.2 99.8 74.5 -64.0 -205.6
695 Alliance -28.8 30.4 102.2 70.5 -68.0 -209.6
696 Fnatic.eu -27.2 32.0 104.0 66.5 -72.0 -213.6
697 Kaipi -25.6 33.6 105.8 62.5 -76.0 -217.6
699 Alliance -24.5 34.9 107.3 58.5 -80.0 -221.6
700 Orange -23.1 36.3 109.0 54.5 -84.0 -225.6
701 VG -27.1 32.3 105.0 60.6 -77.8 -219.8
702 Na'Vi -26.2 33.3 106.2 56.6 -81.8 -223.8
703 mouz -25.3 34.3 107.5 52.6 -85.8 -227.8
704 EG -29.3 30.3 103.5 60.6 -78.8 -221.5
706 RS -33.3 26.3 99.5 66.1 -73.5 -216.3
707 Orange -31.4 28.2 101.6 62.1 -77.5 -220.3
708 iCCup -35.4 24.2 97.6 72.0 -68.6 -212.3
709 Kaipi -32.4 27.3 100.9 68.0 -72.6 -216.3
711 mouz -29.7 30.5 104.3 64.0 -76.6 -220.3
712 Na'Vi -28.8 31.6 105.6 60.0 -80.6 -224.3
713 MiTH -27.1 33.5 107.8 56.0 -84.6 -228.3
714 Dreamz -24.2 36.2 110.7 52.0 -88.6 -232.3
715 mouz -22.7 37.9 112.6 48.0 -92.6 -236.3
716 mouz -20.6 40.3 115.3 44.0 -96.6 -240.3
717 mouz -17.7 43.3 118.4 40.0 -100.6 -244.3
718 Dreamz -16.6 44.5 119.9 36.0 -104.6 -248.3
719 Mski -14.5 46.3 121.8 32.0 -108.6 -252.3
720 MiTH -12.7 48.1 123.8 28.0 -112.6 -256.3
721 Mski -16.7 44.1 119.8 37.4 -102.5 -247.1
722 iCCup -14.8 46.1 122.1 33.4 -106.5 -251.1
723 Kaipi -13.9 47.1 123.3 29.4 -110.5 -255.1
725 Romania -12.2 49.1 125.6 25.4 -114.5 -259.1
726 RS -16.2 45.1 121.6 32.3 -107.5 -252.8
727 Fnatic.eu -20.2 41.1 117.6 49.1 -93.0 -241.3
729 DK -19.2 42.6 119.4 45.1 -97.0 -245.3
730 LGD.cn -18.4 43.6 120.5 41.1 -101.0 -249.3
731 iG -16.8 45.5 122.6 37.1 -105.0 -253.3
732 Alliance -15.7 46.8 124.2 33.1 -109.0 -257.3
734 TongFu -12.7 50.1 127.6 29.1 -113.0 -261.3
737 Na'Vi -10.5 52.5 130.2 25.1 -117.0 -265.3
741 TongFu -9.0 54.3 132.7 21.1 -121.0 -269.3
744 Alliance -6.5 56.9 135.5 17.1 -125.0 -273.3
745 Dignitas -10.5 52.9 131.5 38.6 -110.5 -261.6
746 DK -9.8 53.8 132.5 34.6 -114.5 -265.6
748 Na'Vi -8.6 55.1 134.1 30.6 -118.5 -269.6
749 Liquid -12.6 51.1 130.1 43.1 -108.5 -259.7
750 Orange -10.0 54.2 133.3 39.1 -112.5 -263.7
751 Alliance -9.2 55.3 134.7 35.1 -116.5 -267.7
754 Na'Vi -8.5 56.1 135.6 31.1 -120.5 -271.7
756 Dignitas -12.5 52.1 131.6 36.5 -115.7 -267.2
757 Alliance -10.9 53.6 133.1 32.5 -119.7 -271.2
758 iG -9.4 55.4 134.9 28.5 -123.7 -275.2
759 Orange -7.8 57.2 136.9 24.5 -127.7 -279.2
761 Fnatic.eu -7.1 58.0 137.8 20.5 -131.7 -283.2
762 Na'Vi -5.0 60.0 140.0 16.5 -135.7 -287.2
766 Alliance -4.1 61.0 141.1 12.5 -139.7 -291.2
767 LGD.int -8.1 57.0 137.1 28.5 -125.8 -279.3
769 mouz -7.2 58.0 138.3 24.5 -129.8 -283.3
770 LGD.cn -5.6 59.7 140.1 20.5 -133.8 -287.3
771 Na'Vi -4.4 61.0 141.5 16.5 -137.8 -291.3
772 DK -8.4 57.0 137.5 22.0 -131.9 -285.9
773 Alliance -7.7 57.8 138.4 18.0 -135.9 -289.9
774 TongFu -11.7 53.8 134.4 24.6 -129.7 -284.2
775 Liquid -8.8 56.7 137.4 20.6 -133.7 -288.2
776 Orange -7.5 58.1 139.0 16.6 -137.7 -292.2
778 DK -6.1 59.9 141.0 12.6 -141.7 -296.2
779 Zenith -5.2 60.9 142.2 8.6 -145.7 -300.2
781 Alliance -4.3 61.9 143.3 4.6 -149.7 -304.2
782 iG -1.8 64.6 146.2 0.6 -153.7 -308.2
783 TongFu -0.9 65.5 147.2 -3.4 -157.7 -312.2
785 LGD.cn 1.1 67.8 149.7 -7.4 -161.7 -316.2
786 Na'Vi 2.1 68.9 151.0 -11.4 -165.7 -320.2
788 Dignitas 4.5 71.3 153.6 -15.4 -169.7 -324.2
790 AllStarsA 0.5 67.3 149.6 -10.7 -164.4 -319.2
791 Orange 2.2 69.2 151.6 -14.7 -168.4 -323.2
792 Fnatic.eu 4.8 71.7 154.3 -18.7 -172.4 -327.2
793 Alliance 6.0 73.0 155.9 -22.7 -176.4 -331.2
795 Liquid 6.9 74.0 157.1 -26.7 -180.4 -335.2
796 Zenith 8.8 76.0 159.4 -30.7 -184.4 -339.2
797 Liquid 4.8 72.0 155.4 -16.9 -173.0 -329.6
798 iG 6.7 74.0 157.6 -20.9 -177.0 -333.6
799 Alliance 7.8 75.2 159.1 -24.9 -181.0 -337.6
800 Na'Vi 9.2 76.6 160.6 -28.9 -185.0 -341.6
801 Orange 11.9 79.6 163.8 -32.9 -189.0 -345.6
802 iG 14.0 81.9 166.4 -36.9 -193.0 -349.6
803 Orange 10.0 77.9 162.4 -25.0 -183.4 -341.4
806 Orange 6.0 73.9 158.4 -17.9 -177.2 -335.7
807 Na'Vi 7.6 75.6 160.3 -21.9 -181.2 -339.7
808 Alliance 10.0 78.4 163.2 -25.9 -185.2 -343.7
811 RStars 11.2 79.9 165.0 -29.9 -189.2 -347.7
812 Empire 12.2 81.1 166.6 -33.9 -193.2 -351.7
813 Empire 13.1 82.0 167.8 -37.9 -197.2 -355.7
814 Kaipi 14.6 83.8 169.9 -41.9 -201.2 -359.7
815 TTD 15.9 85.2 171.6 -45.9 -205.2 -363.7
816 Kaipi 17.2 86.6 173.1 -49.9 -209.2 -367.7
817 Lounge 19.2 88.6 175.4 -53.9 -213.2 -371.7
818 FD 20.4 89.8 176.9 -57.9 -217.2 -375.7
820 4FC 21.1 90.6 177.9 -61.9 -221.2 -379.7
821 4++ 17.1 86.6 173.9 -47.6 -206.0 -367.8
822 MiTH 18.1 87.9 175.4 -51.6 -210.0 -371.8
823 GL.eu 19.5 89.5 177.3 -55.6 -214.0 -375.8
825 WARDGS 21.2 91.2 179.3 -59.6 -218.0 -379.8
826 EVOPLAY 22.9 92.7 181.2 -63.6 -222.0 -383.8
827 TS 18.9 88.7 177.2 -58.5 -215.1 -377.3
828 EVOPLAY 20.8 90.6 179.3 -62.5 -219.1 -381.3
829 TLP 16.8 86.6 175.3 -48.6 -207.2 -371.9
830 DUZA 12.8 82.6 171.3 -40.9 -199.6 -364.5
831 Awake 14.7 84.5 173.3 -44.9 -203.6 -368.5
832 CDCD 10.7 80.5 169.3 -21.7 -185.2 -352.7
833 Menace 6.7 76.5 165.3 -8.8 -174.1 -343.7
835 Poseidon 9.6 79.0 167.7 -12.8 -178.1 -347.7
836 Poseidon 11.4 81.1 170.1 -16.8 -182.1 -351.7
837 Next.kz 7.4 77.1 166.1 -11.0 -175.8 -345.7
838 Kaipi 9.0 78.9 168.4 -15.0 -179.8 -349.7
841 VP 10.0 80.0 169.8 -19.0 -183.8 -353.7
842 Menace 6.0 76.0 165.8 -9.6 -174.8 -345.0
843 Empire 7.9 77.7 167.6 -13.6 -178.8 -349.0
844 Kaipi 9.2 79.0 169.2 -17.6 -182.8 -353.0
845 DUZA 5.2 75.0 165.2 -8.5 -174.3 -345.4
847 4FC 1.2 71.0 161.2 -3.9 -169.2 -340.1
848 DUZA -2.8 67.0 157.2 3.0 -162.7 -334.3
851 VP -1.8 68.2 158.7 -1.0 -166.7 -338.3
854 Life -5.8 64.2 154.7 3.6 -161.0 -332.8
855 Imp -3.6 66.5 157.2 -0.4 -165.0 -336.8
856 Empire -2.1 68.0 158.9 -4.4 -169.0 -340.8
857 Next.kz -0.3 69.8 160.8 -8.4 -173.0 -344.8
858 FSid3 1.6 71.8 163.2 -12.4 -177.0 -348.8
859 FSid3 -2.4 67.8 159.2 -2.6 -166.3 -339.0
860 Bambang -6.4 63.8 155.2 5.0 -158.1 -331.6
861 Aspera -4.1 65.8 157.3 1.0 -162.1 -335.6
862 rox.KIS -2.6 67.1 158.8 -3.0 -166.1 -339.6
864 Poseidon -1.5 68.4 160.3 -7.0 -170.1 -343.6
865 Mski -0.5 69.5 161.7 -11.0 -174.1 -347.6
866 Poseidon 0.4 70.4 162.8 -15.0 -178.1 -351.6
867 Dreamz 1.5 71.7 164.4 -19.0 -182.1 -355.6
868 GxGaming -2.5 67.7 160.4 -14.0 -176.3 -350.2
871 Next.kz -1.4 68.9 161.8 -18.0 -180.3 -354.2
872 Aspera -5.4 64.9 157.8 -9.3 -172.3 -346.9
873 PR -9.4 60.9 153.8 11.4 -154.7 -332.3
876 MSIEvoGT -7.4 63.2 156.5 7.4 -158.7 -336.3
877 Mski -6.4 64.6 158.2 3.4 -162.7 -340.3
878 Lowyat -10.4 60.6 154.2 17.1 -151.3 -330.8
879 Empire -7.6 63.7 157.5 13.1 -155.3 -334.8
880 Empire -11.6 59.7 153.5 22.0 -146.6 -326.9
881 Quantic -15.6 55.7 149.5 30.6 -139.0 -320.2
883 Kaipi -14.4 57.1 151.1 26.6 -143.0 -324.2
885 Aspera -12.7 58.8 153.0 22.6 -147.0 -328.2
886 Fnatic.eu -11.3 60.3 154.8 18.6 -151.0 -332.2
887 MSIEvoGT -15.3 56.3 150.8 25.0 -145.4 -327.0
888 Mski -13.4 58.3 153.1 21.0 -149.4 -331.0
889 Next.kz -12.1 59.6 154.6 17.0 -153.4 -335.0
890 GL.eu -9.8 62.3 157.5 13.0 -157.4 -339.0
891 Menace -7.9 64.1 159.5 9.0 -161.4 -343.0
892 Kaipi -5.9 66.4 162.1 5.0 -165.4 -347.0
893 Menace -9.9 62.4 158.1 15.2 -155.3 -338.1
894 Life -7.4 65.4 161.5 11.2 -159.3 -342.1
896 Life -11.4 61.4 157.5 19.4 -150.3 -333.2
897 Kaipi -9.8 63.3 159.7 15.4 -154.3 -337.2
898 Mski -8.2 65.0 161.6 11.4 -158.3 -341.2
899 Menace -6.9 66.2 163.0 7.4 -162.3 -345.2
900 VP -10.9 62.2 159.0 14.4 -155.7 -339.2
901 Fnatic.eu -9.5 63.5 160.5 10.4 -159.7 -343.2
902 Kaipi -7.3 65.7 162.9 6.4 -163.7 -347.2
903 Kaipi -6.1 67.0 164.4 2.4 -167.7 -351.2
904 SAfrica -10.1 63.0 160.4 7.9 -162.2 -346.0
905 Dignitas -9.3 63.9 161.5 3.9 -166.2 -350.0
906 Dignitas -8.4 64.9 162.7 -0.1 -170.2 -354.0
908 iG -7.7 65.7 163.7 -4.1 -174.2 -358.0
909 VG -6.2 67.6 166.0 -8.1 -178.2 -362.0
911 4FC -10.2 63.6 162.0 5.2 -164.6 -350.6
913 Joiker -14.2 59.6 158.0 12.8 -157.6 -344.5
914 StayFree -11.9 62.0 160.8 8.8 -161.6 -348.5
915 Fnatic.eu -11.1 63.0 162.0 4.8 -165.6 -352.5
916 Property -15.1 59.0 158.0 17.5 -155.0 -343.2
917 Menace -19.1 55.0 154.0 28.4 -144.1 -333.7
919 LGD.cn -17.8 56.5 155.7 24.4 -148.1 -337.7
920 TongFu -17.2 57.2 156.6 20.4 -152.1 -341.7
921 Alliance -16.2 58.2 157.9 16.4 -156.1 -345.7
922 PR -20.2 54.2 153.9 24.0 -149.2 -339.1
923 DUZA -18.4 56.0 156.0 20.0 -153.2 -343.1
925 Empire -17.1 57.3 157.5 16.0 -157.2 -347.1
926 Empire -15.7 58.9 159.2 12.0 -161.2 -351.1
927 iG -14.2 60.3 160.7 8.0 -165.2 -355.1
930 MiTH -11.5 62.6 163.1 4.0 -169.2 -359.1
931 Alliance -10.6 63.5 164.1 2.84217094304e-14 -173.2 -363.1
932 Fnatic.eu -8.6 65.9 166.7 -4.0 -177.2 -367.1
933 Empire -6.3 68.2 169.2 -8.0 -181.2 -371.1
937 OguraYui -10.3 64.2 165.2 3.1 -168.6 -360.3
938 Mski -8.5 65.7 166.9 -0.9 -172.6 -364.3
940 Next.kz -12.5 61.7 162.9 4.5 -167.5 -359.4
941 Alliance -11.6 62.7 164.0 0.5 -171.5 -363.4
944 Imp -15.6 58.7 160.0 11.7 -160.7 -353.5
948 Empire -13.4 61.0 162.5 7.7 -164.7 -357.5
949 VP -12.1 62.3 164.0 3.7 -168.7 -361.5
950 Kaipi -11.1 63.5 165.5 -0.3 -172.7 -365.5
951 Mski -10.1 64.6 166.8 -4.3 -176.7 -369.5
953 Kaipi -8.4 66.7 169.3 -8.3 -180.7 -373.5
954 Cascade -12.4 62.7 165.3 5.1 -169.1 -363.5
956 Alliance -11.9 63.2 166.0 1.1 -173.1 -367.5
957 Na'Vi -11.1 63.9 166.9 -2.9 -177.1 -371.5
958 PR -15.1 59.9 162.9 21.8 -153.1 -350.7
959 Kaipi -14.3 60.9 164.0 17.8 -157.1 -354.7
960 Kaipi -13.6 61.8 165.2 13.8 -161.1 -358.7
961 Life -11.4 64.7 168.5 9.8 -165.1 -362.7
963 Na'Vi -10.0 66.1 170.1 5.8 -169.1 -366.7
964 Alliance -8.8 67.4 171.6 1.8 -173.1 -370.7
966 TongFu -5.3 70.2 174.3 -2.2 -177.1 -374.7
967 mouz -3.9 71.7 176.0 -6.2 -181.1 -378.7
970 Joiker -1.1 74.6 179.1 -10.2 -185.1 -382.7
971 iG 0.9 77.1 181.9 -14.2 -189.1 -386.7
972 Aspera -3.1 73.1 177.9 7.7 -170.1 -370.8
973 DUZA -7.1 69.1 173.9 12.6 -164.9 -365.7
974 Fnatic.eu -4.3 71.5 176.4 8.6 -168.9 -369.7
975 Dignitas -3.5 72.5 177.7 4.6 -172.9 -373.7
976 StayFree -2.1 74.2 179.7 0.6 -176.9 -377.7
977 Na'Vi -0.6 75.9 181.7 -3.4 -180.9 -381.7
978 rox.KIS -4.6 71.9 177.7 3.7 -172.4 -373.9
979 PR -2.0 74.2 180.1 -0.3 -176.4 -377.9
981 PR 1.82076576039e-14 76.2 182.3 -4.3 -180.4 -381.9
982 Fnatic.eu 0.8 77.0 183.3 -8.3 -184.4 -385.9
983 Fnatic.eu 2.6 78.7 185.1 -12.3 -188.4 -389.9
984 nAra -1.4 74.7 181.1 -6.9 -183.1 -385.2
985 Inv.kwnku 0.4 76.8 183.5 -10.9 -187.1 -389.2
986 Na'Vi 1.4 78.0 184.9 -14.9 -191.1 -393.2
987 Fnatic.eu 3.0 79.8 186.9 -18.9 -195.1 -397.2
988 4FC -1.0 75.8 182.9 -9.3 -185.0 -388.2
990 Kaipi -0.2 76.7 184.0 -13.3 -189.0 -392.2
991 Empire -4.2 72.7 180.0 -2.4 -179.6 -384.3
992 PBS -8.2 68.7 176.0 7.9 -171.3 -376.5
993 SFEC -12.2 64.7 172.0 16.6 -163.1 -369.2
994 Next.kz -16.2 60.7 168.0 22.6 -157.4 -363.8
995 Inv.kwnku -14.5 62.8 170.6 18.6 -161.4 -367.8
996 rox.KIS -11.8 65.2 173.1 14.6 -165.4 -371.8
997 PR -15.8 61.2 169.1 32.2 -150.6 -360.1
998 Mski -12.7 64.0 172.1 28.2 -154.6 -364.1
999 Empire -10.8 66.4 174.8 24.2 -158.6 -368.1
1000 Inv.kwnku -9.1 68.3 176.9 20.2 -162.6 -372.1
1001 FD -7.4 70.3 179.4 16.2 -166.6 -376.1
1002 Empire -5.9 72.1 181.6 12.2 -170.6 -380.1
1004 EG -4.3 73.8 183.5 8.2 -174.6 -384.1
1005 Dignitas -8.3 69.8 179.5 20.3 -164.7 -375.7
1007 rox.KIS -5.2 72.7 182.6 16.3 -168.7 -379.7
1008 Menace -9.2 68.7 178.6 28.4 -156.4 -368.8
1009 Kaipi -8.3 69.6 179.7 24.4 -160.4 -372.8
1010 Aspera -12.3 65.6 175.7 31.8 -153.4 -366.2
1012 DK -11.0 67.1 177.5 27.8 -157.4 -370.2
1015 StayFree -9.3 69.5 180.2 23.8 -161.4 -374.2
1017 Na'Vi -8.5 70.4 181.2 19.8 -165.4 -378.2
1018 Alliance -7.7 71.3 182.4 15.8 -169.4 -382.2
1019 Empire -5.8 73.7 185.1 11.8 -173.4 -386.2
1020 Na'Vi -4.1 75.4 187.0 7.8 -177.4 -390.2
1021 Na'Vi -2.9 76.6 188.4 3.8 -181.4 -394.2
1022 LGD.cn -1.8 77.9 189.8 -0.2 -185.4 -398.2
1023 VG 0.2 80.1 192.0 -4.2 -189.4 -402.2
1024 LGD.cn 2.5 82.1 194.0 -8.2 -193.4 -406.2
1025 Dignitas 3.3 83.0 195.2 -12.2 -197.4 -410.2
1027 Next.kz -0.7 79.0 191.2 -6.1 -189.8 -402.9
1028 4FC -4.7 75.0 187.2 4.4 -178.3 -392.9
1029 rox.KIS -2.1 78.1 190.5 0.4 -182.3 -396.9
1030 Na'Vi -1.3 79.0 191.5 -3.6 -186.3 -400.9
1031 Empire 1.5 81.7 194.3 -7.6 -190.3 -404.9
1032 Na'Vi 2.4 82.8 195.6 -11.6 -194.3 -408.9
1034 Alliance 3.1 83.6 196.6 -15.6 -198.3 -412.9
1035 Alliance 3.8 84.3 197.4 -19.6 -202.3 -416.9
1036 4FC -0.2 80.3 193.4 -13.5 -196.3 -411.5
1037 VP -4.2 76.3 189.4 -1.5 -187.1 -403.6
1039 Ahead.kz -8.2 72.3 185.4 19.8 -165.3 -385.7
1040 PBS -6.8 74.3 187.7 15.8 -169.3 -389.7
1041 Alliance -5.8 75.6 189.2 11.8 -173.3 -393.7
1042 Empire -4.3 77.3 191.1 7.8 -177.3 -397.7
1044 Quantic -2.3 79.9 193.8 3.8 -181.3 -401.7
1045 iG -1.4 81.3 195.5 -0.2 -185.3 -405.7
1046 Liquid -0.3 82.5 196.9 -4.2 -189.3 -409.7
1047 EG -4.3 78.5 192.9 4.7 -181.3 -403.2
1048 MiTH -2.7 80.2 194.9 0.7 -185.3 -407.2
1049 Dreamz -0.8 82.4 197.4 -3.3 -189.3 -411.2
1050 Alliance 1.88737914186e-14 83.3 198.5 -7.3 -193.3 -415.2
1051 iG 0.8 84.3 199.7 -11.3 -197.3 -419.2
1052 DK 2.4 86.2 201.8 -15.3 -201.3 -423.2
1053 Kaipi -1.6 82.2 197.8 -9.7 -195.9 -417.9
1055 Alliance -1.0 82.9 198.7 -13.7 -199.9 -421.9
1059 TongFu 0.8 84.4 200.3 -17.7 -203.9 -425.9
1060 LGD.int 3.0 86.7 202.8 -21.7 -207.9 -429.9
1061 RS.int 4.5 88.5 204.9 -25.7 -211.9 -433.9
1062 MiTH 6.2 90.2 206.8 -29.7 -215.9 -437.9
1063 Alliance 6.9 91.0 207.7 -33.7 -219.9 -441.9
1064 Alliance 7.7 91.9 208.7 -37.7 -223.9 -445.9
1065 SSD 8.7 93.4 210.4 -41.7 -227.9 -449.9
1067 Hearts 10.2 95.0 212.2 -45.7 -231.9 -453.9
1068 rox.KIS 12.1 97.0 214.5 -49.7 -235.9 -457.9
1069 Poseidon 8.1 93.0 210.5 -42.9 -228.4 -450.4
1070 Quantic 4.1 89.0 206.5 -32.6 -219.1 -442.0
1071 Quantic 5.9 90.6 208.3 -36.6 -223.1 -446.0
1073 Titan 7.4 92.1 209.9 -40.6 -227.1 -450.0
1077 StayFree 8.5 93.6 211.7 -44.6 -231.1 -454.0
1078 VP 10.8 95.9 214.2 -48.6 -235.1 -458.0
1080 SYF 13.3 97.9 216.3 -52.6 -239.1 -462.0
1081 Na'Vi 14.0 98.7 217.3 -56.6 -243.1 -466.0
1082 Fnatic.eu 14.8 99.6 218.3 -60.6 -247.1 -470.0
1083 Titan 15.6 100.5 219.5 -64.6 -251.1 -474.0
1084 Arcanys 11.6 96.5 215.5 -60.2 -245.3 -468.4
1085 FD 12.4 97.6 216.9 -64.2 -249.3 -472.4
1086 MVP 8.4 93.6 212.9 -58.9 -243.7 -466.9
1087 UR 10.3 95.6 215.0 -62.9 -247.7 -470.9
1088 FXopen 11.2 96.9 216.5 -66.9 -251.7 -474.9
1089 Imp 11.9 97.9 217.6 -70.9 -255.7 -478.9
1090 MiTH 12.6 98.8 218.7 -74.9 -259.7 -482.9
1091 Na'Vi 13.5 99.8 220.0 -78.9 -263.7 -486.9
1092 ONE.dota 9.5 95.8 216.0 -67.7 -252.1 -476.7
1093 Lowyat 5.5 91.8 212.0 -61.9 -246.3 -471.2
1094 DK 7.8 94.4 215.0 -65.9 -250.3 -475.2
1095 Arcanys 3.8 90.4 211.0 -44.4 -233.0 -461.7
1096 VG 4.8 91.8 212.7 -48.4 -237.0 -465.7
1097 FD 5.5 92.7 214.0 -52.4 -241.0 -469.7
1098 Lowyat 1.5 88.7 210.0 -41.8 -230.8 -461.0
1099 rox.KIS 3.7 91.0 212.5 -45.8 -234.8 -465.0
1101 Fnatic.eu 4.7 92.2 214.0 -49.8 -238.8 -469.0
1104 Poseidon 0.7 88.2 210.0 -33.8 -224.6 -457.8
1105 Na'Vi 1.5 89.1 211.1 -37.8 -228.6 -461.8
1108 eN.Legs 3.0 91.1 213.5 -41.8 -232.6 -465.8
1110 bvd.dotA 5.1 93.5 216.3 -45.8 -236.6 -469.8
1111 LGD.int 6.1 94.6 217.7 -49.8 -240.6 -473.8
1112 DK 6.6 95.3 218.5 -53.8 -244.6 -477.8
1113 Imp 8.5 98.0 221.6 -57.8 -248.6 -481.8
1114 Na'Vi 9.2 98.8 222.6 -61.8 -252.6 -485.8
1116 NJ&Kids 5.2 94.8 218.6 -56.7 -246.3 -479.6
1117 VG 5.9 95.6 219.6 -60.7 -250.3 -483.6
1118 LGD.cn 6.3 96.2 220.4 -64.7 -254.3 -487.6
1119 FD 2.3 92.2 216.4 -57.9 -247.9 -481.7
1120 Ahead.kz 3.6 93.7 218.2 -61.9 -251.9 -485.7
1122 PR 5.1 94.9 219.5 -65.9 -255.9 -489.7
1123 Na'Vi 5.5 95.5 220.2 -69.9 -259.9 -493.7
1124 bvd.dotA 7.5 97.3 222.0 -73.9 -263.9 -497.7
1125 Empire 9.1 98.9 223.6 -77.9 -267.9 -501.7
1126 Life 5.1 94.9 219.6 -67.5 -253.8 -488.8
1127 EG 7.4 97.4 222.4 -71.5 -257.8 -492.8
1129 iG 7.9 98.1 223.2 -75.5 -261.8 -496.8
1130 TongFu 9.5 99.9 225.2 -79.5 -265.8 -500.8
1131 Na'Vi 10.5 100.9 226.4 -83.5 -269.8 -504.8
1132 Fnatic.eu 11.4 102.0 227.6 -87.5 -273.8 -508.8
1133 MUFC 7.4 98.0 223.6 -77.2 -264.4 -500.3
1135 Empire 8.4 99.1 224.9 -81.2 -268.4 -504.3
1136 Empire 9.8 100.7 226.7 -85.2 -272.4 -508.3
1137 TakeFive 5.8 96.7 222.7 -74.4 -259.3 -497.0
1138 CSW 8.5 99.7 226.0 -78.4 -263.3 -501.0
1139 VT 10.5 102.1 228.7 -82.4 -267.3 -505.0
1140 SYM 6.5 98.1 224.7 -76.3 -260.7 -498.5
1141 EOT 7.8 100.3 227.3 -80.3 -264.7 -502.5
1143 DK 8.3 101.0 228.2 -84.3 -268.7 -506.5
1144 VG 4.3 97.0 224.2 -69.7 -255.4 -496.1
1145 Fnatic.eu 7.0 99.3 226.6 -73.7 -259.4 -500.1
1146 iG 7.4 99.9 227.3 -77.7 -263.4 -504.1
1147 LGD.cn 8.6 101.3 229.0 -81.7 -267.4 -508.1
1148 HR 10.3 103.5 231.6 -85.7 -271.4 -512.1
1149 Na'Vi 11.2 104.5 232.9 -89.7 -275.4 -516.1
1150 Speed 13.2 107.7 236.6 -93.7 -279.4 -520.1
1151 Alliance 13.7 108.4 237.4 -97.7 -283.4 -524.1
1155 Empire 14.8 109.9 239.1 -101.7 -287.4 -528.1
1156 iG 15.9 111.5 241.0 -105.7 -291.4 -532.1
1157 Na'Vi 16.7 112.4 242.0 -109.7 -295.4 -536.1
1159 SAfrica 17.8 113.8 243.8 -113.7 -299.4 -540.1
1160 Na'Vi 13.8 109.8 239.8 -105.7 -293.9 -535.1
1161 FD 15.6 111.8 241.8 -109.7 -297.9 -539.1
1164 Titan 11.6 107.8 237.8 -102.8 -289.8 -531.2
1165 Titan 7.6 103.8 233.8 -92.3 -278.4 -521.1
1166 CSW 11.1 106.7 236.7 -96.3 -282.4 -525.1
1167 EOT 13.0 108.6 238.9 -100.3 -286.4 -529.1
1168 LGD.cn 14.8 110.4 240.9 -104.3 -290.4 -533.1
1169 DK 15.2 111.0 241.7 -108.3 -294.4 -537.1
1170 VG 17.3 113.1 244.0 -112.3 -298.4 -541.1
1171 Empire 18.1 114.1 245.2 -116.3 -302.4 -545.1
1172 Speed 14.1 110.1 241.2 -97.4 -281.6 -525.0
1173 Empire 15.8 111.8 243.1 -101.4 -285.6 -529.0
1174 Fnatic 17.1 113.1 244.5 -105.4 -289.6 -533.0
1175 TongFu 17.8 114.0 245.7 -109.4 -293.6 -537.0
1176 LGD.cn 13.8 110.0 241.7 -97.7 -284.0 -528.8
1177 TongFu 15.3 111.4 243.3 -101.7 -288.0 -532.8
1178 DK 15.7 111.9 244.0 -105.7 -292.0 -536.8
1179 RStars 11.7 107.9 240.0 -96.6 -283.4 -529.1
1181 Alliance 12.4 108.8 241.1 -100.6 -287.4 -533.1
1183 Speed 13.8 110.1 242.6 -104.6 -291.4 -537.1
1185 Liquid 9.8 106.1 238.6 -84.0 -270.6 -517.8
1186 iG 12.0 108.9 241.4 -88.0 -274.6 -521.8
1187 StayFree 8.0 104.9 237.4 -83.1 -269.4 -516.3
1188 LGD.int 8.6 105.7 238.3 -87.1 -273.4 -520.3
1189 EG 9.7 107.1 240.1 -91.1 -277.4 -524.3
1190 TongFu 10.5 108.2 241.5 -95.1 -281.4 -528.3
1191 DK 10.9 108.9 242.3 -99.1 -285.4 -532.3
1192 Na'Vi 11.7 109.8 243.6 -103.1 -289.4 -536.3
1194 Dignitas 13.2 111.3 245.3 -107.1 -293.4 -540.3
1195 VG 13.7 112.0 246.1 -111.1 -297.4 -544.3
1196 LGD.cn 14.2 112.7 247.0 -115.1 -301.4 -548.3
1197 CSW 15.6 114.4 248.8 -119.1 -305.4 -552.3
1198 Aspera 18.6 117.3 251.9 -123.1 -309.4 -556.3
1199 Menace 20.3 119.2 254.1 -127.1 -313.4 -560.3
1200 Liquid 21.9 120.6 255.6 -131.1 -317.4 -564.3
1202 SSD 23.2 122.1 257.4 -135.1 -321.4 -568.3
1203 TongFu 23.6 122.7 258.1 -139.1 -325.4 -572.3
1204 iG 24.3 123.6 259.1 -143.1 -329.4 -576.3
1205 HR 20.3 119.6 255.1 -130.7 -314.3 -562.9
1206 EG 21.8 120.7 256.3 -134.7 -318.3 -566.9
1207 mouz 17.8 116.7 252.3 -128.4 -312.0 -561.0
1208 Imp 13.8 112.7 248.3 -119.9 -302.5 -552.0
1209 MiTH 9.8 108.7 244.3 -112.9 -296.2 -546.2
1210 Liquid 5.8 104.7 240.3 -100.6 -283.7 -535.4
1211 mouz 1.8 100.7 236.3 -94.9 -278.4 -530.3
1212 Fnatic.eu 3.7 102.9 238.8 -98.9 -282.4 -534.3
1213 Poseidon -0.3 98.9 234.8 -91.6 -274.3 -526.5
1214 VG -4.3 94.9 230.8 -85.4 -267.0 -519.7
1215 iG -3.9 95.6 231.6 -89.4 -271.0 -523.7
1216 LGD.cn -2.5 97.4 233.8 -93.4 -275.0 -527.7
1217 Speed -6.5 93.4 229.8 -83.4 -265.7 -519.4
1218 CSW -10.5 89.4 225.8 -77.0 -259.9 -514.2
1220 Empire -9.2 91.0 227.7 -81.0 -263.9 -518.2
1221 iG -13.2 87.0 223.7 -69.7 -255.0 -511.2
1222 LGD.cn -11.3 88.6 225.4 -73.7 -259.0 -515.2
1223 DK -10.4 89.8 226.9 -77.7 -263.0 -519.2
1227 Empire -8.6 92.0 229.3 -81.7 -267.0 -523.2
1229 StayFree -12.6 88.0 225.3 -75.0 -261.4 -518.4
1230 Property -16.6 84.0 221.3 -62.3 -251.0 -509.8
1231 TTD -20.6 80.0 217.3 -55.0 -242.3 -501.9
1232 Alliance -19.7 80.9 218.4 -59.0 -246.3 -505.9
1234 VG -17.8 83.1 221.0 -63.0 -250.3 -509.9
1235 TongFu -21.8 79.1 217.0 -45.1 -236.3 -499.2
1237 FSid3 -25.8 75.1 213.0 -34.7 -226.8 -490.8
1238 LGD.cn -25.2 76.0 214.2 -38.7 -230.8 -494.8
1239 RStars -23.8 78.0 216.7 -42.7 -234.8 -498.8
1240 Na'Vi -22.1 79.8 218.7 -46.7 -238.8 -502.8
1242 mouz -20.5 81.8 221.0 -50.7 -242.8 -506.8
1243 Alliance -19.8 82.6 222.1 -54.7 -246.8 -510.8
1244 Sigma.int -18.1 85.2 225.4 -58.7 -250.8 -514.8
1245 Speed -17.1 86.5 227.0 -62.7 -254.8 -518.8
1246 Liquid -14.5 89.3 230.0 -66.7 -258.8 -522.8
1247 iG -14.1 89.9 230.8 -70.7 -262.8 -526.8
1251 UR -12.6 91.8 232.9 -74.7 -266.8 -530.8
1253 LGD.int -16.6 87.8 228.9 -46.0 -246.4 -514.7
1255 Empire -14.6 89.9 231.2 -50.0 -250.4 -518.7
1256 RS -13.7 90.9 232.5 -54.0 -254.4 -522.7
1257 mouz -17.7 86.9 228.5 -42.2 -244.6 -514.3
1259 Sigma.int -15.7 89.6 231.5 -46.2 -248.6 -518.3
1261 mouz -19.7 85.6 227.5 -38.2 -242.7 -512.8
1262 iG -18.6 87.0 229.1 -42.2 -246.7 -516.8
1263 LGD.cn -17.9 87.9 230.2 -46.2 -250.7 -520.8
1264 DK -17.2 88.7 231.2 -50.2 -254.7 -524.8
1265 Fnatic.eu -21.2 84.7 227.2 -42.1 -247.2 -518.2
1266 Alliance -20.5 85.5 228.2 -46.1 -251.2 -522.2
1267 Na'Vi -19.1 87.1 230.0 -50.1 -255.2 -526.2
1268 Mski -18.0 88.5 231.6 -54.1 -259.2 -530.2
1269 Orange -17.0 89.5 232.9 -58.1 -263.2 -534.2
1270 MiTH -14.3 91.8 235.5 -62.1 -267.2 -538.2
1271 SYF -12.0 94.4 238.6 -66.1 -271.2 -542.2
1272 iG -10.0 96.9 241.4 -70.1 -275.2 -546.2
1273 RS -14.0 92.9 237.4 -57.4 -264.0 -536.1
1274 LGD.cn -12.5 94.4 239.0 -61.4 -268.0 -540.1
1275 FXopen -10.8 96.4 241.1 -65.4 -272.0 -544.1
1276 CSW -9.3 98.1 243.0 -69.4 -276.0 -548.1
1278 Lowyat -13.3 94.1 239.0 -57.2 -260.6 -534.1
1279 Titan -12.2 95.2 240.3 -61.2 -264.6 -538.1
1281 Speed -9.4 98.2 243.5 -65.2 -268.6 -542.1
1283 Speed -8.2 99.4 244.7 -69.2 -272.6 -546.1
1284 Alliance -7.4 100.2 245.7 -73.2 -276.6 -550.1
1286 LGD.int -5.3 102.8 248.4 -77.2 -280.6 -554.1
1288 Alliance -3.5 104.7 250.3 -81.2 -284.6 -558.1
1289 Titan -7.5 100.7 246.3 -76.1 -279.6 -553.2
1290 Lowyat -11.5 96.7 242.3 -70.0 -274.0 -547.8
1291 PR -8.1 99.3 245.0 -74.0 -278.0 -551.8
1292 SSD -12.1 95.3 241.0 -65.6 -268.6 -542.8
1293 TongFu -11.1 96.4 242.4 -69.6 -272.6 -546.8
1294 VG -15.1 92.4 238.4 -55.8 -259.4 -536.1
1296 mouz -13.4 94.2 240.4 -59.8 -263.4 -540.1
1297 EG -11.0 96.5 243.0 -63.8 -267.4 -544.1
1298 Titan -8.3 99.5 246.4 -67.8 -271.4 -548.1
1299 EG -7.2 100.7 247.7 -71.8 -275.4 -552.1
1300 4FC -5.2 102.8 250.1 -75.8 -279.4 -556.1
1301 Hearts -3.9 104.4 251.9 -79.8 -283.4 -560.1
1302 DK -1.7 106.9 254.6 -83.8 -287.4 -564.1
1303 Sigma.int -0.8 108.1 256.1 -87.8 -291.4 -568.1
1304 Empire 2.6 111.0 258.8 -91.8 -295.4 -572.1
1305 Empire 3.2 111.8 259.7 -95.8 -299.4 -576.1
1306 FXopen 4.3 113.2 261.3 -99.8 -303.4 -580.1
1307 LGD.int 5.2 114.2 262.5 -103.8 -307.4 -584.1
1308 LGD.cn 5.9 115.0 263.5 -107.8 -311.4 -588.1
1309 4FC 8.1 116.9 265.6 -111.8 -315.4 -592.1
1310 Sigma.int 8.8 117.7 266.6 -115.8 -319.4 -596.1
1312 Arteezy 10.8 119.7 268.8 -119.8 -323.4 -600.1
1313 EG 6.8 115.7 264.8 -114.2 -317.5 -594.7
1314 TongFu 7.2 116.3 265.5 -118.2 -321.5 -598.7
1315 Empire 8.0 117.2 266.5 -122.2 -325.5 -602.7
1316 VG 8.7 118.1 267.6 -126.2 -329.5 -606.7
1317 Na'Vi 9.7 119.2 269.0 -130.2 -333.5 -610.7
1318 QPandas 5.7 115.2 265.0 -116.6 -320.0 -597.8
1319 Empire 7.8 116.8 266.6 -120.6 -324.0 -601.8
1320 Orange 11.5 119.6 269.2 -124.6 -328.0 -605.8
1321 Fnatic.eu 12.2 120.3 269.8 -128.6 -332.0 -609.8
1322 DK 12.6 120.8 270.5 -132.6 -336.0 -613.8
1323 VG 13.4 121.8 271.8 -136.6 -340.0 -617.8
1324 VG 9.4 117.8 267.8 -122.4 -325.5 -605.6
1325 Kawai 5.4 113.8 263.8 -110.3 -315.6 -596.3
1326 Dignitas 1.4 109.8 259.8 -97.3 -303.6 -586.2
1327 Speed 2.0 110.5 260.7 -101.3 -307.6 -590.2
1328 Dignitas 3.7 112.2 262.5 -105.3 -311.6 -594.2
1329 Alliance 4.3 112.9 263.3 -109.3 -315.6 -598.2
1330 Na'Vi 6.3 114.7 265.3 -113.3 -319.6 -602.2
1331 Na'Vi 7.5 115.7 266.5 -117.3 -323.6 -606.2
1332 Fnatic.eu 3.5 111.7 262.5 -107.2 -311.9 -595.9
1333 Alliance 4.3 112.5 263.5 -111.2 -315.9 -599.9
1334 iG 5.8 114.3 265.7 -115.2 -319.9 -603.9
1335 LGD.int 7.0 115.7 267.3 -119.2 -323.9 -607.9
1336 TongFu 8.0 116.6 268.3 -123.2 -327.9 -611.9
1337 Startale 10.5 119.0 271.0 -127.2 -331.9 -615.9
1338 Liquid 11.9 120.5 272.7 -131.2 -335.9 -619.9
1340 Fnatic.eu 12.8 121.5 273.9 -135.2 -339.9 -623.9
1341 Alliance 13.3 122.1 274.6 -139.2 -343.9 -627.9
1343 Fnatic.eu 9.3 118.1 270.6 -131.2 -334.8 -619.4
1345 Sigma.int 10.5 119.6 272.4 -135.2 -338.8 -623.4
1350 Fnatic.eu 6.5 115.6 268.4 -129.6 -332.9 -617.4
1351 VG 6.9 116.3 269.2 -133.6 -336.9 -621.4
1352 DK 7.5 116.9 270.0 -137.6 -340.9 -625.4
1353 Alliance 9.2 118.6 271.9 -141.6 -344.9 -629.4
1354 VP 5.2 114.6 267.9 -128.7 -332.7 -618.5
1355 Alliance 6.4 115.9 269.5 -132.7 -336.7 -622.5
1356 Alliance 7.7 117.1 270.8 -136.7 -340.7 -626.5
1357 Na'Vi 8.8 118.1 271.9 -140.7 -344.7 -630.5
1358 VP 4.8 114.1 267.9 -134.8 -339.1 -625.2
1359 LGD.cn 5.1 114.6 268.5 -138.8 -343.1 -629.2
1360 iG 5.5 115.1 269.1 -142.8 -347.1 -633.2
1361 Dignitas 6.2 115.9 270.1 -146.8 -351.1 -637.2
1362 Speed 6.6 116.4 270.8 -150.8 -355.1 -641.2
1363 Speed 8.7 118.4 273.2 -154.8 -359.1 -645.2
1364 Na'Vi 10.5 120.3 275.2 -158.8 -363.1 -649.2
1365 Alliance 11.2 121.0 276.0 -162.8 -367.1 -653.2
1366 Alliance 11.6 121.5 276.6 -166.8 -371.1 -657.2
1367 Liquid 13.2 123.4 278.8 -170.8 -375.1 -661.2
1368 Fnatic.eu 14.4 124.6 280.1 -174.8 -379.1 -665.2
1369 Na'Vi 15.1 125.4 281.0 -178.8 -383.1 -669.2
1370 LGD.int 11.1 121.4 277.0 -169.6 -372.7 -659.7
1372 VP 7.1 117.4 273.0 -151.7 -357.5 -647.0
1373 Liquid 8.4 118.7 274.5 -155.7 -361.5 -651.0
1375 Startale 4.4 114.7 270.5 -145.2 -354.9 -645.5
1377 LGD.cn 5.9 116.3 272.3 -149.2 -358.9 -649.5
1379 Fnatic.eu 7.0 117.5 273.7 -153.2 -362.9 -653.5
1380 Liquid 8.1 118.7 275.1 -157.2 -366.9 -657.5
1381 Liquid 4.1 114.7 271.1 -142.3 -352.9 -645.6
1382 Titan 4.9 115.7 272.4 -146.3 -356.9 -649.6
1383 LGD.cn 6.4 117.5 274.4 -150.3 -360.9 -653.6
1384 Empire 7.1 118.3 275.4 -154.3 -364.9 -657.6
1385 Na'Vi 3.1 114.3 271.4 -148.2 -359.7 -652.9
1386 StayFree -0.9 110.3 267.4 -137.8 -349.6 -643.9
1387 LGD.cn 2.2 113.5 270.7 -141.8 -353.6 -647.9
1388 iG 2.7 114.2 271.5 -145.8 -357.6 -651.9
1389 RStars 3.4 115.2 272.9 -149.8 -361.6 -655.9
1390 Alliance 3.9 115.8 273.6 -153.8 -365.6 -659.9
1391 Fnatic.eu 5.1 117.1 275.2 -157.8 -369.6 -663.9
1392 EG 8.0 120.5 278.6 -161.8 -373.6 -667.9
1393 Fnatic.eu 11.3 123.2 281.3 -165.8 -377.6 -671.9
1395 iG 14.7 126.0 284.2 -169.8 -381.6 -675.9
1396 rox.KIS 10.7 122.0 280.2 -134.6 -353.9 -652.7
1399 EG 6.7 118.0 276.2 -119.6 -338.1 -639.4
1400 VP 8.6 120.2 278.8 -123.6 -342.1 -643.4
1401 Alliance 10.4 121.9 280.7 -127.6 -346.1 -647.4
1402 Liquid 12.5 124.1 283.0 -131.6 -350.1 -651.4
1404 VG 13.4 125.2 284.4 -135.6 -354.1 -655.4
1405 Speed 14.2 126.3 285.8 -139.6 -358.1 -659.4
1406 EG 10.2 122.3 281.8 -131.1 -350.8 -653.3
1408 Liquid 11.9 124.2 283.9 -135.1 -354.8 -657.3
1409 Liquid 7.9 120.2 279.9 -130.1 -349.8 -652.5
1412 DK 8.3 120.9 280.8 -134.1 -353.8 -656.5
1415 VP 4.3 116.9 276.8 -122.2 -341.1 -645.3
1416 Liquid 6.1 118.7 278.7 -126.2 -345.1 -649.3
1421 Na'Vi 7.6 120.3 280.6 -130.2 -349.1 -653.3
1423 Alliance 8.1 120.9 281.3 -134.2 -353.1 -657.3
1424 DK 8.4 121.3 281.9 -138.2 -357.1 -661.3
1425 VG 9.1 122.1 282.9 -142.2 -361.1 -665.3
1426 Speed 10.5 123.6 284.6 -146.2 -365.1 -669.3
1428 EG 6.5 119.6 280.6 -138.7 -356.7 -661.1
1429 Empire 7.7 120.8 282.0 -142.7 -360.7 -665.1
1430 Na'Vi 8.6 121.8 283.2 -146.7 -364.7 -669.1
1431 DK 9.0 122.3 283.8 -150.7 -368.7 -673.1
1433 iG 5.0 118.3 279.8 -143.7 -362.7 -667.8
1434 MiTH 8.1 121.1 282.6 -147.7 -366.7 -671.8
1437 Liquid 10.1 123.3 285.0 -151.7 -370.7 -675.8
1438 Liquid 10.8 124.2 286.0 -155.7 -374.7 -679.8
1439 Empire 6.8 120.2 282.0 -142.2 -360.1 -665.3
1440 Alliance 9.3 122.9 285.0 -146.2 -364.1 -669.3
1441 PR 5.3 118.9 281.0 -138.3 -356.1 -661.5
1442 LGD.int 5.7 119.5 281.7 -142.3 -360.1 -665.5
1443 TongFu 6.4 120.3 282.7 -146.3 -364.1 -669.5
1445 Speed 8.2 122.7 285.4 -150.3 -368.1 -673.5
1446 mouz 4.2 118.7 281.4 -143.0 -361.8 -667.7
1447 FD 0.2 114.7 277.4 -134.8 -354.1 -660.5
1448 MiTH -3.8 110.7 273.4 -128.6 -347.3 -654.1
1449 Titan -1.9 112.4 275.2 -132.6 -351.3 -658.1
1450 Na'Vi -1.0 113.5 276.5 -136.6 -355.3 -662.1
1451 Na'Vi 0.4 114.9 277.9 -140.6 -359.3 -666.1
1453 Liquid 2.8 117.6 280.7 -144.6 -363.3 -670.1
1456 Liquid 4.3 119.4 282.7 -148.6 -367.3 -674.1
1458 Fnatic.eu 0.3 115.4 278.7 -135.8 -354.9 -662.8
1459 Na'Vi 2.0 116.9 280.4 -139.8 -358.9 -666.8
1460 Alliance 2.9 117.8 281.4 -143.8 -362.9 -670.8
1461 rox.KIS -1.1 113.8 277.4 -134.2 -354.1 -662.7
1462 rox.KIS 0.4 115.3 279.1 -138.2 -358.1 -666.7
1463 Na'Vi 2.5 117.2 281.1 -142.2 -362.1 -670.7
1465 DK 4.0 118.7 282.7 -146.2 -366.1 -674.7
1466 4FC 1.86517468137e-14 114.7 278.7 -133.3 -353.3 -662.9
1467 Sigma.int -4.0 110.7 274.7 -128.3 -347.7 -657.4
1468 Alliance -2.2 112.6 276.7 -132.3 -351.7 -661.4
1471 Mts -6.2 108.6 272.7 -123.5 -345.1 -656.0
1472 rox.KIS -10.2 104.6 268.7 -115.1 -339.1 -650.8
1473 LGD.cn -9.6 105.4 269.7 -119.1 -343.1 -654.8
1475 TongFu3 -7.8 107.1 271.6 -123.1 -347.1 -658.8
1478 Alliance -6.6 108.4 273.0 -127.1 -351.1 -662.8
1479 Liquid -5.9 109.2 274.0 -131.1 -355.1 -666.8
1480 Na'Vi -4.2 110.7 275.6 -135.1 -359.1 -670.8
1481 DK -8.2 106.7 271.6 -125.8 -350.9 -664.1
1482 Fnatic.eu -7.5 107.6 272.8 -129.8 -354.9 -668.1
1483 Sigma.int -11.5 103.6 268.8 -118.8 -342.5 -656.5
1484 DK -9.6 105.8 271.3 -122.8 -346.5 -660.5
1485 EG -13.6 101.8 267.3 -115.5 -339.8 -654.1
1487 VG -11.5 104.2 270.0 -119.5 -343.8 -658.1
1488 Imp -9.7 106.2 272.5 -123.5 -347.8 -662.1
1489 Na'Vi -8.0 107.9 274.4 -127.5 -351.8 -666.1
1490 EG -7.2 108.9 275.5 -131.5 -355.8 -670.1
1492 Alliance -5.9 110.3 277.0 -135.5 -359.8 -674.1
1493 Sigma.int -9.9 106.3 273.0 -130.6 -354.2 -668.5
1494 Na'Vi -9.3 107.0 273.8 -134.6 -358.2 -672.5
1495 DK -8.2 108.3 275.3 -138.6 -362.2 -676.5
1496 Sigma.int -6.3 110.6 278.0 -142.6 -366.2 -680.5
1497 Speed -10.3 106.6 274.0 -129.0 -354.3 -669.6
1498 Fnatic.eu -14.3 102.6 270.0 -112.9 -338.8 -654.9
1499 DK -13.5 103.6 271.0 -116.9 -342.8 -658.9
1500 Speed -12.8 104.5 272.2 -120.9 -346.8 -662.9
1501 Liquid -16.8 100.5 268.2 -107.5 -333.7 -651.1
1503 Speed -14.3 102.6 270.6 -111.5 -337.7 -655.1
1504 Sigma.int -11.3 105.8 273.9 -115.5 -341.7 -659.1
1506 Liquid -10.0 107.2 275.4 -119.5 -345.7 -663.1
1507 DK -8.3 108.9 277.1 -123.5 -349.7 -667.1
1508 Alliance -7.7 109.7 277.9 -127.5 -353.7 -671.1
1510 Na'Vi -6.2 111.3 279.7 -131.5 -357.7 -675.1
1511 Sigma.int -5.7 112.0 280.4 -135.5 -361.7 -679.1
1512 Alliance -4.8 113.0 281.6 -139.5 -365.7 -683.1
1513 DK -4.5 113.5 282.2 -143.5 -369.7 -687.1
1514 Fnatic.eu -8.5 109.5 278.2 -137.6 -363.9 -681.2
1515 Speed -12.5 105.5 274.2 -126.6 -353.1 -671.4
1517 Speed -9.4 108.6 277.4 -130.6 -357.1 -675.4
1518 Speed -13.4 104.6 273.4 -120.9 -348.7 -667.8
1519 Orange -10.1 107.2 276.0 -124.9 -352.7 -671.8
1520 Titan -7.5 109.7 278.6 -128.9 -356.7 -675.8
1521 Next.kz -5.7 111.8 281.1 -132.9 -360.7 -679.8
1522 Next.kz -9.7 107.8 277.1 -126.5 -354.5 -674.2
1523 SSD -13.7 103.8 273.1 -113.1 -341.2 -662.9
1524 Aspera -12.3 105.6 275.1 -117.1 -345.2 -666.9
1525 mouz -9.5 108.3 277.9 -121.1 -349.2 -670.9
1526 TongFu3 -7.1 110.8 280.7 -125.1 -353.2 -674.9
1527 VP -6.0 112.2 282.3 -129.1 -357.2 -678.9
1528 TongFu -5.3 113.0 283.3 -133.1 -361.2 -682.9
1529 LGD.int -4.7 113.8 284.3 -137.1 -365.2 -686.9
1530 Empire -3.2 115.5 286.2 -141.1 -369.2 -690.9
1531 Aspera -1.8 117.0 287.9 -145.1 -373.2 -694.9
1532 Poseidon -5.8 113.0 283.9 -139.9 -367.9 -690.2
1533 OsG -9.8 109.0 279.9 -126.7 -355.4 -679.9
1534 Poseidon -7.9 110.9 282.0 -130.7 -359.4 -683.9
1535 Venum -5.9 113.4 284.8 -134.7 -363.4 -687.9
1537 FL -9.9 109.4 280.8 -124.9 -352.2 -678.3
1538 NoX -13.9 105.4 276.8 -117.4 -343.8 -670.5
1539 Next.kz -11.2 107.7 279.2 -121.4 -347.8 -674.5
1540 Next.kz -8.6 110.4 282.2 -125.4 -351.8 -678.5
1541 PR -12.6 106.4 278.2 -118.7 -345.7 -673.0
1542 rox.KIS -10.3 108.9 281.1 -122.7 -349.7 -677.0
1543 Fnatic.eu -7.7 111.3 283.6 -126.7 -353.7 -681.0
1544 SSD -6.0 113.2 285.7 -130.7 -357.7 -685.0
1545 LGD.cn -4.5 115.0 287.9 -134.7 -361.7 -689.0
1546 iG -3.3 116.4 289.6 -138.7 -365.7 -693.0
1547 Fnatic.eu -7.3 112.4 285.6 -128.8 -355.5 -683.4
1548 Na'Vi -5.7 114.0 287.4 -132.8 -359.5 -687.4
1549 VG -5.1 114.9 288.6 -136.8 -363.5 -691.4
1550 DK -4.4 115.7 289.6 -140.8 -367.5 -695.4
1553 Fnatic.eu -8.4 111.7 285.6 -131.5 -358.7 -687.8
1554 Alliance -6.5 113.5 287.5 -135.5 -362.7 -691.8
1557 LGD.int -10.5 109.5 283.5 -126.8 -353.2 -683.3
1558 FD -14.5 105.5 279.5 -121.2 -348.2 -678.6
1560 EOT -12.5 107.5 281.7 -125.2 -352.2 -682.6
1561 Na'Vi -9.8 110.0 284.3 -129.2 -356.2 -686.6
1562 VG -13.8 106.0 280.3 -122.2 -346.5 -677.5
1563 FL -10.8 109.0 283.7 -126.2 -350.5 -681.5
1564 Mski -7.3 111.9 286.6 -130.2 -354.5 -685.5
1565 NSG -11.3 107.9 282.6 -125.5 -348.6 -679.6
1568 Next.kz -10.1 109.4 284.3 -129.5 -352.6 -683.6
1569 Next.kz -14.1 105.4 280.3 -123.4 -345.8 -677.3
1571 PR -11.3 108.1 283.1 -127.4 -349.8 -681.3
1572 Fnatic.eu -9.9 109.4 284.5 -131.4 -353.8 -685.3
1573 iG -8.1 111.3 286.8 -135.4 -357.8 -689.3
1574 DK -7.0 112.5 288.1 -139.4 -361.8 -693.3
1576 5inQ -5.5 114.4 290.4 -143.4 -365.8 -697.3
1577 MVP.P -2.2 117.3 293.2 -147.4 -369.8 -701.3
1578 VG -6.2 113.3 289.2 -138.2 -360.9 -693.0
1579 DK -5.1 114.8 290.9 -142.2 -364.9 -697.0
1580 Alliance -4.0 116.1 292.4 -146.2 -368.9 -701.0
1582 PR -2.6 117.4 293.8 -150.2 -372.9 -705.0
1583 Sigma.int -1.2 119.1 295.8 -154.2 -376.9 -709.0
1584 SSD 1.2 121.9 298.7 -158.2 -380.9 -713.0
1585 Fnatic.eu 2.1 122.9 299.9 -162.2 -384.9 -717.0
1586 Fnatic.eu -1.9 118.9 295.9 -152.6 -375.5 -707.7
1587 Idol -0.4 120.7 298.2 -156.6 -379.5 -711.7
1589 FD 0.6 121.8 299.5 -160.6 -383.5 -715.7
1590 Orange 1.4 122.8 300.8 -164.6 -387.5 -719.7
1593 FD 2.1 123.8 302.1 -168.6 -391.5 -723.7
1594 FD -1.9 119.8 298.1 -159.8 -381.5 -714.5
1595 Idol -5.9 115.8 294.1 -153.7 -373.6 -706.4
1597 Empire -4.1 117.6 295.9 -157.7 -377.6 -710.4
1598 Alliance -3.2 118.6 297.0 -161.7 -381.6 -714.4
1599 OsG -7.2 114.6 293.0 -152.9 -373.8 -707.3
1600 TR -11.2 110.6 289.0 -142.0 -365.4 -700.2
1601 SSD -7.9 113.5 291.9 -146.0 -369.4 -704.2
1602 VP -6.2 115.4 293.9 -150.0 -373.4 -708.2
1603 Fnatic.eu -4.7 116.9 295.4 -154.0 -377.4 -712.2
1604 Sigma.int -8.7 112.9 291.4 -143.6 -366.6 -702.1
1605 VG -6.3 115.8 294.6 -147.6 -370.6 -706.1
1607 Idol -5.3 117.2 296.3 -151.6 -374.6 -710.1
1608 VP -9.3 113.2 292.3 -141.7 -365.7 -702.6
1611 Sigma.int -8.3 114.5 293.8 -145.7 -369.7 -706.6
1612 Fnatic.eu -6.4 116.4 296.0 -149.7 -373.7 -710.6
1613 Fnatic.eu -5.0 117.8 297.6 -153.7 -377.7 -714.6
1614 Alliance -4.4 118.6 298.5 -157.7 -381.7 -718.6
1615 Speed -1.5 121.4 301.6 -161.7 -385.7 -722.6
1617 Siltherin 0.5 123.7 304.2 -165.7 -389.7 -726.6
1618 FD 2.1 125.4 306.3 -169.7 -393.7 -730.6
1619 XctN 4.4 128.0 309.1 -173.7 -397.7 -734.6
1620 VP 5.9 129.4 310.7 -177.7 -401.7 -738.6
1622 Aspera 1.9 125.4 306.7 -171.6 -395.3 -732.6
1623 SSD 3.8 127.3 308.7 -175.6 -399.3 -736.6
1624 PR 5.4 129.1 310.7 -179.6 -403.3 -740.6
1625 Idol 1.4 125.1 306.7 -170.5 -394.5 -732.9
1626 FD 2.3 126.3 308.1 -174.5 -398.5 -736.9
1627 MVP 4.3 128.0 309.9 -178.5 -402.5 -740.9
1628 Alliance 5.0 128.7 310.8 -182.5 -406.5 -744.9
1629 Fnatic.eu 5.5 129.3 311.6 -186.5 -410.5 -748.9
1630 Na'Vi 8.1 131.6 314.1 -190.5 -414.5 -752.9
1631 VG 8.6 132.3 315.1 -194.5 -418.5 -756.9
1632 Fnatic.eu 4.6 128.3 311.1 -188.8 -412.7 -751.1
1633 Startale 8.1 131.0 313.6 -192.8 -416.7 -755.1
1634 Alliance 8.8 131.9 314.6 -196.8 -420.7 -759.1
1635 VG 4.8 127.9 310.6 -191.7 -413.5 -751.4
1636 Sigma.int 5.5 128.7 311.7 -195.7 -417.5 -755.4
1637 Na'Vi 7.4 130.5 313.6 -199.7 -421.5 -759.4
1639 Fnatic.eu 3.4 126.5 309.6 -193.9 -415.7 -754.2
1641 RRQ -0.6 122.5 305.6 -184.7 -405.7 -744.6
1642 MiTH 1.1 124.6 307.8 -188.7 -409.7 -748.6
1643 VG 3.5 127.7 311.2 -192.7 -413.7 -752.6
1644 iG -0.5 123.7 307.2 -186.7 -408.2 -747.3
1645 RRQ 1.9 126.0 309.6 -190.7 -412.2 -751.3
1647 MiTH -2.1 122.0 305.6 -185.0 -407.0 -746.8
1648 Poseidon -6.1 118.0 301.6 -176.6 -398.6 -738.7
1650 VP -4.2 120.2 303.8 -180.6 -402.6 -742.7
1651 rox.KIS -2.5 121.9 305.7 -184.6 -406.6 -746.7
1652 PR -1.4 123.2 307.2 -188.6 -410.6 -750.7
1653 mouz 0.2 124.8 309.0 -192.6 -414.6 -754.7
1654 MVP.P 1.2 126.2 310.6 -196.6 -418.6 -758.7
1655 RRQ 3.7 128.1 312.5 -200.6 -422.6 -762.7
1656 HR -0.3 124.1 308.5 -191.6 -412.0 -752.9
1657 RRQ 0.4 125.0 309.6 -195.6 -416.0 -756.9
1660 Poseidon -3.6 121.0 305.6 -179.2 -401.4 -745.3
1661 Alliance -0.9 123.8 308.6 -183.2 -405.4 -749.3
1662 Fnatic.eu -0.1 124.8 309.8 -187.2 -409.4 -753.3
1664 DK 0.6 125.6 310.8 -191.2 -413.4 -757.3
1665 LGD.cn 1.2 126.3 311.8 -195.2 -417.4 -761.3
1666 Lowyat -2.8 122.3 307.8 -188.5 -411.7 -756.2
1667 Fnatic.eu -1.3 123.7 309.4 -192.5 -415.7 -760.2
1668 Duskbin -0.5 125.0 311.0 -196.5 -419.7 -764.2
1669 Neon -4.5 121.0 307.0 -187.8 -411.6 -757.2
1672 MiTH -2.6 122.9 309.1 -191.8 -415.6 -761.2
1673 rox.KIS 0.2 126.2 312.8 -195.8 -419.6 -765.2
1674 Empire 1.4 127.5 314.2 -199.8 -423.6 -769.2
1676 TR -2.6 123.5 310.2 -185.6 -412.0 -759.4
1677 Na'Vi -1.4 124.7 311.7 -189.6 -416.0 -763.4
1678 Na'Vi -0.5 125.8 312.9 -193.6 -420.0 -767.4
1679 Speed 1.2 127.5 314.8 -197.6 -424.0 -771.4
1680 Mski 4.5 130.4 317.7 -201.6 -428.0 -775.4
1681 Mski 5.4 131.5 319.0 -205.6 -432.0 -779.4
1682 Lowyat 6.6 132.8 320.6 -209.6 -436.0 -783.4
1683 rox.KIS 7.9 134.4 322.5 -213.6 -440.0 -787.4
1684 Alliance 9.3 135.7 323.9 -217.6 -444.0 -791.4
1685 Alliance 9.8 136.3 324.6 -221.6 -448.0 -795.4
1686 Sigma.int 11.0 137.5 326.0 -225.6 -452.0 -799.4
1688 Fnatic.eu 12.4 138.9 327.5 -229.6 -456.0 -803.4
1689 iG 12.9 139.5 328.2 -233.6 -460.0 -807.4
1690 Mski 14.9 141.0 329.7 -237.6 -464.0 -811.4
1697 mouz 10.9 137.0 325.7 -220.7 -443.9 -791.3
1698 Alliance 12.4 138.3 327.1 -224.7 -447.9 -795.3
1699 OsG 8.4 134.3 323.1 -196.3 -421.6 -771.9
1701 TongFu 9.4 135.3 324.2 -200.3 -425.6 -775.9
1703 DK 5.4 131.3 320.2 -195.0 -420.7 -771.2
1704 Alliance 8.1 134.0 323.1 -199.0 -424.7 -775.2
1705 Next.kz 9.8 135.9 325.3 -203.0 -428.7 -779.2
1706 Sigma.int 10.7 136.7 326.2 -207.0 -432.7 -783.2
1707 mouz 11.9 137.8 327.4 -211.0 -436.7 -787.2
1708 HR 13.0 139.1 329.0 -215.0 -440.7 -791.2
1709 iG 14.4 140.7 331.0 -219.0 -444.7 -795.2
1709 iG 15.8 142.3 333.0 -223.0 -448.7 -799.2
1710 Speed 11.8 138.3 329.0 -216.9 -442.5 -793.3
1710 Speed 7.8 134.3 325.0 -210.4 -436.0 -787.4
1711 Next.kz 8.6 135.3 326.2 -214.4 -440.0 -791.4
1711 Next.kz 9.3 136.2 327.2 -218.4 -444.0 -795.4
1712 VP 11.0 137.9 329.0 -222.4 -448.0 -799.4
1712 VP 12.9 139.5 330.7 -226.4 -452.0 -803.4
1713 Alliance 14.5 141.1 332.4 -230.4 -456.0 -807.4
1713 Sigma.int 16.3 142.5 334.1 -234.4 -460.0 -811.4
1714 rox.KIS 17.0 143.4 335.1 -238.4 -464.0 -815.4
1714 rox.KIS 17.9 144.3 336.3 -242.4 -468.0 -819.4
1715 Poseidon 13.9 140.3 332.3 -236.7 -462.6 -814.1
1716 rox.KIS 16.3 143.0 335.1 -240.7 -466.6 -818.1
1716 rox.KIS 18.9 145.6 338.0 -244.7 -470.6 -822.1
1718 Fnatic.eu 14.9 141.6 334.0 -238.3 -463.7 -816.3
1718 Fnatic.eu 10.9 137.6 330.0 -231.4 -457.1 -810.5
1719 HR 12.7 139.1 331.6 -235.4 -461.1 -814.5
1719 HR 14.5 140.6 333.2 -239.4 -465.1 -818.5
1720 Mski 15.4 141.6 334.3 -243.4 -469.1 -822.5
1721 Lowyat 16.5 142.6 335.8 -247.4 -473.1 -826.5
1722 Mski 17.3 143.4 336.8 -251.4 -477.1 -830.5
1723 Mski 19.0 145.0 338.4 -255.4 -481.1 -834.5
1724 LGD.cn 20.6 146.7 340.3 -259.4 -485.1 -838.5
1725 VG 21.7 147.9 341.7 -263.4 -489.1 -842.5
1726 Lowyat 22.7 148.9 342.9 -267.4 -493.1 -846.5
1727 Mski 23.5 149.8 343.8 -271.4 -497.1 -850.5
1728 sQreen 19.5 145.8 339.8 -259.2 -484.6 -839.5
1730 rox.KIS 20.5 147.2 341.3 -263.2 -488.6 -843.5
1731 Empire 16.5 143.2 337.3 -251.0 -475.7 -832.2
1732 rox.KIS 12.5 139.2 333.3 -245.1 -468.4 -824.9
1733 PR 8.5 135.2 329.3 -234.2 -457.9 -815.2
1735 Mski 9.3 136.0 330.3 -238.2 -461.9 -819.2
1736 Lowyat 5.3 132.0 326.3 -229.0 -452.9 -811.3
1737 MiTH 1.3 128.0 322.3 -224.1 -446.8 -805.5
1738 Lowyat 3.4 129.8 324.2 -228.1 -450.8 -809.5
1739 5inQ -0.6 125.8 320.2 -220.3 -443.0 -803.1
1740 LGD.cn -4.6 121.8 316.2 -213.9 -437.4 -798.3
1742 Na'Vi -3.1 123.8 318.4 -217.9 -441.4 -802.3
1743 Na'Vi -1.4 125.9 320.8 -221.9 -445.4 -806.3
1744 Sigma.int -0.4 127.2 322.3 -225.9 -449.4 -810.3
1745 Na'Vi 0.3 128.1 323.4 -229.9 -453.4 -814.3
1746 Alliance 1.0 128.9 324.5 -233.9 -457.4 -818.3
1750 Alliance 1.7 129.7 325.5 -237.9 -461.4 -822.3
1751 Na'Vi 2.6 130.7 326.7 -241.9 -465.4 -826.3
1753 Na'Vi 3.9 132.1 328.3 -245.9 -469.4 -830.3
1754 TR -0.1 128.1 324.3 -233.0 -458.0 -820.6
1755 SSD 1.0 129.5 326.0 -237.0 -462.0 -824.6
1756 TongFu -3.0 125.5 322.0 -229.2 -455.1 -818.9
1758 DK -1.4 127.3 324.1 -233.2 -459.1 -822.9
1760 Duskbin -5.4 123.3 320.1 -223.7 -448.5 -813.0
1761 Mski -4.4 124.6 321.5 -227.7 -452.5 -817.0
1762 TR -8.4 120.6 317.5 -218.3 -444.2 -809.8
1763 rox.KIS -7.5 121.6 318.7 -222.3 -448.2 -813.8
1764 Na'Vi -6.4 122.7 320.0 -226.3 -452.2 -817.8
1767 rox.KIS -3.7 125.8 323.5 -230.3 -456.2 -821.8
1768 QPandas -7.7 121.8 319.5 -219.9 -446.4 -813.3
1769 XctN -11.7 117.8 315.5 -214.9 -440.7 -807.8
1770 5inQ -10.0 120.4 318.5 -218.9 -444.7 -811.8
1771 VG -9.1 121.6 320.1 -222.9 -448.7 -815.8
1773 FD -7.0 123.4 322.1 -226.9 -452.7 -819.8
1774 Idol -6.0 124.9 324.0 -230.9 -456.7 -823.8
1775 RRQ -10.0 120.9 320.0 -225.3 -451.8 -819.3
1776 Fnatic.eu -8.9 122.1 321.4 -229.3 -455.8 -823.3
1777 PR -7.4 123.7 323.2 -233.3 -459.8 -827.3
1778 FSid3 -11.4 119.7 319.2 -227.3 -453.2 -820.8
1779 Fnatic.eu -9.6 121.2 320.8 -231.3 -457.2 -824.8
1780 Titan -8.2 122.8 322.6 -235.3 -461.2 -828.8
1781 FD -6.5 124.7 324.7 -239.3 -465.2 -832.8
1783 Titan -5.5 125.7 326.0 -243.3 -469.2 -836.8
1784 LGD.cn -3.9 127.3 328.0 -247.3 -473.2 -840.8
1785 Fnatic.eu -2.8 128.5 329.3 -251.3 -477.2 -844.8
1786 Fnatic.eu -1.4 129.9 330.8 -255.3 -481.2 -848.8
1787 Sigma.int 1.1 132.4 333.4 -259.3 -485.2 -852.8
1788 Sigma.int 1.7 133.1 334.3 -263.3 -489.2 -856.8
1789 Na'Vi 4.6 135.8 337.1 -267.3 -493.2 -860.8
1790 Na'Vi 5.6 136.7 338.1 -271.3 -497.2 -864.8
1791 Revenge 1.6 132.7 334.1 -261.9 -485.7 -853.2
1792 Empire -2.4 128.7 330.1 -254.0 -478.0 -846.3
1793 Fnatic.eu -1.1 130.0 331.6 -258.0 -482.0 -850.3
1794 Mski -5.1 126.0 327.6 -252.9 -476.4 -845.0
1795 Empire -3.5 127.8 329.4 -256.9 -480.4 -849.0
1796 Titan -1.0 130.5 332.0 -260.9 -484.4 -853.0
1797 TR -5.0 126.5 328.0 -251.5 -474.6 -843.5
1798 OsG -2.7 129.2 330.8 -255.5 -478.6 -847.5
1799 VP -6.7 125.2 326.8 -246.8 -471.9 -841.7
1800 Empire -5.1 126.8 328.6 -250.8 -475.9 -845.7
1801 Na'Vi -3.4 128.2 330.2 -254.8 -479.9 -849.7
1802 PR -7.4 124.2 326.2 -241.7 -464.0 -834.9
1803 Sigma.int -6.2 125.6 327.7 -245.7 -468.0 -838.9
1804 DK -5.8 126.2 328.4 -249.7 -472.0 -842.9
1805 VG -5.2 126.9 329.3 -253.7 -476.0 -846.9
1806 DT -3.5 128.5 331.1 -257.7 -480.0 -850.9
1807 LGD.cn -3.0 129.1 331.9 -261.7 -484.0 -854.9
1808 iG -2.6 129.7 332.7 -265.7 -488.0 -858.9
1809 Titan -1.4 130.8 334.0 -269.7 -492.0 -862.9
1810 TR -5.4 126.8 330.0 -264.9 -486.8 -857.7
1811 TongFu -4.5 127.7 331.1 -268.9 -490.8 -861.7
1813 DK -2.2 130.2 333.8 -272.9 -494.8 -865.7
1814 LGD.cn -1.7 130.9 334.7 -276.9 -498.8 -869.7
1815 iG -0.8 132.3 336.4 -280.9 -502.8 -873.7
1816 TongFu -4.8 128.3 332.4 -275.3 -497.7 -869.3
1817 Mski -3.6 129.5 333.8 -279.3 -501.7 -873.3
1818 FD -1.4 131.6 335.9 -283.3 -505.7 -877.3
1819 rox.KIS 1.0 133.9 338.4 -287.3 -509.7 -881.3
1820 Empire 1.9 134.8 339.5 -291.3 -513.7 -885.3
1821 QPandas -2.1 130.8 335.5 -280.5 -502.7 -875.7
1822 Fnatic.eu -1.6 131.4 336.2 -284.5 -506.7 -879.7
1823 SSD 0.1 133.0 337.9 -288.5 -510.7 -883.7
1825 DK 1.7 134.8 340.0 -292.5 -514.7 -887.7
1826 Titan 2.7 135.8 341.1 -296.5 -518.7 -891.7
1827 MVP.P 3.6 137.0 342.5 -300.5 -522.7 -895.7
1828 TongFu -0.4 133.0 338.5 -286.1 -511.5 -885.9
1829 Sigma.int 0.9 134.7 340.5 -290.1 -515.5 -889.9
1830 mouz 3.1 136.9 342.7 -294.1 -519.5 -893.9
1831 rox.KIS -0.9 132.9 338.7 -285.1 -512.0 -886.9
1833 Fnatic.eu 0.6 134.3 340.1 -289.1 -516.0 -890.9
1836 DK 2.0 135.9 341.9 -293.1 -520.0 -894.9
1837 Titan 3.6 137.4 343.6 -297.1 -524.0 -898.9
1838 Titan -0.4 133.4 339.6 -290.8 -517.3 -892.4
1839 Sigma.int -4.4 129.4 335.6 -282.0 -508.8 -884.5
1840 PR -8.4 125.4 331.6 -269.8 -497.5 -874.0
1841 SSD -6.6 127.4 333.8 -273.8 -501.5 -878.0
1842 DK -5.3 129.0 335.6 -277.8 -505.5 -882.0
1843 iG -3.3 131.4 338.2 -281.8 -509.5 -886.0
1844 VG -7.3 127.4 334.2 -276.0 -504.5 -881.3
1845 DK -5.4 129.6 335.4 -280.0 -508.5 -885.3
1846 DK -4.5 130.7 336.0 -284.0 -512.5 -889.3
1847 DK -3.7 131.8 337.3 -288.0 -516.5 -893.3
1848 TongFu -2.0 133.9 339.7 -292.0 -520.5 -897.3
1849 PBS -0.3 136.1 342.3 -296.0 -524.5 -901.3
1850 rox.KIS 1.0 137.7 343.1 -300.0 -528.5 -905.3
1851 Alliance 1.7 138.6 343.7 -304.0 -532.5 -909.3
1852 SSD 3.4 140.2 345.4 -308.0 -536.5 -913.3
1853 Alliance 4.4 141.0 346.3 -312.0 -540.5 -917.3
1854 SSD 0.4 137.0 342.3 -305.1 -532.3 -909.5
1857 iG 1.1 137.9 343.4 -309.1 -536.3 -913.5
1858 Empire 3.4 140.6 344.8 -313.1 -540.3 -917.5
1860 Fnatic.eu 4.0 141.4 345.7 -317.1 -544.3 -921.5
1861 Sigma.int 5.0 142.6 347.2 -321.1 -548.3 -925.5
1862 Next.kz 1.0 138.6 343.2 -310.2 -537.7 -915.7
1863 Fnatic.eu 2.2 139.9 344.2 -314.2 -541.7 -919.7
1864 Revenge 4.5 142.4 347.0 -318.2 -545.7 -923.7
1865 TongFu 5.3 143.4 348.2 -322.2 -549.7 -927.7
1866 Sigma.int 7.2 145.7 349.8 -326.2 -553.7 -931.7
1867 Fnatic.eu 8.1 146.7 350.5 -330.2 -557.7 -935.7
1868 Na'Vi 8.8 147.5 351.0 -334.2 -561.7 -939.7
1869 FSid3 4.8 143.5 347.0 -326.4 -554.2 -933.4
1870 FSid3 0.8 139.5 343.0 -316.7 -542.7 -922.1
1871 Relax 2.5 141.3 345.2 -320.7 -546.7 -926.1
1873 PBS -1.5 137.3 341.2 -314.4 -540.1 -922.6
1874 Revenge -0.1 138.9 342.2 -318.4 -544.1 -926.6
1875 iG 1.5 140.6 344.1 -322.4 -548.1 -930.6
1876 GB 3.3 142.5 346.3 -326.4 -552.1 -934.6
1877 FD 4.9 144.2 347.6 -330.4 -556.1 -938.6
1878 Invasion 0.9 140.2 343.6 -318.8 -545.7 -924.7
1879 Orange 1.7 141.1 344.6 -322.8 -549.7 -928.7
1880 VG -2.3 137.1 340.6 -316.2 -542.3 -921.6
1881 LGD.cn 1.0 140.9 342.5 -320.2 -546.3 -925.6
1883 iG -3.0 136.9 338.5 -311.8 -538.8 -915.9
1885 Mski -1.8 138.0 339.7 -315.8 -542.8 -919.9
1886 Invasion -0.5 139.4 340.7 -319.8 -546.8 -923.9
1887 Lowyat 0.8 140.8 342.1 -323.8 -550.8 -927.9
1888 SMM 4.0 143.7 345.2 -327.8 -554.8 -931.9
1889 Fnatic.eu 1.59872115546e-14 139.7 341.2 -310.6 -541.7 -920.1
1890 LGD.cn -4.0 135.7 337.2 -304.1 -535.8 -914.6
1892 nAra -8.0 131.7 333.2 -296.3 -529.0 -906.2
1893 Mski -6.8 133.1 333.9 -300.3 -533.0 -910.2
1894 Spirit -10.8 129.1 329.9 -287.8 -521.5 -893.9
1895 Fnatic.eu -14.8 125.1 325.9 -283.2 -517.6 -885.2
1896 XctN -18.8 121.1 321.9 -277.8 -511.7 -879.7
1897 Idol -22.8 117.1 317.9 -271.9 -505.7 -874.0
1898 Titan -21.5 118.8 318.7 -275.9 -509.7 -878.0
1899 LGD.cn -19.0 121.4 320.7 -279.9 -513.7 -882.0
1900 PBS -16.8 123.8 323.3 -283.9 -517.7 -886.0
1903 Titan -14.8 126.2 324.6 -287.9 -521.7 -890.0
1904 Mastery -18.8 122.2 320.6 -281.4 -515.4 -882.5
1905 Swage -22.8 118.2 316.6 -273.8 -508.7 -876.5
1906 5inQ -21.7 119.9 318.6 -277.8 -512.7 -880.5
1907 EOT -18.8 123.2 320.9 -281.8 -516.7 -884.5
1908 Sigma.int -22.8 119.2 316.9 -276.9 -511.3 -878.9
1909 Mski -19.7 122.8 319.6 -280.9 -515.3 -882.9
1910 FD -17.8 125.0 321.1 -284.9 -519.3 -886.9
1911 Titan -16.7 126.3 322.1 -288.9 -523.3 -890.9
1912 Orange -14.6 128.3 324.1 -292.9 -527.3 -894.9
1913 rox.KIS -13.2 129.9 325.4 -296.9 -531.3 -898.9
1914 rox.KIS -11.4 131.7 327.4 -300.9 -535.3 -902.9
1916 rox.KIS -10.1 133.1 328.9 -304.9 -539.3 -906.9
1917 Orange -8.1 134.7 330.6 -308.9 -543.3 -910.9
1918 Orange -6.0 136.6 332.5 -312.9 -547.3 -914.9
1920 Mski -10.0 132.6 328.5 -304.6 -540.8 -908.9
1921 VP -7.5 135.0 330.8 -308.6 -544.8 -912.9
1923 VP -6.0 136.7 332.6 -312.6 -548.8 -916.9
1924 Sigma.int -3.7 139.4 334.3 -316.6 -552.8 -920.9
1925 PR -2.0 141.0 335.7 -320.6 -556.8 -924.9
1926 PR 0.6 143.1 337.9 -324.6 -560.8 -928.9
1927 Titan 2.2 144.9 339.1 -328.6 -564.8 -932.9
1928 Zephyr 3.2 146.4 340.9 -332.6 -568.8 -936.9
1929 MVP 4.5 147.9 342.7 -336.6 -572.8 -940.9
1930 Alliance 6.6 150.0 345.1 -340.6 -576.8 -944.9
1931 Swage 2.6 146.0 341.1 -332.6 -569.5 -938.3
1933 Alliance 4.8 148.2 343.5 -336.6 -573.5 -942.3
1934 Sigma.int 0.8 144.2 339.5 -325.6 -562.1 -931.7
1935 EOT.Ham. -3.2 140.2 335.5 -310.1 -552.1 -923.6
1936 Alliance -1.4 142.2 337.2 -314.1 -556.1 -927.6
1937 Na'Vi 0.4 144.2 339.4 -318.1 -560.1 -931.6
1938 DK 2.9 146.9 342.3 -322.1 -564.1 -935.6
1939 Na'Vi 4.6 148.8 343.7 -326.1 -568.1 -939.6
1941 Zephyr 6.7 151.4 344.9 -330.1 -572.1 -943.6
1942 VP 10.1 154.3 347.8 -334.1 -576.1 -947.6
1943 PR 12.0 156.2 350.0 -338.1 -580.1 -951.6
1944 VP 13.9 158.3 351.5 -342.1 -584.1 -955.6
1945 rox.KIS 15.0 159.6 352.3 -346.1 -588.1 -959.6
1946 PR 11.0 155.6 348.3 -339.5 -581.0 -953.0
1947 Relax 7.0 151.6 344.3 -332.5 -574.1 -946.9
1948 Empire 8.0 152.7 345.7 -336.5 -578.1 -950.9
1949 EOT.Ham. 4.0 148.7 341.7 -325.6 -568.8 -942.9
1951 Empire 5.2 150.2 342.5 -329.6 -572.8 -946.9
1953 Fnatic.eu 6.2 151.4 343.5 -333.6 -576.8 -950.9
1954 Empire 7.1 152.4 344.7 -337.6 -580.8 -954.9
1955 Life 9.9 155.9 346.4 -341.6 -584.8 -958.9
1956 rox.KIS 11.5 157.3 347.9 -345.6 -588.8 -962.9
1960 Empire 13.2 159.1 350.1 -349.6 -592.8 -966.9
1961 Fnatic.eu 14.0 160.0 350.7 -353.6 -596.8 -970.9
1962 Fnatic.eu 16.3 162.4 353.1 -357.6 -600.8 -974.9
1963 Life 12.3 158.4 349.1 -348.2 -591.2 -968.0
1964 Fnatic.eu 13.4 159.8 349.9 -352.2 -595.2 -972.0
1965 Relax 15.1 161.8 351.5 -356.2 -599.2 -976.0
1966 Speed 17.9 165.1 355.2 -360.2 -603.2 -980.0
1967 Liquid 19.3 166.2 356.5 -364.2 -607.2 -984.0
1968 Denial 21.6 168.8 359.4 -368.2 -611.2 -988.0
1970 hehe 23.7 170.9 361.3 -372.2 -615.2 -992.0
1971 Relax 19.7 166.9 357.3 -357.5 -602.4 -981.2
1972 PR 15.7 162.9 353.3 -347.5 -593.9 -965.7
1973 Sigma.int 16.9 164.5 354.1 -351.5 -597.9 -969.7
1975 Fnatic.eu 17.6 165.3 354.5 -355.5 -601.9 -973.7
1976 Relax 13.6 161.3 350.5 -350.3 -597.1 -966.7
1978 eHug 16.5 164.7 352.0 -354.3 -601.1 -970.7
1979 Empire 18.8 167.5 355.1 -358.3 -605.1 -974.7
1981 Liquid 19.7 168.7 356.6 -362.3 -609.1 -978.7
1982 Speed 20.7 169.9 357.5 -366.3 -613.1 -982.7
1983 SADBOYS 16.7 165.9 353.5 -359.2 -604.5 -974.1
1984 Empire 17.6 166.9 354.3 -363.2 -608.5 -978.1
1985 SADBOYS 13.6 162.9 350.3 -353.4 -599.8 -967.8
1986 eHug 9.6 158.9 346.3 -347.3 -593.7 -961.9
1987 Empire 5.6 154.9 342.3 -341.0 -588.2 -953.9
1988 Liquid 1.6 150.9 338.3 -333.5 -581.6 -947.3
1991 PR 3.6 153.0 340.5 -337.5 -585.6 -951.3
1992 Speed 4.5 154.1 341.9 -341.5 -589.6 -955.3
1995 SADBOYS 6.0 156.1 344.4 -345.5 -593.6 -959.3
1996 TR 2.0 152.1 340.4 -337.5 -586.1 -952.4
2000 UG -2.0 148.1 336.4 -332.4 -581.2 -947.0
2001 Speed -1.1 149.4 337.9 -336.4 -585.2 -951.0
2002 Swage 1.8 152.5 339.5 -340.4 -589.2 -955.0
2003 Empire -2.2 148.5 335.5 -334.2 -583.8 -946.5
2004 Empire 0.7 151.4 338.9 -338.2 -587.8 -950.5
2005 5inQ 3.3 154.3 340.4 -342.2 -591.8 -954.5
2008 SADBOYS -0.7 150.3 336.4 -334.9 -584.7 -947.4
2009 Fnatic.eu 0.8 152.0 337.7 -338.9 -588.7 -951.4
2010 Na'Vi 2.3 153.6 339.3 -342.9 -592.7 -955.4
2011 PR -1.7 149.6 335.3 -337.3 -588.0 -950.9
2013 Empire 0.6 151.9 337.6 -341.3 -592.0 -954.9
2014 Speed 1.8 153.2 338.5 -345.3 -596.0 -958.9
2015 Speed 2.6 154.1 339.7 -349.3 -600.0 -962.9
2016 Revenge 4.5 156.1 341.8 -353.3 -604.0 -966.9
2018 Fnatic.eu 0.5 152.1 337.8 -344.4 -594.5 -958.1
2019 Na'Vi 1.9 153.5 339.4 -348.4 -598.5 -962.1
2020 PR 3.7 155.4 341.4 -352.4 -602.5 -966.1
2022 Liquid 4.6 156.4 342.0 -356.4 -606.5 -970.1
2023 SADBOYS 5.3 157.3 343.1 -360.4 -610.5 -974.1
2024 SADBOYS 6.7 158.8 343.8 -364.4 -614.5 -978.1
2025 D4D 9.8 162.0 346.1 -368.4 -618.5 -982.1
2026 Execration 11.8 164.3 348.7 -372.4 -622.5 -986.1
2028 Next.kz 7.8 160.3 344.7 -364.0 -614.9 -979.1
2029 Empire 8.9 161.6 345.4 -368.0 -618.9 -983.1
2031 Sigma.int 4.9 157.6 341.4 -361.6 -612.4 -976.5
2032 Liquid 5.8 158.6 342.5 -365.6 -616.4 -980.5
2033 eHug 1.8 154.6 338.5 -359.1 -609.7 -973.9
2034 Denial -2.2 150.6 334.5 -348.8 -599.8 -963.5
2035 SADBOYS -1.2 151.7 335.1 -352.8 -603.8 -967.5
2039 Speed -5.2 147.7 331.1 -346.4 -597.4 -961.0
2043 Liquid -2.7 150.3 332.4 -350.4 -601.4 -965.0
2044 Arrow -0.4 153.1 333.8 -354.4 -605.4 -969.0
2047 Empire 1.3 155.1 335.1 -358.4 -609.4 -973.0
2048 Arrow 3.0 157.2 336.1 -362.4 -613.4 -977.0
2049 GL 5.1 159.5 337.7 -366.4 -617.4 -981.0
2051 Nullis 7.1 161.6 340.0 -370.4 -621.4 -985.0
2052 Nullis 3.1 157.6 336.0 -362.6 -614.3 -976.1
2053 SADBOYS 3.9 158.7 336.4 -366.6 -618.3 -980.1
2054 Empire 4.9 160.0 338.0 -370.6 -622.3 -984.1
2055 Na'Vi 5.9 161.2 338.7 -374.6 -626.3 -988.1
2056 bvd.dotA 7.4 162.9 340.8 -378.6 -630.3 -992.1
2057 Aura 9.6 165.3 343.4 -382.6 -634.3 -996.1
2058 Cloud9 10.5 166.6 343.8 -386.6 -638.3 -1000.1
2059 Empire 11.4 167.6 344.9 -390.6 -642.3 -1004.1
2061 rox.KIS 7.4 163.6 340.9 -375.0 -627.6 -991.0
2062 PR 3.4 159.6 336.9 -368.5 -621.4 -985.1
2064 Cloud9 4.4 160.8 338.4 -372.5 -625.4 -989.1
2066 Alliance 5.6 162.0 339.7 -376.5 -629.4 -993.1
2067 Na'Vi 6.4 162.9 340.7 -380.5 -633.4 -997.1
2068 Fnatic.eu 7.4 164.0 341.6 -384.5 -637.4 -1001.1
2069 VP 3.4 160.0 337.6 -378.2 -631.6 -995.1
2070 rox.KIS -0.6 156.0 333.6 -371.1 -625.1 -985.4
2071 Cloud9 2.5 159.4 335.7 -375.1 -629.1 -989.4
2072 About -1.5 155.4 331.7 -367.7 -622.0 -981.7
2073 4FC 0.3 157.5 333.2 -371.7 -626.0 -985.7
2074 vhoul -3.7 153.5 329.2 -361.3 -616.3 -978.8
2075 Liquid -7.7 149.5 325.2 -354.1 -610.3 -969.7
2076 Courage -11.7 145.5 321.2 -341.3 -599.5 -947.6
2078 Empire -9.2 148.1 323.2 -345.3 -603.5 -951.6
2079 Empire -7.6 150.0 325.3 -349.3 -607.5 -955.6
2080 rox.KIS -11.6 146.0 321.3 -333.0 -591.6 -942.3
2082 rox.KIS -10.6 147.2 322.6 -337.0 -595.6 -946.3
2083 PR -9.7 148.2 323.7 -341.0 -599.6 -950.3
2086 PssT -13.7 144.2 319.7 -333.7 -593.8 -941.7
2087 Liquid -12.4 145.6 320.6 -337.7 -597.8 -945.7
2088 SADBOYS -9.3 149.3 323.0 -341.7 -601.8 -949.7
2089 SADBOYS -8.4 150.4 324.5 -345.7 -605.8 -953.7
2091 Zephyr -5.6 153.3 327.6 -349.7 -609.8 -957.7
2093 rox.KIS -3.8 155.2 328.8 -353.7 -613.8 -961.7
2094 Insane -7.8 151.2 324.8 -345.9 -606.8 -955.5
2095 Titan -6.4 152.9 325.4 -349.9 -610.8 -959.5
2096 neXt! -10.4 148.9 321.4 -344.1 -605.4 -955.1
2097 rox.KIS -9.0 150.5 322.2 -348.1 -609.4 -959.1
2098 Zephyr -7.9 151.6 323.6 -352.1 -613.4 -963.1
2099 rox.KIS -5.9 153.5 325.5 -356.1 -617.4 -967.1
2100 PR -4.5 155.0 326.7 -360.1 -621.4 -971.1
2101 ZR -1.4 158.6 328.8 -364.1 -625.4 -975.1
2102 MYM 0.2 160.3 330.7 -368.1 -629.4 -979.1
2104 Arrow -3.8 156.3 326.7 -359.1 -620.5 -971.2
2106 Panthers -1.3 159.0 329.8 -363.1 -624.5 -975.2
2112 DUZA 1.2 161.6 332.4 -367.1 -628.5 -979.2
2113 TCN 2.8 163.6 333.5 -371.1 -632.5 -983.2
2114 VP 5.5 166.6 336.7 -375.1 -636.5 -987.2
2115 Mongolz 1.5 162.6 332.7 -368.7 -629.7 -980.8
2117 Titan 3.6 165.1 334.2 -372.7 -633.7 -984.8
2119 Empire 4.3 166.0 334.7 -376.7 -637.7 -988.8
2121 Relax 5.4 167.3 335.8 -380.7 -641.7 -992.8
2123 rox.KIS 6.3 168.4 336.5 -384.7 -645.7 -996.8
2124 neXt! 2.3 164.4 332.5 -378.3 -638.8 -989.6
2126 ZR 4.5 166.7 334.6 -382.3 -642.8 -993.6
2128 Alliance 6.1 168.4 336.2 -386.3 -646.8 -997.6
2129 vhoul 8.6 171.1 338.0 -390.3 -650.8 -1001.6
2131 Titan 9.3 172.0 339.1 -394.3 -654.8 -1005.6
2132 Fnatic.eu 11.0 173.7 340.7 -398.3 -658.8 -1009.6
2133 Next.kz 7.0 169.7 336.7 -382.0 -644.0 -989.5
2135 rox.KIS 9.0 171.9 339.2 -386.0 -648.0 -993.5
2136 Swage 10.7 173.8 341.0 -390.0 -652.0 -997.5
2137 Revenge 12.4 175.6 342.2 -394.0 -656.0 -1001.5
2138 Liquid 13.4 176.7 342.9 -398.0 -660.0 -1005.5
2139 eHug 15.1 178.5 344.4 -402.0 -664.0 -1009.5
2140 PssT 11.1 174.5 340.4 -394.6 -656.0 -1002.2
2141 WWD 12.6 176.0 342.2 -398.6 -660.0 -1006.2
2143 MiTH 14.1 177.5 343.5 -402.6 -664.0 -1010.2
2146 Fnatic.eu 16.0 179.6 345.2 -406.6 -668.0 -1014.2
2147 Na'Vi 17.1 180.8 346.5 -410.6 -672.0 -1018.2
2148 PR 13.1 176.8 342.5 -398.6 -662.2 -1010.0
2149 Sigma.int 14.7 178.5 344.4 -402.6 -666.2 -1014.0
2152 Relax 10.7 174.5 340.4 -392.4 -656.5 -1004.3
2154 ZR 6.7 170.5 336.4 -386.7 -651.0 -999.4
2155 MYM 8.4 172.1 338.3 -390.7 -655.0 -1003.4
2156 Cloud9 9.4 173.3 339.0 -394.7 -659.0 -1007.4
2158 Denial 5.4 169.3 335.0 -384.9 -649.7 -995.4
2159 SADBOYS 6.1 170.2 336.1 -388.9 -653.7 -999.4
2160 Dog 7.5 172.0 338.1 -392.9 -657.7 -1003.4
2161 Osiris 3.5 168.0 334.1 -385.1 -650.7 -999.5
2162 Orange 4.4 169.1 335.3 -389.1 -654.7 -1003.5
2164 Puck 0.4 165.1 331.3 -382.8 -647.7 -996.7
2165 TR -3.6 161.1 327.3 -368.7 -635.1 -977.2
2166 DUZA -7.6 157.1 323.3 -361.3 -628.1 -970.7
2167 Scythe -4.8 160.3 325.0 -365.3 -632.1 -974.7
2169 WWD -2.5 163.0 326.3 -369.3 -636.1 -978.7
2170 ZR -6.5 159.0 322.3 -360.2 -626.4 -969.8
2171 Relax -4.7 160.8 324.1 -364.2 -630.4 -973.8
2172 Na'Vi -3.6 162.1 324.9 -368.2 -634.4 -977.8
2175 Liquid -2.7 163.1 326.2 -372.2 -638.4 -981.8
2176 neXt! -6.7 159.1 322.2 -365.8 -632.6 -976.3
2177 Dog -5.3 160.9 324.6 -369.8 -636.6 -980.3
2178 VP -4.0 162.3 325.8 -373.8 -640.6 -984.3
2179 PR -1.6 164.9 327.6 -377.8 -644.6 -988.3
2180 Puck -5.6 160.9 323.6 -370.9 -638.5 -979.9
2181 MiT -9.6 156.9 319.6 -358.3 -626.2 -968.7
2182 MM -6.9 159.8 321.2 -362.3 -630.2 -972.7
2185 Scythe -5.6 161.5 321.7 -366.3 -634.2 -976.7
2186 RRQ -9.6 157.5 317.7 -360.6 -629.2 -968.9
2187 Titan -9.0 158.3 318.7 -364.6 -633.2 -972.9
2188 Everlast -13.0 154.3 314.7 -349.0 -620.7 -962.2
2189 Dignotoss -17.0 150.3 310.7 -344.2 -616.1 -956.2
2190 VP -15.8 151.4 311.9 -348.2 -620.1 -960.2
2191 Orange -13.7 153.5 314.0 -352.2 -624.1 -964.2
2192 PR -17.7 149.5 310.0 -345.3 -617.9 -959.0
2193 Na'Vi -15.8 151.2 311.7 -349.3 -621.9 -963.0
2194 Zephyr -13.1 154.0 314.0 -353.3 -625.9 -967.0
2197 Empire -12.3 155.0 315.3 -357.3 -629.9 -971.0
2200 Alliance -11.0 156.2 316.8 -361.3 -633.9 -975.0
2201 eN.Legs -8.8 158.4 319.0 -365.3 -637.9 -979.0
2202 neXt! -6.4 160.9 321.3 -369.3 -641.9 -983.0
2203 BIP -3.8 163.9 323.0 -373.3 -645.9 -987.0
2204 Osiris -7.8 159.9 319.0 -364.0 -636.3 -978.0
2210 Titan -7.1 160.8 320.1 -368.0 -640.3 -982.0
2213 Arrow -6.4 161.7 321.4 -372.0 -644.3 -986.0
2214 Orange -5.6 162.7 321.9 -376.0 -648.3 -990.0
2215 ADN -9.6 158.7 317.9 -366.9 -638.6 -983.2
2216 Alliance -8.1 160.4 319.6 -370.9 -642.6 -987.2
2218 VP -12.1 156.4 315.6 -361.4 -634.4 -979.5
2219 rox.KIS -16.1 152.4 311.6 -356.0 -629.2 -974.4
2225 Empire -20.1 148.4 307.6 -350.3 -621.8 -966.7
2226 Empire -24.1 144.4 303.6 -340.4 -611.9 -960.3
2228 Titan -23.4 145.2 304.0 -344.4 -615.9 -964.3
2229 Scythe -21.9 146.9 304.8 -348.4 -619.9 -968.3
2230 Orange -19.7 149.0 307.0 -352.4 -623.9 -972.3
2231 Arrow -17.7 151.4 308.7 -356.4 -627.9 -976.3
2233 CIS -15.0 154.4 311.4 -360.4 -631.9 -980.3
2234 5inQ -12.4 156.5 313.6 -364.4 -635.9 -984.3
2237 Execration -10.8 158.1 315.3 -368.4 -639.9 -988.3
2238 FD -9.3 159.8 316.8 -372.4 -643.9 -992.3
2239 Orange -13.3 155.8 312.8 -360.3 -634.8 -984.5
2240 Spirit -17.3 151.8 308.8 -352.5 -627.0 -975.4
2241 hehe -21.3 147.8 304.8 -335.2 -612.0 -948.8
2242 PR -25.3 143.8 300.8 -325.0 -602.6 -935.3
2244 EG -23.7 145.8 301.7 -329.0 -606.6 -939.3
2245 MYM -20.9 148.8 305.0 -333.0 -610.6 -943.3
2247 Cloud9 -17.7 152.5 307.0 -337.0 -614.6 -947.3
2248 DT.NGC -16.0 154.5 309.4 -341.0 -618.6 -951.3
2249 Titan -14.9 155.7 310.8 -345.0 -622.6 -955.3
2251 Zephyr -13.6 157.1 312.5 -349.0 -626.6 -959.3
2252 FD -11.3 159.5 314.4 -353.0 -630.6 -963.3
2254 Fnatic.eu -8.4 162.5 317.6 -357.0 -634.6 -967.3
2255 rox.KIS -5.9 164.9 320.0 -361.0 -638.6 -971.3
2258 Arrow -9.9 160.9 316.0 -352.7 -631.8 -965.6
2259 VG -7.2 163.7 317.8 -356.7 -635.8 -969.6
2260 FL -5.7 165.4 318.8 -360.7 -639.8 -973.6
2261 CIS -9.7 161.4 314.8 -341.5 -626.0 -963.4
2262 Mski -7.7 163.6 316.5 -345.5 -630.0 -967.4
2263 Cloud9 -5.5 166.2 319.4 -349.5 -634.0 -971.4
2269 Na'Vi -3.7 168.1 321.1 -353.5 -638.0 -975.4
2270 RRQ -7.7 164.1 317.1 -346.1 -630.7 -968.4
2271 Titan -5.9 166.0 318.9 -350.1 -634.7 -972.4
2273 VG -5.2 166.9 320.1 -354.1 -638.7 -976.4
2274 LGD.cn -3.3 169.2 321.4 -358.1 -642.7 -980.4
2275 Orange -2.6 169.9 322.1 -362.1 -646.7 -984.4
2277 FD -1.3 171.4 323.0 -366.1 -650.7 -988.4
2278 MiTH -0.2 172.5 324.4 -370.1 -654.7 -992.4
2279 DUZA 1.3 174.1 325.7 -374.1 -658.7 -996.4
2280 DK 1.9 174.8 326.6 -378.1 -662.7 -1000.4
2281 Titan 4.5 176.9 328.6 -382.1 -666.7 -1004.4
2282 iG 5.2 177.8 329.1 -386.1 -670.7 -1008.4
2283 Fnatic.eu 6.9 179.7 331.0 -390.1 -674.7 -1012.4
2284 Zephyr 8.2 181.1 332.3 -394.1 -678.7 -1016.4
2285 Na'Vi 9.3 182.2 333.5 -398.1 -682.7 -1020.4
2286 Cloud9 12.0 184.8 337.0 -402.1 -686.7 -1024.4
2288 EG 8.0 180.8 333.0 -392.6 -677.0 -1016.6
2289 DT.NGC 4.0 176.8 329.0 -382.1 -665.5 -1010.7
2290 Orange 3.5527136788e-15 172.8 325.0 -372.9 -657.1 -1002.9
2291 Na'Vi 2.4 175.2 328.1 -376.9 -661.1 -1006.9
2292 Na'Vi 3.9 176.6 329.6 -380.9 -665.1 -1010.9
2293 Alliance 5.0 177.9 330.5 -384.9 -669.1 -1014.9
2295 Arrow 6.0 179.1 331.8 -388.9 -673.1 -1018.9
