0 0 0.0 0.0 0.0 0.0 0.0 0.0
18 Na'Vi 0.8 1.1 1.5 -4.0 -4.0 -4.0
23 mouz 1.6 2.0 2.7 -8.0 -8.0 -8.0
32 Alliance 2.3 3.1 3.9 -12.0 -12.0 -12.0
49 Liquid 3.1 4.3 5.3 -16.0 -16.0 -16.0
50 3DMAX -0.9 0.3 1.3 9.2 1.5 -1.0
60 Na'Vi 0.1 1.5 2.7 5.2 -2.5 -5.0
73 Zenith 0.9 2.5 3.8 1.2 -6.5 -9.0
124 VP 1.9 3.8 5.3 -2.8 -10.5 -13.0
136 Alliance 2.8 4.9 6.6 -6.8 -14.5 -17.0
167 LGD.int 3.7 5.9 7.9 -10.8 -18.5 -21.0
171 LGD.int 4.6 6.9 9.1 -14.8 -22.5 -25.0
175 Na'Vi 5.6 8.1 10.7 -18.8 -26.5 -29.0
226 Alliance 6.4 9.2 12.1 -22.8 -30.5 -33.0
236 mouz 2.4 5.2 8.1 -7.1 -18.1 -22.9
240 Na'Vi 3.3 6.3 9.4 -11.1 -22.1 -26.9
246 Na'Vi 4.3 7.3 10.7 -15.1 -26.1 -30.9
253 Liquid 0.3 3.3 6.7 1.6 -12.3 -19.5
268 Na'Vi 1.3 4.5 8.2 -2.4 -16.3 -23.5
275 EG -2.7 0.5 4.2 16.9 0.6 -9.3
276 Alliance -1.7 1.7 5.5 12.9 -3.4 -13.3
282 Alliance -0.8 2.8 6.9 8.9 -7.4 -17.3
283 VG -4.8 -1.2 2.9 24.0 5.2 -7.2
293 aL -8.8 -5.2 -1.1 37.9 18.0 3.8
294 Alliance -7.8 -4.0 0.4 33.9 14.0 -0.2
304 VG -7.0 -3.1 1.6 29.9 10.0 -4.2
306 LGD.cn -6.2 -2.2 2.7 25.9 6.0 -8.2
310 iG -5.3 -1.0 4.3 21.9 2.0 -12.2
316 LGD.cn -4.7 -0.2 5.4 17.9 -2.0 -16.2
319 Na'Vi -3.6 1.0 6.8 13.9 -6.0 -20.2
321 mouz -2.7 2.0 8.1 9.9 -10.0 -24.2
330 TongFu -6.7 -2.0 4.1 29.5 5.7 -13.0
337 TongFu -5.8 -0.8 5.7 25.5 1.7 -17.0
338 Na'Vi -4.9 0.3 7.1 21.5 -2.3 -21.0
340 mouz -4.1 1.2 8.2 17.5 -6.3 -25.0
346 Alliance -3.0 2.4 9.6 13.5 -10.3 -29.0
373 Na'Vi -2.2 3.3 10.6 9.5 -14.3 -33.0
376 LGD.cn -1.4 4.3 11.8 5.5 -18.3 -37.0
377 LGD.cn -0.2 5.4 13.1 1.5 -22.3 -41.0
379 Na'Vi 0.7 6.5 14.4 -2.5 -26.3 -45.0
384 Alliance 1.7 7.8 16.0 -6.5 -30.3 -49.0
388 Dignitas 2.7 9.0 17.8 -10.5 -34.3 -53.0
389 iG 3.6 10.0 19.1 -14.5 -38.3 -57.0
392 Alliance 4.7 11.3 20.6 -18.5 -42.3 -61.0
396 Liquid 5.3 12.0 21.6 -22.5 -46.3 -65.0
398 Alliance 6.0 12.8 22.6 -26.5 -50.3 -69.0
410 Alliance 6.7 13.7 23.7 -30.5 -54.3 -73.0
414 Alliance 7.6 14.8 25.1 -34.5 -58.3 -77.0
416 4FC 3.6 10.8 21.1 -16.0 -41.8 -63.1
437 Quantic 4.6 11.8 22.4 -20.0 -45.8 -67.1
439 Artyk 5.5 12.8 23.9 -24.0 -49.8 -71.1
441 Na'Vi 6.4 13.8 25.1 -28.0 -53.8 -75.1
443 Kaipi 2.4 9.8 21.1 -15.3 -40.4 -63.2
446 Orange 3.3 10.8 22.3 -19.3 -44.4 -67.2
451 Kaipi 4.2 11.8 23.5 -23.3 -48.4 -71.2
461 Alliance 5.0 12.7 24.7 -27.3 -52.4 -75.2
475 Na'Vi 6.0 13.7 25.9 -31.3 -56.4 -79.2
480 Orange 7.0 14.9 27.4 -35.3 -60.4 -83.2
484 Empire 3.0 10.9 23.4 -18.6 -45.2 -71.3
486 Na'Vi 4.2 12.1 24.7 -22.6 -49.2 -75.3
488 Fnatic.eu 0.2 8.1 20.7 -4.9 -34.4 -63.7
493 iCCup 1.2 9.3 22.1 -8.9 -38.4 -67.7
494 zRage -2.8 5.3 18.1 11.6 -20.2 -52.0
502 VP -2.1 6.1 19.1 7.6 -24.2 -56.0
503 Dignitas -1.3 7.1 20.4 3.6 -28.2 -60.0
505 Na'Vi -0.8 7.7 21.2 -0.4 -32.2 -64.0
506 EG 4.4408920985e-16 8.6 22.4 -4.4 -36.2 -68.0
507 Na'Vi 0.9 9.6 23.7 -8.4 -40.2 -72.0
508 Na'Vi 1.4 10.2 24.4 -12.4 -44.2 -76.0
512 Quantic -2.6 6.2 20.4 5.3 -29.0 -62.1
514 Dignitas -6.6 2.2 16.4 27.2 -10.4 -46.1
527 Na'Vi -5.6 3.3 17.8 23.2 -14.4 -50.1
528 Liquid -4.7 4.4 19.1 19.2 -18.4 -54.1
529 EG -4.0 5.2 20.0 15.2 -22.4 -58.1
531 Na'Vi -3.1 6.2 21.2 11.2 -26.4 -62.1
532 Empire -2.1 7.2 22.4 7.2 -30.4 -66.1
533 rox.KIS -1.0 8.2 23.4 3.2 -34.4 -70.1
536 Liquid -0.3 9.0 24.4 -0.8 -38.4 -74.1
537 Liquid 0.3 9.7 25.3 -4.8 -42.4 -78.1
538 Alliance 1.1 10.5 26.3 -8.8 -46.4 -82.1
541 VP 2.1 11.8 27.7 -12.8 -50.4 -86.1
553 TongFu -1.9 7.8 23.7 3.0 -35.5 -73.3
580 VP -0.9 9.0 25.1 -1.0 -39.5 -77.3
604 Orange 0.2 10.2 26.6 -5.0 -43.5 -81.3
628 EG 1.1 11.2 27.8 -9.0 -47.5 -85.3
631 Alliance 2.0 12.4 29.3 -13.0 -51.5 -89.3
636 EG 2.7 13.3 30.4 -17.0 -55.5 -93.3
642 Alliance 3.7 14.5 31.9 -21.0 -59.5 -97.3
651 Denial -0.3 10.5 27.9 -3.0 -44.1 -85.3
653 VG -4.3 6.5 23.9 12.0 -31.0 -74.5
656 Na'Vi -3.2 7.7 25.4 8.0 -35.0 -78.5
664 RStars -7.2 3.7 21.4 24.1 -21.6 -67.3
668 mouz -6.4 4.7 22.7 20.1 -25.6 -71.3
670 EG -5.4 5.8 24.1 16.1 -29.6 -75.3
671 Fnatic.eu -4.5 6.8 25.3 12.1 -33.6 -79.3
674 mouz -3.8 7.7 26.4 8.1 -37.6 -83.3
678 Kaipi -7.8 3.7 22.4 26.8 -21.1 -69.7
699 Alliance -6.7 5.0 23.9 22.8 -25.1 -73.7
702 Na'Vi -5.8 6.0 25.1 18.8 -29.1 -77.7
703 mouz -4.9 7.0 26.4 14.8 -33.1 -81.7
712 Na'Vi -4.0 8.1 27.7 10.8 -37.1 -85.7
723 Kaipi -3.1 9.1 28.9 6.8 -41.1 -89.7
727 Fnatic.eu -7.1 5.1 24.9 23.6 -26.6 -78.2
730 LGD.cn -6.3 6.1 26.0 19.6 -30.6 -82.2
732 Alliance -5.2 7.4 27.6 15.6 -34.6 -86.2
745 Dignitas -9.2 3.4 23.6 37.1 -20.1 -74.5
746 DK -8.5 4.3 24.6 33.1 -24.1 -78.5
751 Alliance -7.7 5.4 26.0 29.1 -28.1 -82.5
754 Na'Vi -7.0 6.2 26.9 25.1 -32.1 -86.5
761 Fnatic.eu -6.3 7.0 27.8 21.1 -36.1 -90.5
766 Alliance -5.4 8.0 28.9 17.1 -40.1 -94.5
767 LGD.int -9.4 4.0 24.9 33.1 -26.2 -82.6
769 mouz -8.5 5.0 26.1 29.1 -30.2 -86.6
773 Alliance -7.8 5.8 27.0 25.1 -34.2 -90.6
779 Zenith -6.9 6.8 28.2 21.1 -38.2 -94.6
781 Alliance -6.0 7.8 29.3 17.1 -42.2 -98.6
783 TongFu -5.1 8.7 30.3 13.1 -46.2 -102.6
786 Na'Vi -4.1 9.8 31.6 9.1 -50.2 -106.6
795 Liquid -3.2 10.8 32.8 5.1 -54.2 -110.6
799 Alliance -2.1 12.0 34.3 1.1 -58.2 -114.6
812 Empire -1.1 13.2 35.9 -2.9 -62.2 -118.6
813 Empire -0.2 14.1 37.1 -6.9 -66.2 -122.6
820 4FC 0.5 14.9 38.1 -10.9 -70.2 -126.6
821 4++ -3.5 10.9 34.1 3.4 -55.0 -114.7
822 MiTH -2.5 12.2 35.6 -0.6 -59.0 -118.7
832 CDCD -6.5 8.2 31.6 22.6 -40.6 -102.9
841 VP -5.5 9.3 33.0 18.6 -44.6 -106.9
851 VP -4.5 10.5 34.5 14.6 -48.6 -110.9
865 Mski -3.5 11.6 35.9 10.6 -52.6 -114.9
866 Poseidon -2.6 12.5 37.0 6.6 -56.6 -118.9
871 Next.kz -1.5 13.7 38.4 2.6 -60.6 -122.9
873 PR -5.5 9.7 34.4 23.3 -43.0 -108.3
905 Dignitas -4.7 10.6 35.5 19.3 -47.0 -112.3
906 Dignitas -3.8 11.6 36.7 15.3 -51.0 -116.3
908 iG -3.1 12.4 37.7 11.3 -55.0 -120.3
911 4FC -7.1 8.4 33.7 24.6 -41.4 -108.9
915 Fnatic.eu -6.3 9.4 34.9 20.6 -45.4 -112.9
920 TongFu -5.7 10.1 35.8 16.6 -49.4 -116.9
921 Alliance -4.7 11.1 37.1 12.6 -53.4 -120.9
931 Alliance -3.8 12.0 38.1 8.6 -57.4 -124.9
941 Alliance -2.9 13.0 39.2 4.6 -61.4 -128.9
950 Kaipi -1.9 14.2 40.7 0.6 -65.4 -132.9
951 Mski -0.9 15.3 42.0 -3.4 -69.4 -136.9
956 Alliance -0.4 15.8 42.7 -7.4 -73.4 -140.9
957 Na'Vi 0.4 16.5 43.6 -11.4 -77.4 -144.9
958 PR -3.6 12.5 39.6 13.3 -53.4 -124.1
959 Kaipi -2.8 13.5 40.7 9.3 -57.4 -128.1
960 Kaipi -2.1 14.4 41.9 5.3 -61.4 -132.1
972 Aspera -6.1 10.4 37.9 27.2 -42.4 -116.2
975 Dignitas -5.3 11.4 39.2 23.2 -46.4 -120.2
982 Fnatic.eu -4.5 12.2 40.2 19.2 -50.4 -124.2
986 Na'Vi -3.5 13.4 41.6 15.2 -54.4 -128.2
990 Kaipi -2.7 14.3 42.7 11.2 -58.4 -132.2
997 PR -6.7 10.3 38.7 28.8 -43.6 -120.5
1009 Kaipi -5.8 11.2 39.8 24.8 -47.6 -124.5
1017 Na'Vi -5.0 12.1 40.8 20.8 -51.6 -128.5
1018 Alliance -4.2 13.0 42.0 16.8 -55.6 -132.5
1021 Na'Vi -3.0 14.2 43.4 12.8 -59.6 -136.5
1022 LGD.cn -1.9 15.5 44.8 8.8 -63.6 -140.5
1025 Dignitas -1.1 16.4 46.0 4.8 -67.6 -144.5
1030 Na'Vi -0.3 17.3 47.0 0.8 -71.6 -148.5
1032 Na'Vi 0.6 18.4 48.3 -3.2 -75.6 -152.5
1034 Alliance 1.3 19.2 49.3 -7.2 -79.6 -156.5
1035 Alliance 2.0 19.9 50.1 -11.2 -83.6 -160.5
1039 Ahead.kz -2.0 15.9 46.1 10.1 -61.8 -142.6
1041 Alliance -1.0 17.2 47.6 6.1 -65.8 -146.6
1045 iG -0.1 18.6 49.3 2.1 -69.8 -150.6
1046 Liquid 1.0 19.8 50.7 -1.9 -73.8 -154.6
1050 Alliance 1.8 20.7 51.8 -5.9 -77.8 -158.6
1051 iG 2.6 21.7 53.0 -9.9 -81.8 -162.6
1055 Alliance 3.2 22.4 53.9 -13.9 -85.8 -166.6
1063 Alliance 3.9 23.2 54.8 -17.9 -89.8 -170.6
1064 Alliance 4.7 24.1 55.8 -21.9 -93.8 -174.6
1081 Na'Vi 5.4 24.9 56.8 -25.9 -97.8 -178.6
1082 Fnatic.eu 6.2 25.8 57.8 -29.9 -101.8 -182.6
1083 Titan 7.0 26.7 59.0 -33.9 -105.8 -186.6
1085 FD 7.8 27.8 60.4 -37.9 -109.8 -190.6
1088 FXopen 8.7 29.1 61.9 -41.9 -113.8 -194.6
1089 Imp 9.4 30.1 63.0 -45.9 -117.8 -198.6
1090 MiTH 10.1 31.0 64.1 -49.9 -121.8 -202.6
1091 Na'Vi 11.0 32.0 65.4 -53.9 -125.8 -206.6
1095 Arcanys 7.0 28.0 61.4 -32.4 -108.5 -193.1
1097 FD 7.7 28.9 62.7 -36.4 -112.5 -197.1
1101 Fnatic.eu 8.7 30.1 64.2 -40.4 -116.5 -201.1
1104 Poseidon 4.7 26.1 60.2 -24.4 -102.3 -189.9
1105 Na'Vi 5.5 27.0 61.3 -28.4 -106.3 -193.9
1111 LGD.int 6.5 28.1 62.7 -32.4 -110.3 -197.9
1112 DK 7.0 28.8 63.5 -36.4 -114.3 -201.9
1114 Na'Vi 7.7 29.6 64.5 -40.4 -118.3 -205.9
1117 VG 8.4 30.4 65.5 -44.4 -122.3 -209.9
1118 LGD.cn 8.8 31.0 66.3 -48.4 -126.3 -213.9
1123 Na'Vi 9.2 31.6 67.0 -52.4 -130.3 -217.9
1129 iG 9.7 32.3 67.8 -56.4 -134.3 -221.9
1131 Na'Vi 10.7 33.3 69.0 -60.4 -138.3 -225.9
1132 Fnatic.eu 11.6 34.4 70.2 -64.4 -142.3 -229.9
1135 Empire 12.6 35.5 71.5 -68.4 -146.3 -233.9
1143 DK 13.1 36.2 72.4 -72.4 -150.3 -237.9
1144 VG 9.1 32.2 68.4 -57.8 -137.0 -227.5
1146 iG 9.5 32.8 69.1 -61.8 -141.0 -231.5
1149 Na'Vi 10.4 33.8 70.4 -65.8 -145.0 -235.5
1151 Alliance 10.9 34.5 71.2 -69.8 -149.0 -239.5
1157 Na'Vi 11.7 35.4 72.2 -73.8 -153.0 -243.5
1169 DK 12.1 36.0 73.0 -77.8 -157.0 -247.5
1171 Empire 12.9 37.0 74.2 -81.8 -161.0 -251.5
1172 Speed 8.9 33.0 70.2 -62.9 -140.2 -231.4
1175 TongFu 9.6 33.9 71.4 -66.9 -144.2 -235.4
1178 DK 10.0 34.4 72.1 -70.9 -148.2 -239.4
1181 Alliance 10.7 35.3 73.2 -74.9 -152.2 -243.4
1185 Liquid 6.7 31.3 69.2 -54.3 -131.4 -224.1
1188 LGD.int 7.3 32.1 70.1 -58.3 -135.4 -228.1
1190 TongFu 8.1 33.2 71.5 -62.3 -139.4 -232.1
1191 DK 8.5 33.9 72.3 -66.3 -143.4 -236.1
1192 Na'Vi 9.3 34.8 73.6 -70.3 -147.4 -240.1
1195 VG 9.8 35.5 74.4 -74.3 -151.4 -244.1
1196 LGD.cn 10.3 36.2 75.3 -78.3 -155.4 -248.1
1203 TongFu 10.7 36.8 76.0 -82.3 -159.4 -252.1
1204 iG 11.4 37.7 77.0 -86.3 -163.4 -256.1
1205 HR 7.4 33.7 73.0 -73.9 -148.3 -242.7
1215 iG 7.8 34.4 73.8 -77.9 -152.3 -246.7
1223 DK 8.7 35.6 75.3 -81.9 -156.3 -250.7
1232 Alliance 9.6 36.5 76.4 -85.9 -160.3 -254.7
1235 TongFu 5.6 32.5 72.4 -68.0 -146.3 -244.0
1238 LGD.cn 6.2 33.4 73.6 -72.0 -150.3 -248.0
1243 Alliance 6.9 34.2 74.7 -76.0 -154.3 -252.0
1247 iG 7.3 34.8 75.5 -80.0 -158.3 -256.0
1253 LGD.int 3.3 30.8 71.5 -51.3 -137.9 -239.9
1256 RS 4.2 31.8 72.8 -55.3 -141.9 -243.9
1263 LGD.cn 4.9 32.7 73.9 -59.3 -145.9 -247.9
1264 DK 5.6 33.5 74.9 -63.3 -149.9 -251.9
1266 Alliance 6.3 34.3 75.9 -67.3 -153.9 -255.9
1269 Orange 7.3 35.3 77.2 -71.3 -157.9 -259.9
1278 Lowyat 3.3 31.3 73.2 -59.1 -142.5 -245.9
1279 Titan 4.4 32.4 74.5 -63.1 -146.5 -249.9
1283 Speed 5.6 33.6 75.7 -67.1 -150.5 -253.9
1284 Alliance 6.4 34.4 76.7 -71.1 -154.5 -257.9
1293 TongFu 7.4 35.5 78.1 -75.1 -158.5 -261.9
1294 VG 3.4 31.5 74.1 -61.3 -145.3 -251.2
1299 EG 4.5 32.7 75.4 -65.3 -149.3 -255.2
1303 Sigma.int 5.4 33.9 76.9 -69.3 -153.3 -259.2
1305 Empire 6.0 34.7 77.8 -73.3 -157.3 -263.2
1307 LGD.int 6.9 35.7 79.0 -77.3 -161.3 -267.2
1308 LGD.cn 7.6 36.5 80.0 -81.3 -165.3 -271.2
1310 Sigma.int 8.3 37.3 81.0 -85.3 -169.3 -275.2
1314 TongFu 8.7 37.9 81.7 -89.3 -173.3 -279.2
1315 Empire 9.5 38.8 82.7 -93.3 -177.3 -283.2
1316 VG 10.2 39.7 83.8 -97.3 -181.3 -287.2
1317 Na'Vi 11.2 40.8 85.2 -101.3 -185.3 -291.2
1318 QPandas 7.2 36.8 81.2 -87.7 -171.8 -278.3
1321 Fnatic.eu 7.9 37.5 81.8 -91.7 -175.8 -282.3
1322 DK 8.3 38.0 82.5 -95.7 -179.8 -286.3
1323 VG 9.1 39.0 83.8 -99.7 -183.8 -290.3
1324 VG 5.1 35.0 79.8 -85.5 -169.3 -278.1
1327 Speed 5.7 35.7 80.7 -89.5 -173.3 -282.1
1329 Alliance 6.3 36.4 81.5 -93.5 -177.3 -286.1
1331 Na'Vi 7.5 37.4 82.7 -97.5 -181.3 -290.1
1333 Alliance 8.3 38.2 83.7 -101.5 -185.3 -294.1
1336 TongFu 9.3 39.1 84.7 -105.5 -189.3 -298.1
1340 Fnatic.eu 10.2 40.1 85.9 -109.5 -193.3 -302.1
1341 Alliance 10.7 40.7 86.6 -113.5 -197.3 -306.1
1351 VG 11.1 41.4 87.4 -117.5 -201.3 -310.1
1352 DK 11.7 42.0 88.2 -121.5 -205.3 -314.1
1356 Alliance 13.0 43.2 89.5 -125.5 -209.3 -318.1
1357 Na'Vi 14.1 44.2 90.6 -129.5 -213.3 -322.1
1359 LGD.cn 14.4 44.7 91.2 -133.5 -217.3 -326.1
1360 iG 14.8 45.2 91.8 -137.5 -221.3 -330.1
1361 Dignitas 15.5 46.0 92.8 -141.5 -225.3 -334.1
1362 Speed 15.9 46.5 93.5 -145.5 -229.3 -338.1
1365 Alliance 16.6 47.2 94.3 -149.5 -233.3 -342.1
1366 Alliance 17.0 47.7 94.9 -153.5 -237.3 -346.1
1368 Fnatic.eu 18.2 48.9 96.2 -157.5 -241.3 -350.1
1369 Na'Vi 18.9 49.7 97.1 -161.5 -245.3 -354.1
1372 VP 14.9 45.7 93.1 -143.6 -230.1 -341.4
1379 Fnatic.eu 16.0 46.9 94.5 -147.6 -234.1 -345.4
1380 Liquid 17.1 48.1 95.9 -151.6 -238.1 -349.4
1381 Liquid 13.1 44.1 91.9 -136.7 -224.1 -337.5
1382 Titan 13.9 45.1 93.2 -140.7 -228.1 -341.5
1384 Empire 14.6 45.9 94.2 -144.7 -232.1 -345.5
1388 iG 15.1 46.6 95.0 -148.7 -236.1 -349.5
1389 RStars 15.8 47.6 96.4 -152.7 -240.1 -353.5
1390 Alliance 16.3 48.2 97.1 -156.7 -244.1 -357.5
1396 rox.KIS 12.3 44.2 93.1 -121.5 -216.4 -334.3
1399 EG 8.3 40.2 89.1 -106.5 -200.6 -321.0
1404 VG 9.2 41.3 90.5 -110.5 -204.6 -325.0
1405 Speed 10.0 42.4 91.9 -114.5 -208.6 -329.0
1412 DK 10.4 43.1 92.8 -118.5 -212.6 -333.0
1423 Alliance 10.9 43.7 93.5 -122.5 -216.6 -337.0
1424 DK 11.2 44.1 94.1 -126.5 -220.6 -341.0
1425 VG 11.9 44.9 95.1 -130.5 -224.6 -345.0
1429 Empire 13.1 46.1 96.5 -134.5 -228.6 -349.0
1430 Na'Vi 14.0 47.1 97.7 -138.5 -232.6 -353.0
1431 DK 14.4 47.6 98.3 -142.5 -236.6 -357.0
1438 Liquid 15.1 48.5 99.3 -146.5 -240.6 -361.0
1439 Empire 11.1 44.5 95.3 -133.0 -226.0 -346.5
1442 LGD.int 11.5 45.1 96.0 -137.0 -230.0 -350.5
1443 TongFu 12.2 45.9 97.0 -141.0 -234.0 -354.5
1450 Na'Vi 13.1 47.0 98.3 -145.0 -238.0 -358.5
1460 Alliance 14.0 47.9 99.3 -149.0 -242.0 -362.5
1466 4FC 10.0 43.9 95.3 -136.1 -229.2 -350.7
1473 LGD.cn 10.6 44.7 96.3 -140.1 -233.2 -354.7
1479 Liquid 11.3 45.5 97.3 -144.1 -237.2 -358.7
1482 Fnatic.eu 12.0 46.4 98.5 -148.1 -241.2 -362.7
1490 EG 12.8 47.4 99.6 -152.1 -245.2 -366.7
1494 Na'Vi 13.4 48.1 100.4 -156.1 -249.2 -370.7
1495 DK 14.5 49.4 101.9 -160.1 -253.2 -374.7
1497 Speed 10.5 45.4 97.9 -146.5 -241.3 -363.8
1498 Fnatic.eu 6.5 41.4 93.9 -130.4 -225.8 -349.1
1499 DK 7.3 42.4 94.9 -134.4 -229.8 -353.1
1500 Speed 8.0 43.3 96.1 -138.4 -233.8 -357.1
1501 Liquid 4.0 39.3 92.1 -125.0 -220.7 -345.3
1508 Alliance 4.6 40.1 92.9 -129.0 -224.7 -349.3
1511 Sigma.int 5.1 40.8 93.6 -133.0 -228.7 -353.3
1512 Alliance 6.0 41.8 94.8 -137.0 -232.7 -357.3
1513 DK 6.3 42.3 95.4 -141.0 -236.7 -361.3
1523 SSD 2.3 38.3 91.4 -127.6 -223.4 -350.0
1528 TongFu 3.0 39.1 92.4 -131.6 -227.4 -354.0
1529 LGD.int 3.6 39.9 93.4 -135.6 -231.4 -358.0
1549 VG 4.2 40.8 94.6 -139.6 -235.4 -362.0
1550 DK 4.9 41.6 95.6 -143.6 -239.4 -366.0
1574 DK 6.0 42.8 96.9 -147.6 -243.4 -370.0
1580 Alliance 7.1 44.1 98.4 -151.6 -247.4 -374.0
1585 Fnatic.eu 8.0 45.1 99.6 -155.6 -251.4 -378.0
1589 FD 9.0 46.2 100.9 -159.6 -255.4 -382.0
1590 Orange 9.8 47.2 102.2 -163.6 -259.4 -386.0
1593 FD 10.5 48.2 103.5 -167.6 -263.4 -390.0
1598 Alliance 11.4 49.2 104.6 -171.6 -267.4 -394.0
1611 Sigma.int 12.4 50.5 106.1 -175.6 -271.4 -398.0
1614 Alliance 13.0 51.3 107.0 -179.6 -275.4 -402.0
1626 FD 13.9 52.5 108.4 -183.6 -279.4 -406.0
1628 Alliance 14.6 53.2 109.3 -187.6 -283.4 -410.0
1629 Fnatic.eu 15.1 53.8 110.1 -191.6 -287.4 -414.0
1631 VG 15.6 54.5 111.1 -195.6 -291.4 -418.0
1634 Alliance 16.3 55.4 112.1 -199.6 -295.4 -422.0
1636 Sigma.int 17.0 56.2 113.2 -203.6 -299.4 -426.0
1652 PR 18.1 57.5 114.7 -207.6 -303.4 -430.0
1657 RRQ 18.8 58.4 115.8 -211.6 -307.4 -434.0
1660 Poseidon 14.8 54.4 111.8 -195.2 -292.8 -422.4
1662 Fnatic.eu 15.6 55.4 113.0 -199.2 -296.8 -426.4
1664 DK 16.3 56.2 114.0 -203.2 -300.8 -430.4
1665 LGD.cn 16.9 56.9 115.0 -207.2 -304.8 -434.4
1668 Duskbin 17.7 58.2 116.6 -211.2 -308.8 -438.4
1678 Na'Vi 18.6 59.3 117.8 -215.2 -312.8 -442.4
1681 Mski 19.5 60.4 119.1 -219.2 -316.8 -446.4
1685 Alliance 20.0 61.0 119.8 -223.2 -320.8 -450.4
1686 Sigma.int 21.2 62.2 121.2 -227.2 -324.8 -454.4
1689 iG 21.7 62.8 121.9 -231.2 -328.8 -458.4
1697 mouz 17.7 58.8 117.9 -214.3 -308.7 -438.3
1699 OsG 13.7 54.8 113.9 -185.9 -282.4 -414.9
1701 TongFu 14.7 55.8 115.0 -189.9 -286.4 -418.9
1706 Sigma.int 15.6 56.6 115.9 -193.9 -290.4 -422.9
1707 mouz 16.8 57.7 117.1 -197.9 -294.4 -426.9
1708 HR 17.9 59.0 118.7 -201.9 -298.4 -430.9
1711 Next.kz 18.7 60.0 119.9 -205.9 -302.4 -434.9
1711 Next.kz 19.4 60.9 120.9 -209.9 -306.4 -438.9
1714 rox.KIS 20.1 61.8 121.9 -213.9 -310.4 -442.9
1714 rox.KIS 21.0 62.7 123.1 -217.9 -314.4 -446.9
1720 Mski 21.9 63.7 124.2 -221.9 -318.4 -450.9
1721 Lowyat 23.0 64.7 125.7 -225.9 -322.4 -454.9
1722 Mski 23.8 65.5 126.7 -229.9 -326.4 -458.9
1725 VG 24.9 66.7 128.1 -233.9 -330.4 -462.9
1726 Lowyat 25.9 67.7 129.3 -237.9 -334.4 -466.9
1727 Mski 26.7 68.6 130.2 -241.9 -338.4 -470.9
1730 rox.KIS 27.7 70.0 131.7 -245.9 -342.4 -474.9
1735 Mski 28.5 70.8 132.7 -249.9 -346.4 -478.9
1744 Sigma.int 29.5 72.1 134.2 -253.9 -350.4 -482.9
1745 Na'Vi 30.2 73.0 135.3 -257.9 -354.4 -486.9
1746 Alliance 30.9 73.8 136.4 -261.9 -358.4 -490.9
1750 Alliance 31.6 74.6 137.4 -265.9 -362.4 -494.9
1751 Na'Vi 32.5 75.6 138.6 -269.9 -366.4 -498.9
1761 Mski 33.5 76.9 140.0 -273.9 -370.4 -502.9
1763 rox.KIS 34.4 77.9 141.2 -277.9 -374.4 -506.9
1764 Na'Vi 35.5 79.0 142.5 -281.9 -378.4 -510.9
1771 VG 36.4 80.2 144.1 -285.9 -382.4 -514.9
1776 Fnatic.eu 37.5 81.4 145.5 -289.9 -386.4 -518.9
1783 Titan 38.5 82.4 146.8 -293.9 -390.4 -522.9
1785 Fnatic.eu 39.6 83.6 148.1 -297.9 -394.4 -526.9
1788 Sigma.int 40.2 84.3 149.0 -301.9 -398.4 -530.9
1790 Na'Vi 41.2 85.2 150.0 -305.9 -402.4 -534.9
1802 PR 37.2 81.2 146.0 -292.8 -386.5 -520.1
1804 DK 37.6 81.8 146.7 -296.8 -390.5 -524.1
1805 VG 38.2 82.5 147.6 -300.8 -394.5 -528.1
1807 LGD.cn 38.7 83.1 148.4 -304.8 -398.5 -532.1
1808 iG 39.1 83.7 149.2 -308.8 -402.5 -536.1
1809 Titan 40.3 84.8 150.5 -312.8 -406.5 -540.1
1811 TongFu 41.2 85.7 151.6 -316.8 -410.5 -544.1
1814 LGD.cn 41.7 86.4 152.5 -320.8 -414.5 -548.1
1815 iG 42.6 87.8 154.2 -324.8 -418.5 -552.1
1817 Mski 43.8 89.0 155.6 -328.8 -422.5 -556.1
1820 Empire 44.7 89.9 156.7 -332.8 -426.5 -560.1
1822 Fnatic.eu 45.2 90.5 157.4 -336.8 -430.5 -564.1
1826 Titan 46.2 91.5 158.5 -340.8 -434.5 -568.1
1827 MVP.P 47.1 92.7 159.9 -344.8 -438.5 -572.1
1828 TongFu 43.1 88.7 155.9 -330.4 -427.3 -562.3
1846 DK 44.0 89.8 156.5 -334.4 -431.3 -566.3
1847 DK 44.8 90.9 157.8 -338.4 -435.3 -570.3
1850 rox.KIS 46.1 92.5 158.6 -342.4 -439.3 -574.3
1851 Alliance 46.8 93.4 159.2 -346.4 -443.3 -578.3
1853 Alliance 47.8 94.2 160.1 -350.4 -447.3 -582.3
1857 iG 48.5 95.1 161.2 -354.4 -451.3 -586.3
1860 Fnatic.eu 49.1 95.9 162.1 -358.4 -455.3 -590.3
1861 Sigma.int 50.1 97.1 163.6 -362.4 -459.3 -594.3
1863 Fnatic.eu 51.3 98.4 164.6 -366.4 -463.3 -598.3
1865 TongFu 52.1 99.4 165.8 -370.4 -467.3 -602.3
1867 Fnatic.eu 53.0 100.4 166.5 -374.4 -471.3 -606.3
1868 Na'Vi 53.7 101.2 167.0 -378.4 -475.3 -610.3
1878 Invasion 49.7 97.2 163.0 -366.8 -464.9 -596.4
1879 Orange 50.5 98.1 164.0 -370.8 -468.9 -600.4
1885 Mski 51.7 99.2 165.2 -374.8 -472.9 -604.4
1889 Fnatic.eu 47.7 95.2 161.2 -357.6 -459.8 -592.6
1893 Mski 48.9 96.6 161.9 -361.6 -463.8 -596.6
1898 Titan 50.2 98.3 162.7 -365.6 -467.8 -600.6
1911 Titan 51.3 99.6 163.7 -369.6 -471.8 -604.6
1945 rox.KIS 52.4 100.9 164.5 -373.6 -475.8 -608.6
1948 Empire 53.4 102.0 165.9 -377.6 -479.8 -612.6
1951 Empire 54.6 103.5 166.7 -381.6 -483.8 -616.6
1953 Fnatic.eu 55.6 104.7 167.7 -385.6 -487.8 -620.6
1954 Empire 56.5 105.7 168.9 -389.6 -491.8 -624.6
1961 Fnatic.eu 57.3 106.6 169.5 -393.6 -495.8 -628.6
1964 Fnatic.eu 58.4 108.0 170.3 -397.6 -499.8 -632.6
1971 Relax 54.4 104.0 166.3 -382.9 -487.0 -621.8
1973 Sigma.int 55.6 105.6 167.1 -386.9 -491.0 -625.8
1975 Fnatic.eu 56.3 106.4 167.5 -390.9 -495.0 -629.8
1981 Liquid 57.2 107.6 169.0 -394.9 -499.0 -633.8
1982 Speed 58.2 108.8 169.9 -398.9 -503.0 -637.8
1984 Empire 59.1 109.8 170.7 -402.9 -507.0 -641.8
1992 Speed 60.0 110.9 172.1 -406.9 -511.0 -645.8
2001 Speed 60.9 112.2 173.6 -410.9 -515.0 -649.8
2014 Speed 62.1 113.5 174.5 -414.9 -519.0 -653.8
2015 Speed 62.9 114.4 175.7 -418.9 -523.0 -657.8
2022 Liquid 63.8 115.4 176.3 -422.9 -527.0 -661.8
2023 SADBOYS 64.5 116.3 177.4 -426.9 -531.0 -665.8
2024 SADBOYS 65.9 117.8 178.1 -430.9 -535.0 -669.8
2029 Empire 67.0 119.1 178.8 -434.9 -539.0 -673.8
2032 Liquid 67.9 120.1 179.9 -438.9 -543.0 -677.8
2035 SADBOYS 68.9 121.2 180.5 -442.9 -547.0 -681.8
2053 SADBOYS 69.7 122.3 180.9 -446.9 -551.0 -685.8
2054 Empire 70.7 123.6 182.5 -450.9 -555.0 -689.8
2055 Na'Vi 71.7 124.8 183.2 -454.9 -559.0 -693.8
2058 Cloud9 72.6 126.1 183.6 -458.9 -563.0 -697.8
2059 Empire 73.5 127.1 184.7 -462.9 -567.0 -701.8
2061 rox.KIS 69.5 123.1 180.7 -447.3 -552.3 -688.7
2064 Cloud9 70.5 124.3 182.2 -451.3 -556.3 -692.7
2066 Alliance 71.7 125.5 183.5 -455.3 -560.3 -696.7
2067 Na'Vi 72.5 126.4 184.5 -459.3 -564.3 -700.7
2068 Fnatic.eu 73.5 127.5 185.4 -463.3 -568.3 -704.7
2076 Courage 69.5 123.5 181.4 -450.5 -557.5 -682.6
2080 rox.KIS 65.5 119.5 177.4 -434.2 -541.6 -669.3
2082 rox.KIS 66.5 120.7 178.7 -438.2 -545.6 -673.3
2083 PR 67.4 121.7 179.8 -442.2 -549.6 -677.3
2087 Liquid 68.7 123.1 180.7 -446.2 -553.6 -681.3
2089 SADBOYS 69.6 124.2 182.2 -450.2 -557.6 -685.3
2098 Zephyr 70.7 125.3 183.6 -454.2 -561.6 -689.3
2119 Empire 71.4 126.2 184.1 -458.2 -565.6 -693.3
2121 Relax 72.5 127.5 185.2 -462.2 -569.6 -697.3
2123 rox.KIS 73.4 128.6 185.9 -466.2 -573.6 -701.3
2131 Titan 74.1 129.5 187.0 -470.2 -577.6 -705.3
2133 Next.kz 70.1 125.5 183.0 -453.9 -562.8 -685.2
2138 Liquid 71.1 126.6 183.7 -457.9 -566.8 -689.2
2147 Na'Vi 72.2 127.8 185.0 -461.9 -570.8 -693.2
2156 Cloud9 73.2 129.0 185.7 -465.9 -574.8 -697.2
2159 SADBOYS 73.9 129.9 186.8 -469.9 -578.8 -701.2
2162 Orange 74.8 131.0 188.0 -473.9 -582.8 -705.2
2165 TR 70.8 127.0 184.0 -459.8 -570.2 -685.7
2172 Na'Vi 71.9 128.3 184.8 -463.8 -574.2 -689.7
2175 Liquid 72.8 129.3 186.1 -467.8 -578.2 -693.7
2185 Scythe 74.1 131.0 186.6 -471.8 -582.2 -697.7
2187 Titan 74.7 131.8 187.6 -475.8 -586.2 -701.7
2188 Everlast 70.7 127.8 183.6 -460.2 -573.7 -691.0
2190 VP 71.9 128.9 184.8 -464.2 -577.7 -695.0
2197 Empire 72.7 129.9 186.1 -468.2 -581.7 -699.0
2210 Titan 73.4 130.8 187.2 -472.2 -585.7 -703.0
2213 Arrow 74.1 131.7 188.5 -476.2 -589.7 -707.0
2214 Orange 74.9 132.7 189.0 -480.2 -593.7 -711.0
2228 Titan 75.6 133.5 189.4 -484.2 -597.7 -715.0
2241 hehe 71.6 129.5 185.4 -466.9 -582.7 -688.4
2249 Titan 72.7 130.7 186.8 -470.9 -586.7 -692.4
2261 CIS 68.7 126.7 182.8 -451.7 -572.9 -682.2
2273 VG 69.4 127.6 184.0 -455.7 -576.9 -686.2
2275 Orange 70.1 128.3 184.7 -459.7 -580.9 -690.2
2278 MiTH 71.2 129.4 186.1 -463.7 -584.9 -694.2
2280 DK 71.8 130.1 187.0 -467.7 -588.9 -698.2
2282 iG 72.5 131.0 187.5 -471.7 -592.9 -702.2
2285 Na'Vi 73.6 132.1 188.7 -475.7 -596.9 -706.2
2293 Alliance 74.7 133.4 189.6 -479.7 -600.9 -710.2
2295 Arrow 75.7 134.6 190.9 -483.7 -604.9 -714.2
