0 0 0.0 0.0 0.0 0.0 0.0 0.0
18 Na'Vi 0.8 1.1 1.5 -4.0 -4.0 -4.0
23 mouz 1.6 2.0 2.7 -8.0 -8.0 -8.0
32 Alliance 2.3 3.1 3.9 -12.0 -12.0 -12.0
49 Liquid 3.1 4.3 5.3 -16.0 -16.0 -16.0
50 3DMAX -0.9 0.3 1.3 9.2 1.5 -1.0
73 Zenith -0.1 1.3 2.4 5.2 -2.5 -5.0
136 Alliance 0.8 2.4 3.7 1.2 -6.5 -9.0
167 LGD.int 1.7 3.4 5.0 -2.8 -10.5 -13.0
171 LGD.int 2.6 4.4 6.2 -6.8 -14.5 -17.0
226 Alliance 3.4 5.5 7.6 -10.8 -18.5 -21.0
240 Na'Vi 4.3 6.6 8.9 -14.8 -22.5 -25.0
246 Na'Vi 5.3 7.6 10.2 -18.8 -26.5 -29.0
253 Liquid 1.3 3.6 6.2 -2.1 -12.7 -17.6
275 EG -2.7 -0.4 2.2 17.2 4.2 -3.4
276 Alliance -1.7 0.8 3.5 13.2 0.2 -7.4
282 Alliance -0.8 1.9 4.9 9.2 -3.8 -11.4
294 Alliance 0.2 3.1 6.4 5.2 -7.8 -15.4
304 VG 1.0 4.0 7.6 1.2 -11.8 -19.4
306 LGD.cn 1.8 4.9 8.7 -2.8 -15.8 -23.4
310 iG 2.7 6.1 10.3 -6.8 -19.8 -27.4
316 LGD.cn 3.3 6.9 11.4 -10.8 -23.8 -31.4
321 mouz 4.2 7.9 12.7 -14.8 -27.8 -35.4
330 TongFu 0.2 3.9 8.7 4.8 -12.1 -24.2
338 Na'Vi 1.1 5.0 10.1 0.8 -16.1 -28.2
340 mouz 1.9 5.9 11.2 -3.2 -20.1 -32.2
373 Na'Vi 2.7 6.8 12.2 -7.2 -24.1 -36.2
376 LGD.cn 3.5 7.8 13.4 -11.2 -28.1 -40.2
377 LGD.cn 4.7 8.9 14.7 -15.2 -32.1 -44.2
379 Na'Vi 5.6 10.0 16.0 -19.2 -36.1 -48.2
389 iG 6.5 11.0 17.3 -23.2 -40.1 -52.2
396 Liquid 7.1 11.7 18.3 -27.2 -44.1 -56.2
398 Alliance 7.8 12.5 19.3 -31.2 -48.1 -60.2
410 Alliance 8.5 13.4 20.4 -35.2 -52.1 -64.2
414 Alliance 9.4 14.5 21.8 -39.2 -56.1 -68.2
416 4FC 5.4 10.5 17.8 -20.7 -39.6 -54.3
437 Quantic 6.4 11.5 19.1 -24.7 -43.6 -58.3
439 Artyk 7.3 12.5 20.6 -28.7 -47.6 -62.3
441 Na'Vi 8.2 13.5 21.8 -32.7 -51.6 -66.3
446 Orange 9.1 14.5 23.0 -36.7 -55.6 -70.3
451 Kaipi 10.0 15.5 24.2 -40.7 -59.6 -74.3
461 Alliance 10.8 16.4 25.4 -44.7 -63.6 -78.3
475 Na'Vi 11.8 17.4 26.6 -48.7 -67.6 -82.3
484 Empire 7.8 13.4 22.6 -32.0 -52.4 -70.4
488 Fnatic.eu 3.8 9.4 18.6 -14.3 -37.6 -58.8
493 iCCup 4.8 10.6 20.0 -18.3 -41.6 -62.8
494 zRage 0.8 6.6 16.0 2.2 -23.4 -47.1
502 VP 1.5 7.4 17.0 -1.8 -27.4 -51.1
503 Dignitas 2.3 8.4 18.3 -5.8 -31.4 -55.1
505 Na'Vi 2.8 9.0 19.1 -9.8 -35.4 -59.1
506 EG 3.6 9.9 20.3 -13.8 -39.4 -63.1
507 Na'Vi 4.5 10.9 21.6 -17.8 -43.4 -67.1
508 Na'Vi 5.0 11.5 22.3 -21.8 -47.4 -71.1
512 Quantic 1.0 7.5 18.3 -4.1 -32.2 -57.2
514 Dignitas -3.0 3.5 14.3 17.8 -13.6 -41.2
527 Na'Vi -2.0 4.6 15.7 13.8 -17.6 -45.2
528 Liquid -1.1 5.7 17.0 9.8 -21.6 -49.2
529 EG -0.4 6.5 17.9 5.8 -25.6 -53.2
531 Na'Vi 0.5 7.5 19.1 1.8 -29.6 -57.2
532 Empire 1.5 8.5 20.3 -2.2 -33.6 -61.2
533 rox.KIS 2.6 9.5 21.3 -6.2 -37.6 -65.2
536 Liquid 3.3 10.3 22.3 -10.2 -41.6 -69.2
537 Liquid 3.9 11.0 23.2 -14.2 -45.6 -73.2
538 Alliance 4.7 11.8 24.2 -18.2 -49.6 -77.2
541 VP 5.7 13.1 25.6 -22.2 -53.6 -81.2
553 TongFu 1.7 9.1 21.6 -6.4 -38.7 -68.4
580 VP 2.7 10.3 23.0 -10.4 -42.7 -72.4
628 EG 3.6 11.3 24.2 -14.4 -46.7 -76.4
631 Alliance 4.5 12.5 25.7 -18.4 -50.7 -80.4
636 EG 5.2 13.4 26.8 -22.4 -54.7 -84.4
651 Denial 1.2 9.4 22.8 -4.4 -39.3 -72.4
664 RStars -2.8 5.4 18.8 11.7 -25.9 -61.2
668 mouz -2.0 6.4 20.1 7.7 -29.9 -65.2
670 EG -1.0 7.5 21.5 3.7 -33.9 -69.2
671 Fnatic.eu -0.1 8.5 22.7 -0.3 -37.9 -73.2
674 mouz 0.6 9.4 23.8 -4.3 -41.9 -77.2
678 Kaipi -3.4 5.4 19.8 14.4 -25.4 -63.6
702 Na'Vi -2.5 6.4 21.0 10.4 -29.4 -67.6
703 mouz -1.6 7.4 22.3 6.4 -33.4 -71.6
712 Na'Vi -0.7 8.5 23.6 2.4 -37.4 -75.6
723 Kaipi 0.2 9.5 24.8 -1.6 -41.4 -79.6
727 Fnatic.eu -3.8 5.5 20.8 15.2 -26.9 -68.1
730 LGD.cn -3.0 6.5 21.9 11.2 -30.9 -72.1
745 Dignitas -7.0 2.5 17.9 32.7 -16.4 -60.4
746 DK -6.3 3.4 18.9 28.7 -20.4 -64.4
751 Alliance -5.5 4.5 20.3 24.7 -24.4 -68.4
754 Na'Vi -4.8 5.3 21.2 20.7 -28.4 -72.4
761 Fnatic.eu -4.1 6.1 22.1 16.7 -32.4 -76.4
766 Alliance -3.2 7.1 23.2 12.7 -36.4 -80.4
767 LGD.int -7.2 3.1 19.2 28.7 -22.5 -68.5
769 mouz -6.3 4.1 20.4 24.7 -26.5 -72.5
773 Alliance -5.6 4.9 21.3 20.7 -30.5 -76.5
779 Zenith -4.7 5.9 22.5 16.7 -34.5 -80.5
781 Alliance -3.8 6.9 23.6 12.7 -38.5 -84.5
783 TongFu -2.9 7.8 24.6 8.7 -42.5 -88.5
786 Na'Vi -1.9 8.9 25.9 4.7 -46.5 -92.5
795 Liquid -1.0 9.9 27.1 0.7 -50.5 -96.5
812 Empire 3.21964677141e-15 11.1 28.7 -3.3 -54.5 -100.5
813 Empire 0.9 12.0 29.9 -7.3 -58.5 -104.5
820 4FC 1.6 12.8 30.9 -11.3 -62.5 -108.5
821 4++ -2.4 8.8 26.9 3.0 -47.3 -96.6
832 CDCD -6.4 4.8 22.9 26.2 -28.9 -80.8
841 VP -5.4 5.9 24.3 22.2 -32.9 -84.8
865 Mski -4.4 7.0 25.7 18.2 -36.9 -88.8
866 Poseidon -3.5 7.9 26.8 14.2 -40.9 -92.8
873 PR -7.5 3.9 22.8 34.9 -23.3 -78.2
905 Dignitas -6.7 4.8 23.9 30.9 -27.3 -82.2
906 Dignitas -5.8 5.8 25.1 26.9 -31.3 -86.2
908 iG -5.1 6.6 26.1 22.9 -35.3 -90.2
915 Fnatic.eu -4.3 7.6 27.3 18.9 -39.3 -94.2
920 TongFu -3.7 8.3 28.2 14.9 -43.3 -98.2
921 Alliance -2.7 9.3 29.5 10.9 -47.3 -102.2
931 Alliance -1.8 10.2 30.5 6.9 -51.3 -106.2
941 Alliance -0.9 11.2 31.6 2.9 -55.3 -110.2
950 Kaipi 0.1 12.4 33.1 -1.1 -59.3 -114.2
951 Mski 1.1 13.5 34.4 -5.1 -63.3 -118.2
956 Alliance 1.6 14.0 35.1 -9.1 -67.3 -122.2
957 Na'Vi 2.4 14.7 36.0 -13.1 -71.3 -126.2
958 PR -1.6 10.7 32.0 11.6 -47.3 -105.4
959 Kaipi -0.8 11.7 33.1 7.6 -51.3 -109.4
960 Kaipi -0.1 12.6 34.3 3.6 -55.3 -113.4
972 Aspera -4.1 8.6 30.3 25.5 -36.3 -97.5
975 Dignitas -3.3 9.6 31.6 21.5 -40.3 -101.5
982 Fnatic.eu -2.5 10.4 32.6 17.5 -44.3 -105.5
986 Na'Vi -1.5 11.6 34.0 13.5 -48.3 -109.5
990 Kaipi -0.7 12.5 35.1 9.5 -52.3 -113.5
997 PR -4.7 8.5 31.1 27.1 -37.5 -101.8
1009 Kaipi -3.8 9.4 32.2 23.1 -41.5 -105.8
1017 Na'Vi -3.0 10.3 33.2 19.1 -45.5 -109.8
1018 Alliance -2.2 11.2 34.4 15.1 -49.5 -113.8
1025 Dignitas -1.4 12.1 35.6 11.1 -53.5 -117.8
1030 Na'Vi -0.6 13.0 36.6 7.1 -57.5 -121.8
1032 Na'Vi 0.3 14.1 37.9 3.1 -61.5 -125.8
1034 Alliance 1.0 14.9 38.9 -0.9 -65.5 -129.8
1035 Alliance 1.7 15.6 39.7 -4.9 -69.5 -133.8
1039 Ahead.kz -2.3 11.6 35.7 16.4 -47.7 -115.9
1050 Alliance -1.5 12.5 36.8 12.4 -51.7 -119.9
1051 iG -0.7 13.5 38.0 8.4 -55.7 -123.9
1055 Alliance -0.1 14.2 38.9 4.4 -59.7 -127.9
1063 Alliance 0.6 15.0 39.8 0.4 -63.7 -131.9
1064 Alliance 1.4 15.9 40.8 -3.6 -67.7 -135.9
1081 Na'Vi 2.1 16.7 41.8 -7.6 -71.7 -139.9
1082 Fnatic.eu 2.9 17.6 42.8 -11.6 -75.7 -143.9
1083 Titan 3.7 18.5 44.0 -15.6 -79.7 -147.9
1085 FD 4.5 19.6 45.4 -19.6 -83.7 -151.9
1089 Imp 5.2 20.6 46.5 -23.6 -87.7 -155.9
1090 MiTH 5.9 21.5 47.6 -27.6 -91.7 -159.9
1091 Na'Vi 6.8 22.5 48.9 -31.6 -95.7 -163.9
1095 Arcanys 2.8 18.5 44.9 -10.1 -78.4 -150.4
1097 FD 3.5 19.4 46.2 -14.1 -82.4 -154.4
1104 Poseidon -0.5 15.4 42.2 1.9 -68.2 -143.2
1105 Na'Vi 0.3 16.3 43.3 -2.1 -72.2 -147.2
1111 LGD.int 1.3 17.4 44.7 -6.1 -76.2 -151.2
1112 DK 1.8 18.1 45.5 -10.1 -80.2 -155.2
1114 Na'Vi 2.5 18.9 46.5 -14.1 -84.2 -159.2
1117 VG 3.2 19.7 47.5 -18.1 -88.2 -163.2
1118 LGD.cn 3.6 20.3 48.3 -22.1 -92.2 -167.2
1123 Na'Vi 4.0 20.9 49.0 -26.1 -96.2 -171.2
1129 iG 4.5 21.6 49.8 -30.1 -100.2 -175.2
1131 Na'Vi 5.5 22.6 51.0 -34.1 -104.2 -179.2
1132 Fnatic.eu 6.4 23.7 52.2 -38.1 -108.2 -183.2
1135 Empire 7.4 24.8 53.5 -42.1 -112.2 -187.2
1143 DK 7.9 25.5 54.4 -46.1 -116.2 -191.2
1146 iG 8.3 26.1 55.1 -50.1 -120.2 -195.2
1149 Na'Vi 9.2 27.1 56.4 -54.1 -124.2 -199.2
1151 Alliance 9.7 27.8 57.2 -58.1 -128.2 -203.2
1157 Na'Vi 10.5 28.7 58.2 -62.1 -132.2 -207.2
1169 DK 10.9 29.3 59.0 -66.1 -136.2 -211.2
1171 Empire 11.7 30.3 60.2 -70.1 -140.2 -215.2
1172 Speed 7.7 26.3 56.2 -51.2 -119.4 -195.1
1175 TongFu 8.4 27.2 57.4 -55.2 -123.4 -199.1
1178 DK 8.8 27.7 58.1 -59.2 -127.4 -203.1
1181 Alliance 9.5 28.6 59.2 -63.2 -131.4 -207.1
1185 Liquid 5.5 24.6 55.2 -42.6 -110.6 -187.8
1188 LGD.int 6.1 25.4 56.1 -46.6 -114.6 -191.8
1190 TongFu 6.9 26.5 57.5 -50.6 -118.6 -195.8
1191 DK 7.3 27.2 58.3 -54.6 -122.6 -199.8
1192 Na'Vi 8.1 28.1 59.6 -58.6 -126.6 -203.8
1195 VG 8.6 28.8 60.4 -62.6 -130.6 -207.8
1196 LGD.cn 9.1 29.5 61.3 -66.6 -134.6 -211.8
1203 TongFu 9.5 30.1 62.0 -70.6 -138.6 -215.8
1204 iG 10.2 31.0 63.0 -74.6 -142.6 -219.8
1205 HR 6.2 27.0 59.0 -62.2 -127.5 -206.4
1215 iG 6.6 27.7 59.8 -66.2 -131.5 -210.4
1223 DK 7.5 28.9 61.3 -70.2 -135.5 -214.4
1232 Alliance 8.4 29.8 62.4 -74.2 -139.5 -218.4
1235 TongFu 4.4 25.8 58.4 -56.3 -125.5 -207.7
1238 LGD.cn 5.0 26.7 59.6 -60.3 -129.5 -211.7
1243 Alliance 5.7 27.5 60.7 -64.3 -133.5 -215.7
1247 iG 6.1 28.1 61.5 -68.3 -137.5 -219.7
1253 LGD.int 2.1 24.1 57.5 -39.6 -117.1 -203.6
1256 RS 3.0 25.1 58.8 -43.6 -121.1 -207.6
1263 LGD.cn 3.7 26.0 59.9 -47.6 -125.1 -211.6
1264 DK 4.4 26.8 60.9 -51.6 -129.1 -215.6
1266 Alliance 5.1 27.6 61.9 -55.6 -133.1 -219.6
1269 Orange 6.1 28.6 63.2 -59.6 -137.1 -223.6
1278 Lowyat 2.1 24.6 59.2 -47.4 -121.7 -209.6
1279 Titan 3.2 25.7 60.5 -51.4 -125.7 -213.6
1284 Alliance 4.0 26.5 61.5 -55.4 -129.7 -217.6
1293 TongFu 5.0 27.6 62.9 -59.4 -133.7 -221.6
1305 Empire 5.6 28.4 63.8 -63.4 -137.7 -225.6
1307 LGD.int 6.5 29.4 65.0 -67.4 -141.7 -229.6
1308 LGD.cn 7.2 30.2 66.0 -71.4 -145.7 -233.6
1310 Sigma.int 7.9 31.0 67.0 -75.4 -149.7 -237.6
1314 TongFu 8.3 31.6 67.7 -79.4 -153.7 -241.6
1315 Empire 9.1 32.5 68.7 -83.4 -157.7 -245.6
1316 VG 9.8 33.4 69.8 -87.4 -161.7 -249.6
1317 Na'Vi 10.8 34.5 71.2 -91.4 -165.7 -253.6
1318 QPandas 6.8 30.5 67.2 -77.8 -152.2 -240.7
1321 Fnatic.eu 7.5 31.2 67.8 -81.8 -156.2 -244.7
1322 DK 7.9 31.7 68.5 -85.8 -160.2 -248.7
1323 VG 8.7 32.7 69.8 -89.8 -164.2 -252.7
1324 VG 4.7 28.7 65.8 -75.6 -149.7 -240.5
1327 Speed 5.3 29.4 66.7 -79.6 -153.7 -244.5
1329 Alliance 5.9 30.1 67.5 -83.6 -157.7 -248.5
1331 Na'Vi 7.1 31.1 68.7 -87.6 -161.7 -252.5
1333 Alliance 7.9 31.9 69.7 -91.6 -165.7 -256.5
1336 TongFu 8.9 32.8 70.7 -95.6 -169.7 -260.5
1340 Fnatic.eu 9.8 33.8 71.9 -99.6 -173.7 -264.5
1341 Alliance 10.3 34.4 72.6 -103.6 -177.7 -268.5
1351 VG 10.7 35.1 73.4 -107.6 -181.7 -272.5
1352 DK 11.3 35.7 74.2 -111.6 -185.7 -276.5
1357 Na'Vi 12.4 36.7 75.3 -115.6 -189.7 -280.5
1359 LGD.cn 12.7 37.2 75.9 -119.6 -193.7 -284.5
1360 iG 13.1 37.7 76.5 -123.6 -197.7 -288.5
1361 Dignitas 13.8 38.5 77.5 -127.6 -201.7 -292.5
1362 Speed 14.2 39.0 78.2 -131.6 -205.7 -296.5
1365 Alliance 14.9 39.7 79.0 -135.6 -209.7 -300.5
1366 Alliance 15.3 40.2 79.6 -139.6 -213.7 -304.5
1369 Na'Vi 16.0 41.0 80.5 -143.6 -217.7 -308.5
1372 VP 12.0 37.0 76.5 -125.7 -202.5 -295.8
1381 Liquid 8.0 33.0 72.5 -110.8 -188.5 -283.9
1382 Titan 8.8 34.0 73.8 -114.8 -192.5 -287.9
1384 Empire 9.5 34.8 74.8 -118.8 -196.5 -291.9
1388 iG 10.0 35.5 75.6 -122.8 -200.5 -295.9
1389 RStars 10.7 36.5 77.0 -126.8 -204.5 -299.9
1390 Alliance 11.2 37.1 77.7 -130.8 -208.5 -303.9
1396 rox.KIS 7.2 33.1 73.7 -95.6 -180.8 -280.7
1399 EG 3.2 29.1 69.7 -80.6 -165.0 -267.4
1404 VG 4.1 30.2 71.1 -84.6 -169.0 -271.4
1405 Speed 4.9 31.3 72.5 -88.6 -173.0 -275.4
1412 DK 5.3 32.0 73.4 -92.6 -177.0 -279.4
1423 Alliance 5.8 32.6 74.1 -96.6 -181.0 -283.4
1424 DK 6.1 33.0 74.7 -100.6 -185.0 -287.4
1425 VG 6.8 33.8 75.7 -104.6 -189.0 -291.4
1430 Na'Vi 7.7 34.8 76.9 -108.6 -193.0 -295.4
1431 DK 8.1 35.3 77.5 -112.6 -197.0 -299.4
1438 Liquid 8.8 36.2 78.5 -116.6 -201.0 -303.4
1439 Empire 4.8 32.2 74.5 -103.1 -186.4 -288.9
1442 LGD.int 5.2 32.8 75.2 -107.1 -190.4 -292.9
1443 TongFu 5.9 33.6 76.2 -111.1 -194.4 -296.9
1450 Na'Vi 6.8 34.7 77.5 -115.1 -198.4 -300.9
1460 Alliance 7.7 35.6 78.5 -119.1 -202.4 -304.9
1473 LGD.cn 8.3 36.4 79.5 -123.1 -206.4 -308.9
1479 Liquid 9.0 37.2 80.5 -127.1 -210.4 -312.9
1482 Fnatic.eu 9.7 38.1 81.7 -131.1 -214.4 -316.9
1490 EG 10.5 39.1 82.8 -135.1 -218.4 -320.9
1494 Na'Vi 11.1 39.8 83.6 -139.1 -222.4 -324.9
1498 Fnatic.eu 7.1 35.8 79.6 -123.0 -206.9 -310.2
1499 DK 7.9 36.8 80.6 -127.0 -210.9 -314.2
1500 Speed 8.6 37.7 81.8 -131.0 -214.9 -318.2
1508 Alliance 9.2 38.5 82.6 -135.0 -218.9 -322.2
1511 Sigma.int 9.7 39.2 83.3 -139.0 -222.9 -326.2
1512 Alliance 10.6 40.2 84.5 -143.0 -226.9 -330.2
1513 DK 10.9 40.7 85.1 -147.0 -230.9 -334.2
1528 TongFu 11.6 41.5 86.1 -151.0 -234.9 -338.2
1529 LGD.int 12.2 42.3 87.1 -155.0 -238.9 -342.2
1549 VG 12.8 43.2 88.3 -159.0 -242.9 -346.2
1550 DK 13.5 44.0 89.3 -163.0 -246.9 -350.2
1574 DK 14.6 45.2 90.6 -167.0 -250.9 -354.2
1585 Fnatic.eu 15.5 46.2 91.8 -171.0 -254.9 -358.2
1589 FD 16.5 47.3 93.1 -175.0 -258.9 -362.2
1590 Orange 17.3 48.3 94.4 -179.0 -262.9 -366.2
1593 FD 18.0 49.3 95.7 -183.0 -266.9 -370.2
1598 Alliance 18.9 50.3 96.8 -187.0 -270.9 -374.2
1614 Alliance 19.5 51.1 97.7 -191.0 -274.9 -378.2
1626 FD 20.4 52.3 99.1 -195.0 -278.9 -382.2
1628 Alliance 21.1 53.0 100.0 -199.0 -282.9 -386.2
1629 Fnatic.eu 21.6 53.6 100.8 -203.0 -286.9 -390.2
1631 VG 22.1 54.3 101.8 -207.0 -290.9 -394.2
1634 Alliance 22.8 55.2 102.8 -211.0 -294.9 -398.2
1636 Sigma.int 23.5 56.0 103.9 -215.0 -298.9 -402.2
1657 RRQ 24.2 56.9 105.0 -219.0 -302.9 -406.2
1660 Poseidon 20.2 52.9 101.0 -202.6 -288.3 -394.6
1662 Fnatic.eu 21.0 53.9 102.2 -206.6 -292.3 -398.6
1664 DK 21.7 54.7 103.2 -210.6 -296.3 -402.6
1665 LGD.cn 22.3 55.4 104.2 -214.6 -300.3 -406.6
1668 Duskbin 23.1 56.7 105.8 -218.6 -304.3 -410.6
1678 Na'Vi 24.0 57.8 107.0 -222.6 -308.3 -414.6
1681 Mski 24.9 58.9 108.3 -226.6 -312.3 -418.6
1685 Alliance 25.4 59.5 109.0 -230.6 -316.3 -422.6
1689 iG 25.9 60.1 109.7 -234.6 -320.3 -426.6
1697 mouz 21.9 56.1 105.7 -217.7 -300.2 -406.5
1699 OsG 17.9 52.1 101.7 -189.3 -273.9 -383.1
1701 TongFu 18.9 53.1 102.8 -193.3 -277.9 -387.1
1706 Sigma.int 19.8 53.9 103.7 -197.3 -281.9 -391.1
1707 mouz 21.0 55.0 104.9 -201.3 -285.9 -395.1
1711 Next.kz 21.8 56.0 106.1 -205.3 -289.9 -399.1
1711 Next.kz 22.5 56.9 107.1 -209.3 -293.9 -403.1
1714 rox.KIS 23.2 57.8 108.1 -213.3 -297.9 -407.1
1714 rox.KIS 24.1 58.7 109.3 -217.3 -301.9 -411.1
1720 Mski 25.0 59.7 110.4 -221.3 -305.9 -415.1
1721 Lowyat 26.1 60.7 111.9 -225.3 -309.9 -419.1
1722 Mski 26.9 61.5 112.9 -229.3 -313.9 -423.1
1726 Lowyat 27.9 62.5 114.1 -233.3 -317.9 -427.1
1727 Mski 28.7 63.4 115.0 -237.3 -321.9 -431.1
1735 Mski 29.5 64.2 116.0 -241.3 -325.9 -435.1
1744 Sigma.int 30.5 65.5 117.5 -245.3 -329.9 -439.1
1745 Na'Vi 31.2 66.4 118.6 -249.3 -333.9 -443.1
1746 Alliance 31.9 67.2 119.7 -253.3 -337.9 -447.1
1750 Alliance 32.6 68.0 120.7 -257.3 -341.9 -451.1
1751 Na'Vi 33.5 69.0 121.9 -261.3 -345.9 -455.1
1761 Mski 34.5 70.3 123.3 -265.3 -349.9 -459.1
1763 rox.KIS 35.4 71.3 124.5 -269.3 -353.9 -463.1
1764 Na'Vi 36.5 72.4 125.8 -273.3 -357.9 -467.1
1771 VG 37.4 73.6 127.4 -277.3 -361.9 -471.1
1783 Titan 38.4 74.6 128.7 -281.3 -365.9 -475.1
1785 Fnatic.eu 39.5 75.8 130.0 -285.3 -369.9 -479.1
1788 Sigma.int 40.1 76.5 130.9 -289.3 -373.9 -483.1
1790 Na'Vi 41.1 77.4 131.9 -293.3 -377.9 -487.1
1802 PR 37.1 73.4 127.9 -280.2 -362.0 -472.3
1804 DK 37.5 74.0 128.6 -284.2 -366.0 -476.3
1805 VG 38.1 74.7 129.5 -288.2 -370.0 -480.3
1807 LGD.cn 38.6 75.3 130.3 -292.2 -374.0 -484.3
1808 iG 39.0 75.9 131.1 -296.2 -378.0 -488.3
1809 Titan 40.2 77.0 132.4 -300.2 -382.0 -492.3
1811 TongFu 41.1 77.9 133.5 -304.2 -386.0 -496.3
1814 LGD.cn 41.6 78.6 134.4 -308.2 -390.0 -500.3
1820 Empire 42.5 79.5 135.5 -312.2 -394.0 -504.3
1822 Fnatic.eu 43.0 80.1 136.2 -316.2 -398.0 -508.3
1826 Titan 44.0 81.1 137.3 -320.2 -402.0 -512.3
1827 MVP.P 44.9 82.3 138.7 -324.2 -406.0 -516.3
1846 DK 45.8 83.4 139.3 -328.2 -410.0 -520.3
1847 DK 46.6 84.5 140.6 -332.2 -414.0 -524.3
1850 rox.KIS 47.9 86.1 141.4 -336.2 -418.0 -528.3
1851 Alliance 48.6 87.0 142.0 -340.2 -422.0 -532.3
1853 Alliance 49.6 87.8 142.9 -344.2 -426.0 -536.3
1857 iG 50.3 88.7 144.0 -348.2 -430.0 -540.3
1860 Fnatic.eu 50.9 89.5 144.9 -352.2 -434.0 -544.3
1861 Sigma.int 51.9 90.7 146.4 -356.2 -438.0 -548.3
1863 Fnatic.eu 53.1 92.0 147.4 -360.2 -442.0 -552.3
1865 TongFu 53.9 93.0 148.6 -364.2 -446.0 -556.3
1867 Fnatic.eu 54.8 94.0 149.3 -368.2 -450.0 -560.3
1868 Na'Vi 55.5 94.8 149.8 -372.2 -454.0 -564.3
1879 Orange 56.3 95.7 150.8 -376.2 -458.0 -568.3
1885 Mski 57.5 96.8 152.0 -380.2 -462.0 -572.3
1889 Fnatic.eu 53.5 92.8 148.0 -363.0 -448.9 -560.5
1893 Mski 54.7 94.2 148.7 -367.0 -452.9 -564.5
1911 Titan 55.8 95.5 149.7 -371.0 -456.9 -568.5
1945 rox.KIS 56.9 96.8 150.5 -375.0 -460.9 -572.5
1948 Empire 57.9 97.9 151.9 -379.0 -464.9 -576.5
1951 Empire 59.1 99.4 152.7 -383.0 -468.9 -580.5
1953 Fnatic.eu 60.1 100.6 153.7 -387.0 -472.9 -584.5
1954 Empire 61.0 101.6 154.9 -391.0 -476.9 -588.5
1961 Fnatic.eu 61.8 102.5 155.5 -395.0 -480.9 -592.5
1964 Fnatic.eu 62.9 103.9 156.3 -399.0 -484.9 -596.5
1971 Relax 58.9 99.9 152.3 -384.3 -472.1 -585.7
1975 Fnatic.eu 59.6 100.7 152.7 -388.3 -476.1 -589.7
1981 Liquid 60.5 101.9 154.2 -392.3 -480.1 -593.7
1982 Speed 61.5 103.1 155.1 -396.3 -484.1 -597.7
1984 Empire 62.4 104.1 155.9 -400.3 -488.1 -601.7
1992 Speed 63.3 105.2 157.3 -404.3 -492.1 -605.7
2001 Speed 64.2 106.5 158.8 -408.3 -496.1 -609.7
2014 Speed 65.4 107.8 159.7 -412.3 -500.1 -613.7
2015 Speed 66.2 108.7 160.9 -416.3 -504.1 -617.7
2022 Liquid 67.1 109.7 161.5 -420.3 -508.1 -621.7
2023 SADBOYS 67.8 110.6 162.6 -424.3 -512.1 -625.7
2024 SADBOYS 69.2 112.1 163.3 -428.3 -516.1 -629.7
2029 Empire 70.3 113.4 164.0 -432.3 -520.1 -633.7
2032 Liquid 71.2 114.4 165.1 -436.3 -524.1 -637.7
2035 SADBOYS 72.2 115.5 165.7 -440.3 -528.1 -641.7
2053 SADBOYS 73.0 116.6 166.1 -444.3 -532.1 -645.7
2055 Na'Vi 74.0 117.8 166.8 -448.3 -536.1 -649.7
2058 Cloud9 74.9 119.1 167.2 -452.3 -540.1 -653.7
2059 Empire 75.8 120.1 168.3 -456.3 -544.1 -657.7
2061 rox.KIS 71.8 116.1 164.3 -440.7 -529.4 -644.6
2064 Cloud9 72.8 117.3 165.8 -444.7 -533.4 -648.6
2067 Na'Vi 73.6 118.2 166.8 -448.7 -537.4 -652.6
2068 Fnatic.eu 74.6 119.3 167.7 -452.7 -541.4 -656.6
2076 Courage 70.6 115.3 163.7 -439.9 -530.6 -634.5
2080 rox.KIS 66.6 111.3 159.7 -423.6 -514.7 -621.2
2082 rox.KIS 67.6 112.5 161.0 -427.6 -518.7 -625.2
2083 PR 68.5 113.5 162.1 -431.6 -522.7 -629.2
2087 Liquid 69.8 114.9 163.0 -435.6 -526.7 -633.2
2089 SADBOYS 70.7 116.0 164.5 -439.6 -530.7 -637.2
2098 Zephyr 71.8 117.1 165.9 -443.6 -534.7 -641.2
2119 Empire 72.5 118.0 166.4 -447.6 -538.7 -645.2
2121 Relax 73.6 119.3 167.5 -451.6 -542.7 -649.2
2123 rox.KIS 74.5 120.4 168.2 -455.6 -546.7 -653.2
2131 Titan 75.2 121.3 169.3 -459.6 -550.7 -657.2
2133 Next.kz 71.2 117.3 165.3 -443.3 -535.9 -637.1
2138 Liquid 72.2 118.4 166.0 -447.3 -539.9 -641.1
2156 Cloud9 73.2 119.6 166.7 -451.3 -543.9 -645.1
2159 SADBOYS 73.9 120.5 167.8 -455.3 -547.9 -649.1
2162 Orange 74.8 121.6 169.0 -459.3 -551.9 -653.1
2165 TR 70.8 117.6 165.0 -445.2 -539.3 -633.6
2172 Na'Vi 71.9 118.9 165.8 -449.2 -543.3 -637.6
2175 Liquid 72.8 119.9 167.1 -453.2 -547.3 -641.6
2185 Scythe 74.1 121.6 167.6 -457.2 -551.3 -645.6
2187 Titan 74.7 122.4 168.6 -461.2 -555.3 -649.6
2188 Everlast 70.7 118.4 164.6 -445.6 -542.8 -638.9
2190 VP 71.9 119.5 165.8 -449.6 -546.8 -642.9
2197 Empire 72.7 120.5 167.1 -453.6 -550.8 -646.9
2210 Titan 73.4 121.4 168.2 -457.6 -554.8 -650.9
2213 Arrow 74.1 122.3 169.5 -461.6 -558.8 -654.9
2214 Orange 74.9 123.3 170.0 -465.6 -562.8 -658.9
2228 Titan 75.6 124.1 170.4 -469.6 -566.8 -662.9
2241 hehe 71.6 120.1 166.4 -452.3 -551.8 -636.3
2249 Titan 72.7 121.3 167.8 -456.3 -555.8 -640.3
2261 CIS 68.7 117.3 163.8 -437.1 -542.0 -630.1
2273 VG 69.4 118.2 165.0 -441.1 -546.0 -634.1
2275 Orange 70.1 118.9 165.7 -445.1 -550.0 -638.1
2278 MiTH 71.2 120.0 167.1 -449.1 -554.0 -642.1
2280 DK 71.8 120.7 168.0 -453.1 -558.0 -646.1
2282 iG 72.5 121.6 168.5 -457.1 -562.0 -650.1
2285 Na'Vi 73.6 122.7 169.7 -461.1 -566.0 -654.1
2293 Alliance 74.7 124.0 170.6 -465.1 -570.0 -658.1
2295 Arrow 75.7 125.2 171.9 -469.1 -574.0 -662.1
