0 0 0.0 0.0 0.0 0.0 0.0 0.0
14 Alliance -4.0 -4.0 -4.0 4.7 4.7 4.1
15 Fnatic -0.5 -0.5 -1.5 0.7 0.7 0.1
16 Empire -4.5 -4.5 -5.5 5.3 5.6 5.1
17 Turtle -1.9 -2.0 -2.7 1.3 1.6 1.1
18 Na'Vi -1.1 -0.9 -1.2 -2.7 -2.4 -2.9
19 Empire 0.4 1.0 0.7 -6.7 -6.4 -6.9
22 Dignitas 3.9 4.4 4.3 -10.7 -10.4 -10.9
23 mouz 4.7 5.3 5.5 -14.7 -14.4 -14.9
26 Empire 0.7 1.3 1.5 -4.3 -5.9 -7.1
28 Quantic -3.3 -2.7 -2.5 2.3 1.2 -0.5
29 GU.pe -7.3 -6.7 -6.5 14.4 11.1 9.0
31 Liquid -5.6 -4.8 -4.4 10.4 7.1 5.0
32 Alliance -4.9 -3.7 -3.2 6.4 3.1 1.0
34 EG -8.9 -7.7 -7.2 14.6 10.0 7.5
39 VP -12.9 -11.7 -11.2 20.5 16.1 13.0
40 Fnatic.eu -11.5 -9.7 -9.2 16.5 12.1 9.0
41 Empire -10.4 -8.4 -7.5 12.5 8.1 5.0
42 Liquid -14.4 -12.4 -11.5 18.2 13.7 9.9
43 mouz -12.8 -10.5 -9.6 14.2 9.7 5.9
44 Quantic -11.4 -8.6 -7.5 10.2 5.7 1.9
45 Quantic -9.4 -6.2 -5.2 6.2 1.7 -2.1
48 VP -8.0 -4.6 -3.1 2.2 -2.3 -6.1
49 Liquid -7.2 -3.4 -1.7 -1.8 -6.3 -10.1
50 3DMAX -11.2 -7.4 -5.7 23.4 11.2 4.9
51 Liquid -15.2 -11.4 -9.7 34.5 20.8 12.5
53 VP -19.2 -15.4 -13.7 45.1 29.5 20.6
54 4FC -16.6 -12.2 -10.2 41.1 25.5 16.6
57 Dignitas -14.9 -10.0 -7.8 37.1 21.5 12.6
58 Na'Vi -13.6 -8.4 -6.1 33.1 17.5 8.6
59 VP -17.6 -12.4 -10.1 44.5 26.4 16.9
60 Na'Vi -16.6 -11.2 -8.7 40.5 22.4 12.9
63 EG -20.6 -15.2 -12.7 46.1 27.3 17.8
65 VnR.Alpha -16.9 -11.7 -9.3 42.1 23.3 13.8
67 Ptd.Bravo -20.9 -15.7 -13.3 46.8 28.5 18.4
69 Dignitas -18.2 -12.9 -10.5 42.8 24.5 14.4
70 Quantic -15.1 -10.1 -7.3 38.8 20.5 10.4
71 Liquid -13.7 -8.5 -5.4 34.8 16.5 6.4
72 Neo.int -17.7 -12.5 -9.4 39.7 21.9 11.3
73 Zenith -16.9 -11.5 -8.3 35.7 17.9 7.3
74 Dignitas -20.9 -15.5 -12.3 42.4 24.0 13.4
75 Fnatic.eu -19.6 -14.0 -10.5 38.4 20.0 9.4
76 eN.Legs -17.2 -10.8 -7.1 34.4 16.0 5.4
77 VnR.Alpha -14.6 -8.9 -4.4 30.4 12.0 1.4
78 Fnatic.eu -18.6 -12.9 -8.4 35.1 16.6 6.0
79 Na'Vi -15.6 -9.9 -5.5 31.1 12.6 2.0
80 Liquid -19.6 -13.9 -9.5 38.6 20.5 8.1
81 Neo.int -17.1 -11.9 -7.2 34.6 16.5 4.1
82 Orange -21.1 -15.9 -11.2 42.3 24.1 11.3
83 s4 -25.1 -19.9 -15.2 46.1 29.3 16.7
85 Fnatic.eu -21.8 -16.6 -11.8 42.1 25.3 12.7
88 Liquid -25.8 -20.6 -15.8 47.8 30.9 17.9
89 Liquid -24.3 -18.9 -14.0 43.8 26.9 13.9
90 VP -28.3 -22.9 -18.0 48.3 31.1 18.6
91 Liquid -25.0 -20.0 -15.2 44.3 27.1 14.6
93 Na'Vi -23.4 -18.2 -13.2 40.3 23.1 10.6
95 Na'Vi -21.7 -16.3 -11.1 36.3 19.1 6.6
96 Empire -19.5 -14.0 -8.6 32.3 15.1 2.6
98 Fnatic.eu -23.5 -18.0 -12.6 45.9 25.5 12.6
99 VP -20.8 -15.1 -9.4 41.9 21.5 8.6
100 Liquid -18.7 -12.9 -7.0 37.9 17.5 4.6
101 3D -16.3 -9.9 -3.9 33.9 13.5 0.6
102 Dignitas -20.3 -13.9 -7.9 39.3 19.0 6.2
104 PtD.Alpha -18.6 -12.0 -5.9 35.3 15.0 2.2
105 Liquid -15.9 -9.3 -3.0 31.3 11.0 -1.8
106 Dignitas -13.6 -6.8 -0.2 27.3 7.0 -5.8
107 iM`Bashers -11.4 -3.9 2.7 23.3 3.0 -9.8
108 ASF.R5 -10.0 -2.2 4.4 19.3 -1.0 -13.8
110 Empire -8.6 -0.6 6.0 15.3 -5.0 -17.8
111 Fnatic.eu -6.6 1.9 8.6 11.3 -9.0 -21.8
112 eN.Legs -5.7 3.4 10.1 7.3 -13.0 -25.8
113 Fnatic.eu -4.1 5.1 12.4 3.3 -17.0 -29.8
114 Fnatic.eu -8.1 1.1 8.4 9.3 -11.4 -24.0
117 VP -6.8 2.6 10.1 5.3 -15.4 -28.0
118 mouz -10.8 -1.4 6.1 18.7 -3.6 -18.6
119 Fnatic.eu -9.5 0.3 8.0 14.7 -7.6 -22.6
121 eN.Legs -8.0 2.1 10.3 10.7 -11.6 -26.6
122 mouz -4.5 5.8 13.8 6.7 -15.6 -30.6
123 eLPride -3.3 7.3 15.5 2.7 -19.6 -34.6
124 VP -2.3 8.6 17.0 -1.3 -23.6 -38.6
125 Empire 0.2 11.2 19.8 -5.3 -27.6 -42.6
126 rox.KIS -3.8 7.2 15.8 1.9 -20.5 -36.6
128 ASF.R5 -7.8 3.2 11.8 11.8 -11.9 -29.2
130 Alliance -11.8 -0.8 7.8 21.5 -3.8 -21.5
132 Alliance -15.8 -4.8 3.8 30.1 2.9 -15.0
135 Fnatic.eu -14.5 -3.3 5.5 26.1 -1.1 -19.0
136 Alliance -13.6 -2.2 6.8 22.1 -5.1 -23.0
137 Na'Vi -10.9 0.7 9.6 18.1 -9.1 -27.0
138 TCM -14.9 -3.3 5.6 30.7 2.2 -17.4
140 CastersEN -18.9 -7.3 1.6 35.5 7.8 -11.6
141 mouz -16.5 -4.7 4.3 31.5 3.8 -15.6
142 Alliance -20.5 -8.7 0.3 36.7 8.6 -10.9
143 Na'Vi -19.4 -7.3 1.9 32.7 4.6 -14.9
144 mouz -23.4 -11.3 -2.1 38.1 9.6 -10.0
145 Alliance -20.2 -8.0 1.1 34.1 5.6 -14.0
146 Liquid -17.8 -5.5 3.9 30.1 1.6 -18.0
147 4FC -21.8 -9.5 -0.1 35.6 7.1 -12.3
148 Empire -19.1 -6.6 3.0 31.6 3.1 -16.3
151 EG -23.1 -10.6 -1.0 41.1 11.4 -8.3
152 Alliance -20.1 -7.4 2.2 37.1 7.4 -12.3
153 Liquid -24.1 -11.4 -1.8 43.9 14.9 -4.7
154 VP -21.6 -9.0 0.6 39.9 10.9 -8.7
155 iG -19.6 -6.7 3.1 35.9 6.9 -12.7
157 Fnatic.eu -17.3 -4.4 5.4 31.9 2.9 -16.7
159 VP -21.3 -8.4 1.4 39.9 10.0 -10.7
161 Empire -25.3 -12.4 -2.6 45.5 15.5 -5.3
162 rox.KIS -23.4 -10.5 -0.6 41.5 11.5 -9.3
163 Lounge -20.8 -7.8 2.3 37.5 7.5 -13.3
164 Dignitas -19.6 -6.3 4.0 33.5 3.5 -17.3
165 eN.Legs -17.8 -4.4 6.3 29.5 -0.5 -21.3
166 Fnatic.eu -15.8 -2.3 8.6 25.5 -4.5 -25.3
167 LGD.int -14.9 -1.3 9.9 21.5 -8.5 -29.3
171 LGD.int -14.0 -0.3 11.1 17.5 -12.5 -33.3
172 Liquid -12.4 1.3 12.8 13.5 -16.5 -37.3
173 VP -10.4 3.6 15.3 9.5 -20.5 -41.3
175 Na'Vi -9.4 4.8 16.9 5.5 -24.5 -45.3
176 Alliance -7.0 7.7 20.0 1.5 -28.5 -49.3
177 QPandas -11.0 3.7 16.0 14.8 -17.4 -39.9
178 Dignitas -8.4 7.0 19.4 10.8 -21.4 -43.9
179 Liquid -12.4 3.0 15.4 20.6 -12.6 -35.8
180 Empire -16.4 -1.0 11.4 32.9 -3.0 -27.5
181 iCCup -20.4 -5.0 7.4 48.5 8.3 -17.6
182 Empire -18.0 -2.3 10.3 44.5 4.3 -21.6
183 Fnatic.eu -22.0 -6.3 6.3 52.0 10.8 -15.3
184 WH?Dota2 -18.8 -2.8 9.8 48.0 6.8 -19.3
185 LGD.int -17.5 -1.3 11.5 44.0 2.8 -23.3
186 Alliance -15.8 0.6 13.5 40.0 -1.2 -27.3
187 VP -19.8 -3.4 9.5 47.0 5.3 -21.4
188 LGD.cn -23.8 -7.4 5.5 52.0 10.6 -16.1
189 Dignitas -27.8 -11.4 1.5 58.7 16.9 -10.3
190 Alliance -31.8 -15.4 -2.5 64.5 22.4 -4.8
191 Liquid -35.8 -19.4 -6.5 69.6 27.9 0.6
193 VP -39.8 -23.4 -10.5 75.1 33.2 5.7
194 Alliance -38.1 -21.5 -8.5 71.1 29.2 1.7
195 Dignitas -42.1 -25.5 -12.5 76.7 35.5 9.4
196 Orange -46.1 -29.5 -16.5 85.9 44.1 17.5
198 iG -44.8 -27.9 -14.6 81.9 40.1 13.5
199 Dignitas -48.8 -31.9 -18.6 87.0 45.2 18.6
201 Orange -45.8 -28.6 -15.1 83.0 41.2 14.6
202 Alliance -43.2 -25.9 -12.3 79.0 37.2 10.6
203 Alliance -39.9 -22.5 -8.8 75.0 33.2 6.6
205 Fnatic.eu -43.9 -26.5 -12.8 80.8 39.0 12.3
206 LGD.cn -42.1 -24.7 -10.9 76.8 35.0 8.3
207 Alliance -40.3 -22.7 -8.6 72.8 31.0 4.3
208 iG -39.3 -21.4 -7.0 68.8 27.0 0.3
209 Liquid -37.7 -19.5 -4.8 64.8 23.0 -3.7
210 LGD.cn -34.8 -16.9 -2.2 60.8 19.0 -7.7
211 Liquid -32.2 -13.9 1.0 56.8 15.0 -11.7
212 Dignitas -36.2 -17.9 -3.0 62.9 21.2 -5.7
213 DK -40.2 -21.9 -7.0 71.8 30.1 2.8
215 Liquid -37.9 -19.4 -4.5 67.8 26.1 -1.2
216 Liquid -41.9 -23.4 -8.5 75.2 32.9 5.5
217 DK -38.5 -20.5 -5.7 71.2 28.9 1.5
218 Fnatic.eu -36.3 -18.4 -3.5 67.2 24.9 -2.5
219 Dignitas -34.6 -16.6 -1.5 63.2 20.9 -6.5
220 Fnatic.eu -32.9 -14.8 0.5 59.2 16.9 -10.5
221 Alliance -31.3 -13.0 2.5 55.2 12.9 -14.5
224 mouz -35.3 -17.0 -1.5 64.5 22.0 -6.3
226 Alliance -34.5 -15.9 -0.1 60.5 18.0 -10.3
227 Kaipi -38.5 -19.9 -4.1 69.6 26.2 -3.2
229 Liquid -42.5 -23.9 -8.1 79.8 35.0 4.7
230 VP -40.3 -21.4 -5.4 75.8 31.0 0.7
231 Na'Vi -38.8 -19.8 -3.6 71.8 27.0 -3.3
232 Alliance -36.1 -16.9 -0.5 67.8 23.0 -7.3
233 mouz -34.5 -15.2 1.4 63.8 19.0 -11.3
234 rox.KIS -33.0 -13.5 3.2 59.8 15.0 -15.3
235 aL -31.9 -12.2 4.7 55.8 11.0 -19.3
236 mouz -35.9 -16.2 0.7 71.5 23.4 -9.2
237 Na'Vi -34.2 -14.4 2.6 67.5 19.4 -13.2
238 rox.KIS -31.6 -11.7 5.5 63.5 15.4 -17.2
239 Na'Vi -30.2 -10.1 7.3 59.5 11.4 -21.2
240 Na'Vi -29.3 -9.0 8.6 55.5 7.4 -25.2
242 EG -33.3 -13.0 4.6 63.9 15.5 -17.5
243 Alliance -30.9 -10.4 7.4 59.9 11.5 -21.5
244 Alliance -29.0 -8.2 10.1 55.9 7.5 -25.5
246 Na'Vi -28.0 -7.2 11.4 51.9 3.5 -29.5
247 Dignitas -25.3 -3.8 15.0 47.9 -0.5 -33.5
248 Liquid -23.7 -2.1 16.8 43.9 -4.5 -37.5
249 Fnatic.eu -20.7 0.7 19.7 39.9 -8.5 -41.5
250 Alliance -24.7 -3.3 15.7 47.1 -1.2 -34.8
251 Alliance -23.2 -1.6 17.5 43.1 -5.2 -38.8
252 VP -27.2 -5.6 13.5 49.9 0.7 -33.3
253 Liquid -31.2 -9.6 9.5 66.6 14.5 -21.9
254 EG -35.2 -13.6 5.5 74.4 21.8 -15.4
255 Na'Vi -33.5 -11.7 7.7 70.4 17.8 -19.4
256 Alliance -31.9 -9.8 9.7 66.4 13.8 -23.4
257 Liquid -28.6 -6.3 13.3 62.4 9.8 -27.4
258 Alliance -27.1 -4.6 15.2 58.4 5.8 -31.4
259 Liquid -24.0 -1.3 18.7 54.4 1.8 -35.4
260 Alliance -22.4 0.5 20.6 50.4 -2.2 -39.4
261 Liquid -20.1 3.1 23.3 46.4 -6.2 -43.4
264 Lounge -24.1 -0.9 19.3 52.0 -0.8 -38.1
268 Na'Vi -23.1 0.3 20.8 48.0 -4.8 -42.1
269 EG -27.1 -3.7 16.8 54.1 0.8 -36.7
270 Liquid -25.6 -2.0 18.7 50.1 -3.2 -40.7
271 Na'Vi -24.5 -0.6 20.3 46.1 -7.2 -44.7
273 mouz -23.1 0.8 21.9 42.1 -11.2 -48.7
274 Liquid -21.7 2.5 23.8 38.1 -15.2 -52.7
275 EG -25.7 -1.5 19.8 57.4 1.7 -38.5
276 Alliance -24.7 -0.3 21.1 53.4 -2.3 -42.5
277 Na'Vi -23.0 1.7 23.5 49.4 -6.3 -46.5
279 Dignitas -21.6 3.4 25.5 45.4 -10.3 -50.5
280 Zenith -20.5 4.7 27.1 41.4 -14.3 -54.5
281 EG -24.5 0.7 23.1 49.5 -7.3 -48.3
282 Alliance -23.6 1.8 24.5 45.5 -11.3 -52.3
283 VG -27.6 -2.2 20.5 60.6 1.3 -42.2
284 Liquid -25.5 0.2 23.1 56.6 -2.7 -46.2
285 rox.KIS -22.5 3.4 26.5 52.6 -6.7 -50.2
286 Dignitas -21.0 5.0 28.2 48.6 -10.7 -54.2
289 Dignitas -19.1 7.3 30.6 44.6 -14.7 -58.2
290 Na'Vi -16.9 9.6 33.1 40.6 -18.7 -62.2
291 Alliance -15.5 11.2 35.0 36.6 -22.7 -66.2
292 rox.KIS -19.5 7.2 31.0 45.0 -15.3 -59.4
293 aL -23.5 3.2 27.0 58.9 -2.5 -48.4
294 Alliance -22.5 4.4 28.5 54.9 -6.5 -52.4
295 Quantic -26.5 0.4 24.5 59.8 -1.0 -46.9
296 Quantic -23.6 3.5 27.7 55.8 -5.0 -50.9
297 rox.KIS -22.1 5.3 29.7 51.8 -9.0 -54.9
298 Zenith -20.2 7.3 31.9 47.8 -13.0 -58.9
299 rox.KIS -18.2 9.4 34.1 43.8 -17.0 -62.9
300 mouz -17.0 10.8 35.8 39.8 -21.0 -66.9
301 EG -15.9 12.2 37.4 35.8 -25.0 -70.9
302 EG -14.0 14.4 39.9 31.8 -29.0 -74.9
303 QPandas -18.0 10.4 35.9 38.0 -23.3 -69.7
304 VG -17.2 11.3 37.1 34.0 -27.3 -73.7
305 mouz -15.2 13.5 39.5 30.0 -31.3 -77.7
306 LGD.cn -14.4 14.4 40.6 26.0 -35.3 -81.7
307 rox.KIS -18.4 10.4 36.6 34.3 -28.7 -76.0
308 Quantic -22.4 6.4 32.6 40.1 -23.7 -71.3
310 iG -21.5 7.6 34.2 36.1 -27.7 -75.3
311 Quantic -25.5 3.6 30.2 40.2 -23.0 -70.6
312 mouz -29.5 -0.4 26.2 45.8 -17.5 -65.0
313 mouz -33.5 -4.4 22.2 52.3 -11.2 -59.1
314 VP -32.1 -2.8 24.0 48.3 -15.2 -63.1
315 Liquid -30.4 -1.0 25.9 44.3 -19.2 -67.1
316 LGD.cn -29.8 -0.2 27.0 40.3 -23.2 -71.1
317 FD -33.8 -4.2 23.0 53.1 -13.2 -62.6
318 mouz -30.9 -1.0 26.3 49.1 -17.2 -66.6
319 Na'Vi -29.8 0.2 27.7 45.1 -21.2 -70.6
320 EG -33.8 -3.8 23.7 49.6 -16.6 -66.2
321 mouz -32.9 -2.8 25.0 45.6 -20.6 -70.2
322 RS -31.4 -1.0 27.1 41.6 -24.6 -74.2
323 TongFu -35.4 -5.0 23.1 47.1 -19.1 -68.7
324 QPandas -39.4 -9.0 19.1 60.6 -7.6 -59.1
325 RS -36.9 -6.1 22.1 56.6 -11.6 -63.1
326 PR -40.9 -10.1 18.1 66.7 -2.2 -54.5
327 rox.KIS -44.9 -14.1 14.1 76.7 6.5 -46.6
328 4FC -48.9 -18.1 10.1 83.0 12.6 -40.8
330 TongFu -52.9 -22.1 6.1 102.6 28.3 -29.6
331 EG -56.9 -26.1 2.1 111.3 36.5 -22.0
332 RStars -54.3 -23.0 5.7 107.3 32.5 -26.0
333 VG -52.9 -21.3 7.7 103.3 28.5 -30.0
334 VP -51.5 -19.5 9.8 99.3 24.5 -34.0
335 VP -55.5 -23.5 5.8 104.1 28.8 -29.6
336 MiTH -52.6 -20.2 9.5 100.1 24.8 -33.6
337 TongFu -51.7 -19.0 11.1 96.1 20.8 -37.6
338 Na'Vi -50.8 -17.9 12.5 92.1 16.8 -41.6
339 RStars -48.5 -14.8 15.7 88.1 12.8 -45.6
340 mouz -47.7 -13.9 16.8 84.1 8.8 -49.6
342 Alliance -44.9 -11.4 19.4 80.1 4.8 -53.6
344 LGD.cn -48.9 -15.4 15.4 90.7 14.6 -44.9
345 LGD.cn -47.1 -13.6 17.3 86.7 10.6 -48.9
346 Alliance -46.0 -12.4 18.7 82.7 6.6 -52.9
347 Orange -50.0 -16.4 14.7 91.0 13.0 -47.1
348 Na'Vi -48.6 -14.7 16.5 87.0 9.0 -51.1
349 Quantic -45.6 -11.4 20.2 83.0 5.0 -55.1
351 Alliance -43.6 -9.2 22.5 79.0 1.0 -59.1
352 LGD.cn -42.5 -7.9 24.0 75.0 -3.0 -63.1
353 iG -40.8 -6.0 26.1 71.0 -7.0 -67.1
355 DK -44.8 -10.0 22.1 79.9 2.7 -58.0
356 Liquid -48.8 -14.0 18.1 94.0 14.6 -48.2
357 LGD.cn -47.1 -12.2 20.0 90.0 10.6 -52.2
358 Alliance -45.1 -10.1 22.2 86.0 6.6 -56.2
359 DK -49.1 -14.1 18.2 90.2 11.2 -51.5
360 mouz -47.3 -12.2 20.4 86.2 7.2 -55.5
361 Orange -51.3 -16.2 16.4 90.9 11.6 -51.2
362 LGD.cn -49.9 -14.9 17.9 86.9 7.6 -55.2
363 Alliance -47.8 -12.8 20.0 82.9 3.6 -59.2
364 Zenith -46.7 -11.5 21.5 78.9 -0.4 -63.2
365 rox.KIS -50.7 -15.5 17.5 87.2 6.9 -56.9
366 Dignitas -54.7 -19.5 13.5 95.9 15.8 -48.8
368 mouz -53.3 -17.9 15.4 91.9 11.8 -52.8
369 iCCup -57.3 -21.9 11.4 102.8 22.2 -43.2
370 iCCup -55.0 -19.2 14.4 98.8 18.2 -47.2
372 Quantic -59.0 -23.2 10.4 107.3 26.1 -40.4
373 Na'Vi -58.2 -22.3 11.4 103.3 22.1 -44.4
374 Dignitas -62.2 -26.3 7.4 108.8 27.5 -39.5
375 VG -60.5 -24.3 9.5 104.8 23.5 -43.5
376 LGD.cn -59.7 -23.3 10.7 100.8 19.5 -47.5
377 LGD.cn -58.5 -22.2 12.0 96.8 15.5 -51.5
378 VP -57.0 -20.6 13.8 92.8 11.5 -55.5
379 Na'Vi -56.1 -19.5 15.1 88.8 7.5 -59.5
380 4FC -53.4 -16.5 18.3 84.8 3.5 -63.5
381 RS -50.4 -13.4 21.5 80.8 -0.5 -67.5
382 Fnatic.eu -54.4 -17.4 17.5 89.2 6.6 -61.1
383 RS -58.4 -21.4 13.5 98.5 15.8 -52.4
384 Alliance -57.4 -20.1 15.1 94.5 11.8 -56.4
385 Alliance -55.1 -17.1 18.7 90.5 7.8 -60.4
386 TM -52.1 -13.5 22.5 86.5 3.8 -64.4
387 LGD.cn -50.9 -12.1 24.1 82.5 -0.2 -68.4
388 Dignitas -49.9 -10.9 25.9 78.5 -4.2 -72.4
389 iG -49.0 -9.9 27.2 74.5 -8.2 -76.4
390 Na'Vi -47.6 -8.3 29.0 70.5 -12.2 -80.4
391 mouz -43.8 -4.9 32.4 66.5 -16.2 -84.4
392 Alliance -42.7 -3.6 33.9 62.5 -20.2 -88.4
393 Kaipi -46.7 -7.6 29.9 71.7 -10.3 -79.9
394 MX -44.5 -5.2 32.6 67.7 -14.3 -83.9
395 LGD.cn -41.2 -2.0 35.9 63.7 -18.3 -87.9
396 Liquid -40.6 -1.3 36.9 59.7 -22.3 -91.9
397 rox.KIS -38.1 0.8 39.1 55.7 -26.3 -95.9
398 Alliance -37.4 1.6 40.1 51.7 -30.3 -99.9
399 VP -41.4 -2.4 36.1 60.1 -22.3 -92.2
400 VP -45.4 -6.4 32.1 64.4 -17.5 -87.5
402 DK -49.4 -10.4 28.1 70.5 -10.2 -80.4
403 RStars -53.4 -14.4 24.1 81.9 0.4 -71.4
404 MiTH -51.7 -12.5 26.2 77.9 -3.6 -75.4
405 mouz -55.7 -16.5 22.2 82.5 1.3 -70.5
407 PR -53.9 -14.2 25.0 78.5 -2.7 -74.5
408 TM -52.2 -12.3 27.2 74.5 -6.7 -78.5
409 Orange -51.1 -10.9 28.9 70.5 -10.7 -82.5
410 Alliance -50.4 -10.0 30.0 66.5 -14.7 -86.5
411 Quantic -54.4 -14.0 26.0 71.9 -9.7 -81.8
412 mouz -52.5 -11.9 28.3 67.9 -13.7 -85.8
414 Alliance -51.6 -10.8 29.7 63.9 -17.7 -89.8
416 4FC -55.6 -14.8 25.7 82.4 -1.2 -75.9
417 mouz -59.6 -18.8 21.7 96.3 10.7 -65.9
418 VP -57.8 -17.0 23.8 92.3 6.7 -69.9
420 Na'Vi -61.8 -21.0 19.8 99.3 12.1 -65.0
421 Na'Vi -60.3 -19.4 21.6 95.3 8.1 -69.0
422 Liquid -64.3 -23.4 17.6 99.9 12.7 -64.6
423 Quantic -61.7 -20.8 20.4 95.9 8.7 -68.6
424 Kaipi -65.7 -24.8 16.4 106.7 19.5 -58.8
425 mouz -63.8 -22.7 18.7 102.7 15.5 -62.8
426 Artyk -61.9 -20.3 21.5 98.7 11.5 -66.8
427 rox.KIS -60.6 -18.9 23.1 94.7 7.5 -70.8
428 Kaipi -59.0 -16.9 25.5 90.7 3.5 -74.8
429 Liquid -56.4 -14.4 28.1 86.7 -0.5 -78.8
430 rox.KIS -55.2 -13.1 29.5 82.7 -4.5 -82.8
431 Quantic -54.2 -11.8 31.1 78.7 -8.5 -86.8
432 Kaipi -52.6 -10.4 32.7 74.7 -12.5 -90.8
433 DK -51.4 -9.0 34.4 70.7 -16.5 -94.8
434 EG -47.9 -5.5 37.8 66.7 -20.5 -98.8
436 EG -44.5 -2.2 41.1 62.7 -24.5 -102.8
437 Quantic -43.5 -1.2 42.4 58.7 -28.5 -106.8
438 Na'Vi -41.5 0.7 44.4 54.7 -32.5 -110.8
439 Artyk -40.6 1.7 45.9 50.7 -36.5 -114.8
440 Orange -38.6 4.2 48.6 46.7 -40.5 -118.8
441 Na'Vi -37.7 5.2 49.8 42.7 -44.5 -122.8
442 Kaipi -35.6 7.1 51.8 38.7 -48.5 -126.8
443 Kaipi -39.6 3.1 47.8 51.4 -35.1 -114.9
444 Artyk -43.6 -0.9 43.8 62.3 -24.9 -105.6
445 TM -42.5 0.5 45.4 58.3 -28.9 -109.6
446 Orange -41.6 1.5 46.6 54.3 -32.9 -113.6
447 DK -40.4 2.8 48.2 50.3 -36.9 -117.6
448 VP -44.4 -1.2 44.2 61.4 -27.2 -109.2
449 VP -42.9 0.7 46.4 57.4 -31.2 -113.2
451 Kaipi -42.0 1.7 47.6 53.4 -35.2 -117.2
452 EG -40.4 3.5 49.6 49.4 -39.2 -121.2
453 Fnatic.eu -44.4 -0.5 45.6 62.5 -28.0 -112.2
454 Kaipi -48.4 -4.5 41.6 69.1 -22.4 -107.1
455 EG -45.6 -1.5 44.6 65.1 -26.4 -111.1
456 Fnatic.eu -49.6 -5.5 40.6 71.1 -20.3 -105.4
457 Alliance -47.8 -3.5 42.7 67.1 -24.3 -109.4
458 EG -51.8 -7.5 38.7 71.7 -19.4 -104.9
459 Alliance -50.2 -5.7 40.7 67.7 -23.4 -108.9
460 Kaipi -54.2 -9.7 36.7 74.1 -17.6 -103.4
461 Alliance -53.4 -8.8 37.9 70.1 -21.6 -107.4
463 VP -50.7 -6.3 40.6 66.1 -25.6 -111.4
464 Fnatic.eu -49.2 -4.8 42.2 62.1 -29.6 -115.4
465 Alliance -47.8 -3.4 43.8 58.1 -33.6 -119.4
466 iCCup -45.9 -1.4 46.1 54.1 -37.6 -123.4
467 Na'Vi -44.1 0.7 48.4 50.1 -41.6 -127.4
468 Quantic -42.6 2.2 50.1 46.1 -45.6 -131.4
469 Alliance -41.0 3.8 51.9 42.1 -49.6 -135.4
470 mouz -38.3 6.5 54.8 38.1 -53.6 -139.4
471 4FC -42.3 2.5 50.8 51.3 -40.9 -128.5
475 Na'Vi -41.3 3.5 52.0 47.3 -44.9 -132.5
476 Na'Vi -39.8 5.1 53.8 43.3 -48.9 -136.5
477 mouz -37.1 8.1 56.9 39.3 -52.9 -140.5
478 rox.KIS -33.6 11.1 60.0 35.3 -56.9 -144.5
479 4FC -32.5 12.3 61.5 31.3 -60.9 -148.5
480 Orange -31.5 13.5 63.0 27.3 -64.9 -152.5
481 TM -30.2 15.2 65.0 23.3 -68.9 -156.5
482 Smeagol -28.4 17.5 67.4 19.3 -72.9 -160.5
483 paiN -32.4 13.5 63.4 27.9 -64.4 -153.4
484 Empire -36.4 9.5 59.4 44.6 -49.2 -141.5
486 Na'Vi -35.2 10.7 60.7 40.6 -53.2 -145.5
487 Kaipi -33.0 13.3 63.6 36.6 -57.2 -149.5
488 Fnatic.eu -37.0 9.3 59.6 54.3 -42.4 -137.9
489 LGD.int -35.4 10.9 61.5 50.3 -46.4 -141.9
490 paiN.int -32.7 14.0 64.9 46.3 -50.4 -145.9
491 TM -31.4 15.7 66.8 42.3 -54.4 -149.9
492 iCCup -30.1 17.3 68.6 38.3 -58.4 -153.9
493 iCCup -29.1 18.5 70.0 34.3 -62.4 -157.9
494 zRage -33.1 14.5 66.0 54.8 -44.2 -142.2
495 Artyk -31.9 16.1 68.0 50.8 -48.2 -146.2
496 TongFu -29.9 18.5 70.6 46.8 -52.2 -150.2
497 DK -33.9 14.5 66.6 52.3 -47.0 -145.2
498 mouz -32.7 15.8 68.2 48.3 -51.0 -149.2
499 Liquid -31.5 17.2 69.6 44.3 -55.0 -153.2
500 Liquid -35.5 13.2 65.6 50.5 -48.0 -146.5
501 eLPride -39.5 9.2 61.6 56.1 -41.6 -140.0
502 VP -38.8 10.0 62.6 52.1 -45.6 -144.0
503 Dignitas -38.0 11.0 63.9 48.1 -49.6 -148.0
504 VP -36.3 12.8 66.0 44.1 -53.6 -152.0
505 Na'Vi -35.8 13.4 66.8 40.1 -57.6 -156.0
506 EG -35.0 14.3 68.0 36.1 -61.6 -160.0
507 Na'Vi -34.1 15.3 69.3 32.1 -65.6 -164.0
508 Na'Vi -33.6 15.9 70.0 28.1 -69.6 -168.0
509 Keita -30.6 18.3 72.3 24.1 -73.6 -172.0
510 Fnatic.eu -34.6 14.3 68.3 29.0 -68.9 -167.8
511 Alliance -32.5 16.6 70.8 25.0 -72.9 -171.8
512 Quantic -36.5 12.6 66.8 42.7 -57.7 -157.9
513 EG -40.5 8.6 62.8 56.0 -46.3 -147.7
514 Dignitas -44.5 4.6 58.8 77.9 -27.7 -131.7
515 Alliance -43.0 6.5 61.0 73.9 -31.7 -135.7
517 Alliance -41.5 8.3 63.1 69.9 -35.7 -139.7
518 Alliance -39.5 10.7 65.7 65.9 -39.7 -143.7
519 FSid3 -37.5 13.1 68.4 61.9 -43.7 -147.7
520 Quantic -36.4 14.4 70.0 57.9 -47.7 -151.7
521 LGD.int -40.4 10.4 66.0 67.8 -39.4 -144.3
522 Na'Vi -39.2 11.8 67.6 63.8 -43.4 -148.3
523 Na'Vi -37.5 13.6 69.6 59.8 -47.4 -152.3
524 Na'Vi -36.2 15.0 71.2 55.8 -51.4 -156.3
525 LGD.cn -34.3 17.0 73.5 51.8 -55.4 -160.3
527 Na'Vi -33.3 18.1 74.9 47.8 -59.4 -164.3
528 Liquid -32.4 19.2 76.2 43.8 -63.4 -168.3
529 EG -31.7 20.0 77.1 39.8 -67.4 -172.3
531 Na'Vi -30.8 21.0 78.3 35.8 -71.4 -176.3
532 Empire -29.8 22.0 79.5 31.8 -75.4 -180.3
533 rox.KIS -28.7 23.0 80.5 27.8 -79.4 -184.3
534 EG -25.9 25.8 83.2 23.8 -83.4 -188.3
536 Liquid -25.2 26.6 84.2 19.8 -87.4 -192.3
537 Liquid -24.6 27.3 85.1 15.8 -91.4 -196.3
538 Alliance -23.8 28.1 86.1 11.8 -95.4 -200.3
539 Quantic -20.4 31.4 89.5 7.8 -99.4 -204.3
540 EG -17.8 33.9 92.1 3.8 -103.4 -208.3
541 VP -16.8 35.2 93.5 -0.2 -107.4 -212.3
542 Alliance -15.3 36.8 95.3 -4.2 -111.4 -216.3
543 VP -12.7 39.1 97.9 -8.2 -115.4 -220.3
544 EG -16.7 35.1 93.9 2.0 -105.7 -211.2
545 Alliance -15.2 37.0 96.1 -2.0 -109.7 -215.2
546 Orange -12.7 39.1 98.2 -6.0 -113.7 -219.2
547 iG -10.8 40.9 100.1 -10.0 -117.7 -223.2
548 Liquid -7.7 44.0 103.4 -14.0 -121.7 -227.2
549 Fnatic.eu -11.7 40.0 99.4 -1.5 -110.7 -217.9
550 Kaipi -15.7 36.0 95.4 8.7 -100.2 -208.2
551 Kaipi -19.7 32.0 91.4 18.8 -89.3 -197.5
553 TongFu -23.7 28.0 87.4 34.6 -74.4 -184.7
556 Fnatic.eu -27.7 24.0 83.4 39.5 -70.1 -180.7
557 Liquid -31.7 20.0 79.4 50.0 -61.1 -172.6
558 rox.KIS -30.0 21.8 81.4 46.0 -65.1 -176.6
561 Orange -34.0 17.8 77.4 50.6 -59.8 -171.3
562 TongFu -32.3 19.6 79.3 46.6 -63.8 -175.3
564 EG -36.3 15.6 75.3 53.5 -57.2 -169.2
565 Dignitas -40.3 11.6 71.3 58.5 -52.7 -165.1
567 mouz -37.3 14.8 74.7 54.5 -56.7 -169.1
568 Liquid -34.6 17.4 77.4 50.5 -60.7 -173.1
571 DK -38.6 13.4 73.4 57.9 -53.6 -166.3
573 VP -42.6 9.4 69.4 70.3 -43.4 -157.6
574 Fnatic.eu -46.6 5.4 65.4 82.2 -33.0 -148.8
575 TongFu -50.6 1.4 61.4 87.7 -27.7 -143.8
576 iCCup -54.6 -2.6 57.4 100.1 -17.8 -135.3
577 rox.KIS -52.6 -0.5 59.9 96.1 -21.8 -139.3
579 Alliance -49.9 2.3 62.9 92.1 -25.8 -143.3
580 VP -48.9 3.5 64.3 88.1 -29.8 -147.3
581 LGD.cn -46.5 6.3 67.4 84.1 -33.8 -151.3
584 Alliance -44.5 8.8 70.1 80.1 -37.8 -155.3
585 VP -43.0 10.6 72.0 76.1 -41.8 -159.3
586 EG -47.0 6.6 68.0 80.7 -37.0 -154.6
587 Alliance -45.6 7.9 69.4 76.7 -41.0 -158.6
588 Zenith -49.6 3.9 65.4 84.1 -33.4 -151.7
589 Alliance -47.6 6.0 67.8 80.1 -37.4 -155.7
590 Na'Vi -45.7 7.8 69.7 76.1 -41.4 -159.7
591 LGD.cn -43.0 10.7 72.7 72.1 -45.4 -163.7
592 Fnatic.eu -41.2 12.7 74.8 68.1 -49.4 -167.7
593 Quantic -38.7 15.2 77.4 64.1 -53.4 -171.7
594 mouz -35.5 18.5 80.9 60.1 -57.4 -175.7
595 Alliance -33.9 20.2 82.8 56.1 -61.4 -179.7
596 mouz -31.1 23.2 85.7 52.1 -65.4 -183.7
597 Alliance -29.3 25.1 87.7 48.1 -69.4 -187.7
598 LGD.cn -27.8 26.8 89.6 44.1 -73.4 -191.7
599 Na'Vi -24.3 29.8 92.5 40.1 -77.4 -195.7
600 mouz -28.3 25.8 88.5 52.5 -65.6 -185.2
602 Alliance -26.7 27.6 90.4 48.5 -69.6 -189.2
604 Orange -25.6 28.8 91.9 44.5 -73.6 -193.2
605 LGD.int -23.8 30.5 93.8 40.5 -77.6 -197.2
607 Kaipi -27.8 26.5 89.8 49.4 -69.0 -189.6
608 Alliance -26.5 28.0 91.5 45.4 -73.0 -193.6
610 LGD.cn -22.7 31.3 94.8 41.4 -77.0 -197.6
611 Denial -20.7 33.7 97.5 37.4 -81.0 -201.6
612 Na'Vi -17.5 36.6 100.3 33.4 -85.0 -205.6
613 Fnatic.eu -14.7 39.4 103.1 29.4 -89.0 -209.6
614 EG -11.2 42.8 106.7 25.4 -93.0 -213.6
615 Orange -9.9 44.2 108.3 21.4 -97.0 -217.6
616 TongFu -8.1 46.4 110.9 17.4 -101.0 -221.6
617 VP -6.7 48.0 112.7 13.4 -105.0 -225.6
618 Alliance -5.5 49.4 114.3 9.4 -109.0 -229.6
619 iG -9.5 45.4 110.3 14.7 -103.9 -224.6
620 DK -13.5 41.4 106.3 19.3 -98.3 -218.5
621 iCCup -17.5 37.4 102.3 32.9 -85.2 -208.0
622 Fnatic.eu -15.2 39.5 104.4 28.9 -89.2 -212.0
623 Alliance -13.6 41.3 106.4 24.9 -93.2 -216.0
624 Liquid -12.1 43.0 108.3 20.9 -97.2 -220.0
625 TongFu -16.1 39.0 104.3 26.6 -92.1 -215.3
626 iCCup -20.1 35.0 100.3 37.4 -82.6 -207.1
627 EG -18.3 36.7 102.2 33.4 -86.6 -211.1
628 EG -17.4 37.7 103.4 29.4 -90.6 -215.1
629 LGD.cn -21.4 33.7 99.4 36.3 -83.3 -208.3
630 iG -19.4 35.8 101.7 32.3 -87.3 -212.3
631 Alliance -18.5 37.0 103.2 28.3 -91.3 -216.3
632 mouz -17.0 38.7 105.1 24.3 -95.3 -220.3
634 Na'Vi -14.1 41.5 107.9 20.3 -99.3 -224.3
635 Dignitas -12.7 43.0 109.7 16.3 -103.3 -228.3
636 EG -12.0 43.9 110.8 12.3 -107.3 -232.3
638 Na'Vi -9.3 46.5 113.5 8.3 -111.3 -236.3
639 4FC -6.0 49.3 116.3 4.3 -115.3 -240.3
641 mouz -3.9 51.9 119.1 0.3 -119.3 -244.3
642 Alliance -2.9 53.1 120.6 -3.7 -123.3 -248.3
643 iG -0.6 55.2 122.9 -7.7 -127.3 -252.3
644 rox.KIS -4.6 51.2 118.9 3.1 -117.2 -243.5
645 VP -8.6 47.2 114.9 11.6 -108.9 -236.0
646 Fnatic.eu -6.2 49.3 117.1 7.6 -112.9 -240.0
648 VP -4.5 51.4 119.5 3.6 -116.9 -244.0
649 Fnatic.eu -1.1 54.8 123.1 -0.4 -120.9 -248.0
650 Fnatic.eu -5.1 50.8 119.1 4.0 -116.3 -243.3
651 Denial -9.1 46.8 115.1 22.0 -100.9 -231.3
652 DK -13.1 42.8 111.1 27.9 -95.3 -225.9
653 VG -17.1 38.8 107.1 42.9 -82.2 -215.1
654 DK -15.1 41.4 110.3 38.9 -86.2 -219.1
656 Na'Vi -14.0 42.6 111.8 34.9 -90.2 -223.1
657 mouz -12.4 44.5 113.9 30.9 -94.2 -227.1
658 mouz -16.4 40.5 109.9 42.4 -84.1 -217.3
659 Na'Vi -14.8 42.1 111.6 38.4 -88.1 -221.3
660 RS -18.8 38.1 107.6 50.9 -76.8 -211.7
661 iG -22.8 34.1 103.6 56.4 -71.8 -207.0
662 DK -21.1 36.0 105.8 52.4 -75.8 -211.0
663 RS -25.1 32.0 101.8 56.9 -70.9 -206.6
664 RStars -29.1 28.0 97.8 73.0 -57.5 -195.4
665 Orange -26.7 30.6 100.8 69.0 -61.5 -199.4
666 LGD.cn -24.4 33.3 103.7 65.0 -65.5 -203.4
667 DK -22.6 35.2 105.9 61.0 -69.5 -207.4
668 mouz -21.8 36.2 107.2 57.0 -73.5 -211.4
669 iNfernity -19.5 38.8 110.4 53.0 -77.5 -215.4
670 EG -18.5 39.9 111.8 49.0 -81.5 -219.4
671 Fnatic.eu -17.6 40.9 113.0 45.0 -85.5 -223.4
672 Orange -16.0 42.6 114.9 41.0 -89.5 -227.4
673 LGD.cn -13.0 45.9 118.4 37.0 -93.5 -231.4
674 mouz -12.3 46.8 119.5 33.0 -97.5 -235.4
675 EG -16.3 42.8 115.5 39.4 -91.3 -229.5
676 LGD.cn -14.5 44.7 117.7 35.4 -95.3 -233.5
677 mouz -12.5 46.7 119.7 31.4 -99.3 -237.5
678 Kaipi -16.5 42.7 115.7 50.1 -82.8 -223.9
679 Fnatic.eu -20.5 38.7 111.7 59.8 -74.2 -216.1
680 Liquid -24.5 34.7 107.7 66.4 -67.5 -210.4
681 Quantic -28.5 30.7 103.7 73.1 -61.6 -205.0
682 mouz -32.5 26.7 99.7 79.4 -55.7 -199.7
683 rox.KIS -36.5 22.7 95.7 85.8 -50.0 -194.5
685 mouz -33.9 25.7 99.0 81.8 -54.0 -198.5
686 VP -32.1 27.6 101.1 77.8 -58.0 -202.5
687 VP -36.1 23.6 97.1 83.4 -52.8 -197.4
688 VP -34.1 25.7 99.5 79.4 -56.8 -201.4
690 EG -32.2 28.1 102.1 75.4 -60.8 -205.4
691 Liquid -30.0 30.5 104.7 71.4 -64.8 -209.4
692 Na'Vi -28.4 32.1 106.5 67.4 -68.8 -213.4
693 Alliance -26.8 33.8 108.4 63.4 -72.8 -217.4
695 Alliance -24.8 36.0 110.8 59.4 -76.8 -221.4
696 Fnatic.eu -23.2 37.6 112.6 55.4 -80.8 -225.4
697 Kaipi -21.6 39.2 114.4 51.4 -84.8 -229.4
699 Alliance -20.5 40.5 115.9 47.4 -88.8 -233.4
700 Orange -19.1 41.9 117.6 43.4 -92.8 -237.4
701 VG -23.1 37.9 113.6 49.5 -86.6 -231.6
702 Na'Vi -22.2 38.9 114.8 45.5 -90.6 -235.6
703 mouz -21.3 39.9 116.1 41.5 -94.6 -239.6
704 EG -25.3 35.9 112.1 49.5 -87.6 -233.3
706 RS -29.3 31.9 108.1 55.0 -82.3 -228.1
707 Orange -27.4 33.8 110.2 51.0 -86.3 -232.1
708 iCCup -31.4 29.8 106.2 60.9 -77.4 -224.1
709 Kaipi -28.4 32.9 109.5 56.9 -81.4 -228.1
710 VP -25.2 36.0 112.7 52.9 -85.4 -232.1
711 mouz -22.5 39.2 116.1 48.9 -89.4 -236.1
712 Na'Vi -21.6 40.3 117.4 44.9 -93.4 -240.1
713 MiTH -19.9 42.2 119.6 40.9 -97.4 -244.1
714 Dreamz -17.0 44.9 122.5 36.9 -101.4 -248.1
715 mouz -15.5 46.6 124.4 32.9 -105.4 -252.1
716 mouz -13.4 49.0 127.1 28.9 -109.4 -256.1
717 mouz -10.5 52.0 130.2 24.9 -113.4 -260.1
718 Dreamz -9.4 53.2 131.7 20.9 -117.4 -264.1
719 Mski -7.3 55.0 133.6 16.9 -121.4 -268.1
720 MiTH -5.5 56.8 135.6 12.9 -125.4 -272.1
721 Mski -9.5 52.8 131.6 22.3 -115.3 -262.9
722 iCCup -7.6 54.8 133.9 18.3 -119.3 -266.9
723 Kaipi -6.7 55.8 135.1 14.3 -123.3 -270.9
725 Romania -5.0 57.8 137.4 10.3 -127.3 -274.9
726 RS -9.0 53.8 133.4 17.2 -120.3 -268.6
727 Fnatic.eu -13.0 49.8 129.4 34.0 -105.8 -257.1
729 DK -12.0 51.3 131.2 30.0 -109.8 -261.1
730 LGD.cn -11.2 52.3 132.3 26.0 -113.8 -265.1
731 iG -9.6 54.2 134.4 22.0 -117.8 -269.1
732 Alliance -8.5 55.5 136.0 18.0 -121.8 -273.1
734 TongFu -5.5 58.8 139.4 14.0 -125.8 -277.1
735 Dignitas -2.1 61.9 142.4 10.0 -129.8 -281.1
737 Na'Vi 0.1 64.3 145.0 6.0 -133.8 -285.1
741 TongFu 1.6 66.1 147.5 2.0 -137.8 -289.1
743 Fnatic.eu 5.2 69.2 150.6 -2.0 -141.8 -293.1
744 Alliance 7.7 71.8 153.4 -6.0 -145.8 -297.1
745 Dignitas 3.7 67.8 149.4 15.5 -131.3 -285.4
746 DK 4.4 68.7 150.4 11.5 -135.3 -289.4
748 Na'Vi 5.6 70.0 152.0 7.5 -139.3 -293.4
749 Liquid 1.6 66.0 148.0 20.0 -129.3 -283.5
750 Orange 4.2 69.1 151.2 16.0 -133.3 -287.5
751 Alliance 5.0 70.2 152.6 12.0 -137.3 -291.5
754 Na'Vi 5.7 71.0 153.5 8.0 -141.3 -295.5
756 Dignitas 1.7 67.0 149.5 13.4 -136.5 -291.0
757 Alliance 3.3 68.5 151.0 9.4 -140.5 -295.0
758 iG 4.8 70.3 152.8 5.4 -144.5 -299.0
759 Orange 6.4 72.1 154.8 1.4 -148.5 -303.0
761 Fnatic.eu 7.1 72.9 155.7 -2.6 -152.5 -307.0
762 Na'Vi 9.2 74.9 157.9 -6.6 -156.5 -311.0
766 Alliance 10.1 75.9 159.0 -10.6 -160.5 -315.0
767 LGD.int 6.1 71.9 155.0 5.4 -146.6 -303.1
769 mouz 7.0 72.9 156.2 1.4 -150.6 -307.1
770 LGD.cn 8.6 74.6 158.0 -2.6 -154.6 -311.1
771 Na'Vi 9.8 75.9 159.4 -6.6 -158.6 -315.1
772 DK 5.8 71.9 155.4 -1.1 -152.7 -309.7
773 Alliance 6.5 72.7 156.3 -5.1 -156.7 -313.7
774 TongFu 2.5 68.7 152.3 1.5 -150.5 -308.0
775 Liquid 5.4 71.6 155.3 -2.5 -154.5 -312.0
776 Orange 6.7 73.0 156.9 -6.5 -158.5 -316.0
778 DK 8.1 74.8 158.9 -10.5 -162.5 -320.0
779 Zenith 9.0 75.8 160.1 -14.5 -166.5 -324.0
781 Alliance 9.9 76.8 161.2 -18.5 -170.5 -328.0
782 iG 12.4 79.5 164.1 -22.5 -174.5 -332.0
783 TongFu 13.3 80.4 165.1 -26.5 -178.5 -336.0
785 LGD.cn 15.3 82.7 167.6 -30.5 -182.5 -340.0
786 Na'Vi 16.3 83.8 168.9 -34.5 -186.5 -344.0
788 Dignitas 18.7 86.2 171.5 -38.5 -190.5 -348.0
789 LGD.int 14.7 82.2 167.5 -34.1 -185.9 -343.6
790 AllStarsA 10.7 78.2 163.5 -29.4 -180.6 -338.6
791 Orange 12.4 80.1 165.5 -33.4 -184.6 -342.6
792 Fnatic.eu 15.0 82.6 168.2 -37.4 -188.6 -346.6
793 Alliance 16.2 83.9 169.8 -41.4 -192.6 -350.6
795 Liquid 17.1 84.9 171.0 -45.4 -196.6 -354.6
796 Zenith 19.0 86.9 173.3 -49.4 -200.6 -358.6
797 Liquid 15.0 82.9 169.3 -35.6 -189.2 -349.0
798 iG 16.9 84.9 171.5 -39.6 -193.2 -353.0
799 Alliance 18.0 86.1 173.0 -43.6 -197.2 -357.0
800 Na'Vi 19.4 87.5 174.5 -47.6 -201.2 -361.0
801 Orange 22.1 90.5 177.7 -51.6 -205.2 -365.0
802 iG 24.2 92.8 180.3 -55.6 -209.2 -369.0
803 Orange 20.2 88.8 176.3 -43.7 -199.6 -360.8
806 Orange 16.2 84.8 172.3 -36.6 -193.4 -355.1
807 Na'Vi 17.8 86.5 174.2 -40.6 -197.4 -359.1
808 Alliance 20.2 89.3 177.1 -44.6 -201.4 -363.1
811 RStars 21.4 90.8 178.9 -48.6 -205.4 -367.1
812 Empire 22.4 92.0 180.5 -52.6 -209.4 -371.1
813 Empire 23.3 92.9 181.7 -56.6 -213.4 -375.1
814 Kaipi 24.8 94.7 183.8 -60.6 -217.4 -379.1
815 TTD 26.1 96.1 185.5 -64.6 -221.4 -383.1
816 Kaipi 27.4 97.5 187.0 -68.6 -225.4 -387.1
817 Lounge 29.4 99.5 189.3 -72.6 -229.4 -391.1
818 FD 30.6 100.7 190.8 -76.6 -233.4 -395.1
820 4FC 31.3 101.5 191.8 -80.6 -237.4 -399.1
821 4++ 27.3 97.5 187.8 -66.3 -222.2 -387.2
822 MiTH 28.3 98.8 189.3 -70.3 -226.2 -391.2
823 GL.eu 29.7 100.4 191.2 -74.3 -230.2 -395.2
825 WARDGS 31.4 102.1 193.2 -78.3 -234.2 -399.2
826 EVOPLAY 33.1 103.6 195.1 -82.3 -238.2 -403.2
827 TS 29.1 99.6 191.1 -77.2 -231.3 -396.7
828 EVOPLAY 31.0 101.5 193.2 -81.2 -235.3 -400.7
829 TLP 27.0 97.5 189.2 -67.3 -223.4 -391.3
830 DUZA 23.0 93.5 185.2 -59.6 -215.8 -383.9
831 Awake 24.9 95.4 187.2 -63.6 -219.8 -387.9
832 CDCD 20.9 91.4 183.2 -40.4 -201.4 -372.1
833 Menace 16.9 87.4 179.2 -27.5 -190.3 -363.1
834 Aspera 20.5 90.8 182.8 -31.5 -194.3 -367.1
835 Poseidon 23.4 93.3 185.2 -35.5 -198.3 -371.1
836 Poseidon 25.2 95.4 187.6 -39.5 -202.3 -375.1
837 Next.kz 21.2 91.4 183.6 -33.7 -196.0 -369.1
838 Kaipi 22.8 93.2 185.9 -37.7 -200.0 -373.1
840 TS 26.0 96.4 189.2 -41.7 -204.0 -377.1
841 VP 27.0 97.5 190.6 -45.7 -208.0 -381.1
842 Menace 23.0 93.5 186.6 -36.3 -199.0 -372.4
843 Empire 24.9 95.2 188.4 -40.3 -203.0 -376.4
844 Kaipi 26.2 96.5 190.0 -44.3 -207.0 -380.4
845 DUZA 22.2 92.5 186.0 -35.2 -198.5 -372.8
846 Next.kz 25.3 95.8 189.4 -39.2 -202.5 -376.8
847 4FC 21.3 91.8 185.4 -34.6 -197.4 -371.5
848 DUZA 17.3 87.8 181.4 -27.7 -190.9 -365.7
849 Poseidon 20.6 91.2 185.1 -31.7 -194.9 -369.7
851 VP 21.6 92.4 186.6 -35.7 -198.9 -373.7
854 Life 17.6 88.4 182.6 -31.1 -193.2 -368.2
855 Imp 19.8 90.7 185.1 -35.1 -197.2 -372.2
856 Empire 21.3 92.2 186.8 -39.1 -201.2 -376.2
857 Next.kz 23.1 94.0 188.7 -43.1 -205.2 -380.2
858 FSid3 25.0 96.0 191.1 -47.1 -209.2 -384.2
859 FSid3 21.0 92.0 187.1 -37.3 -198.5 -374.4
860 Bambang 17.0 88.0 183.1 -29.7 -190.3 -367.0
861 Aspera 19.3 90.0 185.2 -33.7 -194.3 -371.0
862 rox.KIS 20.8 91.3 186.7 -37.7 -198.3 -375.0
863 Next.kz 16.8 87.3 182.7 -33.1 -193.3 -370.3
864 Poseidon 17.9 88.6 184.2 -37.1 -197.3 -374.3
865 Mski 18.9 89.7 185.6 -41.1 -201.3 -378.3
866 Poseidon 19.8 90.6 186.7 -45.1 -205.3 -382.3
867 Dreamz 20.9 91.9 188.3 -49.1 -209.3 -386.3
868 GxGaming 16.9 87.9 184.3 -44.1 -203.5 -380.9
869 SFEC 12.9 83.9 180.3 -38.7 -198.6 -376.4
871 Next.kz 14.0 85.1 181.7 -42.7 -202.6 -380.4
872 Aspera 10.0 81.1 177.7 -34.0 -194.6 -373.1
873 PR 6.0 77.1 173.7 -13.3 -177.0 -358.5
874 VP 9.3 80.3 177.2 -17.3 -181.0 -362.5
875 Imp 5.3 76.3 173.2 -12.5 -176.2 -357.9
876 MSIEvoGT 7.3 78.6 175.9 -16.5 -180.2 -361.9
877 Mski 8.3 80.0 177.6 -20.5 -184.2 -365.9
878 Lowyat 4.3 76.0 173.6 -6.8 -172.8 -356.4
879 Empire 7.1 79.1 176.9 -10.8 -176.8 -360.4
880 Empire 3.1 75.1 172.9 -1.9 -168.1 -352.5
881 Quantic -0.9 71.1 168.9 6.7 -160.5 -345.8
883 Kaipi 0.3 72.5 170.5 2.7 -164.5 -349.8
885 Aspera 2.0 74.2 172.4 -1.3 -168.5 -353.8
886 Fnatic.eu 3.4 75.7 174.2 -5.3 -172.5 -357.8
887 MSIEvoGT -0.6 71.7 170.2 1.1 -166.9 -352.6
888 Mski 1.3 73.7 172.5 -2.9 -170.9 -356.6
889 Next.kz 2.6 75.0 174.0 -6.9 -174.9 -360.6
890 GL.eu 4.9 77.7 176.9 -10.9 -178.9 -364.6
891 Menace 6.8 79.5 178.9 -14.9 -182.9 -368.6
892 Kaipi 8.8 81.8 181.5 -18.9 -186.9 -372.6
893 Menace 4.8 77.8 177.5 -8.7 -176.8 -363.7
894 Life 7.3 80.8 180.9 -12.7 -180.8 -367.7
896 Life 3.3 76.8 176.9 -4.5 -171.8 -358.8
897 Kaipi 4.9 78.7 179.1 -8.5 -175.8 -362.8
898 Mski 6.5 80.4 181.0 -12.5 -179.8 -366.8
899 Menace 7.8 81.6 182.4 -16.5 -183.8 -370.8
900 VP 3.8 77.6 178.4 -9.5 -177.2 -364.8
901 Fnatic.eu 5.2 78.9 179.9 -13.5 -181.2 -368.8
902 Kaipi 7.4 81.1 182.3 -17.5 -185.2 -372.8
903 Kaipi 8.6 82.4 183.8 -21.5 -189.2 -376.8
904 SAfrica 4.6 78.4 179.8 -16.0 -183.7 -371.6
905 Dignitas 5.4 79.3 180.9 -20.0 -187.7 -375.6
906 Dignitas 6.3 80.3 182.1 -24.0 -191.7 -379.6
908 iG 7.0 81.1 183.1 -28.0 -195.7 -383.6
909 VG 8.5 83.0 185.4 -32.0 -199.7 -387.6
911 4FC 4.5 79.0 181.4 -18.7 -186.1 -376.2
912 Kaipi 0.5 75.0 177.4 -14.2 -181.2 -371.5
913 Joiker -3.5 71.0 173.4 -6.6 -174.2 -365.4
914 StayFree -1.2 73.4 176.2 -10.6 -178.2 -369.4
915 Fnatic.eu -0.4 74.4 177.4 -14.6 -182.2 -373.4
916 Property -4.4 70.4 173.4 -1.9 -171.6 -364.1
917 Menace -8.4 66.4 169.4 9.0 -160.7 -354.6
918 DUZA -12.4 62.4 165.4 14.2 -156.2 -350.3
919 LGD.cn -11.1 63.9 167.1 10.2 -160.2 -354.3
920 TongFu -10.5 64.6 168.0 6.2 -164.2 -358.3
921 Alliance -9.5 65.6 169.3 2.2 -168.2 -362.3
922 PR -13.5 61.6 165.3 9.8 -161.3 -355.7
923 DUZA -11.7 63.4 167.4 5.8 -165.3 -359.7
924 ONE.dota -8.4 66.9 171.4 1.8 -169.3 -363.7
925 Empire -7.1 68.2 172.9 -2.2 -173.3 -367.7
926 Empire -5.7 69.8 174.6 -6.2 -177.3 -371.7
927 iG -4.2 71.2 176.1 -10.2 -181.3 -375.7
928 LGD.cn -8.2 67.2 172.1 -5.6 -176.6 -370.9
930 MiTH -5.5 69.5 174.5 -9.6 -180.6 -374.9
931 Alliance -4.6 70.4 175.5 -13.6 -184.6 -378.9
932 Fnatic.eu -2.6 72.8 178.1 -17.6 -188.6 -382.9
933 Empire -0.3 75.1 180.6 -21.6 -192.6 -386.9
937 OguraYui -4.3 71.1 176.6 -10.5 -180.0 -376.1
938 Mski -2.5 72.6 178.3 -14.5 -184.0 -380.1
939 Poseidon 0.3 76.0 182.0 -18.5 -188.0 -384.1
940 Next.kz -3.7 72.0 178.0 -13.1 -182.9 -379.2
941 Alliance -2.8 73.0 179.1 -17.1 -186.9 -383.2
942 Quantic -6.8 69.0 175.1 -12.6 -181.7 -378.3
944 Imp -10.8 65.0 171.1 -1.4 -170.9 -368.4
948 Empire -8.6 67.3 173.6 -5.4 -174.9 -372.4
949 VP -7.3 68.6 175.1 -9.4 -178.9 -376.4
950 Kaipi -6.3 69.8 176.6 -13.4 -182.9 -380.4
951 Mski -5.3 70.9 177.9 -17.4 -186.9 -384.4
953 Kaipi -3.6 73.0 180.4 -21.4 -190.9 -388.4
954 Cascade -7.6 69.0 176.4 -8.0 -179.3 -378.4
956 Alliance -7.1 69.5 177.1 -12.0 -183.3 -382.4
957 Na'Vi -6.3 70.2 178.0 -16.0 -187.3 -386.4
958 PR -10.3 66.2 174.0 8.7 -163.3 -365.6
959 Kaipi -9.5 67.2 175.1 4.7 -167.3 -369.6
960 Kaipi -8.8 68.1 176.3 0.7 -171.3 -373.6
961 Life -6.6 71.0 179.6 -3.3 -175.3 -377.6
962 iG -3.4 74.4 183.2 -7.3 -179.3 -381.6
963 Na'Vi -2.0 75.8 184.8 -11.3 -183.3 -385.6
964 Alliance -0.8 77.1 186.3 -15.3 -187.3 -389.6
966 TongFu 2.7 79.9 189.0 -19.3 -191.3 -393.6
967 mouz 4.1 81.4 190.7 -23.3 -195.3 -397.6
970 Joiker 6.9 84.3 193.8 -27.3 -199.3 -401.6
971 iG 8.9 86.8 196.6 -31.3 -203.3 -405.6
972 Aspera 4.9 82.8 192.6 -9.4 -184.3 -389.7
973 DUZA 0.9 78.8 188.6 -4.5 -179.1 -384.6
974 Fnatic.eu 3.7 81.2 191.1 -8.5 -183.1 -388.6
975 Dignitas 4.5 82.2 192.4 -12.5 -187.1 -392.6
976 StayFree 5.9 83.9 194.4 -16.5 -191.1 -396.6
977 Na'Vi 7.4 85.6 196.4 -20.5 -195.1 -400.6
978 rox.KIS 3.4 81.6 192.4 -13.4 -186.6 -392.8
979 PR 6.0 83.9 194.8 -17.4 -190.6 -396.8
981 PR 8.0 85.9 197.0 -21.4 -194.6 -400.8
982 Fnatic.eu 8.8 86.7 198.0 -25.4 -198.6 -404.8
983 Fnatic.eu 10.6 88.4 199.8 -29.4 -202.6 -408.8
984 nAra 6.6 84.4 195.8 -24.0 -197.3 -404.1
985 Inv.kwnku 8.4 86.5 198.2 -28.0 -201.3 -408.1
986 Na'Vi 9.4 87.7 199.6 -32.0 -205.3 -412.1
987 Fnatic.eu 11.0 89.5 201.6 -36.0 -209.3 -416.1
988 4FC 7.0 85.5 197.6 -26.4 -199.2 -407.1
990 Kaipi 7.8 86.4 198.7 -30.4 -203.2 -411.1
991 Empire 3.8 82.4 194.7 -19.5 -193.8 -403.2
992 PBS -0.2 78.4 190.7 -9.2 -185.5 -395.4
993 SFEC -4.2 74.4 186.7 -0.5 -177.3 -388.1
994 Next.kz -8.2 70.4 182.7 5.5 -171.6 -382.7
995 Inv.kwnku -6.5 72.5 185.3 1.5 -175.6 -386.7
996 rox.KIS -3.8 74.9 187.8 -2.5 -179.6 -390.7
997 PR -7.8 70.9 183.8 15.1 -164.8 -379.0
998 Mski -4.7 73.7 186.8 11.1 -168.8 -383.0
999 Empire -2.8 76.1 189.5 7.1 -172.8 -387.0
1000 Inv.kwnku -1.1 78.0 191.6 3.1 -176.8 -391.0
1001 FD 0.6 80.0 194.1 -0.9 -180.8 -395.0
1002 Empire 2.1 81.8 196.3 -4.9 -184.8 -399.0
1004 EG 3.7 83.5 198.2 -8.9 -188.8 -403.0
1005 Dignitas -0.3 79.5 194.2 3.2 -178.9 -394.6
1007 rox.KIS 2.8 82.4 197.3 -0.8 -182.9 -398.6
1008 Menace -1.2 78.4 193.3 11.3 -170.6 -387.7
1009 Kaipi -0.3 79.3 194.4 7.3 -174.6 -391.7
1010 Aspera -4.3 75.3 190.4 14.7 -167.6 -385.1
1011 Imp -8.3 71.3 186.4 18.7 -162.7 -380.5
1012 DK -7.0 72.8 188.2 14.7 -166.7 -384.5
1015 StayFree -5.3 75.2 190.9 10.7 -170.7 -388.5
1017 Na'Vi -4.5 76.1 191.9 6.7 -174.7 -392.5
1018 Alliance -3.7 77.0 193.1 2.7 -178.7 -396.5
1019 Empire -1.8 79.4 195.8 -1.3 -182.7 -400.5
1020 Na'Vi -0.1 81.1 197.7 -5.3 -186.7 -404.5
1021 Na'Vi 1.1 82.3 199.1 -9.3 -190.7 -408.5
1022 LGD.cn 2.2 83.6 200.5 -13.3 -194.7 -412.5
1023 VG 4.2 85.8 202.7 -17.3 -198.7 -416.5
1024 LGD.cn 6.5 87.8 204.7 -21.3 -202.7 -420.5
1025 Dignitas 7.3 88.7 205.9 -25.3 -206.7 -424.5
1027 Next.kz 3.3 84.7 201.9 -19.2 -199.1 -417.2
1028 4FC -0.7 80.7 197.9 -8.7 -187.6 -407.2
1029 rox.KIS 1.9 83.8 201.2 -12.7 -191.6 -411.2
1030 Na'Vi 2.7 84.7 202.2 -16.7 -195.6 -415.2
1031 Empire 5.5 87.4 205.0 -20.7 -199.6 -419.2
1032 Na'Vi 6.4 88.5 206.3 -24.7 -203.6 -423.2
1033 LGD.cn 10.0 92.0 209.8 -28.7 -207.6 -427.2
1034 Alliance 10.7 92.8 210.8 -32.7 -211.6 -431.2
1035 Alliance 11.4 93.5 211.6 -36.7 -215.6 -435.2
1036 4FC 7.4 89.5 207.6 -30.6 -209.6 -429.8
1037 VP 3.4 85.5 203.6 -18.6 -200.4 -421.9
1038 Aspera -0.6 81.5 199.6 -14.1 -195.9 -417.3
1039 Ahead.kz -4.6 77.5 195.6 7.2 -174.1 -399.4
1040 PBS -3.2 79.5 197.9 3.2 -178.1 -403.4
1041 Alliance -2.2 80.8 199.4 -0.8 -182.1 -407.4
1042 Empire -0.7 82.5 201.3 -4.8 -186.1 -411.4
1044 Quantic 1.3 85.1 204.0 -8.8 -190.1 -415.4
1045 iG 2.2 86.5 205.7 -12.8 -194.1 -419.4
1046 Liquid 3.3 87.7 207.1 -16.8 -198.1 -423.4
1047 EG -0.7 83.7 203.1 -7.9 -190.1 -416.9
1048 MiTH 0.9 85.4 205.1 -11.9 -194.1 -420.9
1049 Dreamz 2.8 87.6 207.6 -15.9 -198.1 -424.9
1050 Alliance 3.6 88.5 208.7 -19.9 -202.1 -428.9
1051 iG 4.4 89.5 209.9 -23.9 -206.1 -432.9
1052 DK 6.0 91.4 212.0 -27.9 -210.1 -436.9
1053 Kaipi 2.0 87.4 208.0 -22.3 -204.7 -431.6
1054 TR 5.7 90.8 211.4 -26.3 -208.7 -435.6
1055 Alliance 6.3 91.5 212.3 -30.3 -212.7 -439.6
1058 UR 2.3 87.5 208.3 -25.4 -208.1 -435.3
1059 TongFu 4.1 89.0 209.9 -29.4 -212.1 -439.3
1060 LGD.int 6.3 91.3 212.4 -33.4 -216.1 -443.3
1061 RS.int 7.8 93.1 214.5 -37.4 -220.1 -447.3
1062 MiTH 9.5 94.8 216.4 -41.4 -224.1 -451.3
1063 Alliance 10.2 95.6 217.3 -45.4 -228.1 -455.3
1064 Alliance 11.0 96.5 218.3 -49.4 -232.1 -459.3
1065 SSD 12.0 98.0 220.0 -53.4 -236.1 -463.3
1067 Hearts 13.5 99.6 221.8 -57.4 -240.1 -467.3
1068 rox.KIS 15.4 101.6 224.1 -61.4 -244.1 -471.3
1069 Poseidon 11.4 97.6 220.1 -54.6 -236.6 -463.8
1070 Quantic 7.4 93.6 216.1 -44.3 -227.3 -455.4
1071 Quantic 9.2 95.2 217.9 -48.3 -231.3 -459.4
1073 Titan 10.7 96.7 219.5 -52.3 -235.3 -463.4
1077 StayFree 11.8 98.2 221.3 -56.3 -239.3 -467.4
1078 VP 14.1 100.5 223.8 -60.3 -243.3 -471.4
1080 SYF 16.6 102.5 225.9 -64.3 -247.3 -475.4
1081 Na'Vi 17.3 103.3 226.9 -68.3 -251.3 -479.4
1082 Fnatic.eu 18.1 104.2 227.9 -72.3 -255.3 -483.4
1083 Titan 18.9 105.1 229.1 -76.3 -259.3 -487.4
1084 Arcanys 14.9 101.1 225.1 -71.9 -253.5 -481.8
1085 FD 15.7 102.2 226.5 -75.9 -257.5 -485.8
1086 MVP 11.7 98.2 222.5 -70.6 -251.9 -480.3
1087 UR 13.6 100.2 224.6 -74.6 -255.9 -484.3
1088 FXopen 14.5 101.5 226.1 -78.6 -259.9 -488.3
1089 Imp 15.2 102.5 227.2 -82.6 -263.9 -492.3
1090 MiTH 15.9 103.4 228.3 -86.6 -267.9 -496.3
1091 Na'Vi 16.8 104.4 229.6 -90.6 -271.9 -500.3
1092 ONE.dota 12.8 100.4 225.6 -79.4 -260.3 -490.1
1093 Lowyat 8.8 96.4 221.6 -73.6 -254.5 -484.6
1094 DK 11.1 99.0 224.6 -77.6 -258.5 -488.6
1095 Arcanys 7.1 95.0 220.6 -56.1 -241.2 -475.1
1096 VG 8.1 96.4 222.3 -60.1 -245.2 -479.1
1097 FD 8.8 97.3 223.6 -64.1 -249.2 -483.1
1098 Lowyat 4.8 93.3 219.6 -53.5 -239.0 -474.4
1099 rox.KIS 7.0 95.6 222.1 -57.5 -243.0 -478.4
1100 Aspera 11.0 98.5 224.9 -61.5 -247.0 -482.4
1101 Fnatic.eu 12.0 99.7 226.4 -65.5 -251.0 -486.4
1104 Poseidon 8.0 95.7 222.4 -49.5 -236.8 -475.2
1105 Na'Vi 8.8 96.6 223.5 -53.5 -240.8 -479.2
1107 Rain 4.8 92.6 219.5 -48.3 -236.0 -474.6
1108 eN.Legs 6.3 94.6 221.9 -52.3 -240.0 -478.6
1110 bvd.dotA 8.4 97.0 224.7 -56.3 -244.0 -482.6
1111 LGD.int 9.4 98.1 226.1 -60.3 -248.0 -486.6
1112 DK 9.9 98.8 226.9 -64.3 -252.0 -490.6
1113 Imp 11.8 101.5 230.0 -68.3 -256.0 -494.6
1114 Na'Vi 12.5 102.3 231.0 -72.3 -260.0 -498.6
1116 NJ&Kids 8.5 98.3 227.0 -67.2 -253.7 -492.4
1117 VG 9.2 99.1 228.0 -71.2 -257.7 -496.4
1118 LGD.cn 9.6 99.7 228.8 -75.2 -261.7 -500.4
1119 FD 5.6 95.7 224.8 -68.4 -255.3 -494.5
1120 Ahead.kz 6.9 97.2 226.6 -72.4 -259.3 -498.5
1122 PR 8.4 98.4 227.9 -76.4 -263.3 -502.5
1123 Na'Vi 8.8 99.0 228.6 -80.4 -267.3 -506.5
1124 bvd.dotA 10.8 100.8 230.4 -84.4 -271.3 -510.5
1125 Empire 12.4 102.4 232.0 -88.4 -275.3 -514.5
1126 Life 8.4 98.4 228.0 -78.0 -261.2 -501.6
1127 EG 10.7 100.9 230.8 -82.0 -265.2 -505.6
1129 iG 11.2 101.6 231.6 -86.0 -269.2 -509.6
1130 TongFu 12.8 103.4 233.6 -90.0 -273.2 -513.6
1131 Na'Vi 13.8 104.4 234.8 -94.0 -277.2 -517.6
1132 Fnatic.eu 14.7 105.5 236.0 -98.0 -281.2 -521.6
1133 MUFC 10.7 101.5 232.0 -87.7 -271.8 -513.1
1135 Empire 11.7 102.6 233.3 -91.7 -275.8 -517.1
1136 Empire 13.1 104.2 235.1 -95.7 -279.8 -521.1
1137 TakeFive 9.1 100.2 231.1 -84.9 -266.7 -509.8
1138 CSW 11.8 103.2 234.4 -88.9 -270.7 -513.8
1139 VT 13.8 105.6 237.1 -92.9 -274.7 -517.8
1140 SYM 9.8 101.6 233.1 -86.8 -268.1 -511.3
1141 EOT 11.1 103.8 235.7 -90.8 -272.1 -515.3
1142 SYF 14.6 107.0 238.8 -94.8 -276.1 -519.3
1143 DK 15.1 107.7 239.7 -98.8 -280.1 -523.3
1144 VG 11.1 103.7 235.7 -84.2 -266.8 -512.9
1145 Fnatic.eu 13.8 106.0 238.1 -88.2 -270.8 -516.9
1146 iG 14.2 106.6 238.8 -92.2 -274.8 -520.9
1147 LGD.cn 15.4 108.0 240.5 -96.2 -278.8 -524.9
1148 HR 17.1 110.2 243.1 -100.2 -282.8 -528.9
1149 Na'Vi 18.0 111.2 244.4 -104.2 -286.8 -532.9
1150 Speed 20.0 114.4 248.1 -108.2 -290.8 -536.9
1151 Alliance 20.5 115.1 248.9 -112.2 -294.8 -540.9
1155 Empire 21.6 116.6 250.6 -116.2 -298.8 -544.9
1156 iG 22.7 118.2 252.5 -120.2 -302.8 -548.9
1157 Na'Vi 23.5 119.1 253.5 -124.2 -306.8 -552.9
1159 SAfrica 24.6 120.5 255.3 -128.2 -310.8 -556.9
1160 Na'Vi 20.6 116.5 251.3 -120.2 -305.3 -551.9
1161 FD 22.4 118.5 253.3 -124.2 -309.3 -555.9
1164 Titan 18.4 114.5 249.3 -117.3 -301.2 -548.0
1165 Titan 14.4 110.5 245.3 -106.8 -289.8 -537.9
1166 CSW 17.9 113.4 248.2 -110.8 -293.8 -541.9
1167 EOT 19.8 115.3 250.4 -114.8 -297.8 -545.9
1168 LGD.cn 21.6 117.1 252.4 -118.8 -301.8 -549.9
1169 DK 22.0 117.7 253.2 -122.8 -305.8 -553.9
1170 VG 24.1 119.8 255.5 -126.8 -309.8 -557.9
1171 Empire 24.9 120.8 256.7 -130.8 -313.8 -561.9
1172 Speed 20.9 116.8 252.7 -111.9 -293.0 -541.8
1173 Empire 22.6 118.5 254.6 -115.9 -297.0 -545.8
1174 Fnatic 23.9 119.8 256.0 -119.9 -301.0 -549.8
1175 TongFu 24.6 120.7 257.2 -123.9 -305.0 -553.8
1176 LGD.cn 20.6 116.7 253.2 -112.2 -295.4 -545.6
1177 TongFu 22.1 118.1 254.8 -116.2 -299.4 -549.6
1178 DK 22.5 118.6 255.5 -120.2 -303.4 -553.6
1179 RStars 18.5 114.6 251.5 -111.1 -294.8 -545.9
1180 Empire 14.5 110.6 247.5 -105.9 -290.3 -541.8
1181 Alliance 15.2 111.5 248.6 -109.9 -294.3 -545.8
1182 Fnatic.eu 19.1 114.5 251.5 -113.9 -298.3 -549.8
1183 Speed 20.5 115.8 253.0 -117.9 -302.3 -553.8
1185 Liquid 16.5 111.8 249.0 -97.3 -281.5 -534.5
1186 iG 18.7 114.6 251.8 -101.3 -285.5 -538.5
1187 StayFree 14.7 110.6 247.8 -96.4 -280.3 -533.0
1188 LGD.int 15.3 111.4 248.7 -100.4 -284.3 -537.0
1189 EG 16.4 112.8 250.5 -104.4 -288.3 -541.0
1190 TongFu 17.2 113.9 251.9 -108.4 -292.3 -545.0
1191 DK 17.6 114.6 252.7 -112.4 -296.3 -549.0
1192 Na'Vi 18.4 115.5 254.0 -116.4 -300.3 -553.0
1193 Speed 14.4 111.5 250.0 -111.9 -295.2 -547.9
1194 Dignitas 15.9 113.0 251.7 -115.9 -299.2 -551.9
1195 VG 16.4 113.7 252.5 -119.9 -303.2 -555.9
1196 LGD.cn 16.9 114.4 253.4 -123.9 -307.2 -559.9
1197 CSW 18.3 116.1 255.2 -127.9 -311.2 -563.9
1198 Aspera 21.3 119.0 258.3 -131.9 -315.2 -567.9
1199 Menace 23.0 120.9 260.5 -135.9 -319.2 -571.9
1200 Liquid 24.6 122.3 262.0 -139.9 -323.2 -575.9
1201 Aspera 20.6 118.3 258.0 -135.1 -318.5 -571.6
1202 SSD 21.9 119.8 259.8 -139.1 -322.5 -575.6
1203 TongFu 22.3 120.4 260.5 -143.1 -326.5 -579.6
1204 iG 23.0 121.3 261.5 -147.1 -330.5 -583.6
1205 HR 19.0 117.3 257.5 -134.7 -315.4 -570.2
1206 EG 20.5 118.4 258.7 -138.7 -319.4 -574.2
1207 mouz 16.5 114.4 254.7 -132.4 -313.1 -568.3
1208 Imp 12.5 110.4 250.7 -123.9 -303.6 -559.3
1209 MiTH 8.5 106.4 246.7 -116.9 -297.3 -553.5
1210 Liquid 4.5 102.4 242.7 -104.6 -284.8 -542.7
1211 mouz 0.5 98.4 238.7 -98.9 -279.5 -537.6
1212 Fnatic.eu 2.4 100.6 241.2 -102.9 -283.5 -541.6
1213 Poseidon -1.6 96.6 237.2 -95.6 -275.4 -533.8
1214 VG -5.6 92.6 233.2 -89.4 -268.1 -527.0
1215 iG -5.2 93.3 234.0 -93.4 -272.1 -531.0
1216 LGD.cn -3.8 95.1 236.2 -97.4 -276.1 -535.0
1217 Speed -7.8 91.1 232.2 -87.4 -266.8 -526.7
1218 CSW -11.8 87.1 228.2 -81.0 -261.0 -521.5
1219 NoX -15.8 83.1 224.2 -76.2 -256.3 -517.1
1220 Empire -14.5 84.7 226.1 -80.2 -260.3 -521.1
1221 iG -18.5 80.7 222.1 -68.9 -251.4 -514.1
1222 LGD.cn -16.6 82.3 223.8 -72.9 -255.4 -518.1
1223 DK -15.7 83.5 225.3 -76.9 -259.4 -522.1
1227 Empire -13.9 85.7 227.7 -80.9 -263.4 -526.1
1229 StayFree -17.9 81.7 223.7 -74.2 -257.8 -521.3
1230 Property -21.9 77.7 219.7 -61.5 -247.4 -512.7
1231 TTD -25.9 73.7 215.7 -54.2 -238.7 -504.8
1232 Alliance -25.0 74.6 216.8 -58.2 -242.7 -508.8
1234 VG -23.1 76.8 219.4 -62.2 -246.7 -512.8
1235 TongFu -27.1 72.8 215.4 -44.3 -232.7 -502.1
1237 FSid3 -31.1 68.8 211.4 -33.9 -223.2 -493.7
1238 LGD.cn -30.5 69.7 212.6 -37.9 -227.2 -497.7
1239 RStars -29.1 71.7 215.1 -41.9 -231.2 -501.7
1240 Na'Vi -27.4 73.5 217.1 -45.9 -235.2 -505.7
1242 mouz -25.8 75.5 219.4 -49.9 -239.2 -509.7
1243 Alliance -25.1 76.3 220.5 -53.9 -243.2 -513.7
1244 Sigma.int -23.4 78.9 223.8 -57.9 -247.2 -517.7
1245 Speed -22.4 80.2 225.4 -61.9 -251.2 -521.7
1246 Liquid -19.8 83.0 228.4 -65.9 -255.2 -525.7
1247 iG -19.4 83.6 229.2 -69.9 -259.2 -529.7
1251 UR -17.9 85.5 231.3 -73.9 -263.2 -533.7
1253 LGD.int -21.9 81.5 227.3 -45.2 -242.8 -517.6
1255 Empire -19.9 83.6 229.6 -49.2 -246.8 -521.6
1256 RS -19.0 84.6 230.9 -53.2 -250.8 -525.6
1257 mouz -23.0 80.6 226.9 -41.4 -241.0 -517.2
1259 Sigma.int -21.0 83.3 229.9 -45.4 -245.0 -521.2
1261 mouz -25.0 79.3 225.9 -37.4 -239.1 -515.7
1262 iG -23.9 80.7 227.5 -41.4 -243.1 -519.7
1263 LGD.cn -23.2 81.6 228.6 -45.4 -247.1 -523.7
1264 DK -22.5 82.4 229.6 -49.4 -251.1 -527.7
1265 Fnatic.eu -26.5 78.4 225.6 -41.3 -243.6 -521.1
1266 Alliance -25.8 79.2 226.6 -45.3 -247.6 -525.1
1267 Na'Vi -24.4 80.8 228.4 -49.3 -251.6 -529.1
1268 Mski -23.3 82.2 230.0 -53.3 -255.6 -533.1
1269 Orange -22.3 83.2 231.3 -57.3 -259.6 -537.1
1270 MiTH -19.6 85.5 233.9 -61.3 -263.6 -541.1
1271 SYF -17.3 88.1 237.0 -65.3 -267.6 -545.1
1272 iG -15.3 90.6 239.8 -69.3 -271.6 -549.1
1273 RS -19.3 86.6 235.8 -56.6 -260.4 -539.0
1274 LGD.cn -17.8 88.1 237.4 -60.6 -264.4 -543.0
1275 FXopen -16.1 90.1 239.5 -64.6 -268.4 -547.0
1276 CSW -14.6 91.8 241.4 -68.6 -272.4 -551.0
1278 Lowyat -18.6 87.8 237.4 -56.4 -257.0 -537.0
1279 Titan -17.5 88.9 238.7 -60.4 -261.0 -541.0
1281 Speed -14.7 91.9 241.9 -64.4 -265.0 -545.0
1283 Speed -13.5 93.1 243.1 -68.4 -269.0 -549.0
1284 Alliance -12.7 93.9 244.1 -72.4 -273.0 -553.0
1286 LGD.int -10.6 96.5 246.8 -76.4 -277.0 -557.0
1288 Alliance -8.8 98.4 248.7 -80.4 -281.0 -561.0
1289 Titan -12.8 94.4 244.7 -75.3 -276.0 -556.1
1290 Lowyat -16.8 90.4 240.7 -69.2 -270.4 -550.7
1291 PR -13.4 93.0 243.4 -73.2 -274.4 -554.7
1292 SSD -17.4 89.0 239.4 -64.8 -265.0 -545.7
1293 TongFu -16.4 90.1 240.8 -68.8 -269.0 -549.7
1294 VG -20.4 86.1 236.8 -55.0 -255.8 -539.0
1295 Fnatic.eu -24.4 82.1 232.8 -50.1 -251.1 -534.6
1296 mouz -22.7 83.9 234.8 -54.1 -255.1 -538.6
1297 EG -20.3 86.2 237.4 -58.1 -259.1 -542.6
1298 Titan -17.6 89.2 240.8 -62.1 -263.1 -546.6
1299 EG -16.5 90.4 242.1 -66.1 -267.1 -550.6
1300 4FC -14.5 92.5 244.5 -70.1 -271.1 -554.6
1301 Hearts -13.2 94.1 246.3 -74.1 -275.1 -558.6
1302 DK -11.0 96.6 249.0 -78.1 -279.1 -562.6
1303 Sigma.int -10.1 97.8 250.5 -82.1 -283.1 -566.6
1304 Empire -6.7 100.7 253.2 -86.1 -287.1 -570.6
1305 Empire -6.1 101.5 254.1 -90.1 -291.1 -574.6
1306 FXopen -5.0 102.9 255.7 -94.1 -295.1 -578.6
1307 LGD.int -4.1 103.9 256.9 -98.1 -299.1 -582.6
1308 LGD.cn -3.4 104.7 257.9 -102.1 -303.1 -586.6
1309 4FC -1.2 106.6 260.0 -106.1 -307.1 -590.6
1310 Sigma.int -0.5 107.4 261.0 -110.1 -311.1 -594.6
1312 Arteezy 1.5 109.4 263.2 -114.1 -315.1 -598.6
1313 EG -2.5 105.4 259.2 -108.5 -309.2 -593.2
1314 TongFu -2.1 106.0 259.9 -112.5 -313.2 -597.2
1315 Empire -1.3 106.9 260.9 -116.5 -317.2 -601.2
1316 VG -0.6 107.8 262.0 -120.5 -321.2 -605.2
1317 Na'Vi 0.4 108.9 263.4 -124.5 -325.2 -609.2
1318 QPandas -3.6 104.9 259.4 -110.9 -311.7 -596.3
1319 Empire -1.5 106.5 261.0 -114.9 -315.7 -600.3
1320 Orange 2.2 109.3 263.6 -118.9 -319.7 -604.3
1321 Fnatic.eu 2.9 110.0 264.2 -122.9 -323.7 -608.3
1322 DK 3.3 110.5 264.9 -126.9 -327.7 -612.3
1323 VG 4.1 111.5 266.2 -130.9 -331.7 -616.3
1324 VG 0.1 107.5 262.2 -116.7 -317.2 -604.1
1325 Kawai -3.9 103.5 258.2 -104.6 -307.3 -594.8
1326 Dignitas -7.9 99.5 254.2 -91.6 -295.3 -584.7
1327 Speed -7.3 100.2 255.1 -95.6 -299.3 -588.7
1328 Dignitas -5.6 101.9 256.9 -99.6 -303.3 -592.7
1329 Alliance -5.0 102.6 257.7 -103.6 -307.3 -596.7
1330 Na'Vi -3.0 104.4 259.7 -107.6 -311.3 -600.7
1331 Na'Vi -1.8 105.4 260.9 -111.6 -315.3 -604.7
1332 Fnatic.eu -5.8 101.4 256.9 -101.5 -303.6 -594.4
1333 Alliance -5.0 102.2 257.9 -105.5 -307.6 -598.4
1334 iG -3.5 104.0 260.1 -109.5 -311.6 -602.4
1335 LGD.int -2.3 105.4 261.7 -113.5 -315.6 -606.4
1336 TongFu -1.3 106.3 262.7 -117.5 -319.6 -610.4
1337 Startale 1.2 108.7 265.4 -121.5 -323.6 -614.4
1338 Liquid 2.6 110.2 267.1 -125.5 -327.6 -618.4
1340 Fnatic.eu 3.5 111.2 268.3 -129.5 -331.6 -622.4
1341 Alliance 4.0 111.8 269.0 -133.5 -335.6 -626.4
1343 Fnatic.eu 2.22044604925e-14 107.8 265.0 -125.5 -326.5 -617.9
1345 Sigma.int 1.2 109.3 266.8 -129.5 -330.5 -621.9
1350 Fnatic.eu -2.8 105.3 262.8 -123.9 -324.6 -615.9
1351 VG -2.4 106.0 263.6 -127.9 -328.6 -619.9
1352 DK -1.8 106.6 264.4 -131.9 -332.6 -623.9
1353 Alliance -0.1 108.3 266.3 -135.9 -336.6 -627.9
1354 VP -4.1 104.3 262.3 -123.0 -324.4 -617.0
1355 Alliance -2.9 105.6 263.9 -127.0 -328.4 -621.0
1356 Alliance -1.6 106.8 265.2 -131.0 -332.4 -625.0
1357 Na'Vi -0.5 107.8 266.3 -135.0 -336.4 -629.0
1358 VP -4.5 103.8 262.3 -129.1 -330.8 -623.7
1359 LGD.cn -4.2 104.3 262.9 -133.1 -334.8 -627.7
1360 iG -3.8 104.8 263.5 -137.1 -338.8 -631.7
1361 Dignitas -3.1 105.6 264.5 -141.1 -342.8 -635.7
1362 Speed -2.7 106.1 265.2 -145.1 -346.8 -639.7
1363 Speed -0.6 108.1 267.6 -149.1 -350.8 -643.7
1364 Na'Vi 1.2 110.0 269.6 -153.1 -354.8 -647.7
1365 Alliance 1.9 110.7 270.4 -157.1 -358.8 -651.7
1366 Alliance 2.3 111.2 271.0 -161.1 -362.8 -655.7
1367 Liquid 3.9 113.1 273.2 -165.1 -366.8 -659.7
1368 Fnatic.eu 5.1 114.3 274.5 -169.1 -370.8 -663.7
1369 Na'Vi 5.8 115.1 275.4 -173.1 -374.8 -667.7
1370 LGD.int 1.8 111.1 271.4 -163.9 -364.4 -658.2
1372 VP -2.2 107.1 267.4 -146.0 -349.2 -645.5
1373 Liquid -0.9 108.4 268.9 -150.0 -353.2 -649.5
1375 Startale -4.9 104.4 264.9 -139.5 -346.6 -644.0
1377 LGD.cn -3.4 106.0 266.7 -143.5 -350.6 -648.0
1378 Imp -0.6 109.5 270.4 -147.5 -354.6 -652.0
1379 Fnatic.eu 0.5 110.7 271.8 -151.5 -358.6 -656.0
1380 Liquid 1.6 111.9 273.2 -155.5 -362.6 -660.0
1381 Liquid -2.4 107.9 269.2 -140.6 -348.6 -648.1
1382 Titan -1.6 108.9 270.5 -144.6 -352.6 -652.1
1383 LGD.cn -0.1 110.7 272.5 -148.6 -356.6 -656.1
1384 Empire 0.6 111.5 273.5 -152.6 -360.6 -660.1
1385 Na'Vi -3.4 107.5 269.5 -146.5 -355.4 -655.4
1386 StayFree -7.4 103.5 265.5 -136.1 -345.3 -646.4
1387 LGD.cn -4.3 106.7 268.8 -140.1 -349.3 -650.4
1388 iG -3.8 107.4 269.6 -144.1 -353.3 -654.4
1389 RStars -3.1 108.4 271.0 -148.1 -357.3 -658.4
1390 Alliance -2.6 109.0 271.7 -152.1 -361.3 -662.4
1391 Fnatic.eu -1.4 110.3 273.3 -156.1 -365.3 -666.4
1392 EG 1.5 113.7 276.7 -160.1 -369.3 -670.4
1393 Fnatic.eu 4.8 116.4 279.4 -164.1 -373.3 -674.4
1395 iG 8.2 119.2 282.3 -168.1 -377.3 -678.4
1396 rox.KIS 4.2 115.2 278.3 -132.9 -349.6 -655.2
1398 Alliance 0.2 111.2 274.3 -128.3 -345.0 -650.6
1399 EG -3.8 107.2 270.3 -113.3 -329.2 -637.3
1400 VP -1.9 109.4 272.9 -117.3 -333.2 -641.3
1401 Alliance -0.1 111.1 274.8 -121.3 -337.2 -645.3
1402 Liquid 2.0 113.3 277.1 -125.3 -341.2 -649.3
1404 VG 2.9 114.4 278.5 -129.3 -345.2 -653.3
1405 Speed 3.7 115.5 279.9 -133.3 -349.2 -657.3
1406 EG -0.3 111.5 275.9 -124.8 -341.9 -651.2
1408 Liquid 1.4 113.4 278.0 -128.8 -345.9 -655.2
1409 Liquid -2.6 109.4 274.0 -123.8 -340.9 -650.4
1412 DK -2.2 110.1 274.9 -127.8 -344.9 -654.4
1415 VP -6.2 106.1 270.9 -115.9 -332.2 -643.2
1416 Liquid -4.4 107.9 272.8 -119.9 -336.2 -647.2
1420 FD -0.9 110.8 276.0 -123.9 -340.2 -651.2
1421 Na'Vi 0.6 112.4 277.9 -127.9 -344.2 -655.2
1423 Alliance 1.1 113.0 278.6 -131.9 -348.2 -659.2
1424 DK 1.4 113.4 279.2 -135.9 -352.2 -663.2
1425 VG 2.1 114.2 280.2 -139.9 -356.2 -667.2
1426 Speed 3.5 115.7 281.9 -143.9 -360.2 -671.2
1428 EG -0.5 111.7 277.9 -136.4 -351.8 -663.0
1429 Empire 0.7 112.9 279.3 -140.4 -355.8 -667.0
1430 Na'Vi 1.6 113.9 280.5 -144.4 -359.8 -671.0
1431 DK 2.0 114.4 281.1 -148.4 -363.8 -675.0
1433 iG -2.0 110.4 277.1 -141.4 -357.8 -669.7
1434 MiTH 1.1 113.2 279.9 -145.4 -361.8 -673.7
1435 mouz 4.6 116.3 282.9 -149.4 -365.8 -677.7
1437 Liquid 6.6 118.5 285.3 -153.4 -369.8 -681.7
1438 Liquid 7.3 119.4 286.3 -157.4 -373.8 -685.7
1439 Empire 3.3 115.4 282.3 -143.9 -359.2 -671.2
1440 Alliance 5.8 118.1 285.3 -147.9 -363.2 -675.2
1441 PR 1.8 114.1 281.3 -140.0 -355.2 -667.4
1442 LGD.int 2.2 114.7 282.0 -144.0 -359.2 -671.4
1443 TongFu 2.9 115.5 283.0 -148.0 -363.2 -675.4
1445 Speed 4.7 117.9 285.7 -152.0 -367.2 -679.4
1446 mouz 0.7 113.9 281.7 -144.7 -360.9 -673.6
1447 FD -3.3 109.9 277.7 -136.5 -353.2 -666.4
1448 MiTH -7.3 105.9 273.7 -130.3 -346.4 -660.0
1449 Titan -5.4 107.6 275.5 -134.3 -350.4 -664.0
1450 Na'Vi -4.5 108.7 276.8 -138.3 -354.4 -668.0
1451 Na'Vi -3.1 110.1 278.2 -142.3 -358.4 -672.0
1453 Liquid -0.7 112.8 281.0 -146.3 -362.4 -676.0
1456 Liquid 0.8 114.6 283.0 -150.3 -366.4 -680.0
1458 Fnatic.eu -3.2 110.6 279.0 -137.5 -354.0 -668.7
1459 Na'Vi -1.5 112.1 280.7 -141.5 -358.0 -672.7
1460 Alliance -0.6 113.0 281.7 -145.5 -362.0 -676.7
1461 rox.KIS -4.6 109.0 277.7 -135.9 -353.2 -668.6
1462 rox.KIS -3.1 110.5 279.4 -139.9 -357.2 -672.6
1463 Na'Vi -1.0 112.4 281.4 -143.9 -361.2 -676.6
1465 DK 0.5 113.9 283.0 -147.9 -365.2 -680.6
1466 4FC -3.5 109.9 279.0 -135.0 -352.4 -668.8
1467 Sigma.int -7.5 105.9 275.0 -130.0 -346.8 -663.3
1468 Alliance -5.7 107.8 277.0 -134.0 -350.8 -667.3
1471 Mts -9.7 103.8 273.0 -125.2 -344.2 -661.9
1472 rox.KIS -13.7 99.8 269.0 -116.8 -338.2 -656.7
1473 LGD.cn -13.1 100.6 270.0 -120.8 -342.2 -660.7
1475 TongFu3 -11.3 102.3 271.9 -124.8 -346.2 -664.7
1478 Alliance -10.1 103.6 273.3 -128.8 -350.2 -668.7
1479 Liquid -9.4 104.4 274.3 -132.8 -354.2 -672.7
1480 Na'Vi -7.7 105.9 275.9 -136.8 -358.2 -676.7
1481 DK -11.7 101.9 271.9 -127.5 -350.0 -670.0
1482 Fnatic.eu -11.0 102.8 273.1 -131.5 -354.0 -674.0
1483 Sigma.int -15.0 98.8 269.1 -120.5 -341.6 -662.4
1484 DK -13.1 101.0 271.6 -124.5 -345.6 -666.4
1485 EG -17.1 97.0 267.6 -117.2 -338.9 -660.0
1486 Sigma.int -21.1 93.0 263.6 -113.0 -333.9 -654.9
1487 VG -19.0 95.4 266.3 -117.0 -337.9 -658.9
1488 Imp -17.2 97.4 268.8 -121.0 -341.9 -662.9
1489 Na'Vi -15.5 99.1 270.7 -125.0 -345.9 -666.9
1490 EG -14.7 100.1 271.8 -129.0 -349.9 -670.9
1491 Fnatic.eu -11.5 103.5 275.5 -133.0 -353.9 -674.9
1492 Alliance -10.2 104.9 277.0 -137.0 -357.9 -678.9
1493 Sigma.int -14.2 100.9 273.0 -132.1 -352.3 -673.3
1494 Na'Vi -13.6 101.6 273.8 -136.1 -356.3 -677.3
1495 DK -12.5 102.9 275.3 -140.1 -360.3 -681.3
1496 Sigma.int -10.6 105.2 278.0 -144.1 -364.3 -685.3
1497 Speed -14.6 101.2 274.0 -130.5 -352.4 -674.4
1498 Fnatic.eu -18.6 97.2 270.0 -114.4 -336.9 -659.7
1499 DK -17.8 98.2 271.0 -118.4 -340.9 -663.7
1500 Speed -17.1 99.1 272.2 -122.4 -344.9 -667.7
1501 Liquid -21.1 95.1 268.2 -109.0 -331.8 -655.9
1503 Speed -18.6 97.2 270.6 -113.0 -335.8 -659.9
1504 Sigma.int -15.6 100.4 273.9 -117.0 -339.8 -663.9
1506 Liquid -14.3 101.8 275.4 -121.0 -343.8 -667.9
1507 DK -12.6 103.5 277.1 -125.0 -347.8 -671.9
1508 Alliance -12.0 104.3 277.9 -129.0 -351.8 -675.9
1509 Speed -8.6 107.9 281.6 -133.0 -355.8 -679.9
1510 Na'Vi -7.1 109.5 283.4 -137.0 -359.8 -683.9
1511 Sigma.int -6.6 110.2 284.1 -141.0 -363.8 -687.9
1512 Alliance -5.7 111.2 285.3 -145.0 -367.8 -691.9
1513 DK -5.4 111.7 285.9 -149.0 -371.8 -695.9
1514 Fnatic.eu -9.4 107.7 281.9 -143.1 -366.0 -690.0
1515 Speed -13.4 103.7 277.9 -132.1 -355.2 -680.2
1516 DK -17.4 99.7 273.9 -127.9 -350.1 -675.1
1517 Speed -14.3 102.8 277.1 -131.9 -354.1 -679.1
1518 Speed -18.3 98.8 273.1 -122.2 -345.7 -671.5
1519 Orange -15.0 101.4 275.7 -126.2 -349.7 -675.5
1520 Titan -12.4 103.9 278.3 -130.2 -353.7 -679.5
1521 Next.kz -10.6 106.0 280.8 -134.2 -357.7 -683.5
1522 Next.kz -14.6 102.0 276.8 -127.8 -351.5 -677.9
1523 SSD -18.6 98.0 272.8 -114.4 -338.2 -666.6
1524 Aspera -17.2 99.8 274.8 -118.4 -342.2 -670.6
1525 mouz -14.4 102.5 277.6 -122.4 -346.2 -674.6
1526 TongFu3 -12.0 105.0 280.4 -126.4 -350.2 -678.6
1527 VP -10.9 106.4 282.0 -130.4 -354.2 -682.6
1528 TongFu -10.2 107.2 283.0 -134.4 -358.2 -686.6
1529 LGD.int -9.6 108.0 284.0 -138.4 -362.2 -690.6
1530 Empire -8.1 109.7 285.9 -142.4 -366.2 -694.6
1531 Aspera -6.7 111.2 287.6 -146.4 -370.2 -698.6
1532 Poseidon -10.7 107.2 283.6 -141.2 -364.9 -693.9
1533 OsG -14.7 103.2 279.6 -128.0 -352.4 -683.6
1534 Poseidon -12.8 105.1 281.7 -132.0 -356.4 -687.6
1535 Venum -10.8 107.6 284.5 -136.0 -360.4 -691.6
1536 Hearts -7.1 110.7 287.6 -140.0 -364.4 -695.6
1537 FL -11.1 106.7 283.6 -130.2 -353.2 -686.0
1538 NoX -15.1 102.7 279.6 -122.7 -344.8 -678.2
1539 Next.kz -12.4 105.0 282.0 -126.7 -348.8 -682.2
1540 Next.kz -9.8 107.7 285.0 -130.7 -352.8 -686.2
1541 PR -13.8 103.7 281.0 -124.0 -346.7 -680.7
1542 rox.KIS -11.5 106.2 283.9 -128.0 -350.7 -684.7
1543 Fnatic.eu -8.9 108.6 286.4 -132.0 -354.7 -688.7
1544 SSD -7.2 110.5 288.5 -136.0 -358.7 -692.7
1545 LGD.cn -5.7 112.3 290.7 -140.0 -362.7 -696.7
1546 iG -4.5 113.7 292.4 -144.0 -366.7 -700.7
1547 Fnatic.eu -8.5 109.7 288.4 -134.1 -356.5 -691.1
1548 Na'Vi -6.9 111.3 290.2 -138.1 -360.5 -695.1
1549 VG -6.3 112.2 291.4 -142.1 -364.5 -699.1
1550 DK -5.6 113.0 292.4 -146.1 -368.5 -703.1
1553 Fnatic.eu -9.6 109.0 288.4 -136.8 -359.7 -695.5
1554 Alliance -7.7 110.8 290.3 -140.8 -363.7 -699.5
1556 LGD.cn -4.2 114.4 294.0 -144.8 -367.7 -703.5
1557 LGD.int -8.2 110.4 290.0 -136.1 -358.2 -695.0
1558 FD -12.2 106.4 286.0 -130.5 -353.2 -690.3
1560 EOT -10.2 108.4 288.2 -134.5 -357.2 -694.3
1561 Na'Vi -7.5 110.9 290.8 -138.5 -361.2 -698.3
1562 VG -11.5 106.9 286.8 -131.5 -351.5 -689.2
1563 FL -8.5 109.9 290.2 -135.5 -355.5 -693.2
1564 Mski -5.0 112.8 293.1 -139.5 -359.5 -697.2
1565 NSG -9.0 108.8 289.1 -134.8 -353.6 -691.3
1568 Next.kz -7.8 110.3 290.8 -138.8 -357.6 -695.3
1569 Next.kz -11.8 106.3 286.8 -132.7 -350.8 -689.0
1571 PR -9.0 109.0 289.6 -136.7 -354.8 -693.0
1572 Fnatic.eu -7.6 110.3 291.0 -140.7 -358.8 -697.0
1573 iG -5.8 112.2 293.3 -144.7 -362.8 -701.0
1574 DK -4.7 113.4 294.6 -148.7 -366.8 -705.0
1575 iG -8.7 109.4 290.6 -144.3 -362.4 -700.6
1576 5inQ -7.2 111.3 292.9 -148.3 -366.4 -704.6
1577 MVP.P -3.9 114.2 295.7 -152.3 -370.4 -708.6
1578 VG -7.9 110.2 291.7 -143.1 -361.5 -700.3
1579 DK -6.8 111.7 293.4 -147.1 -365.5 -704.3
1580 Alliance -5.7 113.0 294.9 -151.1 -369.5 -708.3
1582 PR -4.3 114.3 296.3 -155.1 -373.5 -712.3
1583 Sigma.int -2.9 116.0 298.3 -159.1 -377.5 -716.3
1584 SSD -0.5 118.8 301.2 -163.1 -381.5 -720.3
1585 Fnatic.eu 0.4 119.8 302.4 -167.1 -385.5 -724.3
1586 Fnatic.eu -3.6 115.8 298.4 -157.5 -376.1 -715.0
1587 Idol -2.1 117.6 300.7 -161.5 -380.1 -719.0
1588 LGD.cn -6.1 113.6 296.7 -157.2 -374.3 -712.7
1589 FD -5.1 114.7 298.0 -161.2 -378.3 -716.7
1590 Orange -4.3 115.7 299.3 -165.2 -382.3 -720.7
1593 FD -3.6 116.7 300.6 -169.2 -386.3 -724.7
1594 FD -7.6 112.7 296.6 -160.4 -376.3 -715.5
1595 Idol -11.6 108.7 292.6 -154.3 -368.4 -707.4
1596 Kawai -15.6 104.7 288.6 -150.0 -363.9 -702.7
1597 Empire -13.8 106.5 290.4 -154.0 -367.9 -706.7
1598 Alliance -12.9 107.5 291.5 -158.0 -371.9 -710.7
1599 OsG -16.9 103.5 287.5 -149.2 -364.1 -703.6
1600 TR -20.9 99.5 283.5 -138.3 -355.7 -696.5
1601 SSD -17.6 102.4 286.4 -142.3 -359.7 -700.5
1602 VP -15.9 104.3 288.4 -146.3 -363.7 -704.5
1603 Fnatic.eu -14.4 105.8 289.9 -150.3 -367.7 -708.5
1604 Sigma.int -18.4 101.8 285.9 -139.9 -356.9 -698.4
1605 VG -16.0 104.7 289.1 -143.9 -360.9 -702.4
1607 Idol -15.0 106.1 290.8 -147.9 -364.9 -706.4
1608 VP -19.0 102.1 286.8 -138.0 -356.0 -698.9
1610 VP -15.7 105.8 290.7 -142.0 -360.0 -702.9
1611 Sigma.int -14.7 107.1 292.2 -146.0 -364.0 -706.9
1612 Fnatic.eu -12.8 109.0 294.4 -150.0 -368.0 -710.9
1613 Fnatic.eu -11.4 110.4 296.0 -154.0 -372.0 -714.9
1614 Alliance -10.8 111.2 296.9 -158.0 -376.0 -718.9
1615 Speed -7.9 114.0 300.0 -162.0 -380.0 -722.9
1617 Siltherin -5.9 116.3 302.6 -166.0 -384.0 -726.9
1618 FD -4.3 118.0 304.7 -170.0 -388.0 -730.9
1619 XctN -2.0 120.6 307.5 -174.0 -392.0 -734.9
1620 VP -0.5 122.0 309.1 -178.0 -396.0 -738.9
1622 Aspera -4.5 118.0 305.1 -171.9 -389.6 -732.9
1623 SSD -2.6 119.9 307.1 -175.9 -393.6 -736.9
1624 PR -1.0 121.7 309.1 -179.9 -397.6 -740.9
1625 Idol -5.0 117.7 305.1 -170.8 -388.8 -733.2
1626 FD -4.1 118.9 306.5 -174.8 -392.8 -737.2
1627 MVP -2.1 120.6 308.3 -178.8 -396.8 -741.2
1628 Alliance -1.4 121.3 309.2 -182.8 -400.8 -745.2
1629 Fnatic.eu -0.9 121.9 310.0 -186.8 -404.8 -749.2
1630 Na'Vi 1.7 124.2 312.5 -190.8 -408.8 -753.2
1631 VG 2.2 124.9 313.5 -194.8 -412.8 -757.2
1632 Fnatic.eu -1.8 120.9 309.5 -189.1 -407.0 -751.4
1633 Startale 1.7 123.6 312.0 -193.1 -411.0 -755.4
1634 Alliance 2.4 124.5 313.0 -197.1 -415.0 -759.4
1635 VG -1.6 120.5 309.0 -192.0 -407.8 -751.7
1636 Sigma.int -0.9 121.3 310.1 -196.0 -411.8 -755.7
1637 Na'Vi 1.0 123.1 312.0 -200.0 -415.8 -759.7
1639 Fnatic.eu -3.0 119.1 308.0 -194.2 -410.0 -754.5
1640 FD 0.1 122.7 311.6 -198.2 -414.0 -758.5
1641 RRQ -3.9 118.7 307.6 -189.0 -404.0 -748.9
1642 MiTH -2.2 120.8 309.8 -193.0 -408.0 -752.9
1643 VG 0.2 123.9 313.2 -197.0 -412.0 -756.9
1644 iG -3.8 119.9 309.2 -191.0 -406.5 -751.6
1645 RRQ -1.4 122.2 311.6 -195.0 -410.5 -755.6
1646 RRQ -5.4 118.2 307.6 -190.7 -405.6 -750.4
1647 MiTH -9.4 114.2 303.6 -185.0 -400.4 -745.9
1648 Poseidon -13.4 110.2 299.6 -176.6 -392.0 -737.8
1650 VP -11.5 112.4 301.8 -180.6 -396.0 -741.8
1651 rox.KIS -9.8 114.1 303.7 -184.6 -400.0 -745.8
1652 PR -8.7 115.4 305.2 -188.6 -404.0 -749.8
1653 mouz -7.1 117.0 307.0 -192.6 -408.0 -753.8
1654 MVP.P -6.1 118.4 308.6 -196.6 -412.0 -757.8
1655 RRQ -3.6 120.3 310.5 -200.6 -416.0 -761.8
1656 HR -7.6 116.3 306.5 -191.6 -405.4 -752.0
1657 RRQ -6.9 117.2 307.6 -195.6 -409.4 -756.0
1659 Alliance -10.9 113.2 303.6 -191.3 -404.7 -751.4
1660 Poseidon -14.9 109.2 299.6 -174.9 -390.1 -739.8
1661 Alliance -12.2 112.0 302.6 -178.9 -394.1 -743.8
1662 Fnatic.eu -11.4 113.0 303.8 -182.9 -398.1 -747.8
1664 DK -10.7 113.8 304.8 -186.9 -402.1 -751.8
1665 LGD.cn -10.1 114.5 305.8 -190.9 -406.1 -755.8
1666 Lowyat -14.1 110.5 301.8 -184.2 -400.4 -750.7
1667 Fnatic.eu -12.6 111.9 303.4 -188.2 -404.4 -754.7
1668 Duskbin -11.8 113.2 305.0 -192.2 -408.4 -758.7
1669 Neon -15.8 109.2 301.0 -183.5 -400.3 -751.7
1671 Neon -12.4 112.5 304.5 -187.5 -404.3 -755.7
1672 MiTH -10.5 114.4 306.6 -191.5 -408.3 -759.7
1673 rox.KIS -7.7 117.7 310.3 -195.5 -412.3 -763.7
1674 Empire -6.5 119.0 311.7 -199.5 -416.3 -767.7
1676 TR -10.5 115.0 307.7 -185.3 -404.7 -757.9
1677 Na'Vi -9.3 116.2 309.2 -189.3 -408.7 -761.9
1678 Na'Vi -8.4 117.3 310.4 -193.3 -412.7 -765.9
1679 Speed -6.7 119.0 312.3 -197.3 -416.7 -769.9
1680 Mski -3.4 121.9 315.2 -201.3 -420.7 -773.9
1681 Mski -2.5 123.0 316.5 -205.3 -424.7 -777.9
1682 Lowyat -1.3 124.3 318.1 -209.3 -428.7 -781.9
1683 rox.KIS 2.26485497024e-14 125.9 320.0 -213.3 -432.7 -785.9
1684 Alliance 1.4 127.2 321.4 -217.3 -436.7 -789.9
1685 Alliance 1.9 127.8 322.1 -221.3 -440.7 -793.9
1686 Sigma.int 3.1 129.0 323.5 -225.3 -444.7 -797.9
1688 Fnatic.eu 4.5 130.4 325.0 -229.3 -448.7 -801.9
1689 iG 5.0 131.0 325.7 -233.3 -452.7 -805.9
1690 Mski 7.0 132.5 327.2 -237.3 -456.7 -809.9
1697 mouz 3.0 128.5 323.2 -220.4 -436.6 -789.8
1698 Alliance 4.5 129.8 324.6 -224.4 -440.6 -793.8
1699 OsG 0.5 125.8 320.6 -196.0 -414.3 -770.4
1701 TongFu 1.5 126.8 321.7 -200.0 -418.3 -774.4
1702 DK 5.0 130.2 325.1 -204.0 -422.3 -778.4
1703 DK 1.0 126.2 321.1 -198.7 -417.4 -773.7
1704 Alliance 3.7 128.9 324.0 -202.7 -421.4 -777.7
1705 Next.kz 5.4 130.8 326.2 -206.7 -425.4 -781.7
1706 Sigma.int 6.3 131.6 327.1 -210.7 -429.4 -785.7
1707 mouz 7.5 132.7 328.3 -214.7 -433.4 -789.7
1708 HR 8.6 134.0 329.9 -218.7 -437.4 -793.7
1709 iG 10.0 135.6 331.9 -222.7 -441.4 -797.7
1709 iG 11.4 137.2 333.9 -226.7 -445.4 -801.7
1710 Speed 7.4 133.2 329.9 -220.6 -439.2 -795.8
1710 Speed 3.4 129.2 325.9 -214.1 -432.7 -789.9
1711 Next.kz 4.2 130.2 327.1 -218.1 -436.7 -793.9
1711 Next.kz 4.9 131.1 328.1 -222.1 -440.7 -797.9
1712 VP 6.6 132.8 329.9 -226.1 -444.7 -801.9
1712 VP 8.5 134.4 331.6 -230.1 -448.7 -805.9
1713 Alliance 10.1 136.0 333.3 -234.1 -452.7 -809.9
1713 Sigma.int 11.9 137.4 335.0 -238.1 -456.7 -813.9
1714 rox.KIS 12.6 138.3 336.0 -242.1 -460.7 -817.9
1714 rox.KIS 13.5 139.2 337.2 -246.1 -464.7 -821.9
1715 Poseidon 9.5 135.2 333.2 -240.4 -459.3 -816.6
1716 rox.KIS 11.9 137.9 336.0 -244.4 -463.3 -820.6
1716 rox.KIS 14.5 140.5 338.9 -248.4 -467.3 -824.6
1718 Fnatic.eu 10.5 136.5 334.9 -242.0 -460.4 -818.8
1718 Fnatic.eu 6.5 132.5 330.9 -235.1 -453.8 -813.0
1719 HR 8.3 134.0 332.5 -239.1 -457.8 -817.0
1719 HR 10.1 135.5 334.1 -243.1 -461.8 -821.0
1720 Mski 11.0 136.5 335.2 -247.1 -465.8 -825.0
1721 Lowyat 12.1 137.5 336.7 -251.1 -469.8 -829.0
1722 Mski 12.9 138.3 337.7 -255.1 -473.8 -833.0
1723 Mski 14.6 139.9 339.3 -259.1 -477.8 -837.0
1724 LGD.cn 16.2 141.6 341.2 -263.1 -481.8 -841.0
1725 VG 17.3 142.8 342.6 -267.1 -485.8 -845.0
1726 Lowyat 18.3 143.8 343.8 -271.1 -489.8 -849.0
1727 Mski 19.1 144.7 344.7 -275.1 -493.8 -853.0
1728 sQreen 15.1 140.7 340.7 -262.9 -481.3 -842.0
1730 rox.KIS 16.1 142.1 342.2 -266.9 -485.3 -846.0
1731 Empire 12.1 138.1 338.2 -254.7 -472.4 -834.7
1732 rox.KIS 8.1 134.1 334.2 -248.8 -465.1 -827.4
1733 PR 4.1 130.1 330.2 -237.9 -454.6 -817.7
1734 PR 7.6 133.7 333.9 -241.9 -458.6 -821.7
1735 Mski 8.4 134.5 334.9 -245.9 -462.6 -825.7
1736 Lowyat 4.4 130.5 330.9 -236.7 -453.6 -817.8
1737 MiTH 0.4 126.5 326.9 -231.8 -447.5 -812.0
1738 Lowyat 2.5 128.3 328.8 -235.8 -451.5 -816.0
1739 5inQ -1.5 124.3 324.8 -228.0 -443.7 -809.6
1740 LGD.cn -5.5 120.3 320.8 -221.6 -438.1 -804.8
1742 Na'Vi -4.0 122.3 323.0 -225.6 -442.1 -808.8
1743 Na'Vi -2.3 124.4 325.4 -229.6 -446.1 -812.8
1744 Sigma.int -1.3 125.7 326.9 -233.6 -450.1 -816.8
1745 Na'Vi -0.6 126.6 328.0 -237.6 -454.1 -820.8
1746 Alliance 0.1 127.4 329.1 -241.6 -458.1 -824.8
1748 Idol -3.9 123.4 325.1 -237.3 -453.0 -819.8
1749 FD -7.9 119.4 321.1 -233.0 -447.9 -814.4
1750 Alliance -7.2 120.2 322.1 -237.0 -451.9 -818.4
1751 Na'Vi -6.3 121.2 323.3 -241.0 -455.9 -822.4
1753 Na'Vi -5.0 122.6 324.9 -245.0 -459.9 -826.4
1754 TR -9.0 118.6 320.9 -232.1 -448.5 -816.7
1755 SSD -7.9 120.0 322.6 -236.1 -452.5 -820.7
1756 TongFu -11.9 116.0 318.6 -228.3 -445.6 -815.0
1758 DK -10.3 117.8 320.7 -232.3 -449.6 -819.0
1759 FD -7.2 121.3 324.6 -236.3 -453.6 -823.0
1760 Duskbin -11.2 117.3 320.6 -226.8 -443.0 -813.1
1761 Mski -10.2 118.6 322.0 -230.8 -447.0 -817.1
1762 TR -14.2 114.6 318.0 -221.4 -438.7 -809.9
1763 rox.KIS -13.3 115.6 319.2 -225.4 -442.7 -813.9
1764 Na'Vi -12.2 116.7 320.5 -229.4 -446.7 -817.9
1767 rox.KIS -9.5 119.8 324.0 -233.4 -450.7 -821.9
1768 QPandas -13.5 115.8 320.0 -223.0 -440.9 -813.4
1769 XctN -17.5 111.8 316.0 -218.0 -435.2 -807.9
1770 5inQ -15.8 114.4 319.0 -222.0 -439.2 -811.9
1771 VG -14.9 115.6 320.6 -226.0 -443.2 -815.9
1773 FD -12.8 117.4 322.6 -230.0 -447.2 -819.9
1774 Idol -11.8 118.9 324.5 -234.0 -451.2 -823.9
1775 RRQ -15.8 114.9 320.5 -228.4 -446.3 -819.4
1776 Fnatic.eu -14.7 116.1 321.9 -232.4 -450.3 -823.4
1777 PR -13.2 117.7 323.7 -236.4 -454.3 -827.4
1778 FSid3 -17.2 113.7 319.7 -230.4 -447.7 -820.9
1779 Fnatic.eu -15.4 115.2 321.3 -234.4 -451.7 -824.9
1780 Titan -14.0 116.8 323.1 -238.4 -455.7 -828.9
1781 FD -12.3 118.7 325.2 -242.4 -459.7 -832.9
1783 Titan -11.3 119.7 326.5 -246.4 -463.7 -836.9
1784 LGD.cn -9.7 121.3 328.5 -250.4 -467.7 -840.9
1785 Fnatic.eu -8.6 122.5 329.8 -254.4 -471.7 -844.9
1786 Fnatic.eu -7.2 123.9 331.3 -258.4 -475.7 -848.9
1787 Sigma.int -4.7 126.4 333.9 -262.4 -479.7 -852.9
1788 Sigma.int -4.1 127.1 334.8 -266.4 -483.7 -856.9
1789 Na'Vi -1.2 129.8 337.6 -270.4 -487.7 -860.9
1790 Na'Vi -0.2 130.7 338.6 -274.4 -491.7 -864.9
1791 Revenge -4.2 126.7 334.6 -265.0 -480.2 -853.3
1792 Empire -8.2 122.7 330.6 -257.1 -472.5 -846.4
1793 Fnatic.eu -6.9 124.0 332.1 -261.1 -476.5 -850.4
1794 Mski -10.9 120.0 328.1 -256.0 -470.9 -845.1
1795 Empire -9.3 121.8 329.9 -260.0 -474.9 -849.1
1796 Titan -6.8 124.5 332.5 -264.0 -478.9 -853.1
1797 TR -10.8 120.5 328.5 -254.6 -469.1 -843.6
1798 OsG -8.5 123.2 331.3 -258.6 -473.1 -847.6
1799 VP -12.5 119.2 327.3 -249.9 -466.4 -841.8
1800 Empire -10.9 120.8 329.1 -253.9 -470.4 -845.8
1801 Na'Vi -9.2 122.2 330.7 -257.9 -474.4 -849.8
1802 PR -13.2 118.2 326.7 -244.8 -458.5 -835.0
1803 Sigma.int -12.0 119.6 328.2 -248.8 -462.5 -839.0
1804 DK -11.6 120.2 328.9 -252.8 -466.5 -843.0
1805 VG -11.0 120.9 329.8 -256.8 -470.5 -847.0
1806 DT -9.3 122.5 331.6 -260.8 -474.5 -851.0
1807 LGD.cn -8.8 123.1 332.4 -264.8 -478.5 -855.0
1808 iG -8.4 123.7 333.2 -268.8 -482.5 -859.0
1809 Titan -7.2 124.8 334.5 -272.8 -486.5 -863.0
1810 TR -11.2 120.8 330.5 -268.0 -481.3 -857.8
1811 TongFu -10.3 121.7 331.6 -272.0 -485.3 -861.8
1813 DK -8.0 124.2 334.3 -276.0 -489.3 -865.8
1814 LGD.cn -7.5 124.9 335.2 -280.0 -493.3 -869.8
1815 iG -6.6 126.3 336.9 -284.0 -497.3 -873.8
1816 TongFu -10.6 122.3 332.9 -278.4 -492.2 -869.4
1817 Mski -9.4 123.5 334.3 -282.4 -496.2 -873.4
1818 FD -7.2 125.6 336.4 -286.4 -500.2 -877.4
1819 rox.KIS -4.8 127.9 338.9 -290.4 -504.2 -881.4
1820 Empire -3.9 128.8 340.0 -294.4 -508.2 -885.4
1821 QPandas -7.9 124.8 336.0 -283.6 -497.2 -875.8
1822 Fnatic.eu -7.4 125.4 336.7 -287.6 -501.2 -879.8
1823 SSD -5.7 127.0 338.4 -291.6 -505.2 -883.8
1824 Empire -2.5 130.2 341.9 -295.6 -509.2 -887.8
1825 DK -0.9 132.0 344.0 -299.6 -513.2 -891.8
1826 Titan 0.1 133.0 345.1 -303.6 -517.2 -895.8
1827 MVP.P 1.0 134.2 346.5 -307.6 -521.2 -899.8
1828 TongFu -3.0 130.2 342.5 -293.2 -510.0 -890.0
1829 Sigma.int -1.7 131.9 344.5 -297.2 -514.0 -894.0
1830 mouz 0.5 134.1 346.7 -301.2 -518.0 -898.0
1831 rox.KIS -3.5 130.1 342.7 -292.2 -510.5 -891.0
1832 TR -0.1 133.3 346.1 -296.2 -514.5 -895.0
1833 Fnatic.eu 1.4 134.7 347.5 -300.2 -518.5 -899.0
1836 DK 2.8 136.3 349.3 -304.2 -522.5 -903.0
1837 Titan 4.4 137.8 351.0 -308.2 -526.5 -907.0
1838 Titan 0.4 133.8 347.0 -301.9 -519.8 -900.5
1839 Sigma.int -3.6 129.8 343.0 -293.1 -511.3 -892.6
1840 PR -7.6 125.8 339.0 -280.9 -500.0 -882.1
1841 SSD -5.8 127.8 341.2 -284.9 -504.0 -886.1
1842 DK -4.5 129.4 343.0 -288.9 -508.0 -890.1
1843 iG -2.5 131.8 345.6 -292.9 -512.0 -894.1
1844 VG -6.5 127.8 341.6 -287.1 -507.0 -889.4
1845 DK -4.6 130.0 342.8 -291.1 -511.0 -893.4
1846 DK -3.7 131.1 343.4 -295.1 -515.0 -897.4
1847 DK -2.9 132.2 344.7 -299.1 -519.0 -901.4
1848 TongFu -1.2 134.3 347.1 -303.1 -523.0 -905.4
1849 PBS 0.5 136.5 349.7 -307.1 -527.0 -909.4
1850 rox.KIS 1.8 138.1 350.5 -311.1 -531.0 -913.4
1851 Alliance 2.5 139.0 351.1 -315.1 -535.0 -917.4
1852 SSD 4.2 140.6 352.8 -319.1 -539.0 -921.4
1853 Alliance 5.2 141.4 353.7 -323.1 -543.0 -925.4
1854 SSD 1.2 137.4 349.7 -316.2 -534.8 -917.6
1857 iG 1.9 138.3 350.8 -320.2 -538.8 -921.6
1858 Empire 4.2 141.0 352.2 -324.2 -542.8 -925.6
1860 Fnatic.eu 4.8 141.8 353.1 -328.2 -546.8 -929.6
1861 Sigma.int 5.8 143.0 354.6 -332.2 -550.8 -933.6
1862 Next.kz 1.8 139.0 350.6 -321.3 -540.2 -923.8
1863 Fnatic.eu 3.0 140.3 351.6 -325.3 -544.2 -927.8
1864 Revenge 5.3 142.8 354.4 -329.3 -548.2 -931.8
1865 TongFu 6.1 143.8 355.6 -333.3 -552.2 -935.8
1866 Sigma.int 8.0 146.1 357.2 -337.3 -556.2 -939.8
1867 Fnatic.eu 8.9 147.1 357.9 -341.3 -560.2 -943.8
1868 Na'Vi 9.6 147.9 358.4 -345.3 -564.2 -947.8
1869 FSid3 5.6 143.9 354.4 -337.5 -556.7 -941.5
1870 FSid3 1.6 139.9 350.4 -327.8 -545.2 -930.2
1871 Relax 3.3 141.7 352.6 -331.8 -549.2 -934.2
1872 rox.KIS -0.7 137.7 348.6 -327.2 -544.4 -929.5
1873 PBS -4.7 133.7 344.6 -320.9 -537.8 -926.0
1874 Revenge -3.3 135.3 345.6 -324.9 -541.8 -930.0
1875 iG -1.7 137.0 347.5 -328.9 -545.8 -934.0
1876 GB 0.1 138.9 349.7 -332.9 -549.8 -938.0
1877 FD 1.7 140.6 351.0 -336.9 -553.8 -942.0
1878 Invasion -2.3 136.6 347.0 -325.3 -543.4 -928.1
1879 Orange -1.5 137.5 348.0 -329.3 -547.4 -932.1
1880 VG -5.5 133.5 344.0 -322.7 -540.0 -925.0
1881 LGD.cn -2.2 137.3 345.9 -326.7 -544.0 -929.0
1882 Swage 1.5 141.2 348.6 -330.7 -548.0 -933.0
1883 iG -2.5 137.2 344.6 -322.3 -540.5 -923.3
1885 Mski -1.3 138.3 345.8 -326.3 -544.5 -927.3
1886 Invasion 2.30926389122e-14 139.7 346.8 -330.3 -548.5 -931.3
1887 Lowyat 1.3 141.1 348.2 -334.3 -552.5 -935.3
1888 SMM 4.5 144.0 351.3 -338.3 -556.5 -939.3
1889 Fnatic.eu 0.5 140.0 347.3 -321.1 -543.4 -927.5
1890 LGD.cn -3.5 136.0 343.3 -314.6 -537.5 -922.0
1891 Lowyat -7.5 132.0 339.3 -310.0 -532.9 -917.5
1892 nAra -11.5 128.0 335.3 -302.2 -526.1 -909.1
1893 Mski -10.3 129.4 336.0 -306.2 -530.1 -913.1
1894 Spirit -14.3 125.4 332.0 -293.7 -518.6 -896.8
1895 Fnatic.eu -18.3 121.4 328.0 -289.1 -514.7 -888.1
1896 XctN -22.3 117.4 324.0 -283.7 -508.8 -882.6
1897 Idol -26.3 113.4 320.0 -277.8 -502.8 -876.9
1898 Titan -25.0 115.1 320.8 -281.8 -506.8 -880.9
1899 LGD.cn -22.5 117.7 322.8 -285.8 -510.8 -884.9
1900 PBS -20.3 120.1 325.4 -289.8 -514.8 -888.9
1902 Idol -24.3 116.1 321.4 -285.1 -510.2 -884.8
1903 Titan -22.3 118.5 322.7 -289.1 -514.2 -888.8
1904 Mastery -26.3 114.5 318.7 -282.6 -507.9 -881.3
1905 Swage -30.3 110.5 314.7 -275.0 -501.2 -875.3
1906 5inQ -29.2 112.2 316.7 -279.0 -505.2 -879.3
1907 EOT -26.3 115.5 319.0 -283.0 -509.2 -883.3
1908 Sigma.int -30.3 111.5 315.0 -278.1 -503.8 -877.7
1909 Mski -27.2 115.1 317.7 -282.1 -507.8 -881.7
1910 FD -25.3 117.3 319.2 -286.1 -511.8 -885.7
1911 Titan -24.2 118.6 320.2 -290.1 -515.8 -889.7
1912 Orange -22.1 120.6 322.2 -294.1 -519.8 -893.7
1913 rox.KIS -20.7 122.2 323.5 -298.1 -523.8 -897.7
1914 rox.KIS -18.9 124.0 325.5 -302.1 -527.8 -901.7
1916 rox.KIS -17.6 125.4 327.0 -306.1 -531.8 -905.7
1917 Orange -15.6 127.0 328.7 -310.1 -535.8 -909.7
1918 Orange -13.5 128.9 330.6 -314.1 -539.8 -913.7
1920 Mski -17.5 124.9 326.6 -305.8 -533.3 -907.7
1921 VP -15.0 127.3 328.9 -309.8 -537.3 -911.7
1922 VP -19.0 123.3 324.9 -304.9 -532.5 -907.3
1923 VP -17.5 125.0 326.7 -308.9 -536.5 -911.3
1924 Sigma.int -15.2 127.7 328.4 -312.9 -540.5 -915.3
1925 PR -13.5 129.3 329.8 -316.9 -544.5 -919.3
1926 PR -10.9 131.4 332.0 -320.9 -548.5 -923.3
1927 Titan -9.3 133.2 333.2 -324.9 -552.5 -927.3
1928 Zephyr -8.3 134.7 335.0 -328.9 -556.5 -931.3
1929 MVP -7.0 136.2 336.8 -332.9 -560.5 -935.3
1930 Alliance -4.9 138.3 339.2 -336.9 -564.5 -939.3
1931 Swage -8.9 134.3 335.2 -328.9 -557.2 -932.7
1933 Alliance -6.7 136.5 337.6 -332.9 -561.2 -936.7
1934 Sigma.int -10.7 132.5 333.6 -321.9 -549.8 -926.1
1935 EOT.Ham. -14.7 128.5 329.6 -306.4 -539.8 -918.0
1936 Alliance -12.9 130.5 331.3 -310.4 -543.8 -922.0
1937 Na'Vi -11.1 132.5 333.5 -314.4 -547.8 -926.0
1938 DK -8.6 135.2 336.4 -318.4 -551.8 -930.0
1939 Na'Vi -6.9 137.1 337.8 -322.4 -555.8 -934.0
1940 Na'Vi -10.9 133.1 333.8 -317.2 -551.5 -929.7
1941 Zephyr -8.8 135.7 335.0 -321.2 -555.5 -933.7
1942 VP -5.4 138.6 337.9 -325.2 -559.5 -937.7
1943 PR -3.5 140.5 340.1 -329.2 -563.5 -941.7
1944 VP -1.6 142.6 341.6 -333.2 -567.5 -945.7
1945 rox.KIS -0.5 143.9 342.4 -337.2 -571.5 -949.7
1946 PR -4.5 139.9 338.4 -330.6 -564.4 -943.1
1947 Relax -8.5 135.9 334.4 -323.6 -557.5 -937.0
1948 Empire -7.5 137.0 335.8 -327.6 -561.5 -941.0
1949 EOT.Ham. -11.5 133.0 331.8 -316.7 -552.2 -933.0
1951 Empire -10.3 134.5 332.6 -320.7 -556.2 -937.0
1953 Fnatic.eu -9.3 135.7 333.6 -324.7 -560.2 -941.0
1954 Empire -8.4 136.7 334.8 -328.7 -564.2 -945.0
1955 Life -5.6 140.2 336.5 -332.7 -568.2 -949.0
1956 rox.KIS -4.0 141.6 338.0 -336.7 -572.2 -953.0
1960 Empire -2.3 143.4 340.2 -340.7 -576.2 -957.0
1961 Fnatic.eu -1.5 144.3 340.8 -344.7 -580.2 -961.0
1962 Fnatic.eu 0.8 146.7 343.2 -348.7 -584.2 -965.0
1963 Life -3.2 142.7 339.2 -339.3 -574.6 -958.1
1964 Fnatic.eu -2.1 144.1 340.0 -343.3 -578.6 -962.1
1965 Relax -0.4 146.1 341.6 -347.3 -582.6 -966.1
1966 Speed 2.4 149.4 345.3 -351.3 -586.6 -970.1
1967 Liquid 3.8 150.5 346.6 -355.3 -590.6 -974.1
1968 Denial 6.1 153.1 349.5 -359.3 -594.6 -978.1
1969 hehe 9.0 156.5 353.2 -363.3 -598.6 -982.1
1970 hehe 11.1 158.6 355.1 -367.3 -602.6 -986.1
1971 Relax 7.1 154.6 351.1 -352.6 -589.8 -975.3
1972 PR 3.1 150.6 347.1 -342.6 -581.3 -959.8
1973 Sigma.int 4.3 152.2 347.9 -346.6 -585.3 -963.8
1974 bvd.dotA 0.3 148.2 343.9 -341.4 -580.4 -960.5
1975 Fnatic.eu 1.0 149.0 344.3 -345.4 -584.4 -964.5
1976 Relax -3.0 145.0 340.3 -340.2 -579.6 -957.5
1977 Empire -7.0 141.0 336.3 -335.3 -574.7 -953.0
1978 eHug -4.1 144.4 337.8 -339.3 -578.7 -957.0
1979 Empire -1.8 147.2 340.9 -343.3 -582.7 -961.0
1981 Liquid -0.9 148.4 342.4 -347.3 -586.7 -965.0
1982 Speed 0.1 149.6 343.3 -351.3 -590.7 -969.0
1983 SADBOYS -3.9 145.6 339.3 -344.2 -582.1 -960.4
1984 Empire -3.0 146.6 340.1 -348.2 -586.1 -964.4
1985 SADBOYS -7.0 142.6 336.1 -338.4 -577.4 -954.1
1986 eHug -11.0 138.6 332.1 -332.3 -571.3 -948.2
1987 Empire -15.0 134.6 328.1 -326.0 -565.8 -940.2
1988 Liquid -19.0 130.6 324.1 -318.5 -559.2 -933.6
1991 PR -17.0 132.7 326.3 -322.5 -563.2 -937.6
1992 Speed -16.1 133.8 327.7 -326.5 -567.2 -941.6
1993 Liquid -13.0 137.2 331.4 -330.5 -571.2 -945.6
1995 SADBOYS -11.5 139.2 333.9 -334.5 -575.2 -949.6
1996 TR -15.5 135.2 329.9 -326.5 -567.7 -942.7
2000 UG -19.5 131.2 325.9 -321.4 -562.8 -937.3
2001 Speed -18.6 132.5 327.4 -325.4 -566.8 -941.3
2002 Swage -15.7 135.6 329.0 -329.4 -570.8 -945.3
2003 Empire -19.7 131.6 325.0 -323.2 -565.4 -936.8
2004 Empire -16.8 134.5 328.4 -327.2 -569.4 -940.8
2005 5inQ -14.2 137.4 329.9 -331.2 -573.4 -944.8
2006 Empire -18.2 133.4 325.9 -327.1 -569.4 -938.8
2008 SADBOYS -22.2 129.4 321.9 -319.8 -562.3 -931.7
2009 Fnatic.eu -20.7 131.1 323.2 -323.8 -566.3 -935.7
2010 Na'Vi -19.2 132.7 324.8 -327.8 -570.3 -939.7
2011 PR -23.2 128.7 320.8 -322.2 -565.6 -935.2
2013 Empire -20.9 131.0 323.1 -326.2 -569.6 -939.2
2014 Speed -19.7 132.3 324.0 -330.2 -573.6 -943.2
2015 Speed -18.9 133.2 325.2 -334.2 -577.6 -947.2
2016 Revenge -17.0 135.2 327.3 -338.2 -581.6 -951.2
2018 Fnatic.eu -21.0 131.2 323.3 -329.3 -572.1 -942.4
2019 Na'Vi -19.6 132.6 324.9 -333.3 -576.1 -946.4
2020 PR -17.8 134.5 326.9 -337.3 -580.1 -950.4
2022 Liquid -16.9 135.5 327.5 -341.3 -584.1 -954.4
2023 SADBOYS -16.2 136.4 328.6 -345.3 -588.1 -958.4
2024 SADBOYS -14.8 137.9 329.3 -349.3 -592.1 -962.4
2025 D4D -11.7 141.1 331.6 -353.3 -596.1 -966.4
2026 Execration -9.7 143.4 334.2 -357.3 -600.1 -970.4
2028 Next.kz -13.7 139.4 330.2 -348.9 -592.5 -963.4
2029 Empire -12.6 140.7 330.9 -352.9 -596.5 -967.4
2030 Empire -9.1 144.1 334.4 -356.9 -600.5 -971.4
2031 Sigma.int -13.1 140.1 330.4 -350.5 -594.0 -964.8
2032 Liquid -12.2 141.1 331.5 -354.5 -598.0 -968.8
2033 eHug -16.2 137.1 327.5 -348.0 -591.3 -962.2
2034 Denial -20.2 133.1 323.5 -337.7 -581.4 -951.8
2035 SADBOYS -19.2 134.2 324.1 -341.7 -585.4 -955.8
2036 Zephyr -16.2 137.5 327.6 -345.7 -589.4 -959.8
2039 Speed -20.2 133.5 323.6 -339.3 -583.0 -953.3
2043 Liquid -17.7 136.1 324.9 -343.3 -587.0 -957.3
2044 Arrow -15.4 138.9 326.3 -347.3 -591.0 -961.3
2046 Empire -11.9 142.4 329.9 -351.3 -595.0 -965.3
2047 Empire -10.2 144.4 331.2 -355.3 -599.0 -969.3
2048 Arrow -8.5 146.5 332.2 -359.3 -603.0 -973.3
2049 GL -6.4 148.8 333.8 -363.3 -607.0 -977.3
2051 Nullis -4.4 150.9 336.1 -367.3 -611.0 -981.3
2052 Nullis -8.4 146.9 332.1 -359.5 -603.9 -972.4
2053 SADBOYS -7.6 148.0 332.5 -363.5 -607.9 -976.4
2054 Empire -6.6 149.3 334.1 -367.5 -611.9 -980.4
2055 Na'Vi -5.6 150.5 334.8 -371.5 -615.9 -984.4
2056 bvd.dotA -4.1 152.2 336.9 -375.5 -619.9 -988.4
2057 Aura -1.9 154.6 339.5 -379.5 -623.9 -992.4
2058 Cloud9 -1.0 155.9 339.9 -383.5 -627.9 -996.4
2059 Empire -0.1 156.9 341.0 -387.5 -631.9 -1000.4
2061 rox.KIS -4.1 152.9 337.0 -371.9 -617.2 -987.3
2062 PR -8.1 148.9 333.0 -365.4 -611.0 -981.4
2064 Cloud9 -7.1 150.1 334.5 -369.4 -615.0 -985.4
2066 Alliance -5.9 151.3 335.8 -373.4 -619.0 -989.4
2067 Na'Vi -5.1 152.2 336.8 -377.4 -623.0 -993.4
2068 Fnatic.eu -4.1 153.3 337.7 -381.4 -627.0 -997.4
2069 VP -8.1 149.3 333.7 -375.1 -621.2 -991.4
2070 rox.KIS -12.1 145.3 329.7 -368.0 -614.7 -981.7
2071 Cloud9 -9.0 148.7 331.8 -372.0 -618.7 -985.7
2072 About -13.0 144.7 327.8 -364.6 -611.6 -978.0
2073 4FC -11.2 146.8 329.3 -368.6 -615.6 -982.0
2074 vhoul -15.2 142.8 325.3 -358.2 -605.9 -975.1
2075 Liquid -19.2 138.8 321.3 -351.0 -599.9 -966.0
2076 Courage -23.2 134.8 317.3 -338.2 -589.1 -943.9
2078 Empire -20.7 137.4 319.3 -342.2 -593.1 -947.9
2079 Empire -19.1 139.3 321.4 -346.2 -597.1 -951.9
2080 rox.KIS -23.1 135.3 317.4 -329.9 -581.2 -938.6
2082 rox.KIS -22.1 136.5 318.7 -333.9 -585.2 -942.6
2083 PR -21.2 137.5 319.8 -337.9 -589.2 -946.6
2084 hehe -25.2 133.5 315.8 -333.3 -584.4 -942.1
2085 Next.kz -22.1 136.5 320.5 -337.3 -588.4 -946.1
2086 PssT -26.1 132.5 316.5 -330.0 -582.6 -937.5
2087 Liquid -24.8 133.9 317.4 -334.0 -586.6 -941.5
2088 SADBOYS -21.7 137.6 319.8 -338.0 -590.6 -945.5
2089 SADBOYS -20.8 138.7 321.3 -342.0 -594.6 -949.5
2091 Zephyr -18.0 141.6 324.4 -346.0 -598.6 -953.5
2093 rox.KIS -16.2 143.5 325.6 -350.0 -602.6 -957.5
2094 Insane -20.2 139.5 321.6 -342.2 -595.6 -951.3
2095 Titan -18.8 141.2 322.2 -346.2 -599.6 -955.3
2096 neXt! -22.8 137.2 318.2 -340.4 -594.2 -950.9
2097 rox.KIS -21.4 138.8 319.0 -344.4 -598.2 -954.9
2098 Zephyr -20.3 139.9 320.4 -348.4 -602.2 -958.9
2099 rox.KIS -18.3 141.8 322.3 -352.4 -606.2 -962.9
2100 PR -16.9 143.3 323.5 -356.4 -610.2 -966.9
2101 ZR -13.8 146.9 325.6 -360.4 -614.2 -970.9
2102 MYM -12.2 148.6 327.5 -364.4 -618.2 -974.9
2103 JnRun -16.2 144.6 323.5 -359.7 -613.4 -970.0
2104 Arrow -20.2 140.6 319.5 -350.7 -604.5 -962.1
2105 Mongolz -16.7 144.2 322.0 -354.7 -608.5 -966.1
2106 Panthers -14.2 146.9 325.1 -358.7 -612.5 -970.1
2112 DUZA -11.7 149.5 327.7 -362.7 -616.5 -974.1
2113 TCN -10.1 151.5 328.8 -366.7 -620.5 -978.1
2114 VP -7.4 154.5 332.0 -370.7 -624.5 -982.1
2115 Mongolz -11.4 150.5 328.0 -364.3 -617.7 -975.7
2117 Titan -9.3 153.0 329.5 -368.3 -621.7 -979.7
2119 Empire -8.6 153.9 330.0 -372.3 -625.7 -983.7
2121 Relax -7.5 155.2 331.1 -376.3 -629.7 -987.7
2122 4FC -4.2 158.4 334.0 -380.3 -633.7 -991.7
2123 rox.KIS -3.3 159.5 334.7 -384.3 -637.7 -995.7
2124 neXt! -7.3 155.5 330.7 -377.9 -630.8 -988.5
2126 ZR -5.1 157.8 332.8 -381.9 -634.8 -992.5
2128 Alliance -3.5 159.5 334.4 -385.9 -638.8 -996.5
2129 vhoul -1.0 162.2 336.2 -389.9 -642.8 -1000.5
2131 Titan -0.3 163.1 337.3 -393.9 -646.8 -1004.5
2132 Fnatic.eu 1.4 164.8 338.9 -397.9 -650.8 -1008.5
2133 Next.kz -2.6 160.8 334.9 -381.6 -636.0 -988.4
2135 rox.KIS -0.6 163.0 337.4 -385.6 -640.0 -992.4
2136 Swage 1.1 164.9 339.2 -389.6 -644.0 -996.4
2137 Revenge 2.8 166.7 340.4 -393.6 -648.0 -1000.4
2138 Liquid 3.8 167.8 341.1 -397.6 -652.0 -1004.4
2139 eHug 5.5 169.6 342.6 -401.6 -656.0 -1008.4
2140 PssT 1.5 165.6 338.6 -394.2 -648.0 -1001.1
2141 WWD 3.0 167.1 340.4 -398.2 -652.0 -1005.1
2142 MVP.P 6.5 169.9 343.2 -402.2 -656.0 -1009.1
2143 MiTH 8.0 171.4 344.5 -406.2 -660.0 -1013.1
2146 Fnatic.eu 9.9 173.5 346.2 -410.2 -664.0 -1017.1
2147 Na'Vi 11.0 174.7 347.5 -414.2 -668.0 -1021.1
2148 PR 7.0 170.7 343.5 -402.2 -658.2 -1012.9
2149 Sigma.int 8.6 172.4 345.4 -406.2 -662.2 -1016.9
2150 VP 4.6 168.4 341.4 -401.4 -657.7 -1011.8
2151 Insane 0.6 164.4 337.4 -396.6 -652.6 -1006.5
2152 Relax -3.4 160.4 333.4 -386.4 -642.9 -996.8
2154 ZR -7.4 156.4 329.4 -380.7 -637.4 -991.9
2155 MYM -5.7 158.0 331.3 -384.7 -641.4 -995.9
2156 Cloud9 -4.7 159.2 332.0 -388.7 -645.4 -999.9
2158 Denial -8.7 155.2 328.0 -378.9 -636.1 -987.9
2159 SADBOYS -8.0 156.1 329.1 -382.9 -640.1 -991.9
2160 Dog -6.6 157.9 331.1 -386.9 -644.1 -995.9
2161 Osiris -10.6 153.9 327.1 -379.1 -637.1 -992.0
2162 Orange -9.7 155.0 328.3 -383.1 -641.1 -996.0
2164 Puck -13.7 151.0 324.3 -376.8 -634.1 -989.2
2165 TR -17.7 147.0 320.3 -362.7 -621.5 -969.7
2166 DUZA -21.7 143.0 316.3 -355.3 -614.5 -963.2
2167 Scythe -18.9 146.2 318.0 -359.3 -618.5 -967.2
2168 Dignotoss -16.0 149.8 321.8 -363.3 -622.5 -971.2
2169 WWD -13.7 152.5 323.1 -367.3 -626.5 -975.2
2170 ZR -17.7 148.5 319.1 -358.2 -616.8 -966.3
2171 Relax -15.9 150.3 320.9 -362.2 -620.8 -970.3
2172 Na'Vi -14.8 151.6 321.7 -366.2 -624.8 -974.3
2175 Liquid -13.9 152.6 323.0 -370.2 -628.8 -978.3
2176 neXt! -17.9 148.6 319.0 -363.8 -623.0 -972.8
2177 Dog -16.5 150.4 321.4 -367.8 -627.0 -976.8
2178 VP -15.2 151.8 322.6 -371.8 -631.0 -980.8
2179 PR -12.8 154.4 324.4 -375.8 -635.0 -984.8
2180 Puck -16.8 150.4 320.4 -368.9 -628.9 -976.4
2181 MiT -20.8 146.4 316.4 -356.3 -616.6 -965.2
2182 MM -18.1 149.3 318.0 -360.3 -620.6 -969.2
2183 4N -22.1 145.3 314.0 -355.4 -615.7 -964.5
2184 Swage -26.1 141.3 310.0 -350.8 -612.0 -959.4
2185 Scythe -24.8 143.0 310.5 -354.8 -616.0 -963.4
2186 RRQ -28.8 139.0 306.5 -349.1 -611.0 -955.6
2187 Titan -28.2 139.8 307.5 -353.1 -615.0 -959.6
2188 Everlast -32.2 135.8 303.5 -337.5 -602.5 -948.9
2189 Dignotoss -36.2 131.8 299.5 -332.7 -597.9 -942.9
2190 VP -35.0 132.9 300.7 -336.7 -601.9 -946.9
2191 Orange -32.9 135.0 302.8 -340.7 -605.9 -950.9
2192 PR -36.9 131.0 298.8 -333.8 -599.7 -945.7
2193 Na'Vi -35.0 132.7 300.5 -337.8 -603.7 -949.7
2194 Zephyr -32.3 135.5 302.8 -341.8 -607.7 -953.7
2197 Empire -31.5 136.5 304.1 -345.8 -611.7 -957.7
2200 Alliance -30.2 137.7 305.6 -349.8 -615.7 -961.7
2201 eN.Legs -28.0 139.9 307.8 -353.8 -619.7 -965.7
2202 neXt! -25.6 142.4 310.1 -357.8 -623.7 -969.7
2203 BIP -23.0 145.4 311.8 -361.8 -627.7 -973.7
2204 Osiris -27.0 141.4 307.8 -352.5 -618.1 -964.7
2207 PR -31.0 137.4 303.8 -348.0 -613.5 -960.4
2209 DT.NGC -35.0 133.4 299.8 -342.7 -608.4 -956.1
2210 Titan -34.3 134.3 300.9 -346.7 -612.4 -960.1
2213 Arrow -33.6 135.2 302.2 -350.7 -616.4 -964.1
2214 Orange -32.8 136.2 302.7 -354.7 -620.4 -968.1
2215 ADN -36.8 132.2 298.7 -345.6 -610.7 -961.3
2216 Alliance -35.3 133.9 300.4 -349.6 -614.7 -965.3
2218 VP -39.3 129.9 296.4 -340.1 -606.5 -957.6
2219 rox.KIS -43.3 125.9 292.4 -334.7 -601.3 -952.5
2225 Empire -47.3 121.9 288.4 -329.0 -593.9 -944.8
2226 Empire -51.3 117.9 284.4 -319.1 -584.0 -938.4
2228 Titan -50.6 118.7 284.8 -323.1 -588.0 -942.4
2229 Scythe -49.1 120.4 285.6 -327.1 -592.0 -946.4
2230 Orange -46.9 122.5 287.8 -331.1 -596.0 -950.4
2231 Arrow -44.9 124.9 289.5 -335.1 -600.0 -954.4
2232 Relax -41.2 127.9 292.3 -339.1 -604.0 -958.4
2233 CIS -38.5 130.9 295.0 -343.1 -608.0 -962.4
2234 5inQ -35.9 133.0 297.2 -347.1 -612.0 -966.4
2237 Execration -34.3 134.6 298.9 -351.1 -616.0 -970.4
2238 FD -32.8 136.3 300.4 -355.1 -620.0 -974.4
2239 Orange -36.8 132.3 296.4 -343.0 -610.9 -966.6
2240 Spirit -40.8 128.3 292.4 -335.2 -603.1 -957.5
2241 hehe -44.8 124.3 288.4 -317.9 -588.1 -930.9
2242 PR -48.8 120.3 284.4 -307.7 -578.7 -917.4
2244 EG -47.2 122.3 285.3 -311.7 -582.7 -921.4
2245 MYM -44.4 125.3 288.6 -315.7 -586.7 -925.4
2247 Cloud9 -41.2 129.0 290.6 -319.7 -590.7 -929.4
2248 DT.NGC -39.5 131.0 293.0 -323.7 -594.7 -933.4
2249 Titan -38.4 132.2 294.4 -327.7 -598.7 -937.4
2250 Execration -42.4 128.2 290.4 -322.8 -593.7 -932.9
2251 Zephyr -41.1 129.6 292.1 -326.8 -597.7 -936.9
2252 FD -38.8 132.0 294.0 -330.8 -601.7 -940.9
2254 Fnatic.eu -35.9 135.0 297.2 -334.8 -605.7 -944.9
2255 rox.KIS -33.4 137.4 299.6 -338.8 -609.7 -948.9
2258 Arrow -37.4 133.4 295.6 -330.5 -602.9 -943.2
2259 VG -34.7 136.2 297.4 -334.5 -606.9 -947.2
2260 FL -33.2 137.9 298.4 -338.5 -610.9 -951.2
2261 CIS -37.2 133.9 294.4 -319.3 -597.1 -941.0
2262 Mski -35.2 136.1 296.1 -323.3 -601.1 -945.0
2263 Cloud9 -33.0 138.7 299.0 -327.3 -605.1 -949.0
2269 Na'Vi -31.2 140.6 300.7 -331.3 -609.1 -953.0
2270 RRQ -35.2 136.6 296.7 -323.9 -601.8 -946.0
2271 Titan -33.4 138.5 298.5 -327.9 -605.8 -950.0
2272 Arrow -30.4 142.1 302.5 -331.9 -609.8 -954.0
2273 VG -29.7 143.0 303.7 -335.9 -613.8 -958.0
2274 LGD.cn -27.8 145.3 305.0 -339.9 -617.8 -962.0
2275 Orange -27.1 146.0 305.7 -343.9 -621.8 -966.0
2277 FD -25.8 147.5 306.6 -347.9 -625.8 -970.0
2278 MiTH -24.7 148.6 308.0 -351.9 -629.8 -974.0
2279 DUZA -23.2 150.2 309.3 -355.9 -633.8 -978.0
2280 DK -22.6 150.9 310.2 -359.9 -637.8 -982.0
2281 Titan -20.0 153.0 312.2 -363.9 -641.8 -986.0
2282 iG -19.3 153.9 312.7 -367.9 -645.8 -990.0
2283 Fnatic.eu -17.6 155.8 314.6 -371.9 -649.8 -994.0
2284 Zephyr -16.3 157.2 315.9 -375.9 -653.8 -998.0
2285 Na'Vi -15.2 158.3 317.1 -379.9 -657.8 -1002.0
2286 Cloud9 -12.5 160.9 320.6 -383.9 -661.8 -1006.0
2287 VG -16.5 156.9 316.6 -378.3 -656.2 -1002.3
2288 EG -20.5 152.9 312.6 -368.8 -646.5 -994.5
2289 DT.NGC -24.5 148.9 308.6 -358.3 -635.0 -988.6
2290 Orange -28.5 144.9 304.6 -349.1 -626.6 -980.8
2291 Na'Vi -26.1 147.3 307.7 -353.1 -630.6 -984.8
2292 Na'Vi -24.6 148.7 309.2 -357.1 -634.6 -988.8
2293 Alliance -23.5 150.0 310.1 -361.1 -638.6 -992.8
2295 Arrow -22.5 151.2 311.4 -365.1 -642.6 -996.8
