0 0 0.0 0.0 0.0 0.0 0.0 0.0
18 Na'Vi 0.8 1.1 1.5 -4.0 -4.0 -4.0
19 Empire 2.3 3.0 3.4 -8.0 -8.0 -8.0
23 mouz 3.1 3.9 4.6 -12.0 -12.0 -12.0
26 Empire -0.9 -0.1 0.6 -1.6 -3.5 -4.2
29 GU.pe -4.9 -4.1 -3.4 10.5 6.4 5.3
32 Alliance -4.2 -3.0 -2.2 6.5 2.4 1.3
41 Empire -3.1 -1.7 -0.5 2.5 -1.6 -2.7
48 VP -1.7 -0.1 1.6 -1.5 -5.6 -6.7
49 Liquid -0.9 1.1 3.0 -5.5 -9.6 -10.7
50 3DMAX -4.9 -2.9 -1.0 19.7 7.9 4.3
51 Liquid -8.9 -6.9 -5.0 30.8 17.5 11.9
53 VP -12.9 -10.9 -9.0 41.4 26.2 20.0
58 Na'Vi -11.6 -9.3 -7.3 37.4 22.2 16.0
59 VP -15.6 -13.3 -11.3 48.8 31.1 24.3
60 Na'Vi -14.6 -12.1 -9.9 44.8 27.1 20.3
71 Liquid -13.2 -10.5 -8.0 40.8 23.1 16.3
73 Zenith -12.4 -9.5 -6.9 36.8 19.1 12.3
75 Fnatic.eu -11.1 -8.0 -5.1 32.8 15.1 8.3
89 Liquid -9.6 -6.3 -3.3 28.8 11.1 4.3
93 Na'Vi -8.0 -4.5 -1.3 24.8 7.1 0.3
98 Fnatic.eu -12.0 -8.5 -5.3 38.4 17.5 10.3
108 ASF.R5 -10.6 -6.8 -3.6 34.4 13.5 6.3
110 Empire -9.2 -5.2 -2.0 30.4 9.5 2.3
112 eN.Legs -8.3 -3.7 -0.5 26.4 5.5 -1.7
117 VP -7.0 -2.2 1.2 22.4 1.5 -5.7
118 mouz -11.0 -6.2 -2.8 35.8 13.3 3.7
119 Fnatic.eu -9.7 -4.5 -0.9 31.8 9.3 -0.3
123 eLPride -8.5 -3.0 0.8 27.8 5.3 -4.3
124 VP -7.5 -1.7 2.3 23.8 1.3 -8.3
135 Fnatic.eu -6.2 -0.2 4.0 19.8 -2.7 -12.3
136 Alliance -5.3 0.9 5.3 15.8 -6.7 -16.3
138 TCM -9.3 -3.1 1.3 28.4 4.6 -6.7
143 Na'Vi -8.2 -1.7 2.9 24.4 0.6 -10.7
164 Dignitas -7.0 -0.2 4.6 20.4 -3.4 -14.7
167 LGD.int -6.1 0.8 5.9 16.4 -7.4 -18.7
171 LGD.int -5.2 1.8 7.1 12.4 -11.4 -22.7
172 Liquid -3.6 3.4 8.8 8.4 -15.4 -26.7
175 Na'Vi -2.6 4.6 10.4 4.4 -19.4 -30.7
177 QPandas -6.6 0.6 6.4 17.7 -8.3 -21.3
179 Liquid -10.6 -3.4 2.4 27.5 0.5 -13.2
180 Empire -14.6 -7.4 -1.6 39.8 10.1 -4.9
181 iCCup -18.6 -11.4 -5.6 55.4 21.4 5.0
185 LGD.int -17.3 -9.9 -3.9 51.4 17.4 1.0
198 iG -16.0 -8.3 -2.0 47.4 13.4 -3.0
208 iG -15.0 -7.0 -0.4 43.4 9.4 -7.0
213 DK -19.0 -11.0 -4.4 52.3 18.3 1.5
221 Alliance -17.4 -9.2 -2.4 48.3 14.3 -2.5
224 mouz -21.4 -13.2 -6.4 57.6 23.4 5.7
226 Alliance -20.6 -12.1 -5.0 53.6 19.4 1.7
229 Liquid -24.6 -16.1 -9.0 63.8 28.2 9.6
231 Na'Vi -23.1 -14.5 -7.2 59.8 24.2 5.6
233 mouz -21.5 -12.8 -5.3 55.8 20.2 1.6
234 rox.KIS -20.0 -11.1 -3.5 51.8 16.2 -2.4
235 aL -18.9 -9.8 -2.0 47.8 12.2 -6.4
236 mouz -22.9 -13.8 -6.0 63.5 24.6 3.7
239 Na'Vi -21.5 -12.2 -4.2 59.5 20.6 -0.3
240 Na'Vi -20.6 -11.1 -2.9 55.5 16.6 -4.3
246 Na'Vi -19.6 -10.1 -1.6 51.5 12.6 -8.3
248 Liquid -18.0 -8.4 0.2 47.5 8.6 -12.3
251 Alliance -16.5 -6.7 2.0 43.5 4.6 -16.3
253 Liquid -20.5 -10.7 -2.0 60.2 18.4 -4.9
258 Alliance -19.0 -9.0 -0.1 56.2 14.4 -8.9
260 Alliance -17.4 -7.2 1.8 52.2 10.4 -12.9
268 Na'Vi -16.4 -6.0 3.3 48.2 6.4 -16.9
270 Liquid -14.9 -4.3 5.2 44.2 2.4 -20.9
271 Na'Vi -13.8 -2.9 6.8 40.2 -1.6 -24.9
273 mouz -12.4 -1.5 8.4 36.2 -5.6 -28.9
274 Liquid -11.0 0.2 10.3 32.2 -9.6 -32.9
275 EG -15.0 -3.8 6.3 51.5 7.3 -18.7
276 Alliance -14.0 -2.6 7.6 47.5 3.3 -22.7
279 Dignitas -12.6 -0.9 9.6 43.5 -0.7 -26.7
280 Zenith -11.5 0.4 11.2 39.5 -4.7 -30.7
282 Alliance -10.6 1.5 12.6 35.5 -8.7 -34.7
283 VG -14.6 -2.5 8.6 50.6 3.9 -24.6
286 Dignitas -13.1 -0.9 10.3 46.6 -0.1 -28.6
291 Alliance -11.7 0.7 12.2 42.6 -4.1 -32.6
293 aL -15.7 -3.3 8.2 56.5 8.7 -21.6
294 Alliance -14.7 -2.1 9.7 52.5 4.7 -25.6
297 rox.KIS -13.2 -0.3 11.7 48.5 0.7 -29.6
300 mouz -12.0 1.1 13.4 44.5 -3.3 -33.6
301 EG -10.9 2.5 15.0 40.5 -7.3 -37.6
304 VG -10.1 3.4 16.2 36.5 -11.3 -41.6
306 LGD.cn -9.3 4.3 17.3 32.5 -15.3 -45.6
310 iG -8.4 5.5 18.9 28.5 -19.3 -49.6
314 VP -7.0 7.1 20.7 24.5 -23.3 -53.6
315 Liquid -5.3 8.9 22.6 20.5 -27.3 -57.6
316 LGD.cn -4.7 9.7 23.7 16.5 -31.3 -61.6
317 FD -8.7 5.7 19.7 29.3 -21.3 -53.1
319 Na'Vi -7.6 6.9 21.1 25.3 -25.3 -57.1
321 mouz -6.7 7.9 22.4 21.3 -29.3 -61.1
324 QPandas -10.7 3.9 18.4 34.8 -17.8 -51.5
326 PR -14.7 -0.1 14.4 44.9 -8.4 -42.9
327 rox.KIS -18.7 -4.1 10.4 54.9 0.3 -35.0
330 TongFu -22.7 -8.1 6.4 74.5 16.0 -23.8
333 VG -21.3 -6.4 8.4 70.5 12.0 -27.8
334 VP -19.9 -4.6 10.5 66.5 8.0 -31.8
337 TongFu -19.0 -3.4 12.1 62.5 4.0 -35.8
338 Na'Vi -18.1 -2.3 13.5 58.5 7.1054273576e-15 -39.8
340 mouz -17.3 -1.4 14.6 54.5 -4.0 -43.8
344 LGD.cn -21.3 -5.4 10.6 65.1 5.8 -35.1
346 Alliance -20.2 -4.2 12.0 61.1 1.8 -39.1
348 Na'Vi -18.8 -2.5 13.8 57.1 -2.2 -43.1
352 LGD.cn -17.7 -1.2 15.3 53.1 -6.2 -47.1
355 DK -21.7 -5.2 11.3 62.0 3.5 -38.0
356 Liquid -25.7 -9.2 7.3 76.1 15.4 -28.2
357 LGD.cn -24.0 -7.4 9.2 72.1 11.4 -32.2
362 LGD.cn -22.6 -6.1 10.7 68.1 7.4 -36.2
364 Zenith -21.5 -4.8 12.2 64.1 3.4 -40.2
368 mouz -20.1 -3.2 14.1 60.1 -0.6 -44.2
369 iCCup -24.1 -7.2 10.1 71.0 9.8 -34.6
373 Na'Vi -23.3 -6.3 11.1 67.0 5.8 -38.6
376 LGD.cn -22.5 -5.3 12.3 63.0 1.8 -42.6
377 LGD.cn -21.3 -4.2 13.6 59.0 -2.2 -46.6
378 VP -19.8 -2.6 15.4 55.0 -6.2 -50.6
379 Na'Vi -18.9 -1.5 16.7 51.0 -10.2 -54.6
383 RS -22.9 -5.5 12.7 60.3 -1.0 -45.9
384 Alliance -21.9 -4.2 14.3 56.3 -5.0 -49.9
387 LGD.cn -20.7 -2.8 15.9 52.3 -9.0 -53.9
388 Dignitas -19.7 -1.6 17.7 48.3 -13.0 -57.9
389 iG -18.8 -0.6 19.0 44.3 -17.0 -61.9
390 Na'Vi -17.4 1.0 20.8 40.3 -21.0 -65.9
392 Alliance -16.3 2.3 22.3 36.3 -25.0 -69.9
393 Kaipi -20.3 -1.7 18.3 45.5 -15.1 -61.4
396 Liquid -19.7 -1.0 19.3 41.5 -19.1 -65.4
398 Alliance -19.0 -0.2 20.3 37.5 -23.1 -69.4
403 RStars -23.0 -4.2 16.3 48.9 -12.5 -60.4
409 Orange -21.9 -2.8 18.0 44.9 -16.5 -64.4
410 Alliance -21.2 -1.9 19.1 40.9 -20.5 -68.4
414 Alliance -20.3 -0.8 20.5 36.9 -24.5 -72.4
416 4FC -24.3 -4.8 16.5 55.4 -8.0 -58.5
417 mouz -28.3 -8.8 12.5 69.3 3.9 -48.5
421 Na'Vi -26.8 -7.2 14.3 65.3 -0.1 -52.5
424 Kaipi -30.8 -11.2 10.3 76.1 10.7 -42.7
427 rox.KIS -29.5 -9.8 11.9 72.1 6.7 -46.7
430 rox.KIS -28.3 -8.5 13.3 68.1 2.7 -50.7
431 Quantic -27.3 -7.2 14.9 64.1 -1.3 -54.7
432 Kaipi -25.7 -5.8 16.5 60.1 -5.3 -58.7
433 DK -24.5 -4.4 18.2 56.1 -9.3 -62.7
437 Quantic -23.5 -3.4 19.5 52.1 -13.3 -66.7
439 Artyk -22.6 -2.4 21.0 48.1 -17.3 -70.7
441 Na'Vi -21.7 -1.4 22.2 44.1 -21.3 -74.7
443 Kaipi -25.7 -5.4 18.2 56.8 -7.9 -62.8
444 Artyk -29.7 -9.4 14.2 67.7 2.3 -53.5
445 TM -28.6 -8.0 15.8 63.7 -1.7 -57.5
446 Orange -27.7 -7.0 17.0 59.7 -5.7 -61.5
447 DK -26.5 -5.7 18.6 55.7 -9.7 -65.5
448 VP -30.5 -9.7 14.6 66.8 8.881784197e-15 -57.1
449 VP -29.0 -7.8 16.8 62.8 -4.0 -61.1
451 Kaipi -28.1 -6.8 18.0 58.8 -8.0 -65.1
452 EG -26.5 -5.0 20.0 54.8 -12.0 -69.1
453 Fnatic.eu -30.5 -9.0 16.0 67.9 -0.8 -60.1
459 Alliance -28.9 -7.2 18.0 63.9 -4.8 -64.1
461 Alliance -28.1 -6.3 19.2 59.9 -8.8 -68.1
464 Fnatic.eu -26.6 -4.8 20.8 55.9 -12.8 -72.1
465 Alliance -25.2 -3.4 22.4 51.9 -16.8 -76.1
468 Quantic -23.7 -1.9 24.1 47.9 -20.8 -80.1
469 Alliance -22.1 -0.3 25.9 43.9 -24.8 -84.1
471 4FC -26.1 -4.3 21.9 57.1 -12.1 -73.2
475 Na'Vi -25.1 -3.3 23.1 53.1 -16.1 -77.2
476 Na'Vi -23.6 -1.7 24.9 49.1 -20.1 -81.2
479 4FC -22.5 -0.5 26.4 45.1 -24.1 -85.2
480 Orange -21.5 0.7 27.9 41.1 -28.1 -89.2
481 TM -20.2 2.4 29.9 37.1 -32.1 -93.2
484 Empire -24.2 -1.6 25.9 53.8 -16.9 -81.3
486 Na'Vi -23.0 -0.4 27.2 49.8 -20.9 -85.3
488 Fnatic.eu -27.0 -4.4 23.2 67.5 -6.1 -73.7
489 LGD.int -25.4 -2.8 25.1 63.5 -10.1 -77.7
491 TM -24.1 -1.1 27.0 59.5 -14.1 -81.7
492 iCCup -22.8 0.5 28.8 55.5 -18.1 -85.7
493 iCCup -21.8 1.7 30.2 51.5 -22.1 -89.7
494 zRage -25.8 -2.3 26.2 72.0 -3.9 -74.0
495 Artyk -24.6 -0.7 28.2 68.0 -7.9 -78.0
498 mouz -23.4 0.6 29.8 64.0 -11.9 -82.0
499 Liquid -22.2 2.0 31.2 60.0 -15.9 -86.0
502 VP -21.5 2.8 32.2 56.0 -19.9 -90.0
503 Dignitas -20.7 3.8 33.5 52.0 -23.9 -94.0
505 Na'Vi -20.2 4.4 34.3 48.0 -27.9 -98.0
506 EG -19.4 5.3 35.5 44.0 -31.9 -102.0
507 Na'Vi -18.5 6.3 36.8 40.0 -35.9 -106.0
508 Na'Vi -18.0 6.9 37.5 36.0 -39.9 -110.0
512 Quantic -22.0 2.9 33.5 53.7 -24.7 -96.1
513 EG -26.0 -1.1 29.5 67.0 -13.3 -85.9
514 Dignitas -30.0 -5.1 25.5 88.9 5.3 -69.9
515 Alliance -28.5 -3.2 27.7 84.9 1.3 -73.9
517 Alliance -27.0 -1.4 29.8 80.9 -2.7 -77.9
520 Quantic -25.9 -0.1 31.4 76.9 -6.7 -81.9
522 Na'Vi -24.7 1.3 33.0 72.9 -10.7 -85.9
524 Na'Vi -23.4 2.7 34.6 68.9 -14.7 -89.9
527 Na'Vi -22.4 3.8 36.0 64.9 -18.7 -93.9
528 Liquid -21.5 4.9 37.3 60.9 -22.7 -97.9
529 EG -20.8 5.7 38.2 56.9 -26.7 -101.9
531 Na'Vi -19.9 6.7 39.4 52.9 -30.7 -105.9
532 Empire -18.9 7.7 40.6 48.9 -34.7 -109.9
533 rox.KIS -17.8 8.7 41.6 44.9 -38.7 -113.9
536 Liquid -17.1 9.5 42.6 40.9 -42.7 -117.9
537 Liquid -16.5 10.2 43.5 36.9 -46.7 -121.9
538 Alliance -15.7 11.0 44.5 32.9 -50.7 -125.9
541 VP -14.7 12.3 45.9 28.9 -54.7 -129.9
542 Alliance -13.2 13.9 47.7 24.9 -58.7 -133.9
544 EG -17.2 9.9 43.7 35.1 -49.0 -124.8
545 Alliance -15.7 11.8 45.9 31.1 -53.0 -128.8
549 Fnatic.eu -19.7 7.8 41.9 43.6 -42.0 -119.5
550 Kaipi -23.7 3.8 37.9 53.8 -31.5 -109.8
551 Kaipi -27.7 -0.2 33.9 63.9 -20.6 -99.1
553 TongFu -31.7 -4.2 29.9 79.7 -5.7 -86.3
557 Liquid -35.7 -8.2 25.9 90.2 3.3 -78.2
558 rox.KIS -34.0 -6.4 27.9 86.2 -0.7 -82.2
573 VP -38.0 -10.4 23.9 98.6 9.5 -73.5
574 Fnatic.eu -42.0 -14.4 19.9 110.5 19.9 -64.7
576 iCCup -46.0 -18.4 15.9 122.9 29.8 -56.2
580 VP -45.0 -17.2 17.3 118.9 25.8 -60.2
585 VP -43.5 -15.4 19.2 114.9 21.8 -64.2
587 Alliance -42.1 -14.1 20.6 110.9 17.8 -68.2
595 Alliance -40.5 -12.4 22.5 106.9 13.8 -72.2
598 LGD.cn -39.0 -10.7 24.4 102.9 9.8 -76.2
600 mouz -43.0 -14.7 20.4 115.3 21.6 -65.7
602 Alliance -41.4 -12.9 22.3 111.3 17.6 -69.7
604 Orange -40.3 -11.7 23.8 107.3 13.6 -73.7
605 LGD.int -38.5 -10.0 25.7 103.3 9.6 -77.7
608 Alliance -37.2 -8.5 27.4 99.3 5.6 -81.7
615 Orange -35.9 -7.1 29.0 95.3 1.6 -85.7
617 VP -34.5 -5.5 30.8 91.3 -2.4 -89.7
618 Alliance -33.3 -4.1 32.4 87.3 -6.4 -93.7
621 iCCup -37.3 -8.1 28.4 100.9 6.7 -83.2
623 Alliance -35.7 -6.3 30.4 96.9 2.7 -87.2
624 Liquid -34.2 -4.6 32.3 92.9 -1.3 -91.2
626 iCCup -38.2 -8.6 28.3 103.7 8.2 -83.0
627 EG -36.4 -6.9 30.2 99.7 4.2 -87.0
628 EG -35.5 -5.9 31.4 95.7 0.2 -91.0
631 Alliance -34.6 -4.7 32.9 91.7 -3.8 -95.0
632 mouz -33.1 -3.0 34.8 87.7 -7.8 -99.0
635 Dignitas -31.7 -1.5 36.6 83.7 -11.8 -103.0
636 EG -31.0 -0.6 37.7 79.7 -15.8 -107.0
642 Alliance -30.0 0.6 39.2 75.7 -19.8 -111.0
644 rox.KIS -34.0 -3.4 35.2 86.5 -9.7 -102.2
651 Denial -38.0 -7.4 31.2 104.5 5.7 -90.2
653 VG -42.0 -11.4 27.2 119.5 18.8 -79.4
656 Na'Vi -40.9 -10.2 28.7 115.5 14.8 -83.4
658 mouz -44.9 -14.2 24.7 127.0 24.9 -73.6
659 Na'Vi -43.3 -12.6 26.4 123.0 20.9 -77.6
660 RS -47.3 -16.6 22.4 135.5 32.2 -68.0
664 RStars -51.3 -20.6 18.4 151.6 45.6 -56.8
668 mouz -50.5 -19.6 19.7 147.6 41.6 -60.8
670 EG -49.5 -18.5 21.1 143.6 37.6 -64.8
671 Fnatic.eu -48.6 -17.5 22.3 139.6 33.6 -68.8
672 Orange -47.0 -15.8 24.2 135.6 29.6 -72.8
674 mouz -46.3 -14.9 25.3 131.6 25.6 -76.8
678 Kaipi -50.3 -18.9 21.3 150.3 42.1 -63.2
679 Fnatic.eu -54.3 -22.9 17.3 160.0 50.7 -55.4
692 Na'Vi -52.7 -21.3 19.1 156.0 46.7 -59.4
693 Alliance -51.1 -19.6 21.0 152.0 42.7 -63.4
696 Fnatic.eu -49.5 -18.0 22.8 148.0 38.7 -67.4
697 Kaipi -47.9 -16.4 24.6 144.0 34.7 -71.4
699 Alliance -46.8 -15.1 26.1 140.0 30.7 -75.4
700 Orange -45.4 -13.7 27.8 136.0 26.7 -79.4
702 Na'Vi -44.5 -12.7 29.0 132.0 22.7 -83.4
703 mouz -43.6 -11.7 30.3 128.0 18.7 -87.4
708 iCCup -47.6 -15.7 26.3 137.9 27.6 -79.4
712 Na'Vi -46.7 -14.6 27.6 133.9 23.6 -83.4
715 mouz -45.2 -12.9 29.5 129.9 19.6 -87.4
718 Dreamz -44.1 -11.7 31.0 125.9 15.6 -91.4
721 Mski -48.1 -15.7 27.0 135.3 25.7 -82.2
723 Kaipi -47.2 -14.7 28.2 131.3 21.7 -86.2
727 Fnatic.eu -51.2 -18.7 24.2 148.1 36.2 -74.7
729 DK -50.2 -17.2 26.0 144.1 32.2 -78.7
730 LGD.cn -49.4 -16.2 27.1 140.1 28.2 -82.7
732 Alliance -48.3 -14.9 28.7 136.1 24.2 -86.7
741 TongFu -46.8 -13.1 31.2 132.1 20.2 -90.7
745 Dignitas -50.8 -17.1 27.2 153.6 34.7 -79.0
746 DK -50.1 -16.2 28.2 149.6 30.7 -83.0
748 Na'Vi -48.9 -14.9 29.8 145.6 26.7 -87.0
749 Liquid -52.9 -18.9 25.8 158.1 36.7 -77.1
751 Alliance -52.1 -17.8 27.2 154.1 32.7 -81.1
754 Na'Vi -51.4 -17.0 28.1 150.1 28.7 -85.1
757 Alliance -49.8 -15.5 29.6 146.1 24.7 -89.1
758 iG -48.3 -13.7 31.4 142.1 20.7 -93.1
759 Orange -46.7 -11.9 33.4 138.1 16.7 -97.1
761 Fnatic.eu -46.0 -11.1 34.3 134.1 12.7 -101.1
766 Alliance -45.1 -10.1 35.4 130.1 8.7 -105.1
767 LGD.int -49.1 -14.1 31.4 146.1 22.6 -93.2
769 mouz -48.2 -13.1 32.6 142.1 18.6 -97.2
770 LGD.cn -46.6 -11.4 34.4 138.1 14.6 -101.2
771 Na'Vi -45.4 -10.1 35.8 134.1 10.6 -105.2
773 Alliance -44.7 -9.3 36.7 130.1 6.6 -109.2
776 Orange -43.4 -7.9 38.3 126.1 2.6 -113.2
778 DK -42.0 -6.1 40.3 122.1 -1.4 -117.2
779 Zenith -41.1 -5.1 41.5 118.1 -5.4 -121.2
781 Alliance -40.2 -4.1 42.6 114.1 -9.4 -125.2
783 TongFu -39.3 -3.2 43.6 110.1 -13.4 -129.2
786 Na'Vi -38.3 -2.1 44.9 106.1 -17.4 -133.2
793 Alliance -37.1 -0.8 46.5 102.1 -21.4 -137.2
795 Liquid -36.2 0.2 47.7 98.1 -25.4 -141.2
797 Liquid -40.2 -3.8 43.7 111.9 -14.0 -131.6
799 Alliance -39.1 -2.6 45.2 107.9 -18.0 -135.6
800 Na'Vi -37.7 -1.2 46.7 103.9 -22.0 -139.6
803 Orange -41.7 -5.2 42.7 115.8 -12.4 -131.4
807 Na'Vi -40.1 -3.5 44.6 111.8 -16.4 -135.4
811 RStars -38.9 -2.0 46.4 107.8 -20.4 -139.4
812 Empire -37.9 -0.8 48.0 103.8 -24.4 -143.4
813 Empire -37.0 0.1 49.2 99.8 -28.4 -147.4
814 Kaipi -35.5 1.9 51.3 95.8 -32.4 -151.4
815 TTD -34.2 3.3 53.0 91.8 -36.4 -155.4
816 Kaipi -32.9 4.7 54.5 87.8 -40.4 -159.4
818 FD -31.7 5.9 56.0 83.8 -44.4 -163.4
820 4FC -31.0 6.7 57.0 79.8 -48.4 -167.4
821 4++ -35.0 2.7 53.0 94.1 -33.2 -155.5
822 MiTH -34.0 4.0 54.5 90.1 -37.2 -159.5
823 GL.eu -32.6 5.6 56.4 86.1 -41.2 -163.5
826 EVOPLAY -30.9 7.1 58.3 82.1 -45.2 -167.5
829 TLP -34.9 3.1 54.3 96.0 -33.3 -158.1
832 CDCD -38.9 -0.9 50.3 119.2 -14.9 -142.3
833 Menace -42.9 -4.9 46.3 132.1 -3.8 -133.3
841 VP -41.9 -3.8 47.7 128.1 -7.8 -137.3
842 Menace -45.9 -7.8 43.7 137.5 1.2 -128.6
843 Empire -44.0 -6.1 45.5 133.5 -2.8 -132.6
844 Kaipi -42.7 -4.8 47.1 129.5 -6.8 -136.6
851 VP -41.7 -3.6 48.6 125.5 -10.8 -140.6
856 Empire -40.2 -2.1 50.3 121.5 -14.8 -144.6
859 FSid3 -44.2 -6.1 46.3 131.3 -4.1 -134.8
862 rox.KIS -42.7 -4.8 47.8 127.3 -8.1 -138.8
864 Poseidon -41.6 -3.5 49.3 123.3 -12.1 -142.8
865 Mski -40.6 -2.4 50.7 119.3 -16.1 -146.8
866 Poseidon -39.7 -1.5 51.8 115.3 -20.1 -150.8
867 Dreamz -38.6 -0.2 53.4 111.3 -24.1 -154.8
871 Next.kz -37.5 1.0 54.8 107.3 -28.1 -158.8
873 PR -41.5 -3.0 50.8 128.0 -10.5 -144.2
877 Mski -40.5 -1.6 52.5 124.0 -14.5 -148.2
878 Lowyat -44.5 -5.6 48.5 137.7 -3.1 -138.7
883 Kaipi -43.3 -4.2 50.1 133.7 -7.1 -142.7
885 Aspera -41.6 -2.5 52.0 129.7 -11.1 -146.7
886 Fnatic.eu -40.2 -1.0 53.8 125.7 -15.1 -150.7
889 Next.kz -38.9 0.3 55.3 121.7 -19.1 -154.7
893 Menace -42.9 -3.7 51.3 131.9 -9.0 -145.8
898 Mski -41.3 -2.0 53.2 127.9 -13.0 -149.8
899 Menace -40.0 -0.8 54.6 123.9 -17.0 -153.8
901 Fnatic.eu -38.6 0.5 56.1 119.9 -21.0 -157.8
903 Kaipi -37.4 1.8 57.6 115.9 -25.0 -161.8
905 Dignitas -36.6 2.7 58.7 111.9 -29.0 -165.8
906 Dignitas -35.7 3.7 59.9 107.9 -33.0 -169.8
908 iG -35.0 4.5 60.9 103.9 -37.0 -173.8
911 4FC -39.0 0.5 56.9 117.2 -23.4 -162.4
915 Fnatic.eu -38.2 1.5 58.1 113.2 -27.4 -166.4
916 Property -42.2 -2.5 54.1 125.9 -16.8 -157.1
917 Menace -46.2 -6.5 50.1 136.8 -5.9 -147.6
919 LGD.cn -44.9 -5.0 51.8 132.8 -9.9 -151.6
920 TongFu -44.3 -4.3 52.7 128.8 -13.9 -155.6
921 Alliance -43.3 -3.3 54.0 124.8 -17.9 -159.6
925 Empire -42.0 -2.0 55.5 120.8 -21.9 -163.6
926 Empire -40.6 -0.4 57.2 116.8 -25.9 -167.6
927 iG -39.1 1.0 58.7 112.8 -29.9 -171.6
931 Alliance -38.2 1.9 59.7 108.8 -33.9 -175.6
937 OguraYui -42.2 -2.1 55.7 119.9 -21.3 -164.8
938 Mski -40.4 -0.6 57.4 115.9 -25.3 -168.8
941 Alliance -39.5 0.4 58.5 111.9 -29.3 -172.8
944 Imp -43.5 -3.6 54.5 123.1 -18.5 -162.9
949 VP -42.2 -2.3 56.0 119.1 -22.5 -166.9
950 Kaipi -41.2 -1.1 57.5 115.1 -26.5 -170.9
951 Mski -40.2 9.99200722163e-15 58.8 111.1 -30.5 -174.9
954 Cascade -44.2 -4.0 54.8 124.5 -18.9 -164.9
956 Alliance -43.7 -3.5 55.5 120.5 -22.9 -168.9
957 Na'Vi -42.9 -2.8 56.4 116.5 -26.9 -172.9
958 PR -46.9 -6.8 52.4 141.2 -2.9 -152.1
959 Kaipi -46.1 -5.8 53.5 137.2 -6.9 -156.1
960 Kaipi -45.4 -4.9 54.7 133.2 -10.9 -160.1
963 Na'Vi -44.0 -3.5 56.3 129.2 -14.9 -164.1
964 Alliance -42.8 -2.2 57.8 125.2 -18.9 -168.1
967 mouz -41.4 -0.7 59.5 121.2 -22.9 -172.1
972 Aspera -45.4 -4.7 55.5 143.1 -3.9 -156.2
975 Dignitas -44.6 -3.7 56.8 139.1 -7.9 -160.2
976 StayFree -43.2 -2.0 58.8 135.1 -11.9 -164.2
977 Na'Vi -41.7 -0.3 60.8 131.1 -15.9 -168.2
982 Fnatic.eu -40.9 0.5 61.8 127.1 -19.9 -172.2
983 Fnatic.eu -39.1 2.2 63.6 123.1 -23.9 -176.2
986 Na'Vi -38.1 3.4 65.0 119.1 -27.9 -180.2
987 Fnatic.eu -36.5 5.2 67.0 115.1 -31.9 -184.2
988 4FC -40.5 1.2 63.0 124.7 -21.8 -175.2
990 Kaipi -39.7 2.1 64.1 120.7 -25.8 -179.2
991 Empire -43.7 -1.9 60.1 131.6 -16.4 -171.3
992 PBS -47.7 -5.9 56.1 141.9 -8.1 -163.5
997 PR -51.7 -9.9 52.1 159.5 6.7 -151.8
1004 EG -50.1 -8.2 54.0 155.5 2.7 -155.8
1005 Dignitas -54.1 -12.2 50.0 167.6 12.6 -147.4
1008 Menace -58.1 -16.2 46.0 179.7 24.9 -136.5
1009 Kaipi -57.2 -15.3 47.1 175.7 20.9 -140.5
1012 DK -55.9 -13.8 48.9 171.7 16.9 -144.5
1017 Na'Vi -55.1 -12.9 49.9 167.7 12.9 -148.5
1018 Alliance -54.3 -12.0 51.1 163.7 8.9 -152.5
1020 Na'Vi -52.6 -10.3 53.0 159.7 4.9 -156.5
1021 Na'Vi -51.4 -9.1 54.4 155.7 0.9 -160.5
1022 LGD.cn -50.3 -7.8 55.8 151.7 -3.1 -164.5
1025 Dignitas -49.5 -6.9 57.0 147.7 -7.1 -168.5
1028 4FC -53.5 -10.9 53.0 158.2 4.4 -158.5
1030 Na'Vi -52.7 -10.0 54.0 154.2 0.4 -162.5
1032 Na'Vi -51.8 -8.9 55.3 150.2 -3.6 -166.5
1034 Alliance -51.1 -8.1 56.3 146.2 -7.6 -170.5
1035 Alliance -50.4 -7.4 57.1 142.2 -11.6 -174.5
1037 VP -54.4 -11.4 53.1 154.2 -2.4 -166.6
1039 Ahead.kz -58.4 -15.4 49.1 175.5 19.4 -148.7
1041 Alliance -57.4 -14.1 50.6 171.5 15.4 -152.7
1042 Empire -55.9 -12.4 52.5 167.5 11.4 -156.7
1045 iG -55.0 -11.0 54.2 163.5 7.4 -160.7
1046 Liquid -53.9 -9.8 55.6 159.5 3.4 -164.7
1048 MiTH -52.3 -8.1 57.6 155.5 -0.6 -168.7
1050 Alliance -51.5 -7.2 58.7 151.5 -4.6 -172.7
1051 iG -50.7 -6.2 59.9 147.5 -8.6 -176.7
1055 Alliance -50.1 -5.5 60.8 143.5 -12.6 -180.7
1059 TongFu -48.3 -4.0 62.4 139.5 -16.6 -184.7
1061 RS.int -46.8 -2.2 64.5 135.5 -20.6 -188.7
1062 MiTH -45.1 -0.5 66.4 131.5 -24.6 -192.7
1063 Alliance -44.4 0.3 67.3 127.5 -28.6 -196.7
1064 Alliance -43.6 1.2 68.3 123.5 -32.6 -200.7
1065 SSD -42.6 2.7 70.0 119.5 -36.6 -204.7
1067 Hearts -41.1 4.3 71.8 115.5 -40.6 -208.7
1070 Quantic -45.1 0.3 67.8 125.8 -31.3 -200.3
1071 Quantic -43.3 1.9 69.6 121.8 -35.3 -204.3
1073 Titan -41.8 3.4 71.2 117.8 -39.3 -208.3
1077 StayFree -40.7 4.9 73.0 113.8 -43.3 -212.3
1081 Na'Vi -40.0 5.7 74.0 109.8 -47.3 -216.3
1082 Fnatic.eu -39.2 6.6 75.0 105.8 -51.3 -220.3
1083 Titan -38.4 7.5 76.2 101.8 -55.3 -224.3
1085 FD -37.6 8.6 77.6 97.8 -59.3 -228.3
1088 FXopen -36.7 9.9 79.1 93.8 -63.3 -232.3
1089 Imp -36.0 10.9 80.2 89.8 -67.3 -236.3
1090 MiTH -35.3 11.8 81.3 85.8 -71.3 -240.3
1091 Na'Vi -34.4 12.8 82.6 81.8 -75.3 -244.3
1092 ONE.dota -38.4 8.8 78.6 93.0 -63.7 -234.1
1095 Arcanys -42.4 4.8 74.6 114.5 -46.4 -220.6
1096 VG -41.4 6.2 76.3 110.5 -50.4 -224.6
1097 FD -40.7 7.1 77.6 106.5 -54.4 -228.6
1098 Lowyat -44.7 3.1 73.6 117.1 -44.2 -219.9
1101 Fnatic.eu -43.7 4.3 75.1 113.1 -48.2 -223.9
1104 Poseidon -47.7 0.3 71.1 129.1 -34.0 -212.7
1105 Na'Vi -46.9 1.2 72.2 125.1 -38.0 -216.7
1111 LGD.int -45.9 2.3 73.6 121.1 -42.0 -220.7
1112 DK -45.4 3.0 74.4 117.1 -46.0 -224.7
1114 Na'Vi -44.7 3.8 75.4 113.1 -50.0 -228.7
1117 VG -44.0 4.6 76.4 109.1 -54.0 -232.7
1118 LGD.cn -43.6 5.2 77.2 105.1 -58.0 -236.7
1120 Ahead.kz -42.3 6.7 79.0 101.1 -62.0 -240.7
1122 PR -40.8 7.9 80.3 97.1 -66.0 -244.7
1123 Na'Vi -40.4 8.5 81.0 93.1 -70.0 -248.7
1125 Empire -38.8 10.1 82.6 89.1 -74.0 -252.7
1126 Life -42.8 6.1 78.6 99.5 -59.9 -239.8
1129 iG -42.3 6.8 79.4 95.5 -63.9 -243.8
1130 TongFu -40.7 8.6 81.4 91.5 -67.9 -247.8
1131 Na'Vi -39.7 9.6 82.6 87.5 -71.9 -251.8
1132 Fnatic.eu -38.8 10.7 83.8 83.5 -75.9 -255.8
1133 MUFC -42.8 6.7 79.8 93.8 -66.5 -247.3
1135 Empire -41.8 7.8 81.1 89.8 -70.5 -251.3
1136 Empire -40.4 9.4 82.9 85.8 -74.5 -255.3
1137 TakeFive -44.4 5.4 78.9 96.6 -61.4 -244.0
1143 DK -43.9 6.1 79.8 92.6 -65.4 -248.0
1144 VG -47.9 2.1 75.8 107.2 -52.1 -237.6
1146 iG -47.5 2.7 76.5 103.2 -56.1 -241.6
1147 LGD.cn -46.3 4.1 78.2 99.2 -60.1 -245.6
1149 Na'Vi -45.4 5.1 79.5 95.2 -64.1 -249.6
1151 Alliance -44.9 5.8 80.3 91.2 -68.1 -253.6
1155 Empire -43.8 7.3 82.0 87.2 -72.1 -257.6
1156 iG -42.7 8.9 83.9 83.2 -76.1 -261.6
1157 Na'Vi -41.9 9.8 84.9 79.2 -80.1 -265.6
1159 SAfrica -40.8 11.2 86.7 75.2 -84.1 -269.6
1165 Titan -44.8 7.2 82.7 85.7 -72.7 -259.5
1169 DK -44.4 7.8 83.5 81.7 -76.7 -263.5
1171 Empire -43.6 8.8 84.7 77.7 -80.7 -267.5
1172 Speed -47.6 4.8 80.7 96.6 -59.9 -247.4
1173 Empire -45.9 6.5 82.6 92.6 -63.9 -251.4
1174 Fnatic -44.6 7.8 84.0 88.6 -67.9 -255.4
1175 TongFu -43.9 8.7 85.2 84.6 -71.9 -259.4
1176 LGD.cn -47.9 4.7 81.2 96.3 -62.3 -251.2
1177 TongFu -46.4 6.1 82.8 92.3 -66.3 -255.2
1178 DK -46.0 6.6 83.5 88.3 -70.3 -259.2
1181 Alliance -45.3 7.5 84.6 84.3 -74.3 -263.2
1183 Speed -43.9 8.8 86.1 80.3 -78.3 -267.2
1185 Liquid -47.9 4.8 82.1 100.9 -57.5 -247.9
1188 LGD.int -47.3 5.6 83.0 96.9 -61.5 -251.9
1189 EG -46.2 7.0 84.8 92.9 -65.5 -255.9
1190 TongFu -45.4 8.1 86.2 88.9 -69.5 -259.9
1191 DK -45.0 8.8 87.0 84.9 -73.5 -263.9
1192 Na'Vi -44.2 9.7 88.3 80.9 -77.5 -267.9
1194 Dignitas -42.7 11.2 90.0 76.9 -81.5 -271.9
1195 VG -42.2 11.9 90.8 72.9 -85.5 -275.9
1196 LGD.cn -41.7 12.6 91.7 68.9 -89.5 -279.9
1197 CSW -40.3 14.3 93.5 64.9 -93.5 -283.9
1200 Liquid -38.7 15.7 95.0 60.9 -97.5 -287.9
1202 SSD -37.4 17.2 96.8 56.9 -101.5 -291.9
1203 TongFu -37.0 17.8 97.5 52.9 -105.5 -295.9
1204 iG -36.3 18.7 98.5 48.9 -109.5 -299.9
1205 HR -40.3 14.7 94.5 61.3 -94.4 -286.5
1206 EG -38.8 15.8 95.7 57.3 -98.4 -290.5
1208 Imp -42.8 11.8 91.7 65.8 -88.9 -281.5
1210 Liquid -46.8 7.8 87.7 78.1 -76.4 -270.7
1215 iG -46.4 8.5 88.5 74.1 -80.4 -274.7
1216 LGD.cn -45.0 10.3 90.7 70.1 -84.4 -278.7
1217 Speed -49.0 6.3 86.7 80.1 -75.1 -270.4
1220 Empire -47.7 7.9 88.6 76.1 -79.1 -274.4
1221 iG -51.7 3.9 84.6 87.4 -70.2 -267.4
1222 LGD.cn -49.8 5.5 86.3 83.4 -74.2 -271.4
1223 DK -48.9 6.7 87.8 79.4 -78.2 -275.4
1230 Property -52.9 2.7 83.8 92.1 -67.8 -266.8
1232 Alliance -52.0 3.6 84.9 88.1 -71.8 -270.8
1235 TongFu -56.0 -0.4 80.9 106.0 -57.8 -260.1
1237 FSid3 -60.0 -4.4 76.9 116.4 -48.3 -251.7
1238 LGD.cn -59.4 -3.5 78.1 112.4 -52.3 -255.7
1243 Alliance -58.7 -2.7 79.2 108.4 -56.3 -259.7
1245 Speed -57.7 -1.4 80.8 104.4 -60.3 -263.7
1247 iG -57.3 -0.8 81.6 100.4 -64.3 -267.7
1253 LGD.int -61.3 -4.8 77.6 129.1 -43.9 -251.6
1256 RS -60.4 -3.8 78.9 125.1 -47.9 -255.6
1257 mouz -64.4 -7.8 74.9 136.9 -38.1 -247.2
1262 iG -63.3 -6.4 76.5 132.9 -42.1 -251.2
1263 LGD.cn -62.6 -5.5 77.6 128.9 -46.1 -255.2
1264 DK -61.9 -4.7 78.6 124.9 -50.1 -259.2
1266 Alliance -61.2 -3.9 79.6 120.9 -54.1 -263.2
1267 Na'Vi -59.8 -2.3 81.4 116.9 -58.1 -267.2
1268 Mski -58.7 -0.9 83.0 112.9 -62.1 -271.2
1269 Orange -57.7 0.1 84.3 108.9 -66.1 -275.2
1273 RS -61.7 -3.9 80.3 121.6 -54.9 -265.1
1274 LGD.cn -60.2 -2.4 81.9 117.6 -58.9 -269.1
1276 CSW -58.7 -0.7 83.8 113.6 -62.9 -273.1
1278 Lowyat -62.7 -4.7 79.8 125.8 -47.5 -259.1
1279 Titan -61.6 -3.6 81.1 121.8 -51.5 -263.1
1283 Speed -60.4 -2.4 82.3 117.8 -55.5 -267.1
1284 Alliance -59.6 -1.6 83.3 113.8 -59.5 -271.1
1292 SSD -63.6 -5.6 79.3 122.2 -50.1 -262.1
1293 TongFu -62.6 -4.5 80.7 118.2 -54.1 -266.1
1294 VG -66.6 -8.5 76.7 132.0 -40.9 -255.4
1296 mouz -64.9 -6.7 78.7 128.0 -44.9 -259.4
1299 EG -63.8 -5.5 80.0 124.0 -48.9 -263.4
1301 Hearts -62.5 -3.9 81.8 120.0 -52.9 -267.4
1303 Sigma.int -61.6 -2.7 83.3 116.0 -56.9 -271.4
1305 Empire -61.0 -1.9 84.2 112.0 -60.9 -275.4
1306 FXopen -59.9 -0.5 85.8 108.0 -64.9 -279.4
1307 LGD.int -59.0 0.5 87.0 104.0 -68.9 -283.4
1308 LGD.cn -58.3 1.3 88.0 100.0 -72.9 -287.4
1310 Sigma.int -57.6 2.1 89.0 96.0 -76.9 -291.4
1314 TongFu -57.2 2.7 89.7 92.0 -80.9 -295.4
1315 Empire -56.4 3.6 90.7 88.0 -84.9 -299.4
1316 VG -55.7 4.5 91.8 84.0 -88.9 -303.4
1317 Na'Vi -54.7 5.6 93.2 80.0 -92.9 -307.4
1318 QPandas -58.7 1.6 89.2 93.6 -79.4 -294.5
1321 Fnatic.eu -58.0 2.3 89.8 89.6 -83.4 -298.5
1322 DK -57.6 2.8 90.5 85.6 -87.4 -302.5
1323 VG -56.8 3.8 91.8 81.6 -91.4 -306.5
1324 VG -60.8 -0.2 87.8 95.8 -76.9 -294.3
1325 Kawai -64.8 -4.2 83.8 107.9 -67.0 -285.0
1326 Dignitas -68.8 -8.2 79.8 120.9 -55.0 -274.9
1327 Speed -68.2 -7.5 80.7 116.9 -59.0 -278.9
1328 Dignitas -66.5 -5.8 82.5 112.9 -63.0 -282.9
1329 Alliance -65.9 -5.1 83.3 108.9 -67.0 -286.9
1331 Na'Vi -64.7 -4.1 84.5 104.9 -71.0 -290.9
1332 Fnatic.eu -68.7 -8.1 80.5 115.0 -59.3 -280.6
1333 Alliance -67.9 -7.3 81.5 111.0 -63.3 -284.6
1334 iG -66.4 -5.5 83.7 107.0 -67.3 -288.6
1335 LGD.int -65.2 -4.1 85.3 103.0 -71.3 -292.6
1336 TongFu -64.2 -3.2 86.3 99.0 -75.3 -296.6
1338 Liquid -62.8 -1.7 88.0 95.0 -79.3 -300.6
1340 Fnatic.eu -61.9 -0.7 89.2 91.0 -83.3 -304.6
1341 Alliance -61.4 -0.1 89.9 87.0 -87.3 -308.6
1345 Sigma.int -60.2 1.4 91.7 83.0 -91.3 -312.6
1351 VG -59.8 2.1 92.5 79.0 -95.3 -316.6
1352 DK -59.2 2.7 93.3 75.0 -99.3 -320.6
1353 Alliance -57.5 4.4 95.2 71.0 -103.3 -324.6
1354 VP -61.5 0.4 91.2 83.9 -91.1 -313.7
1355 Alliance -60.3 1.7 92.8 79.9 -95.1 -317.7
1356 Alliance -59.0 2.9 94.1 75.9 -99.1 -321.7
1357 Na'Vi -57.9 3.9 95.2 71.9 -103.1 -325.7
1359 LGD.cn -57.6 4.4 95.8 67.9 -107.1 -329.7
1360 iG -57.2 4.9 96.4 63.9 -111.1 -333.7
1361 Dignitas -56.5 5.7 97.4 59.9 -115.1 -337.7
1362 Speed -56.1 6.2 98.1 55.9 -119.1 -341.7
1365 Alliance -55.4 6.9 98.9 51.9 -123.1 -345.7
1366 Alliance -55.0 7.4 99.5 47.9 -127.1 -349.7
1368 Fnatic.eu -53.8 8.6 100.8 43.9 -131.1 -353.7
1369 Na'Vi -53.1 9.4 101.7 39.9 -135.1 -357.7
1370 LGD.int -57.1 5.4 97.7 49.1 -124.7 -348.2
1372 VP -61.1 1.4 93.7 67.0 -109.5 -335.5
1373 Liquid -59.8 2.7 95.2 63.0 -113.5 -339.5
1377 LGD.cn -58.3 4.3 97.0 59.0 -117.5 -343.5
1379 Fnatic.eu -57.2 5.5 98.4 55.0 -121.5 -347.5
1380 Liquid -56.1 6.7 99.8 51.0 -125.5 -351.5
1381 Liquid -60.1 2.7 95.8 65.9 -111.5 -339.6
1382 Titan -59.3 3.7 97.1 61.9 -115.5 -343.6
1383 LGD.cn -57.8 5.5 99.1 57.9 -119.5 -347.6
1384 Empire -57.1 6.3 100.1 53.9 -123.5 -351.6
1386 StayFree -61.1 2.3 96.1 64.3 -113.4 -342.6
1388 iG -60.6 3.0 96.9 60.3 -117.4 -346.6
1389 RStars -59.9 4.0 98.3 56.3 -121.4 -350.6
1390 Alliance -59.4 4.6 99.0 52.3 -125.4 -354.6
1391 Fnatic.eu -58.2 5.9 100.6 48.3 -129.4 -358.6
1396 rox.KIS -62.2 1.9 96.6 83.5 -101.7 -335.4
1399 EG -66.2 -2.1 92.6 98.5 -85.9 -322.1
1401 Alliance -64.4 -0.4 94.5 94.5 -89.9 -326.1
1404 VG -63.5 0.7 95.9 90.5 -93.9 -330.1
1405 Speed -62.7 1.8 97.3 86.5 -97.9 -334.1
1412 DK -62.3 2.5 98.2 82.5 -101.9 -338.1
1415 VP -66.3 -1.5 94.2 94.4 -89.2 -326.9
1421 Na'Vi -64.8 0.1 96.1 90.4 -93.2 -330.9
1423 Alliance -64.3 0.7 96.8 86.4 -97.2 -334.9
1424 DK -64.0 1.1 97.4 82.4 -101.2 -338.9
1425 VG -63.3 1.9 98.4 78.4 -105.2 -342.9
1426 Speed -61.9 3.4 100.1 74.4 -109.2 -346.9
1429 Empire -60.7 4.6 101.5 70.4 -113.2 -350.9
1430 Na'Vi -59.8 5.6 102.7 66.4 -117.2 -354.9
1431 DK -59.4 6.1 103.3 62.4 -121.2 -358.9
1438 Liquid -58.7 7.0 104.3 58.4 -125.2 -362.9
1439 Empire -62.7 3.0 100.3 71.9 -110.6 -348.4
1442 LGD.int -62.3 3.6 101.0 67.9 -114.6 -352.4
1443 TongFu -61.6 4.4 102.0 63.9 -118.6 -356.4
1450 Na'Vi -60.7 5.5 103.3 59.9 -122.6 -360.4
1451 Na'Vi -59.3 6.9 104.7 55.9 -126.6 -364.4
1456 Liquid -57.8 8.7 106.7 51.9 -130.6 -368.4
1458 Fnatic.eu -61.8 4.7 102.7 64.7 -118.2 -357.1
1459 Na'Vi -60.1 6.2 104.4 60.7 -122.2 -361.1
1460 Alliance -59.2 7.1 105.4 56.7 -126.2 -365.1
1461 rox.KIS -63.2 3.1 101.4 66.3 -117.4 -357.0
1462 rox.KIS -61.7 4.6 103.1 62.3 -121.4 -361.0
1465 DK -60.2 6.1 104.7 58.3 -125.4 -365.0
1466 4FC -64.2 2.1 100.7 71.2 -112.6 -353.2
1473 LGD.cn -63.6 2.9 101.7 67.2 -116.6 -357.2
1475 TongFu3 -61.8 4.6 103.6 63.2 -120.6 -361.2
1478 Alliance -60.6 5.9 105.0 59.2 -124.6 -365.2
1479 Liquid -59.9 6.7 106.0 55.2 -128.6 -369.2
1480 Na'Vi -58.2 8.2 107.6 51.2 -132.6 -373.2
1482 Fnatic.eu -57.5 9.1 108.8 47.2 -136.6 -377.2
1483 Sigma.int -61.5 5.1 104.8 58.2 -124.2 -365.6
1489 Na'Vi -59.8 6.8 106.7 54.2 -128.2 -369.6
1490 EG -59.0 7.8 107.8 50.2 -132.2 -373.6
1492 Alliance -57.7 9.2 109.3 46.2 -136.2 -377.6
1494 Na'Vi -57.1 9.9 110.1 42.2 -140.2 -381.6
1495 DK -56.0 11.2 111.6 38.2 -144.2 -385.6
1497 Speed -60.0 7.2 107.6 51.8 -132.3 -374.7
1498 Fnatic.eu -64.0 3.2 103.6 67.9 -116.8 -360.0
1499 DK -63.2 4.2 104.6 63.9 -120.8 -364.0
1500 Speed -62.5 5.1 105.8 59.9 -124.8 -368.0
1501 Liquid -66.5 1.1 101.8 73.3 -111.7 -356.2
1506 Liquid -65.2 2.5 103.3 69.3 -115.7 -360.2
1507 DK -63.5 4.2 105.0 65.3 -119.7 -364.2
1508 Alliance -62.9 5.0 105.8 61.3 -123.7 -368.2
1510 Na'Vi -61.4 6.6 107.6 57.3 -127.7 -372.2
1511 Sigma.int -60.9 7.3 108.3 53.3 -131.7 -376.2
1512 Alliance -60.0 8.3 109.5 49.3 -135.7 -380.2
1513 DK -59.7 8.8 110.1 45.3 -139.7 -384.2
1515 Speed -63.7 4.8 106.1 56.3 -128.9 -374.4
1518 Speed -67.7 0.8 102.1 66.0 -120.5 -366.8
1523 SSD -71.7 -3.2 98.1 79.4 -107.2 -355.5
1524 Aspera -70.3 -1.4 100.1 75.4 -111.2 -359.5
1527 VP -69.2 1.13242748512e-14 101.7 71.4 -115.2 -363.5
1528 TongFu -68.5 0.8 102.7 67.4 -119.2 -367.5
1529 LGD.int -67.9 1.6 103.7 63.4 -123.2 -371.5
1530 Empire -66.4 3.3 105.6 59.4 -127.2 -375.5
1531 Aspera -65.0 4.8 107.3 55.4 -131.2 -379.5
1533 OsG -69.0 0.8 103.3 68.6 -118.7 -369.2
1537 FL -73.0 -3.2 99.3 78.4 -107.5 -359.6
1545 LGD.cn -71.5 -1.4 101.5 74.4 -111.5 -363.6
1546 iG -70.3 1.13242748512e-14 103.2 70.4 -115.5 -367.6
1547 Fnatic.eu -74.3 -4.0 99.2 80.3 -105.3 -358.0
1548 Na'Vi -72.7 -2.4 101.0 76.3 -109.3 -362.0
1549 VG -72.1 -1.5 102.2 72.3 -113.3 -366.0
1550 DK -71.4 -0.7 103.2 68.3 -117.3 -370.0
1553 Fnatic.eu -75.4 -4.7 99.2 77.6 -108.5 -362.4
1557 LGD.int -79.4 -8.7 95.2 86.3 -99.0 -353.9
1568 Next.kz -78.2 -7.2 96.9 82.3 -103.0 -357.9
1572 Fnatic.eu -76.8 -5.9 98.3 78.3 -107.0 -361.9
1574 DK -75.7 -4.7 99.6 74.3 -111.0 -365.9
1576 5inQ -74.2 -2.8 101.9 70.3 -115.0 -369.9
1578 VG -78.2 -6.8 97.9 79.5 -106.1 -361.6
1579 DK -77.1 -5.3 99.6 75.5 -110.1 -365.6
1580 Alliance -76.0 -4.0 101.1 71.5 -114.1 -369.6
1582 PR -74.6 -2.7 102.5 67.5 -118.1 -373.6
1583 Sigma.int -73.2 -1.0 104.5 63.5 -122.1 -377.6
1585 Fnatic.eu -72.3 1.13242748512e-14 105.7 59.5 -126.1 -381.6
1586 Fnatic.eu -76.3 -4.0 101.7 69.1 -116.7 -372.3
1587 Idol -74.8 -2.2 104.0 65.1 -120.7 -376.3
1589 FD -73.8 -1.1 105.3 61.1 -124.7 -380.3
1590 Orange -73.0 -0.1 106.6 57.1 -128.7 -384.3
1593 FD -72.3 0.9 107.9 53.1 -132.7 -388.3
1594 FD -76.3 -3.1 103.9 61.9 -122.7 -379.1
1598 Alliance -75.4 -2.1 105.0 57.9 -126.7 -383.1
1600 TR -79.4 -6.1 101.0 68.8 -118.3 -376.0
1603 Fnatic.eu -77.9 -4.6 102.5 64.8 -122.3 -380.0
1604 Sigma.int -81.9 -8.6 98.5 75.2 -111.5 -369.9
1607 Idol -80.9 -7.2 100.2 71.2 -115.5 -373.9
1608 VP -84.9 -11.2 96.2 81.1 -106.6 -366.4
1611 Sigma.int -83.9 -9.9 97.7 77.1 -110.6 -370.4
1613 Fnatic.eu -82.5 -8.5 99.3 73.1 -114.6 -374.4
1614 Alliance -81.9 -7.7 100.2 69.1 -118.6 -378.4
1618 FD -80.3 -6.0 102.3 65.1 -122.6 -382.4
1620 VP -78.8 -4.6 103.9 61.1 -126.6 -386.4
1624 PR -77.2 -2.8 105.9 57.1 -130.6 -390.4
1626 FD -76.3 -1.6 107.3 53.1 -134.6 -394.4
1628 Alliance -75.6 -0.9 108.2 49.1 -138.6 -398.4
1629 Fnatic.eu -75.1 -0.3 109.0 45.1 -142.6 -402.4
1631 VG -74.6 0.4 110.0 41.1 -146.6 -406.4
1634 Alliance -73.9 1.3 111.0 37.1 -150.6 -410.4
1636 Sigma.int -73.2 2.1 112.1 33.1 -154.6 -414.4
1641 RRQ -77.2 -1.9 108.1 42.3 -144.6 -404.8
1651 rox.KIS -75.5 -0.2 110.0 38.3 -148.6 -408.8
1652 PR -74.4 1.1 111.5 34.3 -152.6 -412.8
1653 mouz -72.8 2.7 113.3 30.3 -156.6 -416.8
1654 MVP.P -71.8 4.1 114.9 26.3 -160.6 -420.8
1656 HR -75.8 0.1 110.9 35.3 -150.0 -411.0
1657 RRQ -75.1 1.0 112.0 31.3 -154.0 -415.0
1660 Poseidon -79.1 -3.0 108.0 47.7 -139.4 -403.4
1662 Fnatic.eu -78.3 -2.0 109.2 43.7 -143.4 -407.4
1664 DK -77.6 -1.2 110.2 39.7 -147.4 -411.4
1665 LGD.cn -77.0 -0.5 111.2 35.7 -151.4 -415.4
1667 Fnatic.eu -75.5 0.9 112.8 31.7 -155.4 -419.4
1668 Duskbin -74.7 2.2 114.4 27.7 -159.4 -423.4
1674 Empire -73.5 3.5 115.8 23.7 -163.4 -427.4
1676 TR -77.5 -0.5 111.8 37.9 -151.8 -417.6
1677 Na'Vi -76.3 0.7 113.3 33.9 -155.8 -421.6
1678 Na'Vi -75.4 1.8 114.5 29.9 -159.8 -425.6
1679 Speed -73.7 3.5 116.4 25.9 -163.8 -429.6
1681 Mski -72.8 4.6 117.7 21.9 -167.8 -433.6
1682 Lowyat -71.6 5.9 119.3 17.9 -171.8 -437.6
1683 rox.KIS -70.3 7.5 121.2 13.9 -175.8 -441.6
1684 Alliance -68.9 8.8 122.6 9.9 -179.8 -445.6
1685 Alliance -68.4 9.4 123.3 5.9 -183.8 -449.6
1686 Sigma.int -67.2 10.6 124.7 1.9 -187.8 -453.6
1688 Fnatic.eu -65.8 12.0 126.2 -2.1 -191.8 -457.6
1689 iG -65.3 12.6 126.9 -6.1 -195.8 -461.6
1690 Mski -63.3 14.1 128.4 -10.1 -199.8 -465.6
1697 mouz -67.3 10.1 124.4 6.8 -179.7 -445.5
1698 Alliance -65.8 11.4 125.8 2.8 -183.7 -449.5
1699 OsG -69.8 7.4 121.8 31.2 -157.4 -426.1
1701 TongFu -68.8 8.4 122.9 27.2 -161.4 -430.1
1706 Sigma.int -67.9 9.2 123.8 23.2 -165.4 -434.1
1707 mouz -66.7 10.3 125.0 19.2 -169.4 -438.1
1708 HR -65.6 11.6 126.6 15.2 -173.4 -442.1
1709 iG -64.2 13.2 128.6 11.2 -177.4 -446.1
1709 iG -62.8 14.8 130.6 7.2 -181.4 -450.1
1711 Next.kz -62.0 15.8 131.8 3.2 -185.4 -454.1
1711 Next.kz -61.3 16.7 132.8 -0.8 -189.4 -458.1
1712 VP -59.6 18.4 134.6 -4.8 -193.4 -462.1
1712 VP -57.7 20.0 136.3 -8.8 -197.4 -466.1
1713 Alliance -56.1 21.6 138.0 -12.8 -201.4 -470.1
1713 Sigma.int -54.3 23.0 139.7 -16.8 -205.4 -474.1
1714 rox.KIS -53.6 23.9 140.7 -20.8 -209.4 -478.1
1714 rox.KIS -52.7 24.8 141.9 -24.8 -213.4 -482.1
1719 HR -50.9 26.3 143.5 -28.8 -217.4 -486.1
1719 HR -49.1 27.8 145.1 -32.8 -221.4 -490.1
1720 Mski -48.2 28.8 146.2 -36.8 -225.4 -494.1
1721 Lowyat -47.1 29.8 147.7 -40.8 -229.4 -498.1
1722 Mski -46.3 30.6 148.7 -44.8 -233.4 -502.1
1723 Mski -44.6 32.2 150.3 -48.8 -237.4 -506.1
1724 LGD.cn -43.0 33.9 152.2 -52.8 -241.4 -510.1
1725 VG -41.9 35.1 153.6 -56.8 -245.4 -514.1
1726 Lowyat -40.9 36.1 154.8 -60.8 -249.4 -518.1
1727 Mski -40.1 37.0 155.7 -64.8 -253.4 -522.1
1728 sQreen -44.1 33.0 151.7 -52.6 -240.9 -511.1
1730 rox.KIS -43.1 34.4 153.2 -56.6 -244.9 -515.1
1731 Empire -47.1 30.4 149.2 -44.4 -232.0 -503.8
1733 PR -51.1 26.4 145.2 -33.5 -221.5 -494.1
1735 Mski -50.3 27.2 146.2 -37.5 -225.5 -498.1
1736 Lowyat -54.3 23.2 142.2 -28.3 -216.5 -490.2
1742 Na'Vi -52.8 25.2 144.4 -32.3 -220.5 -494.2
1744 Sigma.int -51.8 26.5 145.9 -36.3 -224.5 -498.2
1745 Na'Vi -51.1 27.4 147.0 -40.3 -228.5 -502.2
1746 Alliance -50.4 28.2 148.1 -44.3 -232.5 -506.2
1750 Alliance -49.7 29.0 149.1 -48.3 -236.5 -510.2
1751 Na'Vi -48.8 30.0 150.3 -52.3 -240.5 -514.2
1753 Na'Vi -47.5 31.4 151.9 -56.3 -244.5 -518.2
1754 TR -51.5 27.4 147.9 -43.4 -233.1 -508.5
1755 SSD -50.4 28.8 149.6 -47.4 -237.1 -512.5
1758 DK -48.8 30.6 151.7 -51.4 -241.1 -516.5
1760 Duskbin -52.8 26.6 147.7 -41.9 -230.5 -506.6
1761 Mski -51.8 27.9 149.1 -45.9 -234.5 -510.6
1763 rox.KIS -50.9 28.9 150.3 -49.9 -238.5 -514.6
1764 Na'Vi -49.8 30.0 151.6 -53.9 -242.5 -518.6
1768 QPandas -53.8 26.0 147.6 -43.5 -232.7 -510.1
1771 VG -52.9 27.2 149.2 -47.5 -236.7 -514.1
1774 Idol -51.9 28.7 151.1 -51.5 -240.7 -518.1
1776 Fnatic.eu -50.8 29.9 152.5 -55.5 -244.7 -522.1
1777 PR -49.3 31.5 154.3 -59.5 -248.7 -526.1
1779 Fnatic.eu -47.5 33.0 155.9 -63.5 -252.7 -530.1
1780 Titan -46.1 34.6 157.7 -67.5 -256.7 -534.1
1783 Titan -45.1 35.6 159.0 -71.5 -260.7 -538.1
1784 LGD.cn -43.5 37.2 161.0 -75.5 -264.7 -542.1
1785 Fnatic.eu -42.4 38.4 162.3 -79.5 -268.7 -546.1
1786 Fnatic.eu -41.0 39.8 163.8 -83.5 -272.7 -550.1
1788 Sigma.int -40.4 40.5 164.7 -87.5 -276.7 -554.1
1790 Na'Vi -39.4 41.4 165.7 -91.5 -280.7 -558.1
1791 Revenge -43.4 37.4 161.7 -82.1 -269.2 -546.5
1793 Fnatic.eu -42.1 38.7 163.2 -86.1 -273.2 -550.5
1795 Empire -40.5 40.5 165.0 -90.1 -277.2 -554.5
1797 TR -44.5 36.5 161.0 -80.7 -267.4 -545.0
1800 Empire -42.9 38.1 162.8 -84.7 -271.4 -549.0
1801 Na'Vi -41.2 39.5 164.4 -88.7 -275.4 -553.0
1802 PR -45.2 35.5 160.4 -75.6 -259.5 -538.2
1803 Sigma.int -44.0 36.9 161.9 -79.6 -263.5 -542.2
1804 DK -43.6 37.5 162.6 -83.6 -267.5 -546.2
1805 VG -43.0 38.2 163.5 -87.6 -271.5 -550.2
1806 DT -41.3 39.8 165.3 -91.6 -275.5 -554.2
1807 LGD.cn -40.8 40.4 166.1 -95.6 -279.5 -558.2
1808 iG -40.4 41.0 166.9 -99.6 -283.5 -562.2
1809 Titan -39.2 42.1 168.2 -103.6 -287.5 -566.2
1811 TongFu -38.3 43.0 169.3 -107.6 -291.5 -570.2
1814 LGD.cn -37.8 43.7 170.2 -111.6 -295.5 -574.2
1815 iG -36.9 45.1 171.9 -115.6 -299.5 -578.2
1817 Mski -35.7 46.3 173.3 -119.6 -303.5 -582.2
1820 Empire -34.8 47.2 174.4 -123.6 -307.5 -586.2
1821 QPandas -38.8 43.2 170.4 -112.8 -296.5 -576.6
1822 Fnatic.eu -38.3 43.8 171.1 -116.8 -300.5 -580.6
1823 SSD -36.6 45.4 172.8 -120.8 -304.5 -584.6
1825 DK -35.0 47.2 174.9 -124.8 -308.5 -588.6
1826 Titan -34.0 48.2 176.0 -128.8 -312.5 -592.6
1827 MVP.P -33.1 49.4 177.4 -132.8 -316.5 -596.6
1828 TongFu -37.1 45.4 173.4 -118.4 -305.3 -586.8
1829 Sigma.int -35.8 47.1 175.4 -122.4 -309.3 -590.8
1833 Fnatic.eu -34.3 48.5 176.8 -126.4 -313.3 -594.8
1836 DK -32.9 50.1 178.6 -130.4 -317.3 -598.8
1837 Titan -31.3 51.6 180.3 -134.4 -321.3 -602.8
1840 PR -35.3 47.6 176.3 -122.2 -310.0 -592.3
1842 DK -34.0 49.2 178.1 -126.2 -314.0 -596.3
1845 DK -32.1 51.4 179.3 -130.2 -318.0 -600.3
1846 DK -31.2 52.5 179.9 -134.2 -322.0 -604.3
1847 DK -30.4 53.6 181.2 -138.2 -326.0 -608.3
1850 rox.KIS -29.1 55.2 182.0 -142.2 -330.0 -612.3
1851 Alliance -28.4 56.1 182.6 -146.2 -334.0 -616.3
1852 SSD -26.7 57.7 184.3 -150.2 -338.0 -620.3
1853 Alliance -25.7 58.5 185.2 -154.2 -342.0 -624.3
1857 iG -25.0 59.4 186.3 -158.2 -346.0 -628.3
1860 Fnatic.eu -24.4 60.2 187.2 -162.2 -350.0 -632.3
1861 Sigma.int -23.4 61.4 188.7 -166.2 -354.0 -636.3
1862 Next.kz -27.4 57.4 184.7 -155.3 -343.4 -626.5
1863 Fnatic.eu -26.2 58.7 185.7 -159.3 -347.4 -630.5
1865 TongFu -25.4 59.7 186.9 -163.3 -351.4 -634.5
1867 Fnatic.eu -24.5 60.7 187.6 -167.3 -355.4 -638.5
1868 Na'Vi -23.8 61.5 188.1 -171.3 -359.4 -642.5
1870 FSid3 -27.8 57.5 184.1 -161.6 -347.9 -631.2
1874 Revenge -26.4 59.1 185.1 -165.6 -351.9 -635.2
1875 iG -24.8 60.8 187.0 -169.6 -355.9 -639.2
1877 FD -23.2 62.5 188.3 -173.6 -359.9 -643.2
1878 Invasion -27.2 58.5 184.3 -162.0 -349.5 -629.3
1879 Orange -26.4 59.4 185.3 -166.0 -353.5 -633.3
1885 Mski -25.2 60.5 186.5 -170.0 -357.5 -637.3
1886 Invasion -23.9 61.9 187.5 -174.0 -361.5 -641.3
1887 Lowyat -22.6 63.3 188.9 -178.0 -365.5 -645.3
1889 Fnatic.eu -26.6 59.3 184.9 -160.8 -352.4 -633.5
1893 Mski -25.4 60.7 185.6 -164.8 -356.4 -637.5
1894 Spirit -29.4 56.7 181.6 -152.3 -344.9 -621.2
1898 Titan -28.1 58.4 182.4 -156.3 -348.9 -625.2
1903 Titan -26.1 60.8 183.7 -160.3 -352.9 -629.2
1906 5inQ -25.0 62.5 185.7 -164.3 -356.9 -633.2
1910 FD -23.1 64.7 187.2 -168.3 -360.9 -637.2
1911 Titan -22.0 66.0 188.2 -172.3 -364.9 -641.2
1913 rox.KIS -20.6 67.6 189.5 -176.3 -368.9 -645.2
1916 rox.KIS -19.3 69.0 191.0 -180.3 -372.9 -649.2
1917 Orange -17.3 70.6 192.7 -184.3 -376.9 -653.2
1923 VP -15.8 72.3 194.5 -188.3 -380.9 -657.2
1925 PR -14.1 73.9 195.9 -192.3 -384.9 -661.2
1927 Titan -12.5 75.7 197.1 -196.3 -388.9 -665.2
1928 Zephyr -11.5 77.2 198.9 -200.3 -392.9 -669.2
1929 MVP -10.2 78.7 200.7 -204.3 -396.9 -673.2
1934 Sigma.int -14.2 74.7 196.7 -193.3 -385.5 -662.6
1935 EOT.Ham. -18.2 70.7 192.7 -177.8 -375.5 -654.5
1936 Alliance -16.4 72.7 194.4 -181.8 -379.5 -658.5
1939 Na'Vi -14.7 74.6 195.8 -185.8 -383.5 -662.5
1945 rox.KIS -13.6 75.9 196.6 -189.8 -387.5 -666.5
1948 Empire -12.6 77.0 198.0 -193.8 -391.5 -670.5
1949 EOT.Ham. -16.6 73.0 194.0 -182.9 -382.2 -662.5
1951 Empire -15.4 74.5 194.8 -186.9 -386.2 -666.5
1953 Fnatic.eu -14.4 75.7 195.8 -190.9 -390.2 -670.5
1954 Empire -13.5 76.7 197.0 -194.9 -394.2 -674.5
1956 rox.KIS -11.9 78.1 198.5 -198.9 -398.2 -678.5
1961 Fnatic.eu -11.1 79.0 199.1 -202.9 -402.2 -682.5
1963 Life -15.1 75.0 195.1 -193.5 -392.6 -675.6
1964 Fnatic.eu -14.0 76.4 195.9 -197.5 -396.6 -679.6
1965 Relax -12.3 78.4 197.5 -201.5 -400.6 -683.6
1967 Liquid -10.9 79.5 198.8 -205.5 -404.6 -687.6
1971 Relax -14.9 75.5 194.8 -190.8 -391.8 -676.8
1972 PR -18.9 71.5 190.8 -180.8 -383.3 -661.3
1973 Sigma.int -17.7 73.1 191.6 -184.8 -387.3 -665.3
1975 Fnatic.eu -17.0 73.9 192.0 -188.8 -391.3 -669.3
1981 Liquid -16.1 75.1 193.5 -192.8 -395.3 -673.3
1982 Speed -15.1 76.3 194.4 -196.8 -399.3 -677.3
1984 Empire -14.2 77.3 195.2 -200.8 -403.3 -681.3
1985 SADBOYS -18.2 73.3 191.2 -191.0 -394.6 -671.0
1992 Speed -17.3 74.4 192.6 -195.0 -398.6 -675.0
1995 SADBOYS -15.8 76.4 195.1 -199.0 -402.6 -679.0
2001 Speed -14.9 77.7 196.6 -203.0 -406.6 -683.0
2009 Fnatic.eu -13.4 79.4 197.9 -207.0 -410.6 -687.0
2010 Na'Vi -11.9 81.0 199.5 -211.0 -414.6 -691.0
2014 Speed -10.7 82.3 200.4 -215.0 -418.6 -695.0
2015 Speed -9.9 83.2 201.6 -219.0 -422.6 -699.0
2018 Fnatic.eu -13.9 79.2 197.6 -210.1 -413.1 -690.2
2019 Na'Vi -12.5 80.6 199.2 -214.1 -417.1 -694.2
2022 Liquid -11.6 81.6 199.8 -218.1 -421.1 -698.2
2023 SADBOYS -10.9 82.5 200.9 -222.1 -425.1 -702.2
2024 SADBOYS -9.5 84.0 201.6 -226.1 -429.1 -706.2
2029 Empire -8.4 85.3 202.3 -230.1 -433.1 -710.2
2032 Liquid -7.5 86.3 203.4 -234.1 -437.1 -714.2
2034 Denial -11.5 82.3 199.4 -223.8 -427.2 -703.8
2035 SADBOYS -10.5 83.4 200.0 -227.8 -431.2 -707.8
2047 Empire -8.8 85.4 201.3 -231.8 -435.2 -711.8
2048 Arrow -7.1 87.5 202.3 -235.8 -439.2 -715.8
2053 SADBOYS -6.3 88.6 202.7 -239.8 -443.2 -719.8
2054 Empire -5.3 89.9 204.3 -243.8 -447.2 -723.8
2055 Na'Vi -4.3 91.1 205.0 -247.8 -451.2 -727.8
2056 bvd.dotA -2.8 92.8 207.1 -251.8 -455.2 -731.8
2058 Cloud9 -1.9 94.1 207.5 -255.8 -459.2 -735.8
2059 Empire -1.0 95.1 208.6 -259.8 -463.2 -739.8
2061 rox.KIS -5.0 91.1 204.6 -244.2 -448.5 -726.7
2064 Cloud9 -4.0 92.3 206.1 -248.2 -452.5 -730.7
2066 Alliance -2.8 93.5 207.4 -252.2 -456.5 -734.7
2067 Na'Vi -2.0 94.4 208.4 -256.2 -460.5 -738.7
2068 Fnatic.eu -1.0 95.5 209.3 -260.2 -464.5 -742.7
2074 vhoul -5.0 91.5 205.3 -249.8 -454.8 -735.8
2076 Courage -9.0 87.5 201.3 -237.0 -444.0 -713.7
2079 Empire -7.4 89.4 203.4 -241.0 -448.0 -717.7
2080 rox.KIS -11.4 85.4 199.4 -224.7 -432.1 -704.4
2082 rox.KIS -10.4 86.6 200.7 -228.7 -436.1 -708.4
2083 PR -9.5 87.6 201.8 -232.7 -440.1 -712.4
2087 Liquid -8.2 89.0 202.7 -236.7 -444.1 -716.4
2089 SADBOYS -7.3 90.1 204.2 -240.7 -448.1 -720.4
2093 rox.KIS -5.5 92.0 205.4 -244.7 -452.1 -724.4
2095 Titan -4.1 93.7 206.0 -248.7 -456.1 -728.4
2097 rox.KIS -2.7 95.3 206.8 -252.7 -460.1 -732.4
2098 Zephyr -1.6 96.4 208.2 -256.7 -464.1 -736.4
2100 PR -0.2 97.9 209.4 -260.7 -468.1 -740.4
2102 MYM 1.4 99.6 211.3 -264.7 -472.1 -744.4
2113 TCN 3.0 101.6 212.4 -268.7 -476.1 -748.4
2119 Empire 3.7 102.5 212.9 -272.7 -480.1 -752.4
2121 Relax 4.8 103.8 214.0 -276.7 -484.1 -756.4
2123 rox.KIS 5.7 104.9 214.7 -280.7 -488.1 -760.4
2128 Alliance 7.3 106.6 216.3 -284.7 -492.1 -764.4
2131 Titan 8.0 107.5 217.4 -288.7 -496.1 -768.4
2132 Fnatic.eu 9.7 109.2 219.0 -292.7 -500.1 -772.4
2133 Next.kz 5.7 105.2 215.0 -276.4 -485.3 -752.3
2136 Swage 7.4 107.1 216.8 -280.4 -489.3 -756.3
2137 Revenge 9.1 108.9 218.0 -284.4 -493.3 -760.3
2138 Liquid 10.1 110.0 218.7 -288.4 -497.3 -764.3
2139 eHug 11.8 111.8 220.2 -292.4 -501.3 -768.3
2141 WWD 13.3 113.3 222.0 -296.4 -505.3 -772.3
2143 MiTH 14.8 114.8 223.3 -300.4 -509.3 -776.3
2147 Na'Vi 15.9 116.0 224.6 -304.4 -513.3 -780.3
2148 PR 11.9 112.0 220.6 -292.4 -503.5 -772.1
2149 Sigma.int 13.5 113.7 222.5 -296.4 -507.5 -776.1
2152 Relax 9.5 109.7 218.5 -286.2 -497.8 -766.4
2156 Cloud9 10.5 110.9 219.2 -290.2 -501.8 -770.4
2158 Denial 6.5 106.9 215.2 -280.4 -492.5 -758.4
2159 SADBOYS 7.2 107.8 216.3 -284.4 -496.5 -762.4
2160 Dog 8.6 109.6 218.3 -288.4 -500.5 -766.4
2162 Orange 9.5 110.7 219.5 -292.4 -504.5 -770.4
2165 TR 5.5 106.7 215.5 -278.3 -491.9 -750.9
2170 ZR 1.5 102.7 211.5 -269.2 -482.2 -742.0
2171 Relax 3.3 104.5 213.3 -273.2 -486.2 -746.0
2172 Na'Vi 4.4 105.8 214.1 -277.2 -490.2 -750.0
2175 Liquid 5.3 106.8 215.4 -281.2 -494.2 -754.0
2177 Dog 6.7 108.6 217.8 -285.2 -498.2 -758.0
2178 VP 8.0 110.0 219.0 -289.2 -502.2 -762.0
2181 MiT 4.0 106.0 215.0 -276.6 -489.9 -750.8
2185 Scythe 5.3 107.7 215.5 -280.6 -493.9 -754.8
2187 Titan 5.9 108.5 216.5 -284.6 -497.9 -758.8
2188 Everlast 1.9 104.5 212.5 -269.0 -485.4 -748.1
2190 VP 3.1 105.6 213.7 -273.0 -489.4 -752.1
2197 Empire 3.9 106.6 215.0 -277.0 -493.4 -756.1
2200 Alliance 5.2 107.8 216.5 -281.0 -497.4 -760.1
2204 Osiris 1.2 103.8 212.5 -271.7 -487.8 -751.1
2210 Titan 1.9 104.7 213.6 -275.7 -491.8 -755.1
2213 Arrow 2.6 105.6 214.9 -279.7 -495.8 -759.1
2214 Orange 3.4 106.6 215.4 -283.7 -499.8 -763.1
2215 ADN -0.6 102.6 211.4 -274.6 -490.1 -756.3
2216 Alliance 0.9 104.3 213.1 -278.6 -494.1 -760.3
2218 VP -3.1 100.3 209.1 -269.1 -485.9 -752.6
2226 Empire -7.1 96.3 205.1 -259.2 -476.0 -746.2
2228 Titan -6.4 97.1 205.5 -263.2 -480.0 -750.2
2229 Scythe -4.9 98.8 206.3 -267.2 -484.0 -754.2
2237 Execration -3.3 100.4 208.0 -271.2 -488.0 -758.2
2238 FD -1.8 102.1 209.5 -275.2 -492.0 -762.2
2239 Orange -5.8 98.1 205.5 -263.1 -482.9 -754.4
2241 hehe -9.8 94.1 201.5 -245.8 -467.9 -727.8
2242 PR -13.8 90.1 197.5 -235.6 -458.5 -714.3
2244 EG -12.2 92.1 198.4 -239.6 -462.5 -718.3
2249 Titan -11.1 93.3 199.8 -243.6 -466.5 -722.3
2251 Zephyr -9.8 94.7 201.5 -247.6 -470.5 -726.3
2260 FL -8.3 96.4 202.5 -251.6 -474.5 -730.3
2261 CIS -12.3 92.4 198.5 -232.4 -460.7 -720.1
2269 Na'Vi -10.5 94.3 200.2 -236.4 -464.7 -724.1
2273 VG -9.8 95.2 201.4 -240.4 -468.7 -728.1
2274 LGD.cn -7.9 97.5 202.7 -244.4 -472.7 -732.1
2275 Orange -7.2 98.2 203.4 -248.4 -476.7 -736.1
2277 FD -5.9 99.7 204.3 -252.4 -480.7 -740.1
2278 MiTH -4.8 100.8 205.7 -256.4 -484.7 -744.1
2279 DUZA -3.3 102.4 207.0 -260.4 -488.7 -748.1
2280 DK -2.7 103.1 207.9 -264.4 -492.7 -752.1
2282 iG -2.0 104.0 208.4 -268.4 -496.7 -756.1
2283 Fnatic.eu -0.3 105.9 210.3 -272.4 -500.7 -760.1
2284 Zephyr 1.0 107.3 211.6 -276.4 -504.7 -764.1
2285 Na'Vi 2.1 108.4 212.8 -280.4 -508.7 -768.1
2288 EG -1.9 104.4 208.8 -270.9 -499.0 -760.3
2289 DT.NGC -5.9 100.4 204.8 -260.4 -487.5 -754.4
2290 Orange -9.9 96.4 200.8 -251.2 -479.1 -746.6
2292 Na'Vi -8.4 97.8 202.3 -255.2 -483.1 -750.6
2293 Alliance -7.3 99.1 203.2 -259.2 -487.1 -754.6
2295 Arrow -6.3 100.3 204.5 -263.2 -491.1 -758.6
