0 0 0.0 0.0 0.0 0.0 0.0 0.0
18 Na'Vi 0.8 1.1 1.5 -4.0 -4.0 -4.0
23 mouz 1.6 2.0 2.7 -8.0 -8.0 -8.0
32 Alliance 2.3 3.1 3.9 -12.0 -12.0 -12.0
41 Empire 3.4 4.4 5.6 -16.0 -16.0 -16.0
49 Liquid 4.2 5.6 7.0 -20.0 -20.0 -20.0
50 3DMAX 0.2 1.6 3.0 5.2 -2.5 -5.0
60 Na'Vi 1.2 2.8 4.4 1.2 -6.5 -9.0
73 Zenith 2.0 3.8 5.5 -2.8 -10.5 -13.0
98 Fnatic.eu -2.0 -0.2 1.5 10.8 -0.1 -3.0
112 eN.Legs -1.1 1.3 3.0 6.8 -4.1 -7.0
118 mouz -5.1 -2.7 -1.0 20.2 7.7 2.4
123 eLPride -3.9 -1.2 0.7 16.2 3.7 -1.6
124 VP -2.9 0.1 2.2 12.2 -0.3 -5.6
136 Alliance -2.0 1.2 3.5 8.2 -4.3 -9.6
138 TCM -6.0 -2.8 -0.5 20.8 7.0 0.0
143 Na'Vi -4.9 -1.4 1.1 16.8 3.0 -4.0
167 LGD.int -4.0 -0.4 2.4 12.8 -1.0 -8.0
171 LGD.int -3.1 0.6 3.6 8.8 -5.0 -12.0
175 Na'Vi -2.1 1.8 5.2 4.8 -9.0 -16.0
177 QPandas -6.1 -2.2 1.2 18.1 2.1 -6.6
181 iCCup -10.1 -6.2 -2.8 33.7 13.4 3.3
208 iG -9.1 -4.9 -1.2 29.7 9.4 -0.7
226 Alliance -8.3 -3.8 0.2 25.7 5.4 -4.7
235 aL -7.2 -2.5 1.7 21.7 1.4 -8.7
236 mouz -11.2 -6.5 -2.3 37.4 13.8 1.4
240 Na'Vi -10.3 -5.4 -1.0 33.4 9.8 -2.6
246 Na'Vi -9.3 -4.4 0.3 29.4 5.8 -6.6
253 Liquid -13.3 -8.4 -3.7 46.1 19.6 4.8
268 Na'Vi -12.3 -7.2 -2.2 42.1 15.6 0.8
271 Na'Vi -11.2 -5.8 -0.6 38.1 11.6 -3.2
273 mouz -9.8 -4.4 1.0 34.1 7.6 -7.2
275 EG -13.8 -8.4 -3.0 53.4 24.5 7.0
276 Alliance -12.8 -7.2 -1.7 49.4 20.5 3.0
280 Zenith -11.7 -5.9 -0.1 45.4 16.5 -1.0
282 Alliance -10.8 -4.8 1.3 41.4 12.5 -5.0
283 VG -14.8 -8.8 -2.7 56.5 25.1 5.1
293 aL -18.8 -12.8 -6.7 70.4 37.9 16.1
294 Alliance -17.8 -11.6 -5.2 66.4 33.9 12.1
300 mouz -16.6 -10.2 -3.5 62.4 29.9 8.1
301 EG -15.5 -8.8 -1.9 58.4 25.9 4.1
304 VG -14.7 -7.9 -0.7 54.4 21.9 0.1
306 LGD.cn -13.9 -7.0 0.4 50.4 17.9 -3.9
310 iG -13.0 -5.8 2.0 46.4 13.9 -7.9
316 LGD.cn -12.4 -5.0 3.1 42.4 9.9 -11.9
319 Na'Vi -11.3 -3.8 4.5 38.4 5.9 -15.9
321 mouz -10.4 -2.8 5.8 34.4 1.9 -19.9
324 QPandas -14.4 -6.8 1.8 47.9 13.4 -10.3
330 TongFu -18.4 -10.8 -2.2 67.5 29.1 0.9
337 TongFu -17.5 -9.6 -0.6 63.5 25.1 -3.1
338 Na'Vi -16.6 -8.5 0.8 59.5 21.1 -7.1
340 mouz -15.8 -7.6 1.9 55.5 17.1 -11.1
346 Alliance -14.7 -6.4 3.3 51.5 13.1 -15.1
352 LGD.cn -13.6 -5.1 4.8 47.5 9.1 -19.1
356 Liquid -17.6 -9.1 0.8 61.6 21.0 -9.3
362 LGD.cn -16.2 -7.8 2.3 57.6 17.0 -13.3
364 Zenith -15.1 -6.5 3.8 53.6 13.0 -17.3
373 Na'Vi -14.3 -5.6 4.8 49.6 9.0 -21.3
376 LGD.cn -13.5 -4.6 6.0 45.6 5.0 -25.3
377 LGD.cn -12.3 -3.5 7.3 41.6 1.0 -29.3
379 Na'Vi -11.4 -2.4 8.6 37.6 -3.0 -33.3
384 Alliance -10.4 -1.1 10.2 33.6 -7.0 -37.3
387 LGD.cn -9.2 0.3 11.8 29.6 -11.0 -41.3
388 Dignitas -8.2 1.5 13.6 25.6 -15.0 -45.3
389 iG -7.3 2.5 14.9 21.6 -19.0 -49.3
392 Alliance -6.2 3.8 16.4 17.6 -23.0 -53.3
396 Liquid -5.6 4.5 17.4 13.6 -27.0 -57.3
398 Alliance -4.9 5.3 18.4 9.6 -31.0 -61.3
409 Orange -3.8 6.7 20.1 5.6 -35.0 -65.3
410 Alliance -3.1 7.6 21.2 1.6 -39.0 -69.3
414 Alliance -2.2 8.7 22.6 -2.4 -43.0 -73.3
416 4FC -6.2 4.7 18.6 16.1 -26.5 -59.4
417 mouz -10.2 0.7 14.6 30.0 -14.6 -49.4
427 rox.KIS -8.9 2.1 16.2 26.0 -18.6 -53.4
430 rox.KIS -7.7 3.4 17.6 22.0 -22.6 -57.4
431 Quantic -6.7 4.7 19.2 18.0 -26.6 -61.4
433 DK -5.5 6.1 20.9 14.0 -30.6 -65.4
437 Quantic -4.5 7.1 22.2 10.0 -34.6 -69.4
439 Artyk -3.6 8.1 23.7 6.0 -38.6 -73.4
441 Na'Vi -2.7 9.1 24.9 2.0 -42.6 -77.4
443 Kaipi -6.7 5.1 20.9 14.7 -29.2 -65.5
445 TM -5.6 6.5 22.5 10.7 -33.2 -69.5
446 Orange -4.7 7.5 23.7 6.7 -37.2 -73.5
447 DK -3.5 8.8 25.3 2.7 -41.2 -77.5
451 Kaipi -2.6 9.8 26.5 -1.3 -45.2 -81.5
453 Fnatic.eu -6.6 5.8 22.5 11.8 -34.0 -72.5
461 Alliance -5.8 6.7 23.7 7.8 -38.0 -76.5
465 Alliance -4.4 8.1 25.3 3.8 -42.0 -80.5
471 4FC -8.4 4.1 21.3 17.0 -29.3 -69.6
475 Na'Vi -7.4 5.1 22.5 13.0 -33.3 -73.6
479 4FC -6.3 6.3 24.0 9.0 -37.3 -77.6
480 Orange -5.3 7.5 25.5 5.0 -41.3 -81.6
484 Empire -9.3 3.5 21.5 21.7 -26.1 -69.7
486 Na'Vi -8.1 4.7 22.8 17.7 -30.1 -73.7
488 Fnatic.eu -12.1 0.7 18.8 35.4 -15.3 -62.1
493 iCCup -11.1 1.9 20.2 31.4 -19.3 -66.1
494 zRage -15.1 -2.1 16.2 51.9 -1.1 -50.4
498 mouz -13.9 -0.8 17.8 47.9 -5.1 -54.4
499 Liquid -12.7 0.6 19.2 43.9 -9.1 -58.4
502 VP -12.0 1.4 20.2 39.9 -13.1 -62.4
503 Dignitas -11.2 2.4 21.5 35.9 -17.1 -66.4
505 Na'Vi -10.7 3.0 22.3 31.9 -21.1 -70.4
506 EG -9.9 3.9 23.5 27.9 -25.1 -74.4
507 Na'Vi -9.0 4.9 24.8 23.9 -29.1 -78.4
508 Na'Vi -8.5 5.5 25.5 19.9 -33.1 -82.4
512 Quantic -12.5 1.5 21.5 37.6 -17.9 -68.5
513 EG -16.5 -2.5 17.5 50.9 -6.5 -58.3
514 Dignitas -20.5 -6.5 13.5 72.8 12.1 -42.3
520 Quantic -19.4 -5.2 15.1 68.8 8.1 -46.3
522 Na'Vi -18.2 -3.8 16.7 64.8 4.1 -50.3
524 Na'Vi -16.9 -2.4 18.3 60.8 0.1 -54.3
527 Na'Vi -15.9 -1.3 19.7 56.8 -3.9 -58.3
528 Liquid -15.0 -0.2 21.0 52.8 -7.9 -62.3
529 EG -14.3 0.6 21.9 48.8 -11.9 -66.3
531 Na'Vi -13.4 1.6 23.1 44.8 -15.9 -70.3
532 Empire -12.4 2.6 24.3 40.8 -19.9 -74.3
533 rox.KIS -11.3 3.6 25.3 36.8 -23.9 -78.3
536 Liquid -10.6 4.4 26.3 32.8 -27.9 -82.3
537 Liquid -10.0 5.1 27.2 28.8 -31.9 -86.3
538 Alliance -9.2 5.9 28.2 24.8 -35.9 -90.3
541 VP -8.2 7.2 29.6 20.8 -39.9 -94.3
549 Fnatic.eu -12.2 3.2 25.6 33.3 -28.9 -85.0
551 Kaipi -16.2 -0.8 21.6 43.4 -18.0 -74.3
553 TongFu -20.2 -4.8 17.6 59.2 -3.1 -61.5
580 VP -19.2 -3.6 19.0 55.2 -7.1 -65.5
587 Alliance -17.8 -2.3 20.4 51.2 -11.1 -69.5
600 mouz -21.8 -6.3 16.4 63.6 0.7 -59.0
604 Orange -20.7 -5.1 17.9 59.6 -3.3 -63.0
615 Orange -19.4 -3.7 19.5 55.6 -7.3 -67.0
618 Alliance -18.2 -2.3 21.1 51.6 -11.3 -71.0
621 iCCup -22.2 -6.3 17.1 65.2 1.8 -60.5
628 EG -21.3 -5.3 18.3 61.2 -2.2 -64.5
631 Alliance -20.4 -4.1 19.8 57.2 -6.2 -68.5
636 EG -19.7 -3.2 20.9 53.2 -10.2 -72.5
642 Alliance -18.7 -2.0 22.4 49.2 -14.2 -76.5
651 Denial -22.7 -6.0 18.4 67.2 1.2 -64.5
653 VG -26.7 -10.0 14.4 82.2 14.3 -53.7
656 Na'Vi -25.6 -8.8 15.9 78.2 10.3 -57.7
658 mouz -29.6 -12.8 11.9 89.7 20.4 -47.9
660 RS -33.6 -16.8 7.9 102.2 31.7 -38.3
664 RStars -37.6 -20.8 3.9 118.3 45.1 -27.1
668 mouz -36.8 -19.8 5.2 114.3 41.1 -31.1
670 EG -35.8 -18.7 6.6 110.3 37.1 -35.1
671 Fnatic.eu -34.9 -17.7 7.8 106.3 33.1 -39.1
674 mouz -34.2 -16.8 8.9 102.3 29.1 -43.1
678 Kaipi -38.2 -20.8 4.9 121.0 45.6 -29.5
699 Alliance -37.1 -19.5 6.4 117.0 41.6 -33.5
700 Orange -35.7 -18.1 8.1 113.0 37.6 -37.5
702 Na'Vi -34.8 -17.1 9.3 109.0 33.6 -41.5
703 mouz -33.9 -16.1 10.6 105.0 29.6 -45.5
712 Na'Vi -33.0 -15.0 11.9 101.0 25.6 -49.5
718 Dreamz -31.9 -13.8 13.4 97.0 21.6 -53.5
723 Kaipi -31.0 -12.8 14.6 93.0 17.6 -57.5
727 Fnatic.eu -35.0 -16.8 10.6 109.8 32.1 -46.0
729 DK -34.0 -15.3 12.4 105.8 28.1 -50.0
730 LGD.cn -33.2 -14.3 13.5 101.8 24.1 -54.0
732 Alliance -32.1 -13.0 15.1 97.8 20.1 -58.0
745 Dignitas -36.1 -17.0 11.1 119.3 34.6 -46.3
746 DK -35.4 -16.1 12.1 115.3 30.6 -50.3
748 Na'Vi -34.2 -14.8 13.7 111.3 26.6 -54.3
749 Liquid -38.2 -18.8 9.7 123.8 36.6 -44.4
751 Alliance -37.4 -17.7 11.1 119.8 32.6 -48.4
754 Na'Vi -36.7 -16.9 12.0 115.8 28.6 -52.4
761 Fnatic.eu -36.0 -16.1 12.9 111.8 24.6 -56.4
766 Alliance -35.1 -15.1 14.0 107.8 20.6 -60.4
767 LGD.int -39.1 -19.1 10.0 123.8 34.5 -48.5
769 mouz -38.2 -18.1 11.2 119.8 30.5 -52.5
771 Na'Vi -37.0 -16.8 12.6 115.8 26.5 -56.5
773 Alliance -36.3 -16.0 13.5 111.8 22.5 -60.5
776 Orange -35.0 -14.6 15.1 107.8 18.5 -64.5
779 Zenith -34.1 -13.6 16.3 103.8 14.5 -68.5
781 Alliance -33.2 -12.6 17.4 99.8 10.5 -72.5
783 TongFu -32.3 -11.7 18.4 95.8 6.5 -76.5
786 Na'Vi -31.3 -10.6 19.7 91.8 2.5 -80.5
793 Alliance -30.1 -9.3 21.3 87.8 -1.5 -84.5
795 Liquid -29.2 -8.3 22.5 83.8 -5.5 -88.5
797 Liquid -33.2 -12.3 18.5 97.6 5.9 -78.9
799 Alliance -32.1 -11.1 20.0 93.6 1.9 -82.9
800 Na'Vi -30.7 -9.7 21.5 89.6 -2.1 -86.9
812 Empire -29.7 -8.5 23.1 85.6 -6.1 -90.9
813 Empire -28.8 -7.6 24.3 81.6 -10.1 -94.9
815 TTD -27.5 -6.2 26.0 77.6 -14.1 -98.9
816 Kaipi -26.2 -4.8 27.5 73.6 -18.1 -102.9
818 FD -25.0 -3.6 29.0 69.6 -22.1 -106.9
820 4FC -24.3 -2.8 30.0 65.6 -26.1 -110.9
821 4++ -28.3 -6.8 26.0 79.9 -10.9 -99.0
822 MiTH -27.3 -5.5 27.5 75.9 -14.9 -103.0
829 TLP -31.3 -9.5 23.5 89.8 -3.0 -93.6
832 CDCD -35.3 -13.5 19.5 113.0 15.4 -77.8
833 Menace -39.3 -17.5 15.5 125.9 26.5 -68.8
841 VP -38.3 -16.4 16.9 121.9 22.5 -72.8
844 Kaipi -37.0 -15.1 18.5 117.9 18.5 -76.8
851 VP -36.0 -13.9 20.0 113.9 14.5 -80.8
862 rox.KIS -34.5 -12.6 21.5 109.9 10.5 -84.8
864 Poseidon -33.4 -11.3 23.0 105.9 6.5 -88.8
865 Mski -32.4 -10.2 24.4 101.9 2.5 -92.8
866 Poseidon -31.5 -9.3 25.5 97.9 -1.5 -96.8
867 Dreamz -30.4 -8.0 27.1 93.9 -5.5 -100.8
871 Next.kz -29.3 -6.8 28.5 89.9 -9.5 -104.8
873 PR -33.3 -10.8 24.5 110.6 8.1 -90.2
877 Mski -32.3 -9.4 26.2 106.6 4.1 -94.2
878 Lowyat -36.3 -13.4 22.2 120.3 15.5 -84.7
883 Kaipi -35.1 -12.0 23.8 116.3 11.5 -88.7
889 Next.kz -33.8 -10.7 25.3 112.3 7.5 -92.7
899 Menace -32.5 -9.5 26.7 108.3 3.5 -96.7
901 Fnatic.eu -31.1 -8.2 28.2 104.3 -0.5 -100.7
903 Kaipi -29.9 -6.9 29.7 100.3 -4.5 -104.7
905 Dignitas -29.1 -6.0 30.8 96.3 -8.5 -108.7
906 Dignitas -28.2 -5.0 32.0 92.3 -12.5 -112.7
908 iG -27.5 -4.2 33.0 88.3 -16.5 -116.7
911 4FC -31.5 -8.2 29.0 101.6 -2.9 -105.3
915 Fnatic.eu -30.7 -7.2 30.2 97.6 -6.9 -109.3
916 Property -34.7 -11.2 26.2 110.3 3.7 -100.0
919 LGD.cn -33.4 -9.7 27.9 106.3 -0.3 -104.0
920 TongFu -32.8 -9.0 28.8 102.3 -4.3 -108.0
921 Alliance -31.8 -8.0 30.1 98.3 -8.3 -112.0
925 Empire -30.5 -6.7 31.6 94.3 -12.3 -116.0
927 iG -29.0 -5.3 33.1 90.3 -16.3 -120.0
931 Alliance -28.1 -4.4 34.1 86.3 -20.3 -124.0
937 OguraYui -32.1 -8.4 30.1 97.4 -7.7 -113.2
941 Alliance -31.2 -7.4 31.2 93.4 -11.7 -117.2
944 Imp -35.2 -11.4 27.2 104.6 -0.9 -107.3
949 VP -33.9 -10.1 28.7 100.6 -4.9 -111.3
950 Kaipi -32.9 -8.9 30.2 96.6 -8.9 -115.3
951 Mski -31.9 -7.8 31.5 92.6 -12.9 -119.3
954 Cascade -35.9 -11.8 27.5 106.0 -1.3 -109.3
956 Alliance -35.4 -11.3 28.2 102.0 -5.3 -113.3
957 Na'Vi -34.6 -10.6 29.1 98.0 -9.3 -117.3
958 PR -38.6 -14.6 25.1 122.7 14.7 -96.5
959 Kaipi -37.8 -13.6 26.2 118.7 10.7 -100.5
960 Kaipi -37.1 -12.7 27.4 114.7 6.7 -104.5
963 Na'Vi -35.7 -11.3 29.0 110.7 2.7 -108.5
964 Alliance -34.5 -10.0 30.5 106.7 -1.3 -112.5
972 Aspera -38.5 -14.0 26.5 128.6 17.7 -96.6
975 Dignitas -37.7 -13.0 27.8 124.6 13.7 -100.6
982 Fnatic.eu -36.9 -12.2 28.8 120.6 9.7 -104.6
986 Na'Vi -35.9 -11.0 30.2 116.6 5.7 -108.6
990 Kaipi -35.1 -10.1 31.3 112.6 1.7 -112.6
997 PR -39.1 -14.1 27.3 130.2 16.5 -100.9
1008 Menace -43.1 -18.1 23.3 142.3 28.8 -90.0
1009 Kaipi -42.2 -17.2 24.4 138.3 24.8 -94.0
1017 Na'Vi -41.4 -16.3 25.4 134.3 20.8 -98.0
1018 Alliance -40.6 -15.4 26.6 130.3 16.8 -102.0
1021 Na'Vi -39.4 -14.2 28.0 126.3 12.8 -106.0
1022 LGD.cn -38.3 -12.9 29.4 122.3 8.8 -110.0
1025 Dignitas -37.5 -12.0 30.6 118.3 4.8 -114.0
1028 4FC -41.5 -16.0 26.6 128.8 16.3 -104.0
1030 Na'Vi -40.7 -15.1 27.6 124.8 12.3 -108.0
1032 Na'Vi -39.8 -14.0 28.9 120.8 8.3 -112.0
1034 Alliance -39.1 -13.2 29.9 116.8 4.3 -116.0
1035 Alliance -38.4 -12.5 30.7 112.8 0.3 -120.0
1039 Ahead.kz -42.4 -16.5 26.7 134.1 22.1 -102.1
1041 Alliance -41.4 -15.2 28.2 130.1 18.1 -106.1
1045 iG -40.5 -13.8 29.9 126.1 14.1 -110.1
1046 Liquid -39.4 -12.6 31.3 122.1 10.1 -114.1
1050 Alliance -38.6 -11.7 32.4 118.1 6.1 -118.1
1051 iG -37.8 -10.7 33.6 114.1 2.1 -122.1
1055 Alliance -37.2 -10.0 34.5 110.1 -1.9 -126.1
1063 Alliance -36.5 -9.2 35.4 106.1 -5.9 -130.1
1064 Alliance -35.7 -8.3 36.4 102.1 -9.9 -134.1
1065 SSD -34.7 -6.8 38.1 98.1 -13.9 -138.1
1077 StayFree -33.6 -5.3 39.9 94.1 -17.9 -142.1
1081 Na'Vi -32.9 -4.5 40.9 90.1 -21.9 -146.1
1082 Fnatic.eu -32.1 -3.6 41.9 86.1 -25.9 -150.1
1083 Titan -31.3 -2.7 43.1 82.1 -29.9 -154.1
1085 FD -30.5 -1.6 44.5 78.1 -33.9 -158.1
1088 FXopen -29.6 -0.3 46.0 74.1 -37.9 -162.1
1089 Imp -28.9 0.7 47.1 70.1 -41.9 -166.1
1090 MiTH -28.2 1.6 48.2 66.1 -45.9 -170.1
1091 Na'Vi -27.3 2.6 49.5 62.1 -49.9 -174.1
1092 ONE.dota -31.3 -1.4 45.5 73.3 -38.3 -163.9
1095 Arcanys -35.3 -5.4 41.5 94.8 -21.0 -150.4
1096 VG -34.3 -4.0 43.2 90.8 -25.0 -154.4
1097 FD -33.6 -3.1 44.5 86.8 -29.0 -158.4
1101 Fnatic.eu -32.6 -1.9 46.0 82.8 -33.0 -162.4
1104 Poseidon -36.6 -5.9 42.0 98.8 -18.8 -151.2
1105 Na'Vi -35.8 -5.0 43.1 94.8 -22.8 -155.2
1111 LGD.int -34.8 -3.9 44.5 90.8 -26.8 -159.2
1112 DK -34.3 -3.2 45.3 86.8 -30.8 -163.2
1114 Na'Vi -33.6 -2.4 46.3 82.8 -34.8 -167.2
1117 VG -32.9 -1.6 47.3 78.8 -38.8 -171.2
1118 LGD.cn -32.5 -1.0 48.1 74.8 -42.8 -175.2
1122 PR -31.0 0.2 49.4 70.8 -46.8 -179.2
1123 Na'Vi -30.6 0.8 50.1 66.8 -50.8 -183.2
1126 Life -34.6 -3.2 46.1 77.2 -36.7 -170.3
1129 iG -34.1 -2.5 46.9 73.2 -40.7 -174.3
1131 Na'Vi -33.1 -1.5 48.1 69.2 -44.7 -178.3
1132 Fnatic.eu -32.2 -0.4 49.3 65.2 -48.7 -182.3
1135 Empire -31.2 0.7 50.6 61.2 -52.7 -186.3
1137 TakeFive -35.2 -3.3 46.6 72.0 -39.6 -175.0
1143 DK -34.7 -2.6 47.5 68.0 -43.6 -179.0
1144 VG -38.7 -6.6 43.5 82.6 -30.3 -168.6
1146 iG -38.3 -6.0 44.2 78.6 -34.3 -172.6
1147 LGD.cn -37.1 -4.6 45.9 74.6 -38.3 -176.6
1149 Na'Vi -36.2 -3.6 47.2 70.6 -42.3 -180.6
1151 Alliance -35.7 -2.9 48.0 66.6 -46.3 -184.6
1155 Empire -34.6 -1.4 49.7 62.6 -50.3 -188.6
1156 iG -33.5 0.2 51.6 58.6 -54.3 -192.6
1157 Na'Vi -32.7 1.1 52.6 54.6 -58.3 -196.6
1159 SAfrica -31.6 2.5 54.4 50.6 -62.3 -200.6
1165 Titan -35.6 -1.5 50.4 61.1 -50.9 -190.5
1169 DK -35.2 -0.9 51.2 57.1 -54.9 -194.5
1171 Empire -34.4 0.1 52.4 53.1 -58.9 -198.5
1172 Speed -38.4 -3.9 48.4 72.0 -38.1 -178.4
1174 Fnatic -37.1 -2.6 49.8 68.0 -42.1 -182.4
1175 TongFu -36.4 -1.7 51.0 64.0 -46.1 -186.4
1178 DK -36.0 -1.2 51.7 60.0 -50.1 -190.4
1181 Alliance -35.3 -0.3 52.8 56.0 -54.1 -194.4
1183 Speed -33.9 1.0 54.3 52.0 -58.1 -198.4
1185 Liquid -37.9 -3.0 50.3 72.6 -37.3 -179.1
1188 LGD.int -37.3 -2.2 51.2 68.6 -41.3 -183.1
1189 EG -36.2 -0.8 53.0 64.6 -45.3 -187.1
1190 TongFu -35.4 0.3 54.4 60.6 -49.3 -191.1
1191 DK -35.0 1.0 55.2 56.6 -53.3 -195.1
1192 Na'Vi -34.2 1.9 56.5 52.6 -57.3 -199.1
1195 VG -33.7 2.6 57.3 48.6 -61.3 -203.1
1196 LGD.cn -33.2 3.3 58.2 44.6 -65.3 -207.1
1200 Liquid -31.6 4.7 59.7 40.6 -69.3 -211.1
1202 SSD -30.3 6.2 61.5 36.6 -73.3 -215.1
1203 TongFu -29.9 6.8 62.2 32.6 -77.3 -219.1
1204 iG -29.2 7.7 63.2 28.6 -81.3 -223.1
1205 HR -33.2 3.7 59.2 41.0 -66.2 -209.7
1206 EG -31.7 4.8 60.4 37.0 -70.2 -213.7
1210 Liquid -35.7 0.8 56.4 49.3 -57.7 -202.9
1215 iG -35.3 1.5 57.2 45.3 -61.7 -206.9
1223 DK -34.4 2.7 58.7 41.3 -65.7 -210.9
1232 Alliance -33.5 3.6 59.8 37.3 -69.7 -214.9
1235 TongFu -37.5 -0.4 55.8 55.2 -55.7 -204.2
1238 LGD.cn -36.9 0.5 57.0 51.2 -59.7 -208.2
1243 Alliance -36.2 1.3 58.1 47.2 -63.7 -212.2
1245 Speed -35.2 2.6 59.7 43.2 -67.7 -216.2
1247 iG -34.8 3.2 60.5 39.2 -71.7 -220.2
1253 LGD.int -38.8 -0.8 56.5 67.9 -51.3 -204.1
1256 RS -37.9 0.2 57.8 63.9 -55.3 -208.1
1262 iG -36.8 1.6 59.4 59.9 -59.3 -212.1
1263 LGD.cn -36.1 2.5 60.5 55.9 -63.3 -216.1
1264 DK -35.4 3.3 61.5 51.9 -67.3 -220.1
1266 Alliance -34.7 4.1 62.5 47.9 -71.3 -224.1
1268 Mski -33.6 5.5 64.1 43.9 -75.3 -228.1
1269 Orange -32.6 6.5 65.4 39.9 -79.3 -232.1
1273 RS -36.6 2.5 61.4 52.6 -68.1 -222.0
1278 Lowyat -40.6 -1.5 57.4 64.8 -52.7 -208.0
1279 Titan -39.5 -0.4 58.7 60.8 -56.7 -212.0
1283 Speed -38.3 0.8 59.9 56.8 -60.7 -216.0
1284 Alliance -37.5 1.6 60.9 52.8 -64.7 -220.0
1293 TongFu -36.5 2.7 62.3 48.8 -68.7 -224.0
1294 VG -40.5 -1.3 58.3 62.6 -55.5 -213.3
1299 EG -39.4 -0.1 59.6 58.6 -59.5 -217.3
1303 Sigma.int -38.5 1.1 61.1 54.6 -63.5 -221.3
1305 Empire -37.9 1.9 62.0 50.6 -67.5 -225.3
1306 FXopen -36.8 3.3 63.6 46.6 -71.5 -229.3
1307 LGD.int -35.9 4.3 64.8 42.6 -75.5 -233.3
1308 LGD.cn -35.2 5.1 65.8 38.6 -79.5 -237.3
1310 Sigma.int -34.5 5.9 66.8 34.6 -83.5 -241.3
1314 TongFu -34.1 6.5 67.5 30.6 -87.5 -245.3
1315 Empire -33.3 7.4 68.5 26.6 -91.5 -249.3
1316 VG -32.6 8.3 69.6 22.6 -95.5 -253.3
1317 Na'Vi -31.6 9.4 71.0 18.6 -99.5 -257.3
1318 QPandas -35.6 5.4 67.0 32.2 -86.0 -244.4
1321 Fnatic.eu -34.9 6.1 67.6 28.2 -90.0 -248.4
1322 DK -34.5 6.6 68.3 24.2 -94.0 -252.4
1323 VG -33.7 7.6 69.6 20.2 -98.0 -256.4
1324 VG -37.7 3.6 65.6 34.4 -83.5 -244.2
1326 Dignitas -41.7 -0.4 61.6 47.4 -71.5 -234.1
1327 Speed -41.1 0.3 62.5 43.4 -75.5 -238.1
1329 Alliance -40.5 1.0 63.3 39.4 -79.5 -242.1
1331 Na'Vi -39.3 2.0 64.5 35.4 -83.5 -246.1
1332 Fnatic.eu -43.3 -2.0 60.5 45.5 -71.8 -235.8
1333 Alliance -42.5 -1.2 61.5 41.5 -75.8 -239.8
1335 LGD.int -41.3 0.2 63.1 37.5 -79.8 -243.8
1336 TongFu -40.3 1.1 64.1 33.5 -83.8 -247.8
1340 Fnatic.eu -39.4 2.1 65.3 29.5 -87.8 -251.8
1341 Alliance -38.9 2.7 66.0 25.5 -91.8 -255.8
1345 Sigma.int -37.7 4.2 67.8 21.5 -95.8 -259.8
1351 VG -37.3 4.9 68.6 17.5 -99.8 -263.8
1352 DK -36.7 5.5 69.4 13.5 -103.8 -267.8
1354 VP -40.7 1.5 65.4 26.4 -91.6 -256.9
1355 Alliance -39.5 2.8 67.0 22.4 -95.6 -260.9
1356 Alliance -38.2 4.0 68.3 18.4 -99.6 -264.9
1357 Na'Vi -37.1 5.0 69.4 14.4 -103.6 -268.9
1359 LGD.cn -36.8 5.5 70.0 10.4 -107.6 -272.9
1360 iG -36.4 6.0 70.6 6.4 -111.6 -276.9
1361 Dignitas -35.7 6.8 71.6 2.4 -115.6 -280.9
1362 Speed -35.3 7.3 72.3 -1.6 -119.6 -284.9
1365 Alliance -34.6 8.0 73.1 -5.6 -123.6 -288.9
1366 Alliance -34.2 8.5 73.7 -9.6 -127.6 -292.9
1368 Fnatic.eu -33.0 9.7 75.0 -13.6 -131.6 -296.9
1369 Na'Vi -32.3 10.5 75.9 -17.6 -135.6 -300.9
1372 VP -36.3 6.5 71.9 0.3 -120.4 -288.2
1373 Liquid -35.0 7.8 73.4 -3.7 -124.4 -292.2
1379 Fnatic.eu -33.9 9.0 74.8 -7.7 -128.4 -296.2
1380 Liquid -32.8 10.2 76.2 -11.7 -132.4 -300.2
1381 Liquid -36.8 6.2 72.2 3.2 -118.4 -288.3
1382 Titan -36.0 7.2 73.5 -0.8 -122.4 -292.3
1384 Empire -35.3 8.0 74.5 -4.8 -126.4 -296.3
1388 iG -34.8 8.7 75.3 -8.8 -130.4 -300.3
1389 RStars -34.1 9.7 76.7 -12.8 -134.4 -304.3
1390 Alliance -33.6 10.3 77.4 -16.8 -138.4 -308.3
1391 Fnatic.eu -32.4 11.6 79.0 -20.8 -142.4 -312.3
1396 rox.KIS -36.4 7.6 75.0 14.4 -114.7 -289.1
1399 EG -40.4 3.6 71.0 29.4 -98.9 -275.8
1404 VG -39.5 4.7 72.4 25.4 -102.9 -279.8
1405 Speed -38.7 5.8 73.8 21.4 -106.9 -283.8
1412 DK -38.3 6.5 74.7 17.4 -110.9 -287.8
1415 VP -42.3 2.5 70.7 29.3 -98.2 -276.6
1423 Alliance -41.8 3.1 71.4 25.3 -102.2 -280.6
1424 DK -41.5 3.5 72.0 21.3 -106.2 -284.6
1425 VG -40.8 4.3 73.0 17.3 -110.2 -288.6
1429 Empire -39.6 5.5 74.4 13.3 -114.2 -292.6
1430 Na'Vi -38.7 6.5 75.6 9.3 -118.2 -296.6
1431 DK -38.3 7.0 76.2 5.3 -122.2 -300.6
1438 Liquid -37.6 7.9 77.2 1.3 -126.2 -304.6
1439 Empire -41.6 3.9 73.2 14.8 -111.6 -290.1
1442 LGD.int -41.2 4.5 73.9 10.8 -115.6 -294.1
1443 TongFu -40.5 5.3 74.9 6.8 -119.6 -298.1
1450 Na'Vi -39.6 6.4 76.2 2.8 -123.6 -302.1
1451 Na'Vi -38.2 7.8 77.6 -1.2 -127.6 -306.1
1458 Fnatic.eu -42.2 3.8 73.6 11.6 -115.2 -294.8
1460 Alliance -41.3 4.7 74.6 7.6 -119.2 -298.8
1466 4FC -45.3 0.7 70.6 20.5 -106.4 -287.0
1473 LGD.cn -44.7 1.5 71.6 16.5 -110.4 -291.0
1478 Alliance -43.5 2.8 73.0 12.5 -114.4 -295.0
1479 Liquid -42.8 3.6 74.0 8.5 -118.4 -299.0
1482 Fnatic.eu -42.1 4.5 75.2 4.5 -122.4 -303.0
1483 Sigma.int -46.1 0.5 71.2 15.5 -110.0 -291.4
1490 EG -45.3 1.5 72.3 11.5 -114.0 -295.4
1492 Alliance -44.0 2.9 73.8 7.5 -118.0 -299.4
1494 Na'Vi -43.4 3.6 74.6 3.5 -122.0 -303.4
1495 DK -42.3 4.9 76.1 -0.5 -126.0 -307.4
1497 Speed -46.3 0.9 72.1 13.1 -114.1 -296.5
1498 Fnatic.eu -50.3 -3.1 68.1 29.2 -98.6 -281.8
1499 DK -49.5 -2.1 69.1 25.2 -102.6 -285.8
1500 Speed -48.8 -1.2 70.3 21.2 -106.6 -289.8
1501 Liquid -52.8 -5.2 66.3 34.6 -93.5 -278.0
1506 Liquid -51.5 -3.8 67.8 30.6 -97.5 -282.0
1508 Alliance -50.9 -3.0 68.6 26.6 -101.5 -286.0
1511 Sigma.int -50.4 -2.3 69.3 22.6 -105.5 -290.0
1512 Alliance -49.5 -1.3 70.5 18.6 -109.5 -294.0
1513 DK -49.2 -0.8 71.1 14.6 -113.5 -298.0
1515 Speed -53.2 -4.8 67.1 25.6 -102.7 -288.2
1523 SSD -57.2 -8.8 63.1 39.0 -89.4 -276.9
1527 VP -56.1 -7.4 64.7 35.0 -93.4 -280.9
1528 TongFu -55.4 -6.6 65.7 31.0 -97.4 -284.9
1529 LGD.int -54.8 -5.8 66.7 27.0 -101.4 -288.9
1533 OsG -58.8 -9.8 62.7 40.2 -88.9 -278.6
1546 iG -57.6 -8.4 64.4 36.2 -92.9 -282.6
1549 VG -57.0 -7.5 65.6 32.2 -96.9 -286.6
1550 DK -56.3 -6.7 66.6 28.2 -100.9 -290.6
1568 Next.kz -55.1 -5.2 68.3 24.2 -104.9 -294.6
1572 Fnatic.eu -53.7 -3.9 69.7 20.2 -108.9 -298.6
1574 DK -52.6 -2.7 71.0 16.2 -112.9 -302.6
1579 DK -51.5 -1.2 72.7 12.2 -116.9 -306.6
1580 Alliance -50.4 0.1 74.2 8.2 -120.9 -310.6
1582 PR -49.0 1.4 75.6 4.2 -124.9 -314.6
1585 Fnatic.eu -48.1 2.4 76.8 0.2 -128.9 -318.6
1589 FD -47.1 3.5 78.1 -3.8 -132.9 -322.6
1590 Orange -46.3 4.5 79.4 -7.8 -136.9 -326.6
1593 FD -45.6 5.5 80.7 -11.8 -140.9 -330.6
1598 Alliance -44.7 6.5 81.8 -15.8 -144.9 -334.6
1603 Fnatic.eu -43.2 8.0 83.3 -19.8 -148.9 -338.6
1607 Idol -42.2 9.4 85.0 -23.8 -152.9 -342.6
1611 Sigma.int -41.2 10.7 86.5 -27.8 -156.9 -346.6
1613 Fnatic.eu -39.8 12.1 88.1 -31.8 -160.9 -350.6
1614 Alliance -39.2 12.9 89.0 -35.8 -164.9 -354.6
1626 FD -38.3 14.1 90.4 -39.8 -168.9 -358.6
1628 Alliance -37.6 14.8 91.3 -43.8 -172.9 -362.6
1629 Fnatic.eu -37.1 15.4 92.1 -47.8 -176.9 -366.6
1631 VG -36.6 16.1 93.1 -51.8 -180.9 -370.6
1634 Alliance -35.9 17.0 94.1 -55.8 -184.9 -374.6
1636 Sigma.int -35.2 17.8 95.2 -59.8 -188.9 -378.6
1652 PR -34.1 19.1 96.7 -63.8 -192.9 -382.6
1654 MVP.P -33.1 20.5 98.3 -67.8 -196.9 -386.6
1657 RRQ -32.4 21.4 99.4 -71.8 -200.9 -390.6
1660 Poseidon -36.4 17.4 95.4 -55.4 -186.3 -379.0
1662 Fnatic.eu -35.6 18.4 96.6 -59.4 -190.3 -383.0
1664 DK -34.9 19.2 97.6 -63.4 -194.3 -387.0
1665 LGD.cn -34.3 19.9 98.6 -67.4 -198.3 -391.0
1668 Duskbin -33.5 21.2 100.2 -71.4 -202.3 -395.0
1674 Empire -32.3 22.5 101.6 -75.4 -206.3 -399.0
1676 TR -36.3 18.5 97.6 -61.2 -194.7 -389.2
1677 Na'Vi -35.1 19.7 99.1 -65.2 -198.7 -393.2
1678 Na'Vi -34.2 20.8 100.3 -69.2 -202.7 -397.2
1681 Mski -33.3 21.9 101.6 -73.2 -206.7 -401.2
1682 Lowyat -32.1 23.2 103.2 -77.2 -210.7 -405.2
1684 Alliance -30.7 24.5 104.6 -81.2 -214.7 -409.2
1685 Alliance -30.2 25.1 105.3 -85.2 -218.7 -413.2
1686 Sigma.int -29.0 26.3 106.7 -89.2 -222.7 -417.2
1688 Fnatic.eu -27.6 27.7 108.2 -93.2 -226.7 -421.2
1689 iG -27.1 28.3 108.9 -97.2 -230.7 -425.2
1697 mouz -31.1 24.3 104.9 -80.3 -210.6 -405.1
1698 Alliance -29.6 25.6 106.3 -84.3 -214.6 -409.1
1699 OsG -33.6 21.6 102.3 -55.9 -188.3 -385.7
1701 TongFu -32.6 22.6 103.4 -59.9 -192.3 -389.7
1706 Sigma.int -31.7 23.4 104.3 -63.9 -196.3 -393.7
1707 mouz -30.5 24.5 105.5 -67.9 -200.3 -397.7
1708 HR -29.4 25.8 107.1 -71.9 -204.3 -401.7
1711 Next.kz -28.6 26.8 108.3 -75.9 -208.3 -405.7
1711 Next.kz -27.9 27.7 109.3 -79.9 -212.3 -409.7
1714 rox.KIS -27.2 28.6 110.3 -83.9 -216.3 -413.7
1714 rox.KIS -26.3 29.5 111.5 -87.9 -220.3 -417.7
1720 Mski -25.4 30.5 112.6 -91.9 -224.3 -421.7
1721 Lowyat -24.3 31.5 114.1 -95.9 -228.3 -425.7
1722 Mski -23.5 32.3 115.1 -99.9 -232.3 -429.7
1725 VG -22.4 33.5 116.5 -103.9 -236.3 -433.7
1726 Lowyat -21.4 34.5 117.7 -107.9 -240.3 -437.7
1727 Mski -20.6 35.4 118.6 -111.9 -244.3 -441.7
1728 sQreen -24.6 31.4 114.6 -99.7 -231.8 -430.7
1730 rox.KIS -23.6 32.8 116.1 -103.7 -235.8 -434.7
1731 Empire -27.6 28.8 112.1 -91.5 -222.9 -423.4
1735 Mski -26.8 29.6 113.1 -95.5 -226.9 -427.4
1744 Sigma.int -25.8 30.9 114.6 -99.5 -230.9 -431.4
1745 Na'Vi -25.1 31.8 115.7 -103.5 -234.9 -435.4
1746 Alliance -24.4 32.6 116.8 -107.5 -238.9 -439.4
1750 Alliance -23.7 33.4 117.8 -111.5 -242.9 -443.4
1751 Na'Vi -22.8 34.4 119.0 -115.5 -246.9 -447.4
1753 Na'Vi -21.5 35.8 120.6 -119.5 -250.9 -451.4
1754 TR -25.5 31.8 116.6 -106.6 -239.5 -441.7
1755 SSD -24.4 33.2 118.3 -110.6 -243.5 -445.7
1761 Mski -23.4 34.5 119.7 -114.6 -247.5 -449.7
1763 rox.KIS -22.5 35.5 120.9 -118.6 -251.5 -453.7
1764 Na'Vi -21.4 36.6 122.2 -122.6 -255.5 -457.7
1771 VG -20.5 37.8 123.8 -126.6 -259.5 -461.7
1774 Idol -19.5 39.3 125.7 -130.6 -263.5 -465.7
1776 Fnatic.eu -18.4 40.5 127.1 -134.6 -267.5 -469.7
1783 Titan -17.4 41.5 128.4 -138.6 -271.5 -473.7
1785 Fnatic.eu -16.3 42.7 129.7 -142.6 -275.5 -477.7
1786 Fnatic.eu -14.9 44.1 131.2 -146.6 -279.5 -481.7
1788 Sigma.int -14.3 44.8 132.1 -150.6 -283.5 -485.7
1790 Na'Vi -13.3 45.7 133.1 -154.6 -287.5 -489.7
1793 Fnatic.eu -12.0 47.0 134.6 -158.6 -291.5 -493.7
1802 PR -16.0 43.0 130.6 -145.5 -275.6 -478.9
1803 Sigma.int -14.8 44.4 132.1 -149.5 -279.6 -482.9
1804 DK -14.4 45.0 132.8 -153.5 -283.6 -486.9
1805 VG -13.8 45.7 133.7 -157.5 -287.6 -490.9
1807 LGD.cn -13.3 46.3 134.5 -161.5 -291.6 -494.9
1808 iG -12.9 46.9 135.3 -165.5 -295.6 -498.9
1809 Titan -11.7 48.0 136.6 -169.5 -299.6 -502.9
1811 TongFu -10.8 48.9 137.7 -173.5 -303.6 -506.9
1814 LGD.cn -10.3 49.6 138.6 -177.5 -307.6 -510.9
1815 iG -9.4 51.0 140.3 -181.5 -311.6 -514.9
1817 Mski -8.2 52.2 141.7 -185.5 -315.6 -518.9
1820 Empire -7.3 53.1 142.8 -189.5 -319.6 -522.9
1821 QPandas -11.3 49.1 138.8 -178.7 -308.6 -513.3
1822 Fnatic.eu -10.8 49.7 139.5 -182.7 -312.6 -517.3
1826 Titan -9.8 50.7 140.6 -186.7 -316.6 -521.3
1827 MVP.P -8.9 51.9 142.0 -190.7 -320.6 -525.3
1828 TongFu -12.9 47.9 138.0 -176.3 -309.4 -515.5
1833 Fnatic.eu -11.4 49.3 139.4 -180.3 -313.4 -519.5
1840 PR -15.4 45.3 135.4 -168.1 -302.1 -509.0
1846 DK -14.5 46.4 136.0 -172.1 -306.1 -513.0
1847 DK -13.7 47.5 137.3 -176.1 -310.1 -517.0
1850 rox.KIS -12.4 49.1 138.1 -180.1 -314.1 -521.0
1851 Alliance -11.7 50.0 138.7 -184.1 -318.1 -525.0
1853 Alliance -10.7 50.8 139.6 -188.1 -322.1 -529.0
1857 iG -10.0 51.7 140.7 -192.1 -326.1 -533.0
1860 Fnatic.eu -9.4 52.5 141.6 -196.1 -330.1 -537.0
1861 Sigma.int -8.4 53.7 143.1 -200.1 -334.1 -541.0
1862 Next.kz -12.4 49.7 139.1 -189.2 -323.5 -531.2
1863 Fnatic.eu -11.2 51.0 140.1 -193.2 -327.5 -535.2
1865 TongFu -10.4 52.0 141.3 -197.2 -331.5 -539.2
1867 Fnatic.eu -9.5 53.0 142.0 -201.2 -335.5 -543.2
1868 Na'Vi -8.8 53.8 142.5 -205.2 -339.5 -547.2
1874 Revenge -7.4 55.4 143.5 -209.2 -343.5 -551.2
1878 Invasion -11.4 51.4 139.5 -197.6 -333.1 -537.3
1879 Orange -10.6 52.3 140.5 -201.6 -337.1 -541.3
1885 Mski -9.4 53.4 141.7 -205.6 -341.1 -545.3
1886 Invasion -8.1 54.8 142.7 -209.6 -345.1 -549.3
1889 Fnatic.eu -12.1 50.8 138.7 -192.4 -332.0 -537.5
1893 Mski -10.9 52.2 139.4 -196.4 -336.0 -541.5
1894 Spirit -14.9 48.2 135.4 -183.9 -324.5 -525.2
1898 Titan -13.6 49.9 136.2 -187.9 -328.5 -529.2
1906 5inQ -12.5 51.6 138.2 -191.9 -332.5 -533.2
1911 Titan -11.4 52.9 139.2 -195.9 -336.5 -537.2
1913 rox.KIS -10.0 54.5 140.5 -199.9 -340.5 -541.2
1916 rox.KIS -8.7 55.9 142.0 -203.9 -344.5 -545.2
1927 Titan -7.1 57.7 143.2 -207.9 -348.5 -549.2
1928 Zephyr -6.1 59.2 145.0 -211.9 -352.5 -553.2
1929 MVP -4.8 60.7 146.8 -215.9 -356.5 -557.2
1934 Sigma.int -8.8 56.7 142.8 -204.9 -345.1 -546.6
1935 EOT.Ham. -12.8 52.7 138.8 -189.4 -335.1 -538.5
1945 rox.KIS -11.7 54.0 139.6 -193.4 -339.1 -542.5
1948 Empire -10.7 55.1 141.0 -197.4 -343.1 -546.5
1951 Empire -9.5 56.6 141.8 -201.4 -347.1 -550.5
1953 Fnatic.eu -8.5 57.8 142.8 -205.4 -351.1 -554.5
1954 Empire -7.6 58.8 144.0 -209.4 -355.1 -558.5
1961 Fnatic.eu -6.8 59.7 144.6 -213.4 -359.1 -562.5
1964 Fnatic.eu -5.7 61.1 145.4 -217.4 -363.1 -566.5
1967 Liquid -4.3 62.2 146.7 -221.4 -367.1 -570.5
1971 Relax -8.3 58.2 142.7 -206.7 -354.3 -559.7
1973 Sigma.int -7.1 59.8 143.5 -210.7 -358.3 -563.7
1975 Fnatic.eu -6.4 60.6 143.9 -214.7 -362.3 -567.7
1981 Liquid -5.5 61.8 145.4 -218.7 -366.3 -571.7
1982 Speed -4.5 63.0 146.3 -222.7 -370.3 -575.7
1984 Empire -3.6 64.0 147.1 -226.7 -374.3 -579.7
1985 SADBOYS -7.6 60.0 143.1 -216.9 -365.6 -569.4
1992 Speed -6.7 61.1 144.5 -220.9 -369.6 -573.4
2001 Speed -5.8 62.4 146.0 -224.9 -373.6 -577.4
2014 Speed -4.6 63.7 146.9 -228.9 -377.6 -581.4
2015 Speed -3.8 64.6 148.1 -232.9 -381.6 -585.4
2019 Na'Vi -2.4 66.0 149.7 -236.9 -385.6 -589.4
2022 Liquid -1.5 67.0 150.3 -240.9 -389.6 -593.4
2023 SADBOYS -0.8 67.9 151.4 -244.9 -393.6 -597.4
2024 SADBOYS 0.6 69.4 152.1 -248.9 -397.6 -601.4
2029 Empire 1.7 70.7 152.8 -252.9 -401.6 -605.4
2032 Liquid 2.6 71.7 153.9 -256.9 -405.6 -609.4
2035 SADBOYS 3.6 72.8 154.5 -260.9 -409.6 -613.4
2053 SADBOYS 4.4 73.9 154.9 -264.9 -413.6 -617.4
2054 Empire 5.4 75.2 156.5 -268.9 -417.6 -621.4
2055 Na'Vi 6.4 76.4 157.2 -272.9 -421.6 -625.4
2058 Cloud9 7.3 77.7 157.6 -276.9 -425.6 -629.4
2059 Empire 8.2 78.7 158.7 -280.9 -429.6 -633.4
2061 rox.KIS 4.2 74.7 154.7 -265.3 -414.9 -620.3
2064 Cloud9 5.2 75.9 156.2 -269.3 -418.9 -624.3
2066 Alliance 6.4 77.1 157.5 -273.3 -422.9 -628.3
2067 Na'Vi 7.2 78.0 158.5 -277.3 -426.9 -632.3
2068 Fnatic.eu 8.2 79.1 159.4 -281.3 -430.9 -636.3
2076 Courage 4.2 75.1 155.4 -268.5 -420.1 -614.2
2080 rox.KIS 0.2 71.1 151.4 -252.2 -404.2 -600.9
2082 rox.KIS 1.2 72.3 152.7 -256.2 -408.2 -604.9
2083 PR 2.1 73.3 153.8 -260.2 -412.2 -608.9
2087 Liquid 3.4 74.7 154.7 -264.2 -416.2 -612.9
2089 SADBOYS 4.3 75.8 156.2 -268.2 -420.2 -616.9
2095 Titan 5.7 77.5 156.8 -272.2 -424.2 -620.9
2097 rox.KIS 7.1 79.1 157.6 -276.2 -428.2 -624.9
2098 Zephyr 8.2 80.2 159.0 -280.2 -432.2 -628.9
2100 PR 9.6 81.7 160.2 -284.2 -436.2 -632.9
2119 Empire 10.3 82.6 160.7 -288.2 -440.2 -636.9
2121 Relax 11.4 83.9 161.8 -292.2 -444.2 -640.9
2123 rox.KIS 12.3 85.0 162.5 -296.2 -448.2 -644.9
2131 Titan 13.0 85.9 163.6 -300.2 -452.2 -648.9
2133 Next.kz 9.0 81.9 159.6 -283.9 -437.4 -628.8
2138 Liquid 10.0 83.0 160.3 -287.9 -441.4 -632.8
2147 Na'Vi 11.1 84.2 161.6 -291.9 -445.4 -636.8
2148 PR 7.1 80.2 157.6 -279.9 -435.6 -628.6
2156 Cloud9 8.1 81.4 158.3 -283.9 -439.6 -632.6
2159 SADBOYS 8.8 82.3 159.4 -287.9 -443.6 -636.6
2162 Orange 9.7 83.4 160.6 -291.9 -447.6 -640.6
2165 TR 5.7 79.4 156.6 -277.8 -435.0 -621.1
2172 Na'Vi 6.8 80.7 157.4 -281.8 -439.0 -625.1
2175 Liquid 7.7 81.7 158.7 -285.8 -443.0 -629.1
2178 VP 9.0 83.1 159.9 -289.8 -447.0 -633.1
2181 MiT 5.0 79.1 155.9 -277.2 -434.7 -621.9
2185 Scythe 6.3 80.8 156.4 -281.2 -438.7 -625.9
2187 Titan 6.9 81.6 157.4 -285.2 -442.7 -629.9
2188 Everlast 2.9 77.6 153.4 -269.6 -430.2 -619.2
2190 VP 4.1 78.7 154.6 -273.6 -434.2 -623.2
2197 Empire 4.9 79.7 155.9 -277.6 -438.2 -627.2
2200 Alliance 6.2 80.9 157.4 -281.6 -442.2 -631.2
2210 Titan 6.9 81.8 158.5 -285.6 -446.2 -635.2
2213 Arrow 7.6 82.7 159.8 -289.6 -450.2 -639.2
2214 Orange 8.4 83.7 160.3 -293.6 -454.2 -643.2
2228 Titan 9.1 84.5 160.7 -297.6 -458.2 -647.2
2229 Scythe 10.6 86.2 161.5 -301.6 -462.2 -651.2
2241 hehe 6.6 82.2 157.5 -284.3 -447.2 -624.6
2242 PR 2.6 78.2 153.5 -274.1 -437.8 -611.1
2244 EG 4.2 80.2 154.4 -278.1 -441.8 -615.1
2249 Titan 5.3 81.4 155.8 -282.1 -445.8 -619.1
2251 Zephyr 6.6 82.8 157.5 -286.1 -449.8 -623.1
2260 FL 8.1 84.5 158.5 -290.1 -453.8 -627.1
2261 CIS 4.1 80.5 154.5 -270.9 -440.0 -616.9
2273 VG 4.8 81.4 155.7 -274.9 -444.0 -620.9
2275 Orange 5.5 82.1 156.4 -278.9 -448.0 -624.9
2277 FD 6.8 83.6 157.3 -282.9 -452.0 -628.9
2278 MiTH 7.9 84.7 158.7 -286.9 -456.0 -632.9
2280 DK 8.5 85.4 159.6 -290.9 -460.0 -636.9
2282 iG 9.2 86.3 160.1 -294.9 -464.0 -640.9
2284 Zephyr 10.5 87.7 161.4 -298.9 -468.0 -644.9
2285 Na'Vi 11.6 88.8 162.6 -302.9 -472.0 -648.9
2292 Na'Vi 13.1 90.2 164.1 -306.9 -476.0 -652.9
2293 Alliance 14.2 91.5 165.0 -310.9 -480.0 -656.9
2295 Arrow 15.2 92.7 166.3 -314.9 -484.0 -660.9
