0 0 0.0 0.0 0.0 0.0 0.0 0.0
18 Na'Vi 0.8 1.1 1.5 -4.0 -4.0 -4.0
19 Empire 2.3 3.0 3.4 -8.0 -8.0 -8.0
23 mouz 3.1 3.9 4.6 -12.0 -12.0 -12.0
26 Empire -0.9 -0.1 0.6 -1.6 -3.5 -4.2
29 GU.pe -4.9 -4.1 -3.4 10.5 6.4 5.3
32 Alliance -4.2 -3.0 -2.2 6.5 2.4 1.3
40 Fnatic.eu -2.8 -1.0 -0.2 2.5 -1.6 -2.7
41 Empire -1.7 0.3 1.5 -1.5 -5.6 -6.7
43 mouz -0.1 2.2 3.4 -5.5 -9.6 -10.7
44 Quantic 1.3 4.1 5.5 -9.5 -13.6 -14.7
48 VP 2.7 5.7 7.6 -13.5 -17.6 -18.7
49 Liquid 3.5 6.9 9.0 -17.5 -21.6 -22.7
50 3DMAX -0.5 2.9 5.0 7.7 -4.1 -7.7
51 Liquid -4.5 -1.1 1.0 18.8 5.5 -0.1
53 VP -8.5 -5.1 -3.0 29.4 14.2 8.0
58 Na'Vi -7.2 -3.5 -1.3 25.4 10.2 4.0
59 VP -11.2 -7.5 -5.3 36.8 19.1 12.3
60 Na'Vi -10.2 -6.3 -3.9 32.8 15.1 8.3
71 Liquid -8.8 -4.7 -2.0 28.8 11.1 4.3
73 Zenith -8.0 -3.7 -0.9 24.8 7.1 0.3
75 Fnatic.eu -6.7 -2.2 0.9 20.8 3.1 -3.7
89 Liquid -5.2 -0.5 2.7 16.8 -0.9 -7.7
93 Na'Vi -3.6 1.3 4.7 12.8 -4.9 -11.7
98 Fnatic.eu -7.6 -2.7 0.7 26.4 5.5 -1.7
108 ASF.R5 -6.2 -1.0 2.4 22.4 1.5 -5.7
110 Empire -4.8 0.6 4.0 18.4 -2.5 -9.7
112 eN.Legs -3.9 2.1 5.5 14.4 -6.5 -13.7
113 Fnatic.eu -2.3 3.8 7.8 10.4 -10.5 -17.7
117 VP -1.0 5.3 9.5 6.4 -14.5 -21.7
118 mouz -5.0 1.3 5.5 19.8 -2.7 -12.3
119 Fnatic.eu -3.7 3.0 7.4 15.8 -6.7 -16.3
123 eLPride -2.5 4.5 9.1 11.8 -10.7 -20.3
124 VP -1.5 5.8 10.6 7.8 -14.7 -24.3
128 ASF.R5 -5.5 1.8 6.6 17.7 -6.1 -16.9
130 Alliance -9.5 -2.2 2.6 27.4 2.0 -9.2
135 Fnatic.eu -8.2 -0.7 4.3 23.4 -2.0 -13.2
136 Alliance -7.3 0.4 5.6 19.4 -6.0 -17.2
138 TCM -11.3 -3.6 1.6 32.0 5.3 -7.6
143 Na'Vi -10.2 -2.2 3.2 28.0 1.3 -11.6
151 EG -14.2 -6.2 -0.8 37.5 9.6 -3.6
164 Dignitas -13.0 -4.7 0.9 33.5 5.6 -7.6
167 LGD.int -12.1 -3.7 2.2 29.5 1.6 -11.6
171 LGD.int -11.2 -2.7 3.4 25.5 -2.4 -15.6
172 Liquid -9.6 -1.1 5.1 21.5 -6.4 -19.6
175 Na'Vi -8.6 0.1 6.7 17.5 -10.4 -23.6
177 QPandas -12.6 -3.9 2.7 30.8 0.7 -14.2
179 Liquid -16.6 -7.9 -1.3 40.6 9.5 -6.1
180 Empire -20.6 -11.9 -5.3 52.9 19.1 2.2
181 iCCup -24.6 -15.9 -9.3 68.5 30.4 12.1
185 LGD.int -23.3 -14.4 -7.6 64.5 26.4 8.1
196 Orange -27.3 -18.4 -11.6 73.7 35.0 16.2
198 iG -26.0 -16.8 -9.7 69.7 31.0 12.2
206 LGD.cn -24.2 -15.0 -7.8 65.7 27.0 8.2
208 iG -23.2 -13.7 -6.2 61.7 23.0 4.2
213 DK -27.2 -17.7 -10.2 70.6 31.9 12.7
219 Dignitas -25.5 -15.9 -8.2 66.6 27.9 8.7
220 Fnatic.eu -23.8 -14.1 -6.2 62.6 23.9 4.7
221 Alliance -22.2 -12.3 -4.2 58.6 19.9 0.7
224 mouz -26.2 -16.3 -8.2 67.9 29.0 8.9
226 Alliance -25.4 -15.2 -6.8 63.9 25.0 4.9
229 Liquid -29.4 -19.2 -10.8 74.1 33.8 12.8
231 Na'Vi -27.9 -17.6 -9.0 70.1 29.8 8.8
233 mouz -26.3 -15.9 -7.1 66.1 25.8 4.8
234 rox.KIS -24.8 -14.2 -5.3 62.1 21.8 0.8
235 aL -23.7 -12.9 -3.8 58.1 17.8 -3.2
236 mouz -27.7 -16.9 -7.8 73.8 30.2 6.9
237 Na'Vi -26.0 -15.1 -5.9 69.8 26.2 2.9
239 Na'Vi -24.6 -13.5 -4.1 65.8 22.2 -1.1
240 Na'Vi -23.7 -12.4 -2.8 61.8 18.2 -5.1
246 Na'Vi -22.7 -11.4 -1.5 57.8 14.2 -9.1
248 Liquid -21.1 -9.7 0.3 53.8 10.2 -13.1
251 Alliance -19.6 -8.0 2.1 49.8 6.2 -17.1
253 Liquid -23.6 -12.0 -1.9 66.5 20.0 -5.7
256 Alliance -22.0 -10.1 0.1 62.5 16.0 -9.7
258 Alliance -20.5 -8.4 2.0 58.5 12.0 -13.7
260 Alliance -18.9 -6.6 3.9 54.5 8.0 -17.7
268 Na'Vi -17.9 -5.4 5.4 50.5 4.0 -21.7
270 Liquid -16.4 -3.7 7.3 46.5 -3.5527136788e-15 -25.7
271 Na'Vi -15.3 -2.3 8.9 42.5 -4.0 -29.7
273 mouz -13.9 -0.9 10.5 38.5 -8.0 -33.7
274 Liquid -12.5 0.8 12.4 34.5 -12.0 -37.7
275 EG -16.5 -3.2 8.4 53.8 4.9 -23.5
276 Alliance -15.5 -2.0 9.7 49.8 0.9 -27.5
279 Dignitas -14.1 -0.3 11.7 45.8 -3.1 -31.5
280 Zenith -13.0 1.0 13.3 41.8 -7.1 -35.5
282 Alliance -12.1 2.1 14.7 37.8 -11.1 -39.5
283 VG -16.1 -1.9 10.7 52.9 1.5 -29.4
286 Dignitas -14.6 -0.3 12.4 48.9 -2.5 -33.4
291 Alliance -13.2 1.3 14.3 44.9 -6.5 -37.4
293 aL -17.2 -2.7 10.3 58.8 6.3 -26.4
294 Alliance -16.2 -1.5 11.8 54.8 2.3 -30.4
297 rox.KIS -14.7 0.3 13.8 50.8 -1.7 -34.4
300 mouz -13.5 1.7 15.5 46.8 -5.7 -38.4
301 EG -12.4 3.1 17.1 42.8 -9.7 -42.4
304 VG -11.6 4.0 18.3 38.8 -13.7 -46.4
306 LGD.cn -10.8 4.9 19.4 34.8 -17.7 -50.4
310 iG -9.9 6.1 21.0 30.8 -21.7 -54.4
314 VP -8.5 7.7 22.8 26.8 -25.7 -58.4
315 Liquid -6.8 9.5 24.7 22.8 -29.7 -62.4
316 LGD.cn -6.2 10.3 25.8 18.8 -33.7 -66.4
317 FD -10.2 6.3 21.8 31.6 -23.7 -57.9
319 Na'Vi -9.1 7.5 23.2 27.6 -27.7 -61.9
321 mouz -8.2 8.5 24.5 23.6 -31.7 -65.9
322 RS -6.7 10.3 26.6 19.6 -35.7 -69.9
324 QPandas -10.7 6.3 22.6 33.1 -24.2 -60.3
326 PR -14.7 2.3 18.6 43.2 -14.8 -51.7
327 rox.KIS -18.7 -1.7 14.6 53.2 -6.1 -43.8
330 TongFu -22.7 -5.7 10.6 72.8 9.6 -32.6
333 VG -21.3 -4.0 12.6 68.8 5.6 -36.6
334 VP -19.9 -2.2 14.7 64.8 1.6 -40.6
337 TongFu -19.0 -1.0 16.3 60.8 -2.4 -44.6
338 Na'Vi -18.1 0.1 17.7 56.8 -6.4 -48.6
340 mouz -17.3 1.0 18.8 52.8 -10.4 -52.6
344 LGD.cn -21.3 -3.0 14.8 63.4 -0.6 -43.9
345 LGD.cn -19.5 -1.2 16.7 59.4 -4.6 -47.9
346 Alliance -18.4 7.9936057773e-15 18.1 55.4 -8.6 -51.9
348 Na'Vi -17.0 1.7 19.9 51.4 -12.6 -55.9
352 LGD.cn -15.9 3.0 21.4 47.4 -16.6 -59.9
353 iG -14.2 4.9 23.5 43.4 -20.6 -63.9
355 DK -18.2 0.9 19.5 52.3 -10.9 -54.8
356 Liquid -22.2 -3.1 15.5 66.4 1.0 -45.0
357 LGD.cn -20.5 -1.3 17.4 62.4 -3.0 -49.0
362 LGD.cn -19.1 7.54951656745e-15 18.9 58.4 -7.0 -53.0
364 Zenith -18.0 1.3 20.4 54.4 -11.0 -57.0
366 Dignitas -22.0 -2.7 16.4 63.1 -2.1 -48.9
368 mouz -20.6 -1.1 18.3 59.1 -6.1 -52.9
369 iCCup -24.6 -5.1 14.3 70.0 4.3 -43.3
373 Na'Vi -23.8 -4.2 15.3 66.0 0.3 -47.3
376 LGD.cn -23.0 -3.2 16.5 62.0 -3.7 -51.3
377 LGD.cn -21.8 -2.1 17.8 58.0 -7.7 -55.3
378 VP -20.3 -0.5 19.6 54.0 -11.7 -59.3
379 Na'Vi -19.4 0.6 20.9 50.0 -15.7 -63.3
383 RS -23.4 -3.4 16.9 59.3 -6.5 -54.6
384 Alliance -22.4 -2.1 18.5 55.3 -10.5 -58.6
387 LGD.cn -21.2 -0.7 20.1 51.3 -14.5 -62.6
388 Dignitas -20.2 0.5 21.9 47.3 -18.5 -66.6
389 iG -19.3 1.5 23.2 43.3 -22.5 -70.6
390 Na'Vi -17.9 3.1 25.0 39.3 -26.5 -74.6
392 Alliance -16.8 4.4 26.5 35.3 -30.5 -78.6
393 Kaipi -20.8 0.4 22.5 44.5 -20.6 -70.1
396 Liquid -20.2 1.1 23.5 40.5 -24.6 -74.1
398 Alliance -19.5 1.9 24.5 36.5 -28.6 -78.1
403 RStars -23.5 -2.1 20.5 47.9 -18.0 -69.1
404 MiTH -21.8 -0.2 22.6 43.9 -22.0 -73.1
409 Orange -20.7 1.2 24.3 39.9 -26.0 -77.1
410 Alliance -20.0 2.1 25.4 35.9 -30.0 -81.1
414 Alliance -19.1 3.2 26.8 31.9 -34.0 -85.1
416 4FC -23.1 -0.8 22.8 50.4 -17.5 -71.2
417 mouz -27.1 -4.8 18.8 64.3 -5.6 -61.2
418 VP -25.3 -3.0 20.9 60.3 -9.6 -65.2
421 Na'Vi -23.8 -1.4 22.7 56.3 -13.6 -69.2
424 Kaipi -27.8 -5.4 18.7 67.1 -2.8 -59.4
427 rox.KIS -26.5 -4.0 20.3 63.1 -6.8 -63.4
430 rox.KIS -25.3 -2.7 21.7 59.1 -10.8 -67.4
431 Quantic -24.3 -1.4 23.3 55.1 -14.8 -71.4
432 Kaipi -22.7 8.65973959208e-15 24.9 51.1 -18.8 -75.4
433 DK -21.5 1.4 26.6 47.1 -22.8 -79.4
437 Quantic -20.5 2.4 27.9 43.1 -26.8 -83.4
439 Artyk -19.6 3.4 29.4 39.1 -30.8 -87.4
441 Na'Vi -18.7 4.4 30.6 35.1 -34.8 -91.4
443 Kaipi -22.7 0.4 26.6 47.8 -21.4 -79.5
444 Artyk -26.7 -3.6 22.6 58.7 -11.2 -70.2
445 TM -25.6 -2.2 24.2 54.7 -15.2 -74.2
446 Orange -24.7 -1.2 25.4 50.7 -19.2 -78.2
447 DK -23.5 0.1 27.0 46.7 -23.2 -82.2
448 VP -27.5 -3.9 23.0 57.8 -13.5 -73.8
449 VP -26.0 -2.0 25.2 53.8 -17.5 -77.8
451 Kaipi -25.1 -1.0 26.4 49.8 -21.5 -81.8
452 EG -23.5 0.8 28.4 45.8 -25.5 -85.8
453 Fnatic.eu -27.5 -3.2 24.4 58.9 -14.3 -76.8
459 Alliance -25.9 -1.4 26.4 54.9 -18.3 -80.8
461 Alliance -25.1 -0.5 27.6 50.9 -22.3 -84.8
464 Fnatic.eu -23.6 1.0 29.2 46.9 -26.3 -88.8
465 Alliance -22.2 2.4 30.8 42.9 -30.3 -92.8
468 Quantic -20.7 3.9 32.5 38.9 -34.3 -96.8
469 Alliance -19.1 5.5 34.3 34.9 -38.3 -100.8
471 4FC -23.1 1.5 30.3 48.1 -25.6 -89.9
475 Na'Vi -22.1 2.5 31.5 44.1 -29.6 -93.9
476 Na'Vi -20.6 4.1 33.3 40.1 -33.6 -97.9
479 4FC -19.5 5.3 34.8 36.1 -37.6 -101.9
480 Orange -18.5 6.5 36.3 32.1 -41.6 -105.9
481 TM -17.2 8.2 38.3 28.1 -45.6 -109.9
484 Empire -21.2 4.2 34.3 44.8 -30.4 -98.0
486 Na'Vi -20.0 5.4 35.6 40.8 -34.4 -102.0
488 Fnatic.eu -24.0 1.4 31.6 58.5 -19.6 -90.4
489 LGD.int -22.4 3.0 33.5 54.5 -23.6 -94.4
491 TM -21.1 4.7 35.4 50.5 -27.6 -98.4
492 iCCup -19.8 6.3 37.2 46.5 -31.6 -102.4
493 iCCup -18.8 7.5 38.6 42.5 -35.6 -106.4
494 zRage -22.8 3.5 34.6 63.0 -17.4 -90.7
495 Artyk -21.6 5.1 36.6 59.0 -21.4 -94.7
498 mouz -20.4 6.4 38.2 55.0 -25.4 -98.7
499 Liquid -19.2 7.8 39.6 51.0 -29.4 -102.7
502 VP -18.5 8.6 40.6 47.0 -33.4 -106.7
503 Dignitas -17.7 9.6 41.9 43.0 -37.4 -110.7
504 VP -16.0 11.4 44.0 39.0 -41.4 -114.7
505 Na'Vi -15.5 12.0 44.8 35.0 -45.4 -118.7
506 EG -14.7 12.9 46.0 31.0 -49.4 -122.7
507 Na'Vi -13.8 13.9 47.3 27.0 -53.4 -126.7
508 Na'Vi -13.3 14.5 48.0 23.0 -57.4 -130.7
512 Quantic -17.3 10.5 44.0 40.7 -42.2 -116.8
513 EG -21.3 6.5 40.0 54.0 -30.8 -106.6
514 Dignitas -25.3 2.5 36.0 75.9 -12.2 -90.6
515 Alliance -23.8 4.4 38.2 71.9 -16.2 -94.6
517 Alliance -22.3 6.2 40.3 67.9 -20.2 -98.6
520 Quantic -21.2 7.5 41.9 63.9 -24.2 -102.6
521 LGD.int -25.2 3.5 37.9 73.8 -15.9 -95.2
522 Na'Vi -24.0 4.9 39.5 69.8 -19.9 -99.2
523 Na'Vi -22.3 6.7 41.5 65.8 -23.9 -103.2
524 Na'Vi -21.0 8.1 43.1 61.8 -27.9 -107.2
527 Na'Vi -20.0 9.2 44.5 57.8 -31.9 -111.2
528 Liquid -19.1 10.3 45.8 53.8 -35.9 -115.2
529 EG -18.4 11.1 46.7 49.8 -39.9 -119.2
531 Na'Vi -17.5 12.1 47.9 45.8 -43.9 -123.2
532 Empire -16.5 13.1 49.1 41.8 -47.9 -127.2
533 rox.KIS -15.4 14.1 50.1 37.8 -51.9 -131.2
536 Liquid -14.7 14.9 51.1 33.8 -55.9 -135.2
537 Liquid -14.1 15.6 52.0 29.8 -59.9 -139.2
538 Alliance -13.3 16.4 53.0 25.8 -63.9 -143.2
541 VP -12.3 17.7 54.4 21.8 -67.9 -147.2
542 Alliance -10.8 19.3 56.2 17.8 -71.9 -151.2
544 EG -14.8 15.3 52.2 28.0 -62.2 -142.1
545 Alliance -13.3 17.2 54.4 24.0 -66.2 -146.1
547 iG -11.4 19.0 56.3 20.0 -70.2 -150.1
549 Fnatic.eu -15.4 15.0 52.3 32.5 -59.2 -140.8
550 Kaipi -19.4 11.0 48.3 42.7 -48.7 -131.1
551 Kaipi -23.4 7.0 44.3 52.8 -37.8 -120.4
553 TongFu -27.4 3.0 40.3 68.6 -22.9 -107.6
557 Liquid -31.4 -1.0 36.3 79.1 -13.9 -99.5
558 rox.KIS -29.7 0.8 38.3 75.1 -17.9 -103.5
562 TongFu -28.0 2.6 40.2 71.1 -21.9 -107.5
573 VP -32.0 -1.4 36.2 83.5 -11.7 -98.8
574 Fnatic.eu -36.0 -5.4 32.2 95.4 -1.3 -90.0
576 iCCup -40.0 -9.4 28.2 107.8 8.6 -81.5
580 VP -39.0 -8.2 29.6 103.8 4.6 -85.5
585 VP -37.5 -6.4 31.5 99.8 0.6 -89.5
587 Alliance -36.1 -5.1 32.9 95.8 -3.4 -93.5
590 Na'Vi -34.2 -3.3 34.8 91.8 -7.4 -97.5
595 Alliance -32.6 -1.6 36.7 87.8 -11.4 -101.5
597 Alliance -30.8 0.3 38.7 83.8 -15.4 -105.5
598 LGD.cn -29.3 2.0 40.6 79.8 -19.4 -109.5
600 mouz -33.3 -2.0 36.6 92.2 -7.6 -99.0
602 Alliance -31.7 -0.2 38.5 88.2 -11.6 -103.0
604 Orange -30.6 1.0 40.0 84.2 -15.6 -107.0
605 LGD.int -28.8 2.7 41.9 80.2 -19.6 -111.0
607 Kaipi -32.8 -1.3 37.9 89.1 -11.0 -103.4
608 Alliance -31.5 0.2 39.6 85.1 -15.0 -107.4
615 Orange -30.2 1.6 41.2 81.1 -19.0 -111.4
617 VP -28.8 3.2 43.0 77.1 -23.0 -115.4
618 Alliance -27.6 4.6 44.6 73.1 -27.0 -119.4
621 iCCup -31.6 0.6 40.6 86.7 -13.9 -108.9
623 Alliance -30.0 2.4 42.6 82.7 -17.9 -112.9
624 Liquid -28.5 4.1 44.5 78.7 -21.9 -116.9
626 iCCup -32.5 0.1 40.5 89.5 -12.4 -108.7
627 EG -30.7 1.8 42.4 85.5 -16.4 -112.7
628 EG -29.8 2.8 43.6 81.5 -20.4 -116.7
631 Alliance -28.9 4.0 45.1 77.5 -24.4 -120.7
632 mouz -27.4 5.7 47.0 73.5 -28.4 -124.7
635 Dignitas -26.0 7.2 48.8 69.5 -32.4 -128.7
636 EG -25.3 8.1 49.9 65.5 -36.4 -132.7
642 Alliance -24.3 9.3 51.4 61.5 -40.4 -136.7
644 rox.KIS -28.3 5.3 47.4 72.3 -30.3 -127.9
651 Denial -32.3 1.3 43.4 90.3 -14.9 -115.9
653 VG -36.3 -2.7 39.4 105.3 -1.8 -105.1
656 Na'Vi -35.2 -1.5 40.9 101.3 -5.8 -109.1
657 mouz -33.6 0.4 43.0 97.3 -9.8 -113.1
658 mouz -37.6 -3.6 39.0 108.8 0.3 -103.3
659 Na'Vi -36.0 -2.0 40.7 104.8 -3.7 -107.3
660 RS -40.0 -6.0 36.7 117.3 7.6 -97.7
664 RStars -44.0 -10.0 32.7 133.4 21.0 -86.5
668 mouz -43.2 -9.0 34.0 129.4 17.0 -90.5
670 EG -42.2 -7.9 35.4 125.4 13.0 -94.5
671 Fnatic.eu -41.3 -6.9 36.6 121.4 9.0 -98.5
672 Orange -39.7 -5.2 38.5 117.4 5.0 -102.5
674 mouz -39.0 -4.3 39.6 113.4 1.0 -106.5
678 Kaipi -43.0 -8.3 35.6 132.1 17.5 -92.9
679 Fnatic.eu -47.0 -12.3 31.6 141.8 26.1 -85.1
692 Na'Vi -45.4 -10.7 33.4 137.8 22.1 -89.1
693 Alliance -43.8 -9.0 35.3 133.8 18.1 -93.1
696 Fnatic.eu -42.2 -7.4 37.1 129.8 14.1 -97.1
697 Kaipi -40.6 -5.8 38.9 125.8 10.1 -101.1
699 Alliance -39.5 -4.5 40.4 121.8 6.1 -105.1
700 Orange -38.1 -3.1 42.1 117.8 2.1 -109.1
702 Na'Vi -37.2 -2.1 43.3 113.8 -1.9 -113.1
703 mouz -36.3 -1.1 44.6 109.8 -5.9 -117.1
708 iCCup -40.3 -5.1 40.6 119.7 3.0 -109.1
712 Na'Vi -39.4 -4.0 41.9 115.7 -1.0 -113.1
715 mouz -37.9 -2.3 43.8 111.7 -5.0 -117.1
718 Dreamz -36.8 -1.1 45.3 107.7 -9.0 -121.1
720 MiTH -35.0 0.7 47.3 103.7 -13.0 -125.1
721 Mski -39.0 -3.3 43.3 113.1 -2.9 -115.9
723 Kaipi -38.1 -2.3 44.5 109.1 -6.9 -119.9
727 Fnatic.eu -42.1 -6.3 40.5 125.9 7.6 -108.4
729 DK -41.1 -4.8 42.3 121.9 3.6 -112.4
730 LGD.cn -40.3 -3.8 43.4 117.9 -0.4 -116.4
731 iG -38.7 -1.9 45.5 113.9 -4.4 -120.4
732 Alliance -37.6 -0.6 47.1 109.9 -8.4 -124.4
741 TongFu -36.1 1.2 49.6 105.9 -12.4 -128.4
745 Dignitas -40.1 -2.8 45.6 127.4 2.1 -116.7
746 DK -39.4 -1.9 46.6 123.4 -1.9 -120.7
748 Na'Vi -38.2 -0.6 48.2 119.4 -5.9 -124.7
749 Liquid -42.2 -4.6 44.2 131.9 4.1 -114.8
751 Alliance -41.4 -3.5 45.6 127.9 0.1 -118.8
754 Na'Vi -40.7 -2.7 46.5 123.9 -3.9 -122.8
757 Alliance -39.1 -1.2 48.0 119.9 -7.9 -126.8
758 iG -37.6 0.6 49.8 115.9 -11.9 -130.8
759 Orange -36.0 2.4 51.8 111.9 -15.9 -134.8
761 Fnatic.eu -35.3 3.2 52.7 107.9 -19.9 -138.8
766 Alliance -34.4 4.2 53.8 103.9 -23.9 -142.8
767 LGD.int -38.4 0.2 49.8 119.9 -10.0 -130.9
769 mouz -37.5 1.2 51.0 115.9 -14.0 -134.9
770 LGD.cn -35.9 2.9 52.8 111.9 -18.0 -138.9
771 Na'Vi -34.7 4.2 54.2 107.9 -22.0 -142.9
773 Alliance -34.0 5.0 55.1 103.9 -26.0 -146.9
776 Orange -32.7 6.4 56.7 99.9 -30.0 -150.9
778 DK -31.3 8.2 58.7 95.9 -34.0 -154.9
779 Zenith -30.4 9.2 59.9 91.9 -38.0 -158.9
781 Alliance -29.5 10.2 61.0 87.9 -42.0 -162.9
783 TongFu -28.6 11.1 62.0 83.9 -46.0 -166.9
786 Na'Vi -27.6 12.2 63.3 79.9 -50.0 -170.9
791 Orange -25.9 14.1 65.3 75.9 -54.0 -174.9
793 Alliance -24.7 15.4 66.9 71.9 -58.0 -178.9
795 Liquid -23.8 16.4 68.1 67.9 -62.0 -182.9
797 Liquid -27.8 12.4 64.1 81.7 -50.6 -173.3
799 Alliance -26.7 13.6 65.6 77.7 -54.6 -177.3
800 Na'Vi -25.3 15.0 67.1 73.7 -58.6 -181.3
803 Orange -29.3 11.0 63.1 85.6 -49.0 -173.1
807 Na'Vi -27.7 12.7 65.0 81.6 -53.0 -177.1
811 RStars -26.5 14.2 66.8 77.6 -57.0 -181.1
812 Empire -25.5 15.4 68.4 73.6 -61.0 -185.1
813 Empire -24.6 16.3 69.6 69.6 -65.0 -189.1
814 Kaipi -23.1 18.1 71.7 65.6 -69.0 -193.1
815 TTD -21.8 19.5 73.4 61.6 -73.0 -197.1
816 Kaipi -20.5 20.9 74.9 57.6 -77.0 -201.1
818 FD -19.3 22.1 76.4 53.6 -81.0 -205.1
820 4FC -18.6 22.9 77.4 49.6 -85.0 -209.1
821 4++ -22.6 18.9 73.4 63.9 -69.8 -197.2
822 MiTH -21.6 20.2 74.9 59.9 -73.8 -201.2
823 GL.eu -20.2 21.8 76.8 55.9 -77.8 -205.2
825 WARDGS -18.5 23.5 78.8 51.9 -81.8 -209.2
826 EVOPLAY -16.8 25.0 80.7 47.9 -85.8 -213.2
829 TLP -20.8 21.0 76.7 61.8 -73.9 -203.8
832 CDCD -24.8 17.0 72.7 85.0 -55.5 -188.0
833 Menace -28.8 13.0 68.7 97.9 -44.4 -179.0
841 VP -27.8 14.1 70.1 93.9 -48.4 -183.0
842 Menace -31.8 10.1 66.1 103.3 -39.4 -174.3
843 Empire -29.9 11.8 67.9 99.3 -43.4 -178.3
844 Kaipi -28.6 13.1 69.5 95.3 -47.4 -182.3
845 DUZA -32.6 9.1 65.5 104.4 -38.9 -174.7
851 VP -31.6 10.3 67.0 100.4 -42.9 -178.7
856 Empire -30.1 11.8 68.7 96.4 -46.9 -182.7
857 Next.kz -28.3 13.6 70.6 92.4 -50.9 -186.7
859 FSid3 -32.3 9.6 66.6 102.2 -40.2 -176.9
862 rox.KIS -30.8 10.9 68.1 98.2 -44.2 -180.9
864 Poseidon -29.7 12.2 69.6 94.2 -48.2 -184.9
865 Mski -28.7 13.3 71.0 90.2 -52.2 -188.9
866 Poseidon -27.8 14.2 72.1 86.2 -56.2 -192.9
867 Dreamz -26.7 15.5 73.7 82.2 -60.2 -196.9
871 Next.kz -25.6 16.7 75.1 78.2 -64.2 -200.9
873 PR -29.6 12.7 71.1 98.9 -46.6 -186.3
877 Mski -28.6 14.1 72.8 94.9 -50.6 -190.3
878 Lowyat -32.6 10.1 68.8 108.6 -39.2 -180.8
880 Empire -36.6 6.1 64.8 117.5 -30.5 -172.9
883 Kaipi -35.4 7.5 66.4 113.5 -34.5 -176.9
885 Aspera -33.7 9.2 68.3 109.5 -38.5 -180.9
886 Fnatic.eu -32.3 10.7 70.1 105.5 -42.5 -184.9
889 Next.kz -31.0 12.0 71.6 101.5 -46.5 -188.9
891 Menace -29.1 13.8 73.6 97.5 -50.5 -192.9
893 Menace -33.1 9.8 69.6 107.7 -40.4 -184.0
896 Life -37.1 5.8 65.6 115.9 -31.4 -175.1
897 Kaipi -35.5 7.7 67.8 111.9 -35.4 -179.1
898 Mski -33.9 9.4 69.7 107.9 -39.4 -183.1
899 Menace -32.6 10.6 71.1 103.9 -43.4 -187.1
901 Fnatic.eu -31.2 11.9 72.6 99.9 -47.4 -191.1
903 Kaipi -30.0 13.2 74.1 95.9 -51.4 -195.1
905 Dignitas -29.2 14.1 75.2 91.9 -55.4 -199.1
906 Dignitas -28.3 15.1 76.4 87.9 -59.4 -203.1
908 iG -27.6 15.9 77.4 83.9 -63.4 -207.1
911 4FC -31.6 11.9 73.4 97.2 -49.8 -195.7
915 Fnatic.eu -30.8 12.9 74.6 93.2 -53.8 -199.7
916 Property -34.8 8.9 70.6 105.9 -43.2 -190.4
917 Menace -38.8 4.9 66.6 116.8 -32.3 -180.9
919 LGD.cn -37.5 6.4 68.3 112.8 -36.3 -184.9
920 TongFu -36.9 7.1 69.2 108.8 -40.3 -188.9
921 Alliance -35.9 8.1 70.5 104.8 -44.3 -192.9
925 Empire -34.6 9.4 72.0 100.8 -48.3 -196.9
926 Empire -33.2 11.0 73.7 96.8 -52.3 -200.9
927 iG -31.7 12.4 75.2 92.8 -56.3 -204.9
931 Alliance -30.8 13.3 76.2 88.8 -60.3 -208.9
937 OguraYui -34.8 9.3 72.2 99.9 -47.7 -198.1
938 Mski -33.0 10.8 73.9 95.9 -51.7 -202.1
941 Alliance -32.1 11.8 75.0 91.9 -55.7 -206.1
944 Imp -36.1 7.8 71.0 103.1 -44.9 -196.2
949 VP -34.8 9.1 72.5 99.1 -48.9 -200.2
950 Kaipi -33.8 10.3 74.0 95.1 -52.9 -204.2
951 Mski -32.8 11.4 75.3 91.1 -56.9 -208.2
954 Cascade -36.8 7.4 71.3 104.5 -45.3 -198.2
956 Alliance -36.3 7.9 72.0 100.5 -49.3 -202.2
957 Na'Vi -35.5 8.6 72.9 96.5 -53.3 -206.2
958 PR -39.5 4.6 68.9 121.2 -29.3 -185.4
959 Kaipi -38.7 5.6 70.0 117.2 -33.3 -189.4
960 Kaipi -38.0 6.5 71.2 113.2 -37.3 -193.4
963 Na'Vi -36.6 7.9 72.8 109.2 -41.3 -197.4
964 Alliance -35.4 9.2 74.3 105.2 -45.3 -201.4
967 mouz -34.0 10.7 76.0 101.2 -49.3 -205.4
972 Aspera -38.0 6.7 72.0 123.1 -30.3 -189.5
975 Dignitas -37.2 7.7 73.3 119.1 -34.3 -193.5
976 StayFree -35.8 9.4 75.3 115.1 -38.3 -197.5
977 Na'Vi -34.3 11.1 77.3 111.1 -42.3 -201.5
982 Fnatic.eu -33.5 11.9 78.3 107.1 -46.3 -205.5
983 Fnatic.eu -31.7 13.6 80.1 103.1 -50.3 -209.5
986 Na'Vi -30.7 14.8 81.5 99.1 -54.3 -213.5
987 Fnatic.eu -29.1 16.6 83.5 95.1 -58.3 -217.5
988 4FC -33.1 12.6 79.5 104.7 -48.2 -208.5
990 Kaipi -32.3 13.5 80.6 100.7 -52.2 -212.5
991 Empire -36.3 9.5 76.6 111.6 -42.8 -204.6
992 PBS -40.3 5.5 72.6 121.9 -34.5 -196.8
997 PR -44.3 1.5 68.6 139.5 -19.7 -185.1
1000 Inv.kwnku -42.6 3.4 70.7 135.5 -23.7 -189.1
1002 Empire -41.1 5.2 72.9 131.5 -27.7 -193.1
1004 EG -39.5 6.9 74.8 127.5 -31.7 -197.1
1005 Dignitas -43.5 2.9 70.8 139.6 -21.8 -188.7
1008 Menace -47.5 -1.1 66.8 151.7 -9.5 -177.8
1009 Kaipi -46.6 -0.2 67.9 147.7 -13.5 -181.8
1012 DK -45.3 1.3 69.7 143.7 -17.5 -185.8
1017 Na'Vi -44.5 2.2 70.7 139.7 -21.5 -189.8
1018 Alliance -43.7 3.1 71.9 135.7 -25.5 -193.8
1020 Na'Vi -42.0 4.8 73.8 131.7 -29.5 -197.8
1021 Na'Vi -40.8 6.0 75.2 127.7 -33.5 -201.8
1022 LGD.cn -39.7 7.3 76.6 123.7 -37.5 -205.8
1025 Dignitas -38.9 8.2 77.8 119.7 -41.5 -209.8
1028 4FC -42.9 4.2 73.8 130.2 -30.0 -199.8
1030 Na'Vi -42.1 5.1 74.8 126.2 -34.0 -203.8
1032 Na'Vi -41.2 6.2 76.1 122.2 -38.0 -207.8
1034 Alliance -40.5 7.0 77.1 118.2 -42.0 -211.8
1035 Alliance -39.8 7.7 77.9 114.2 -46.0 -215.8
1037 VP -43.8 3.7 73.9 126.2 -36.8 -207.9
1039 Ahead.kz -47.8 -0.3 69.9 147.5 -15.0 -190.0
1040 PBS -46.4 1.7 72.2 143.5 -19.0 -194.0
1041 Alliance -45.4 3.0 73.7 139.5 -23.0 -198.0
1042 Empire -43.9 4.7 75.6 135.5 -27.0 -202.0
1045 iG -43.0 6.1 77.3 131.5 -31.0 -206.0
1046 Liquid -41.9 7.3 78.7 127.5 -35.0 -210.0
1048 MiTH -40.3 9.0 80.7 123.5 -39.0 -214.0
1050 Alliance -39.5 9.9 81.8 119.5 -43.0 -218.0
1051 iG -38.7 10.9 83.0 115.5 -47.0 -222.0
1052 DK -37.1 12.8 85.1 111.5 -51.0 -226.0
1055 Alliance -36.5 13.5 86.0 107.5 -55.0 -230.0
1059 TongFu -34.7 15.0 87.6 103.5 -59.0 -234.0
1061 RS.int -33.2 16.8 89.7 99.5 -63.0 -238.0
1062 MiTH -31.5 18.5 91.6 95.5 -67.0 -242.0
1063 Alliance -30.8 19.3 92.5 91.5 -71.0 -246.0
1064 Alliance -30.0 20.2 93.5 87.5 -75.0 -250.0
1065 SSD -29.0 21.7 95.2 83.5 -79.0 -254.0
1067 Hearts -27.5 23.3 97.0 79.5 -83.0 -258.0
1070 Quantic -31.5 19.3 93.0 89.8 -73.7 -249.6
1071 Quantic -29.7 20.9 94.8 85.8 -77.7 -253.6
1073 Titan -28.2 22.4 96.4 81.8 -81.7 -257.6
1077 StayFree -27.1 23.9 98.2 77.8 -85.7 -261.6
1081 Na'Vi -26.4 24.7 99.2 73.8 -89.7 -265.6
1082 Fnatic.eu -25.6 25.6 100.2 69.8 -93.7 -269.6
1083 Titan -24.8 26.5 101.4 65.8 -97.7 -273.6
1085 FD -24.0 27.6 102.8 61.8 -101.7 -277.6
1088 FXopen -23.1 28.9 104.3 57.8 -105.7 -281.6
1089 Imp -22.4 29.9 105.4 53.8 -109.7 -285.6
1090 MiTH -21.7 30.8 106.5 49.8 -113.7 -289.6
1091 Na'Vi -20.8 31.8 107.8 45.8 -117.7 -293.6
1092 ONE.dota -24.8 27.8 103.8 57.0 -106.1 -283.4
1095 Arcanys -28.8 23.8 99.8 78.5 -88.8 -269.9
1096 VG -27.8 25.2 101.5 74.5 -92.8 -273.9
1097 FD -27.1 26.1 102.8 70.5 -96.8 -277.9
1098 Lowyat -31.1 22.1 98.8 81.1 -86.6 -269.2
1101 Fnatic.eu -30.1 23.3 100.3 77.1 -90.6 -273.2
1104 Poseidon -34.1 19.3 96.3 93.1 -76.4 -262.0
1105 Na'Vi -33.3 20.2 97.4 89.1 -80.4 -266.0
1108 eN.Legs -31.8 22.2 99.8 85.1 -84.4 -270.0
1111 LGD.int -30.8 23.3 101.2 81.1 -88.4 -274.0
1112 DK -30.3 24.0 102.0 77.1 -92.4 -278.0
1114 Na'Vi -29.6 24.8 103.0 73.1 -96.4 -282.0
1117 VG -28.9 25.6 104.0 69.1 -100.4 -286.0
1118 LGD.cn -28.5 26.2 104.8 65.1 -104.4 -290.0
1120 Ahead.kz -27.2 27.7 106.6 61.1 -108.4 -294.0
1122 PR -25.7 28.9 107.9 57.1 -112.4 -298.0
1123 Na'Vi -25.3 29.5 108.6 53.1 -116.4 -302.0
1124 bvd.dotA -23.3 31.3 110.4 49.1 -120.4 -306.0
1125 Empire -21.7 32.9 112.0 45.1 -124.4 -310.0
1126 Life -25.7 28.9 108.0 55.5 -110.3 -297.1
1129 iG -25.2 29.6 108.8 51.5 -114.3 -301.1
1130 TongFu -23.6 31.4 110.8 47.5 -118.3 -305.1
1131 Na'Vi -22.6 32.4 112.0 43.5 -122.3 -309.1
1132 Fnatic.eu -21.7 33.5 113.2 39.5 -126.3 -313.1
1133 MUFC -25.7 29.5 109.2 49.8 -116.9 -304.6
1135 Empire -24.7 30.6 110.5 45.8 -120.9 -308.6
1136 Empire -23.3 32.2 112.3 41.8 -124.9 -312.6
1137 TakeFive -27.3 28.2 108.3 52.6 -111.8 -301.3
1143 DK -26.8 28.9 109.2 48.6 -115.8 -305.3
1144 VG -30.8 24.9 105.2 63.2 -102.5 -294.9
1146 iG -30.4 25.5 105.9 59.2 -106.5 -298.9
1147 LGD.cn -29.2 26.9 107.6 55.2 -110.5 -302.9
1149 Na'Vi -28.3 27.9 108.9 51.2 -114.5 -306.9
1151 Alliance -27.8 28.6 109.7 47.2 -118.5 -310.9
1155 Empire -26.7 30.1 111.4 43.2 -122.5 -314.9
1156 iG -25.6 31.7 113.3 39.2 -126.5 -318.9
1157 Na'Vi -24.8 32.6 114.3 35.2 -130.5 -322.9
1159 SAfrica -23.7 34.0 116.1 31.2 -134.5 -326.9
1165 Titan -27.7 30.0 112.1 41.7 -123.1 -316.8
1168 LGD.cn -25.9 31.8 114.1 37.7 -127.1 -320.8
1169 DK -25.5 32.4 114.9 33.7 -131.1 -324.8
1171 Empire -24.7 33.4 116.1 29.7 -135.1 -328.8
1172 Speed -28.7 29.4 112.1 48.6 -114.3 -308.7
1173 Empire -27.0 31.1 114.0 44.6 -118.3 -312.7
1174 Fnatic -25.7 32.4 115.4 40.6 -122.3 -316.7
1175 TongFu -25.0 33.3 116.6 36.6 -126.3 -320.7
1176 LGD.cn -29.0 29.3 112.6 48.3 -116.7 -312.5
1177 TongFu -27.5 30.7 114.2 44.3 -120.7 -316.5
1178 DK -27.1 31.2 114.9 40.3 -124.7 -320.5
1179 RStars -31.1 27.2 110.9 49.4 -116.1 -312.8
1181 Alliance -30.4 28.1 112.0 45.4 -120.1 -316.8
1183 Speed -29.0 29.4 113.5 41.4 -124.1 -320.8
1185 Liquid -33.0 25.4 109.5 62.0 -103.3 -301.5
1188 LGD.int -32.4 26.2 110.4 58.0 -107.3 -305.5
1189 EG -31.3 27.6 112.2 54.0 -111.3 -309.5
1190 TongFu -30.5 28.7 113.6 50.0 -115.3 -313.5
1191 DK -30.1 29.4 114.4 46.0 -119.3 -317.5
1192 Na'Vi -29.3 30.3 115.7 42.0 -123.3 -321.5
1194 Dignitas -27.8 31.8 117.4 38.0 -127.3 -325.5
1195 VG -27.3 32.5 118.2 34.0 -131.3 -329.5
1196 LGD.cn -26.8 33.2 119.1 30.0 -135.3 -333.5
1197 CSW -25.4 34.9 120.9 26.0 -139.3 -337.5
1200 Liquid -23.8 36.3 122.4 22.0 -143.3 -341.5
1202 SSD -22.5 37.8 124.2 18.0 -147.3 -345.5
1203 TongFu -22.1 38.4 124.9 14.0 -151.3 -349.5
1204 iG -21.4 39.3 125.9 10.0 -155.3 -353.5
1205 HR -25.4 35.3 121.9 22.4 -140.2 -340.1
1206 EG -23.9 36.4 123.1 18.4 -144.2 -344.1
1208 Imp -27.9 32.4 119.1 26.9 -134.7 -335.1
1210 Liquid -31.9 28.4 115.1 39.2 -122.2 -324.3
1215 iG -31.5 29.1 115.9 35.2 -126.2 -328.3
1216 LGD.cn -30.1 30.9 118.1 31.2 -130.2 -332.3
1217 Speed -34.1 26.9 114.1 41.2 -120.9 -324.0
1220 Empire -32.8 28.5 116.0 37.2 -124.9 -328.0
1221 iG -36.8 24.5 112.0 48.5 -116.0 -321.0
1222 LGD.cn -34.9 26.1 113.7 44.5 -120.0 -325.0
1223 DK -34.0 27.3 115.2 40.5 -124.0 -329.0
1230 Property -38.0 23.3 111.2 53.2 -113.6 -320.4
1232 Alliance -37.1 24.2 112.3 49.2 -117.6 -324.4
1235 TongFu -41.1 20.2 108.3 67.1 -103.6 -313.7
1237 FSid3 -45.1 16.2 104.3 77.5 -94.1 -305.3
1238 LGD.cn -44.5 17.1 105.5 73.5 -98.1 -309.3
1239 RStars -43.1 19.1 108.0 69.5 -102.1 -313.3
1240 Na'Vi -41.4 20.9 110.0 65.5 -106.1 -317.3
1243 Alliance -40.7 21.7 111.1 61.5 -110.1 -321.3
1245 Speed -39.7 23.0 112.7 57.5 -114.1 -325.3
1247 iG -39.3 23.6 113.5 53.5 -118.1 -329.3
1251 UR -37.8 25.5 115.6 49.5 -122.1 -333.3
1253 LGD.int -41.8 21.5 111.6 78.2 -101.7 -317.2
1256 RS -40.9 22.5 112.9 74.2 -105.7 -321.2
1257 mouz -44.9 18.5 108.9 86.0 -95.9 -312.8
1262 iG -43.8 19.9 110.5 82.0 -99.9 -316.8
1263 LGD.cn -43.1 20.8 111.6 78.0 -103.9 -320.8
1264 DK -42.4 21.6 112.6 74.0 -107.9 -324.8
1266 Alliance -41.7 22.4 113.6 70.0 -111.9 -328.8
1267 Na'Vi -40.3 24.0 115.4 66.0 -115.9 -332.8
1268 Mski -39.2 25.4 117.0 62.0 -119.9 -336.8
1269 Orange -38.2 26.4 118.3 58.0 -123.9 -340.8
1273 RS -42.2 22.4 114.3 70.7 -112.7 -330.7
1274 LGD.cn -40.7 23.9 115.9 66.7 -116.7 -334.7
1275 FXopen -39.0 25.9 118.0 62.7 -120.7 -338.7
1276 CSW -37.5 27.6 119.9 58.7 -124.7 -342.7
1278 Lowyat -41.5 23.6 115.9 70.9 -109.3 -328.7
1279 Titan -40.4 24.7 117.2 66.9 -113.3 -332.7
1283 Speed -39.2 25.9 118.4 62.9 -117.3 -336.7
1284 Alliance -38.4 26.7 119.4 58.9 -121.3 -340.7
1288 Alliance -36.6 28.6 121.3 54.9 -125.3 -344.7
1292 SSD -40.6 24.6 117.3 63.3 -115.9 -335.7
1293 TongFu -39.6 25.7 118.7 59.3 -119.9 -339.7
1294 VG -43.6 21.7 114.7 73.1 -106.7 -329.0
1296 mouz -41.9 23.5 116.7 69.1 -110.7 -333.0
1299 EG -40.8 24.7 118.0 65.1 -114.7 -337.0
1301 Hearts -39.5 26.3 119.8 61.1 -118.7 -341.0
1303 Sigma.int -38.6 27.5 121.3 57.1 -122.7 -345.0
1305 Empire -38.0 28.3 122.2 53.1 -126.7 -349.0
1306 FXopen -36.9 29.7 123.8 49.1 -130.7 -353.0
1307 LGD.int -36.0 30.7 125.0 45.1 -134.7 -357.0
1308 LGD.cn -35.3 31.5 126.0 41.1 -138.7 -361.0
1310 Sigma.int -34.6 32.3 127.0 37.1 -142.7 -365.0
1314 TongFu -34.2 32.9 127.7 33.1 -146.7 -369.0
1315 Empire -33.4 33.8 128.7 29.1 -150.7 -373.0
1316 VG -32.7 34.7 129.8 25.1 -154.7 -377.0
1317 Na'Vi -31.7 35.8 131.2 21.1 -158.7 -381.0
1318 QPandas -35.7 31.8 127.2 34.7 -145.2 -368.1
1319 Empire -33.6 33.4 128.8 30.7 -149.2 -372.1
1321 Fnatic.eu -32.9 34.1 129.4 26.7 -153.2 -376.1
1322 DK -32.5 34.6 130.1 22.7 -157.2 -380.1
1323 VG -31.7 35.6 131.4 18.7 -161.2 -384.1
1324 VG -35.7 31.6 127.4 32.9 -146.7 -371.9
1325 Kawai -39.7 27.6 123.4 45.0 -136.8 -362.6
1326 Dignitas -43.7 23.6 119.4 58.0 -124.8 -352.5
1327 Speed -43.1 24.3 120.3 54.0 -128.8 -356.5
1328 Dignitas -41.4 26.0 122.1 50.0 -132.8 -360.5
1329 Alliance -40.8 26.7 122.9 46.0 -136.8 -364.5
1331 Na'Vi -39.6 27.7 124.1 42.0 -140.8 -368.5
1332 Fnatic.eu -43.6 23.7 120.1 52.1 -129.1 -358.2
1333 Alliance -42.8 24.5 121.1 48.1 -133.1 -362.2
1334 iG -41.3 26.3 123.3 44.1 -137.1 -366.2
1335 LGD.int -40.1 27.7 124.9 40.1 -141.1 -370.2
1336 TongFu -39.1 28.6 125.9 36.1 -145.1 -374.2
1338 Liquid -37.7 30.1 127.6 32.1 -149.1 -378.2
1340 Fnatic.eu -36.8 31.1 128.8 28.1 -153.1 -382.2
1341 Alliance -36.3 31.7 129.5 24.1 -157.1 -386.2
1343 Fnatic.eu -40.3 27.7 125.5 32.1 -148.0 -377.7
1345 Sigma.int -39.1 29.2 127.3 28.1 -152.0 -381.7
1351 VG -38.7 29.9 128.1 24.1 -156.0 -385.7
1352 DK -38.1 30.5 128.9 20.1 -160.0 -389.7
1353 Alliance -36.4 32.2 130.8 16.1 -164.0 -393.7
1354 VP -40.4 28.2 126.8 29.0 -151.8 -382.8
1355 Alliance -39.2 29.5 128.4 25.0 -155.8 -386.8
1356 Alliance -37.9 30.7 129.7 21.0 -159.8 -390.8
1357 Na'Vi -36.8 31.7 130.8 17.0 -163.8 -394.8
1359 LGD.cn -36.5 32.2 131.4 13.0 -167.8 -398.8
1360 iG -36.1 32.7 132.0 9.0 -171.8 -402.8
1361 Dignitas -35.4 33.5 133.0 5.0 -175.8 -406.8
1362 Speed -35.0 34.0 133.7 1.0 -179.8 -410.8
1364 Na'Vi -33.2 35.9 135.7 -3.0 -183.8 -414.8
1365 Alliance -32.5 36.6 136.5 -7.0 -187.8 -418.8
1366 Alliance -32.1 37.1 137.1 -11.0 -191.8 -422.8
1367 Liquid -30.5 39.0 139.3 -15.0 -195.8 -426.8
1368 Fnatic.eu -29.3 40.2 140.6 -19.0 -199.8 -430.8
1369 Na'Vi -28.6 41.0 141.5 -23.0 -203.8 -434.8
1370 LGD.int -32.6 37.0 137.5 -13.8 -193.4 -425.3
1372 VP -36.6 33.0 133.5 4.1 -178.2 -412.6
1373 Liquid -35.3 34.3 135.0 0.1 -182.2 -416.6
1377 LGD.cn -33.8 35.9 136.8 -3.9 -186.2 -420.6
1379 Fnatic.eu -32.7 37.1 138.2 -7.9 -190.2 -424.6
1380 Liquid -31.6 38.3 139.6 -11.9 -194.2 -428.6
1381 Liquid -35.6 34.3 135.6 3.0 -180.2 -416.7
1382 Titan -34.8 35.3 136.9 -1.0 -184.2 -420.7
1383 LGD.cn -33.3 37.1 138.9 -5.0 -188.2 -424.7
1384 Empire -32.6 37.9 139.9 -9.0 -192.2 -428.7
1386 StayFree -36.6 33.9 135.9 1.4 -182.1 -419.7
1388 iG -36.1 34.6 136.7 -2.6 -186.1 -423.7
1389 RStars -35.4 35.6 138.1 -6.6 -190.1 -427.7
1390 Alliance -34.9 36.2 138.8 -10.6 -194.1 -431.7
1391 Fnatic.eu -33.7 37.5 140.4 -14.6 -198.1 -435.7
1396 rox.KIS -37.7 33.5 136.4 20.6 -170.4 -412.5
1399 EG -41.7 29.5 132.4 35.6 -154.6 -399.2
1401 Alliance -39.9 31.2 134.3 31.6 -158.6 -403.2
1404 VG -39.0 32.3 135.7 27.6 -162.6 -407.2
1405 Speed -38.2 33.4 137.1 23.6 -166.6 -411.2
1408 Liquid -36.5 35.3 139.2 19.6 -170.6 -415.2
1412 DK -36.1 36.0 140.1 15.6 -174.6 -419.2
1415 VP -40.1 32.0 136.1 27.5 -161.9 -408.0
1416 Liquid -38.3 33.8 138.0 23.5 -165.9 -412.0
1421 Na'Vi -36.8 35.4 139.9 19.5 -169.9 -416.0
1423 Alliance -36.3 36.0 140.6 15.5 -173.9 -420.0
1424 DK -36.0 36.4 141.2 11.5 -177.9 -424.0
1425 VG -35.3 37.2 142.2 7.5 -181.9 -428.0
1426 Speed -33.9 38.7 143.9 3.5 -185.9 -432.0
1429 Empire -32.7 39.9 145.3 -0.5 -189.9 -436.0
1430 Na'Vi -31.8 40.9 146.5 -4.5 -193.9 -440.0
1431 DK -31.4 41.4 147.1 -8.5 -197.9 -444.0
1438 Liquid -30.7 42.3 148.1 -12.5 -201.9 -448.0
1439 Empire -34.7 38.3 144.1 1.0 -187.3 -433.5
1442 LGD.int -34.3 38.9 144.8 -3.0 -191.3 -437.5
1443 TongFu -33.6 39.7 145.8 -7.0 -195.3 -441.5
1449 Titan -31.7 41.4 147.6 -11.0 -199.3 -445.5
1450 Na'Vi -30.8 42.5 148.9 -15.0 -203.3 -449.5
1451 Na'Vi -29.4 43.9 150.3 -19.0 -207.3 -453.5
1456 Liquid -27.9 45.7 152.3 -23.0 -211.3 -457.5
1458 Fnatic.eu -31.9 41.7 148.3 -10.2 -198.9 -446.2
1459 Na'Vi -30.2 43.2 150.0 -14.2 -202.9 -450.2
1460 Alliance -29.3 44.1 151.0 -18.2 -206.9 -454.2
1461 rox.KIS -33.3 40.1 147.0 -8.6 -198.1 -446.1
1462 rox.KIS -31.8 41.6 148.7 -12.6 -202.1 -450.1
1465 DK -30.3 43.1 150.3 -16.6 -206.1 -454.1
1466 4FC -34.3 39.1 146.3 -3.7 -193.3 -442.3
1468 Alliance -32.5 41.0 148.3 -7.7 -197.3 -446.3
1473 LGD.cn -31.9 41.8 149.3 -11.7 -201.3 -450.3
1475 TongFu3 -30.1 43.5 151.2 -15.7 -205.3 -454.3
1478 Alliance -28.9 44.8 152.6 -19.7 -209.3 -458.3
1479 Liquid -28.2 45.6 153.6 -23.7 -213.3 -462.3
1480 Na'Vi -26.5 47.1 155.2 -27.7 -217.3 -466.3
1482 Fnatic.eu -25.8 48.0 156.4 -31.7 -221.3 -470.3
1483 Sigma.int -29.8 44.0 152.4 -20.7 -208.9 -458.7
1489 Na'Vi -28.1 45.7 154.3 -24.7 -212.9 -462.7
1490 EG -27.3 46.7 155.4 -28.7 -216.9 -466.7
1492 Alliance -26.0 48.1 156.9 -32.7 -220.9 -470.7
1494 Na'Vi -25.4 48.8 157.7 -36.7 -224.9 -474.7
1495 DK -24.3 50.1 159.2 -40.7 -228.9 -478.7
1497 Speed -28.3 46.1 155.2 -27.1 -217.0 -467.8
1498 Fnatic.eu -32.3 42.1 151.2 -11.0 -201.5 -453.1
1499 DK -31.5 43.1 152.2 -15.0 -205.5 -457.1
1500 Speed -30.8 44.0 153.4 -19.0 -209.5 -461.1
1501 Liquid -34.8 40.0 149.4 -5.6 -196.4 -449.3
1506 Liquid -33.5 41.4 150.9 -9.6 -200.4 -453.3
1507 DK -31.8 43.1 152.6 -13.6 -204.4 -457.3
1508 Alliance -31.2 43.9 153.4 -17.6 -208.4 -461.3
1510 Na'Vi -29.7 45.5 155.2 -21.6 -212.4 -465.3
1511 Sigma.int -29.2 46.2 155.9 -25.6 -216.4 -469.3
1512 Alliance -28.3 47.2 157.1 -29.6 -220.4 -473.3
1513 DK -28.0 47.7 157.7 -33.6 -224.4 -477.3
1515 Speed -32.0 43.7 153.7 -22.6 -213.6 -467.5
1518 Speed -36.0 39.7 149.7 -12.9 -205.2 -459.9
1523 SSD -40.0 35.7 145.7 0.5 -191.9 -448.6
1524 Aspera -38.6 37.5 147.7 -3.5 -195.9 -452.6
1527 VP -37.5 38.9 149.3 -7.5 -199.9 -456.6
1528 TongFu -36.8 39.7 150.3 -11.5 -203.9 -460.6
1529 LGD.int -36.2 40.5 151.3 -15.5 -207.9 -464.6
1530 Empire -34.7 42.2 153.2 -19.5 -211.9 -468.6
1531 Aspera -33.3 43.7 154.9 -23.5 -215.9 -472.6
1533 OsG -37.3 39.7 150.9 -10.3 -203.4 -462.3
1537 FL -41.3 35.7 146.9 -0.5 -192.2 -452.7
1544 SSD -39.6 37.6 149.0 -4.5 -196.2 -456.7
1545 LGD.cn -38.1 39.4 151.2 -8.5 -200.2 -460.7
1546 iG -36.9 40.8 152.9 -12.5 -204.2 -464.7
1547 Fnatic.eu -40.9 36.8 148.9 -2.6 -194.0 -455.1
1548 Na'Vi -39.3 38.4 150.7 -6.6 -198.0 -459.1
1549 VG -38.7 39.3 151.9 -10.6 -202.0 -463.1
1550 DK -38.0 40.1 152.9 -14.6 -206.0 -467.1
1553 Fnatic.eu -42.0 36.1 148.9 -5.3 -197.2 -459.5
1554 Alliance -40.1 37.9 150.8 -9.3 -201.2 -463.5
1557 LGD.int -44.1 33.9 146.8 -0.6 -191.7 -455.0
1568 Next.kz -42.9 35.4 148.5 -4.6 -195.7 -459.0
1572 Fnatic.eu -41.5 36.7 149.9 -8.6 -199.7 -463.0
1574 DK -40.4 37.9 151.2 -12.6 -203.7 -467.0
1576 5inQ -38.9 39.8 153.5 -16.6 -207.7 -471.0
1578 VG -42.9 35.8 149.5 -7.4 -198.8 -462.7
1579 DK -41.8 37.3 151.2 -11.4 -202.8 -466.7
1580 Alliance -40.7 38.6 152.7 -15.4 -206.8 -470.7
1582 PR -39.3 39.9 154.1 -19.4 -210.8 -474.7
1583 Sigma.int -37.9 41.6 156.1 -23.4 -214.8 -478.7
1585 Fnatic.eu -37.0 42.6 157.3 -27.4 -218.8 -482.7
1586 Fnatic.eu -41.0 38.6 153.3 -17.8 -209.4 -473.4
1587 Idol -39.5 40.4 155.6 -21.8 -213.4 -477.4
1589 FD -38.5 41.5 156.9 -25.8 -217.4 -481.4
1590 Orange -37.7 42.5 158.2 -29.8 -221.4 -485.4
1593 FD -37.0 43.5 159.5 -33.8 -225.4 -489.4
1594 FD -41.0 39.5 155.5 -25.0 -215.4 -480.2
1597 Empire -39.2 41.3 157.3 -29.0 -219.4 -484.2
1598 Alliance -38.3 42.3 158.4 -33.0 -223.4 -488.2
1600 TR -42.3 38.3 154.4 -22.1 -215.0 -481.1
1602 VP -40.6 40.2 156.4 -26.1 -219.0 -485.1
1603 Fnatic.eu -39.1 41.7 157.9 -30.1 -223.0 -489.1
1604 Sigma.int -43.1 37.7 153.9 -19.7 -212.2 -479.0
1607 Idol -42.1 39.1 155.6 -23.7 -216.2 -483.0
1608 VP -46.1 35.1 151.6 -13.8 -207.3 -475.5
1611 Sigma.int -45.1 36.4 153.1 -17.8 -211.3 -479.5
1613 Fnatic.eu -43.7 37.8 154.7 -21.8 -215.3 -483.5
1614 Alliance -43.1 38.6 155.6 -25.8 -219.3 -487.5
1618 FD -41.5 40.3 157.7 -29.8 -223.3 -491.5
1620 VP -40.0 41.7 159.3 -33.8 -227.3 -495.5
1624 PR -38.4 43.5 161.3 -37.8 -231.3 -499.5
1625 Idol -42.4 39.5 157.3 -28.7 -222.5 -491.8
1626 FD -41.5 40.7 158.7 -32.7 -226.5 -495.8
1627 MVP -39.5 42.4 160.5 -36.7 -230.5 -499.8
1628 Alliance -38.8 43.1 161.4 -40.7 -234.5 -503.8
1629 Fnatic.eu -38.3 43.7 162.2 -44.7 -238.5 -507.8
1631 VG -37.8 44.4 163.2 -48.7 -242.5 -511.8
1634 Alliance -37.1 45.3 164.2 -52.7 -246.5 -515.8
1636 Sigma.int -36.4 46.1 165.3 -56.7 -250.5 -519.8
1637 Na'Vi -34.5 47.9 167.2 -60.7 -254.5 -523.8
1641 RRQ -38.5 43.9 163.2 -51.5 -244.5 -514.2
1648 Poseidon -42.5 39.9 159.2 -43.1 -236.1 -506.1
1651 rox.KIS -40.8 41.6 161.1 -47.1 -240.1 -510.1
1652 PR -39.7 42.9 162.6 -51.1 -244.1 -514.1
1653 mouz -38.1 44.5 164.4 -55.1 -248.1 -518.1
1654 MVP.P -37.1 45.9 166.0 -59.1 -252.1 -522.1
1656 HR -41.1 41.9 162.0 -50.1 -241.5 -512.3
1657 RRQ -40.4 42.8 163.1 -54.1 -245.5 -516.3
1660 Poseidon -44.4 38.8 159.1 -37.7 -230.9 -504.7
1662 Fnatic.eu -43.6 39.8 160.3 -41.7 -234.9 -508.7
1664 DK -42.9 40.6 161.3 -45.7 -238.9 -512.7
1665 LGD.cn -42.3 41.3 162.3 -49.7 -242.9 -516.7
1667 Fnatic.eu -40.8 42.7 163.9 -53.7 -246.9 -520.7
1668 Duskbin -40.0 44.0 165.5 -57.7 -250.9 -524.7
1674 Empire -38.8 45.3 166.9 -61.7 -254.9 -528.7
1676 TR -42.8 41.3 162.9 -47.5 -243.3 -518.9
1677 Na'Vi -41.6 42.5 164.4 -51.5 -247.3 -522.9
1678 Na'Vi -40.7 43.6 165.6 -55.5 -251.3 -526.9
1679 Speed -39.0 45.3 167.5 -59.5 -255.3 -530.9
1681 Mski -38.1 46.4 168.8 -63.5 -259.3 -534.9
1682 Lowyat -36.9 47.7 170.4 -67.5 -263.3 -538.9
1683 rox.KIS -35.6 49.3 172.3 -71.5 -267.3 -542.9
1684 Alliance -34.2 50.6 173.7 -75.5 -271.3 -546.9
1685 Alliance -33.7 51.2 174.4 -79.5 -275.3 -550.9
1686 Sigma.int -32.5 52.4 175.8 -83.5 -279.3 -554.9
1688 Fnatic.eu -31.1 53.8 177.3 -87.5 -283.3 -558.9
1689 iG -30.6 54.4 178.0 -91.5 -287.3 -562.9
1690 Mski -28.6 55.9 179.5 -95.5 -291.3 -566.9
1697 mouz -32.6 51.9 175.5 -78.6 -271.2 -546.8
1698 Alliance -31.1 53.2 176.9 -82.6 -275.2 -550.8
1699 OsG -35.1 49.2 172.9 -54.2 -248.9 -527.4
1701 TongFu -34.1 50.2 174.0 -58.2 -252.9 -531.4
1705 Next.kz -32.4 52.1 176.2 -62.2 -256.9 -535.4
1706 Sigma.int -31.5 52.9 177.1 -66.2 -260.9 -539.4
1707 mouz -30.3 54.0 178.3 -70.2 -264.9 -543.4
1708 HR -29.2 55.3 179.9 -74.2 -268.9 -547.4
1709 iG -27.8 56.9 181.9 -78.2 -272.9 -551.4
1709 iG -26.4 58.5 183.9 -82.2 -276.9 -555.4
1711 Next.kz -25.6 59.5 185.1 -86.2 -280.9 -559.4
1711 Next.kz -24.9 60.4 186.1 -90.2 -284.9 -563.4
1712 VP -23.2 62.1 187.9 -94.2 -288.9 -567.4
1712 VP -21.3 63.7 189.6 -98.2 -292.9 -571.4
1713 Alliance -19.7 65.3 191.3 -102.2 -296.9 -575.4
1713 Sigma.int -17.9 66.7 193.0 -106.2 -300.9 -579.4
1714 rox.KIS -17.2 67.6 194.0 -110.2 -304.9 -583.4
1714 rox.KIS -16.3 68.5 195.2 -114.2 -308.9 -587.4
1719 HR -14.5 70.0 196.8 -118.2 -312.9 -591.4
1719 HR -12.7 71.5 198.4 -122.2 -316.9 -595.4
1720 Mski -11.8 72.5 199.5 -126.2 -320.9 -599.4
1721 Lowyat -10.7 73.5 201.0 -130.2 -324.9 -603.4
1722 Mski -9.9 74.3 202.0 -134.2 -328.9 -607.4
1723 Mski -8.2 75.9 203.6 -138.2 -332.9 -611.4
1724 LGD.cn -6.6 77.6 205.5 -142.2 -336.9 -615.4
1725 VG -5.5 78.8 206.9 -146.2 -340.9 -619.4
1726 Lowyat -4.5 79.8 208.1 -150.2 -344.9 -623.4
1727 Mski -3.7 80.7 209.0 -154.2 -348.9 -627.4
1728 sQreen -7.7 76.7 205.0 -142.0 -336.4 -616.4
1730 rox.KIS -6.7 78.1 206.5 -146.0 -340.4 -620.4
1731 Empire -10.7 74.1 202.5 -133.8 -327.5 -609.1
1733 PR -14.7 70.1 198.5 -122.9 -317.0 -599.4
1735 Mski -13.9 70.9 199.5 -126.9 -321.0 -603.4
1736 Lowyat -17.9 66.9 195.5 -117.7 -312.0 -595.5
1742 Na'Vi -16.4 68.9 197.7 -121.7 -316.0 -599.5
1744 Sigma.int -15.4 70.2 199.2 -125.7 -320.0 -603.5
1745 Na'Vi -14.7 71.1 200.3 -129.7 -324.0 -607.5
1746 Alliance -14.0 71.9 201.4 -133.7 -328.0 -611.5
1750 Alliance -13.3 72.7 202.4 -137.7 -332.0 -615.5
1751 Na'Vi -12.4 73.7 203.6 -141.7 -336.0 -619.5
1753 Na'Vi -11.1 75.1 205.2 -145.7 -340.0 -623.5
1754 TR -15.1 71.1 201.2 -132.8 -328.6 -613.8
1755 SSD -14.0 72.5 202.9 -136.8 -332.6 -617.8
1758 DK -12.4 74.3 205.0 -140.8 -336.6 -621.8
1760 Duskbin -16.4 70.3 201.0 -131.3 -326.0 -611.9
1761 Mski -15.4 71.6 202.4 -135.3 -330.0 -615.9
1762 TR -19.4 67.6 198.4 -125.9 -321.7 -608.7
1763 rox.KIS -18.5 68.6 199.6 -129.9 -325.7 -612.7
1764 Na'Vi -17.4 69.7 200.9 -133.9 -329.7 -616.7
1768 QPandas -21.4 65.7 196.9 -123.5 -319.9 -608.2
1771 VG -20.5 66.9 198.5 -127.5 -323.9 -612.2
1774 Idol -19.5 68.4 200.4 -131.5 -327.9 -616.2
1776 Fnatic.eu -18.4 69.6 201.8 -135.5 -331.9 -620.2
1777 PR -16.9 71.2 203.6 -139.5 -335.9 -624.2
1779 Fnatic.eu -15.1 72.7 205.2 -143.5 -339.9 -628.2
1780 Titan -13.7 74.3 207.0 -147.5 -343.9 -632.2
1781 FD -12.0 76.2 209.1 -151.5 -347.9 -636.2
1783 Titan -11.0 77.2 210.4 -155.5 -351.9 -640.2
1784 LGD.cn -9.4 78.8 212.4 -159.5 -355.9 -644.2
1785 Fnatic.eu -8.3 80.0 213.7 -163.5 -359.9 -648.2
1786 Fnatic.eu -6.9 81.4 215.2 -167.5 -363.9 -652.2
1788 Sigma.int -6.3 82.1 216.1 -171.5 -367.9 -656.2
1790 Na'Vi -5.3 83.0 217.1 -175.5 -371.9 -660.2
1791 Revenge -9.3 79.0 213.1 -166.1 -360.4 -648.6
1793 Fnatic.eu -8.0 80.3 214.6 -170.1 -364.4 -652.6
1795 Empire -6.4 82.1 216.4 -174.1 -368.4 -656.6
1797 TR -10.4 78.1 212.4 -164.7 -358.6 -647.1
1800 Empire -8.8 79.7 214.2 -168.7 -362.6 -651.1
1801 Na'Vi -7.1 81.1 215.8 -172.7 -366.6 -655.1
1802 PR -11.1 77.1 211.8 -159.6 -350.7 -640.3
1803 Sigma.int -9.9 78.5 213.3 -163.6 -354.7 -644.3
1804 DK -9.5 79.1 214.0 -167.6 -358.7 -648.3
1805 VG -8.9 79.8 214.9 -171.6 -362.7 -652.3
1806 DT -7.2 81.4 216.7 -175.6 -366.7 -656.3
1807 LGD.cn -6.7 82.0 217.5 -179.6 -370.7 -660.3
1808 iG -6.3 82.6 218.3 -183.6 -374.7 -664.3
1809 Titan -5.1 83.7 219.6 -187.6 -378.7 -668.3
1811 TongFu -4.2 84.6 220.7 -191.6 -382.7 -672.3
1814 LGD.cn -3.7 85.3 221.6 -195.6 -386.7 -676.3
1815 iG -2.8 86.7 223.3 -199.6 -390.7 -680.3
1817 Mski -1.6 87.9 224.7 -203.6 -394.7 -684.3
1820 Empire -0.7 88.8 225.8 -207.6 -398.7 -688.3
1821 QPandas -4.7 84.8 221.8 -196.8 -387.7 -678.7
1822 Fnatic.eu -4.2 85.4 222.5 -200.8 -391.7 -682.7
1823 SSD -2.5 87.0 224.2 -204.8 -395.7 -686.7
1825 DK -0.9 88.8 226.3 -208.8 -399.7 -690.7
1826 Titan 0.1 89.8 227.4 -212.8 -403.7 -694.7
1827 MVP.P 1.0 91.0 228.8 -216.8 -407.7 -698.7
1828 TongFu -3.0 87.0 224.8 -202.4 -396.5 -688.9
1829 Sigma.int -1.7 88.7 226.8 -206.4 -400.5 -692.9
1833 Fnatic.eu -0.2 90.1 228.2 -210.4 -404.5 -696.9
1836 DK 1.2 91.7 230.0 -214.4 -408.5 -700.9
1837 Titan 2.8 93.2 231.7 -218.4 -412.5 -704.9
1839 Sigma.int -1.2 89.2 227.7 -209.6 -404.0 -697.0
1840 PR -5.2 85.2 223.7 -197.4 -392.7 -686.5
1842 DK -3.9 86.8 225.5 -201.4 -396.7 -690.5
1845 DK -2.0 89.0 226.7 -205.4 -400.7 -694.5
1846 DK -1.1 90.1 227.3 -209.4 -404.7 -698.5
1847 DK -0.3 91.2 228.6 -213.4 -408.7 -702.5
1850 rox.KIS 1.0 92.8 229.4 -217.4 -412.7 -706.5
1851 Alliance 1.7 93.7 230.0 -221.4 -416.7 -710.5
1852 SSD 3.4 95.3 231.7 -225.4 -420.7 -714.5
1853 Alliance 4.4 96.1 232.6 -229.4 -424.7 -718.5
1857 iG 5.1 97.0 233.7 -233.4 -428.7 -722.5
1860 Fnatic.eu 5.7 97.8 234.6 -237.4 -432.7 -726.5
1861 Sigma.int 6.7 99.0 236.1 -241.4 -436.7 -730.5
1862 Next.kz 2.7 95.0 232.1 -230.5 -426.1 -720.7
1863 Fnatic.eu 3.9 96.3 233.1 -234.5 -430.1 -724.7
1865 TongFu 4.7 97.3 234.3 -238.5 -434.1 -728.7
1866 Sigma.int 6.6 99.6 235.9 -242.5 -438.1 -732.7
1867 Fnatic.eu 7.5 100.6 236.6 -246.5 -442.1 -736.7
1868 Na'Vi 8.2 101.4 237.1 -250.5 -446.1 -740.7
1870 FSid3 4.2 97.4 233.1 -240.8 -434.6 -729.4
1871 Relax 5.9 99.2 235.3 -244.8 -438.6 -733.4
1874 Revenge 7.3 100.8 236.3 -248.8 -442.6 -737.4
1875 iG 8.9 102.5 238.2 -252.8 -446.6 -741.4
1877 FD 10.5 104.2 239.5 -256.8 -450.6 -745.4
1878 Invasion 6.5 100.2 235.5 -245.2 -440.2 -731.5
1879 Orange 7.3 101.1 236.5 -249.2 -444.2 -735.5
1885 Mski 8.5 102.2 237.7 -253.2 -448.2 -739.5
1886 Invasion 9.8 103.6 238.7 -257.2 -452.2 -743.5
1887 Lowyat 11.1 105.0 240.1 -261.2 -456.2 -747.5
1889 Fnatic.eu 7.1 101.0 236.1 -244.0 -443.1 -735.7
1893 Mski 8.3 102.4 236.8 -248.0 -447.1 -739.7
1894 Spirit 4.3 98.4 232.8 -235.5 -435.6 -723.4
1898 Titan 5.6 100.1 233.6 -239.5 -439.6 -727.4
1903 Titan 7.6 102.5 234.9 -243.5 -443.6 -731.4
1906 5inQ 8.7 104.2 236.9 -247.5 -447.6 -735.4
1910 FD 10.6 106.4 238.4 -251.5 -451.6 -739.4
1911 Titan 11.7 107.7 239.4 -255.5 -455.6 -743.4
1913 rox.KIS 13.1 109.3 240.7 -259.5 -459.6 -747.4
1914 rox.KIS 14.9 111.1 242.7 -263.5 -463.6 -751.4
1916 rox.KIS 16.2 112.5 244.2 -267.5 -467.6 -755.4
1917 Orange 18.2 114.1 245.9 -271.5 -471.6 -759.4
1923 VP 19.7 115.8 247.7 -275.5 -475.6 -763.4
1925 PR 21.4 117.4 249.1 -279.5 -479.6 -767.4
1927 Titan 23.0 119.2 250.3 -283.5 -483.6 -771.4
1928 Zephyr 24.0 120.7 252.1 -287.5 -487.6 -775.4
1929 MVP 25.3 122.2 253.9 -291.5 -491.6 -779.4
1934 Sigma.int 21.3 118.2 249.9 -280.5 -480.2 -768.8
1935 EOT.Ham. 17.3 114.2 245.9 -265.0 -470.2 -760.7
1936 Alliance 19.1 116.2 247.6 -269.0 -474.2 -764.7
1939 Na'Vi 20.8 118.1 249.0 -273.0 -478.2 -768.7
1944 VP 22.7 120.2 250.5 -277.0 -482.2 -772.7
1945 rox.KIS 23.8 121.5 251.3 -281.0 -486.2 -776.7
1948 Empire 24.8 122.6 252.7 -285.0 -490.2 -780.7
1949 EOT.Ham. 20.8 118.6 248.7 -274.1 -480.9 -772.7
1951 Empire 22.0 120.1 249.5 -278.1 -484.9 -776.7
1953 Fnatic.eu 23.0 121.3 250.5 -282.1 -488.9 -780.7
1954 Empire 23.9 122.3 251.7 -286.1 -492.9 -784.7
1956 rox.KIS 25.5 123.7 253.2 -290.1 -496.9 -788.7
1960 Empire 27.2 125.5 255.4 -294.1 -500.9 -792.7
1961 Fnatic.eu 28.0 126.4 256.0 -298.1 -504.9 -796.7
1963 Life 24.0 122.4 252.0 -288.7 -495.3 -789.8
1964 Fnatic.eu 25.1 123.8 252.8 -292.7 -499.3 -793.8
1965 Relax 26.8 125.8 254.4 -296.7 -503.3 -797.8
1967 Liquid 28.2 126.9 255.7 -300.7 -507.3 -801.8
1971 Relax 24.2 122.9 251.7 -286.0 -494.5 -791.0
1972 PR 20.2 118.9 247.7 -276.0 -486.0 -775.5
1973 Sigma.int 21.4 120.5 248.5 -280.0 -490.0 -779.5
1975 Fnatic.eu 22.1 121.3 248.9 -284.0 -494.0 -783.5
1981 Liquid 23.0 122.5 250.4 -288.0 -498.0 -787.5
1982 Speed 24.0 123.7 251.3 -292.0 -502.0 -791.5
1984 Empire 24.9 124.7 252.1 -296.0 -506.0 -795.5
1985 SADBOYS 20.9 120.7 248.1 -286.2 -497.3 -785.2
1992 Speed 21.8 121.8 249.5 -290.2 -501.3 -789.2
1995 SADBOYS 23.3 123.8 252.0 -294.2 -505.3 -793.2
2001 Speed 24.2 125.1 253.5 -298.2 -509.3 -797.2
2009 Fnatic.eu 25.7 126.8 254.8 -302.2 -513.3 -801.2
2010 Na'Vi 27.2 128.4 256.4 -306.2 -517.3 -805.2
2014 Speed 28.4 129.7 257.3 -310.2 -521.3 -809.2
2015 Speed 29.2 130.6 258.5 -314.2 -525.3 -813.2
2016 Revenge 31.1 132.6 260.6 -318.2 -529.3 -817.2
2018 Fnatic.eu 27.1 128.6 256.6 -309.3 -519.8 -808.4
2019 Na'Vi 28.5 130.0 258.2 -313.3 -523.8 -812.4
2020 PR 30.3 131.9 260.2 -317.3 -527.8 -816.4
2022 Liquid 31.2 132.9 260.8 -321.3 -531.8 -820.4
2023 SADBOYS 31.9 133.8 261.9 -325.3 -535.8 -824.4
2024 SADBOYS 33.3 135.3 262.6 -329.3 -539.8 -828.4
2029 Empire 34.4 136.6 263.3 -333.3 -543.8 -832.4
2032 Liquid 35.3 137.6 264.4 -337.3 -547.8 -836.4
2034 Denial 31.3 133.6 260.4 -327.0 -537.9 -826.0
2035 SADBOYS 32.3 134.7 261.0 -331.0 -541.9 -830.0
2047 Empire 34.0 136.7 262.3 -335.0 -545.9 -834.0
2048 Arrow 35.7 138.8 263.3 -339.0 -549.9 -838.0
2052 Nullis 31.7 134.8 259.3 -331.2 -542.8 -829.1
2053 SADBOYS 32.5 135.9 259.7 -335.2 -546.8 -833.1
2054 Empire 33.5 137.2 261.3 -339.2 -550.8 -837.1
2055 Na'Vi 34.5 138.4 262.0 -343.2 -554.8 -841.1
2056 bvd.dotA 36.0 140.1 264.1 -347.2 -558.8 -845.1
2058 Cloud9 36.9 141.4 264.5 -351.2 -562.8 -849.1
2059 Empire 37.8 142.4 265.6 -355.2 -566.8 -853.1
2061 rox.KIS 33.8 138.4 261.6 -339.6 -552.1 -840.0
2064 Cloud9 34.8 139.6 263.1 -343.6 -556.1 -844.0
2066 Alliance 36.0 140.8 264.4 -347.6 -560.1 -848.0
2067 Na'Vi 36.8 141.7 265.4 -351.6 -564.1 -852.0
2068 Fnatic.eu 37.8 142.8 266.3 -355.6 -568.1 -856.0
2074 vhoul 33.8 138.8 262.3 -345.2 -558.4 -849.1
2076 Courage 29.8 134.8 258.3 -332.4 -547.6 -827.0
2079 Empire 31.4 136.7 260.4 -336.4 -551.6 -831.0
2080 rox.KIS 27.4 132.7 256.4 -320.1 -535.7 -817.7
2082 rox.KIS 28.4 133.9 257.7 -324.1 -539.7 -821.7
2083 PR 29.3 134.9 258.8 -328.1 -543.7 -825.7
2087 Liquid 30.6 136.3 259.7 -332.1 -547.7 -829.7
2089 SADBOYS 31.5 137.4 261.2 -336.1 -551.7 -833.7
2093 rox.KIS 33.3 139.3 262.4 -340.1 -555.7 -837.7
2095 Titan 34.7 141.0 263.0 -344.1 -559.7 -841.7
2097 rox.KIS 36.1 142.6 263.8 -348.1 -563.7 -845.7
2098 Zephyr 37.2 143.7 265.2 -352.1 -567.7 -849.7
2100 PR 38.6 145.2 266.4 -356.1 -571.7 -853.7
2102 MYM 40.2 146.9 268.3 -360.1 -575.7 -857.7
2113 TCN 41.8 148.9 269.4 -364.1 -579.7 -861.7
2119 Empire 42.5 149.8 269.9 -368.1 -583.7 -865.7
2121 Relax 43.6 151.1 271.0 -372.1 -587.7 -869.7
2123 rox.KIS 44.5 152.2 271.7 -376.1 -591.7 -873.7
2128 Alliance 46.1 153.9 273.3 -380.1 -595.7 -877.7
2131 Titan 46.8 154.8 274.4 -384.1 -599.7 -881.7
2132 Fnatic.eu 48.5 156.5 276.0 -388.1 -603.7 -885.7
2133 Next.kz 44.5 152.5 272.0 -371.8 -588.9 -865.6
2136 Swage 46.2 154.4 273.8 -375.8 -592.9 -869.6
2137 Revenge 47.9 156.2 275.0 -379.8 -596.9 -873.6
2138 Liquid 48.9 157.3 275.7 -383.8 -600.9 -877.6
2139 eHug 50.6 159.1 277.2 -387.8 -604.9 -881.6
2141 WWD 52.1 160.6 279.0 -391.8 -608.9 -885.6
2143 MiTH 53.6 162.1 280.3 -395.8 -612.9 -889.6
2146 Fnatic.eu 55.5 164.2 282.0 -399.8 -616.9 -893.6
2147 Na'Vi 56.6 165.4 283.3 -403.8 -620.9 -897.6
2148 PR 52.6 161.4 279.3 -391.8 -611.1 -889.4
2149 Sigma.int 54.2 163.1 281.2 -395.8 -615.1 -893.4
2152 Relax 50.2 159.1 277.2 -385.6 -605.4 -883.7
2156 Cloud9 51.2 160.3 277.9 -389.6 -609.4 -887.7
2158 Denial 47.2 156.3 273.9 -379.8 -600.1 -875.7
2159 SADBOYS 47.9 157.2 275.0 -383.8 -604.1 -879.7
2160 Dog 49.3 159.0 277.0 -387.8 -608.1 -883.7
2162 Orange 50.2 160.1 278.2 -391.8 -612.1 -887.7
2165 TR 46.2 156.1 274.2 -377.7 -599.5 -868.2
2170 ZR 42.2 152.1 270.2 -368.6 -589.8 -859.3
2171 Relax 44.0 153.9 272.0 -372.6 -593.8 -863.3
2172 Na'Vi 45.1 155.2 272.8 -376.6 -597.8 -867.3
2175 Liquid 46.0 156.2 274.1 -380.6 -601.8 -871.3
2177 Dog 47.4 158.0 276.5 -384.6 -605.8 -875.3
2178 VP 48.7 159.4 277.7 -388.6 -609.8 -879.3
2181 MiT 44.7 155.4 273.7 -376.0 -597.5 -868.1
2185 Scythe 46.0 157.1 274.2 -380.0 -601.5 -872.1
2187 Titan 46.6 157.9 275.2 -384.0 -605.5 -876.1
2188 Everlast 42.6 153.9 271.2 -368.4 -593.0 -865.4
2190 VP 43.8 155.0 272.4 -372.4 -597.0 -869.4
2193 Na'Vi 45.7 156.7 274.1 -376.4 -601.0 -873.4
2197 Empire 46.5 157.7 275.4 -380.4 -605.0 -877.4
2200 Alliance 47.8 158.9 276.9 -384.4 -609.0 -881.4
2204 Osiris 43.8 154.9 272.9 -375.1 -599.4 -872.4
2210 Titan 44.5 155.8 274.0 -379.1 -603.4 -876.4
2213 Arrow 45.2 156.7 275.3 -383.1 -607.4 -880.4
2214 Orange 46.0 157.7 275.8 -387.1 -611.4 -884.4
2215 ADN 42.0 153.7 271.8 -378.0 -601.7 -877.6
2216 Alliance 43.5 155.4 273.5 -382.0 -605.7 -881.6
2218 VP 39.5 151.4 269.5 -372.5 -597.5 -873.9
2226 Empire 35.5 147.4 265.5 -362.6 -587.6 -867.5
2228 Titan 36.2 148.2 265.9 -366.6 -591.6 -871.5
2229 Scythe 37.7 149.9 266.7 -370.6 -595.6 -875.5
2231 Arrow 39.7 152.3 268.4 -374.6 -599.6 -879.5
2237 Execration 41.3 153.9 270.1 -378.6 -603.6 -883.5
2238 FD 42.8 155.6 271.6 -382.6 -607.6 -887.5
2239 Orange 38.8 151.6 267.6 -370.5 -598.5 -879.7
2241 hehe 34.8 147.6 263.6 -353.2 -583.5 -853.1
2242 PR 30.8 143.6 259.6 -343.0 -574.1 -839.6
2244 EG 32.4 145.6 260.5 -347.0 -578.1 -843.6
2249 Titan 33.5 146.8 261.9 -351.0 -582.1 -847.6
2251 Zephyr 34.8 148.2 263.6 -355.0 -586.1 -851.6
2260 FL 36.3 149.9 264.6 -359.0 -590.1 -855.6
2261 CIS 32.3 145.9 260.6 -339.8 -576.3 -845.4
2269 Na'Vi 34.1 147.8 262.3 -343.8 -580.3 -849.4
2271 Titan 35.9 149.7 264.1 -347.8 -584.3 -853.4
2273 VG 36.6 150.6 265.3 -351.8 -588.3 -857.4
2274 LGD.cn 38.5 152.9 266.6 -355.8 -592.3 -861.4
2275 Orange 39.2 153.6 267.3 -359.8 -596.3 -865.4
2277 FD 40.5 155.1 268.2 -363.8 -600.3 -869.4
2278 MiTH 41.6 156.2 269.6 -367.8 -604.3 -873.4
2279 DUZA 43.1 157.8 270.9 -371.8 -608.3 -877.4
2280 DK 43.7 158.5 271.8 -375.8 -612.3 -881.4
2282 iG 44.4 159.4 272.3 -379.8 -616.3 -885.4
2283 Fnatic.eu 46.1 161.3 274.2 -383.8 -620.3 -889.4
2284 Zephyr 47.4 162.7 275.5 -387.8 -624.3 -893.4
2285 Na'Vi 48.5 163.8 276.7 -391.8 -628.3 -897.4
2288 EG 44.5 159.8 272.7 -382.3 -618.6 -889.6
2289 DT.NGC 40.5 155.8 268.7 -371.8 -607.1 -883.7
2290 Orange 36.5 151.8 264.7 -362.6 -598.7 -875.9
2292 Na'Vi 38.0 153.2 266.2 -366.6 -602.7 -879.9
2293 Alliance 39.1 154.5 267.1 -370.6 -606.7 -883.9
2295 Arrow 40.1 155.7 268.4 -374.6 -610.7 -887.9
