0 0 0.0 0.0 0.0 0.0 0.0 0.0
18 Na'Vi 0.8 1.1 1.5 -4.0 -4.0 -4.0
19 Empire 2.3 3.0 3.4 -8.0 -8.0 -8.0
23 mouz 3.1 3.9 4.6 -12.0 -12.0 -12.0
26 Empire -0.9 -0.1 0.6 -1.6 -3.5 -4.2
29 GU.pe -4.9 -4.1 -3.4 10.5 6.4 5.3
31 Liquid -3.2 -2.2 -1.3 6.5 2.4 1.3
32 Alliance -2.5 -1.1 -0.1 2.5 -1.6 -2.7
40 Fnatic.eu -1.1 0.9 1.9 -1.5 -5.6 -6.7
41 Empire 0.0 2.2 3.6 -5.5 -9.6 -10.7
43 mouz 1.6 4.1 5.5 -9.5 -13.6 -14.7
44 Quantic 3.0 6.0 7.6 -13.5 -17.6 -18.7
48 VP 4.4 7.6 9.7 -17.5 -21.6 -22.7
49 Liquid 5.2 8.8 11.1 -21.5 -25.6 -26.7
50 3DMAX 1.2 4.8 7.1 3.7 -8.1 -11.7
51 Liquid -2.8 0.8 3.1 14.8 1.5 -4.1
53 VP -6.8 -3.2 -0.9 25.4 10.2 4.0
57 Dignitas -5.1 -1.0 1.5 21.4 6.2 0.0
58 Na'Vi -3.8 0.6 3.2 17.4 2.2 -4.0
59 VP -7.8 -3.4 -0.8 28.8 11.1 4.3
60 Na'Vi -6.8 -2.2 0.6 24.8 7.1 0.3
71 Liquid -5.4 -0.6 2.5 20.8 3.1 -3.7
73 Zenith -4.6 0.4 3.6 16.8 -0.9 -7.7
75 Fnatic.eu -3.3 1.9 5.4 12.8 -4.9 -11.7
82 Orange -7.3 -2.1 1.4 20.5 2.7 -4.5
89 Liquid -5.8 -0.4 3.2 16.5 -1.3 -8.5
93 Na'Vi -4.2 1.4 5.2 12.5 -5.3 -12.5
95 Na'Vi -2.5 3.3 7.3 8.5 -9.3 -16.5
98 Fnatic.eu -6.5 -0.7 3.3 22.1 1.1 -6.5
104 PtD.Alpha -4.8 1.2 5.3 18.1 -2.9 -10.5
108 ASF.R5 -3.4 2.9 7.0 14.1 -6.9 -14.5
110 Empire -2.0 4.5 8.6 10.1 -10.9 -18.5
112 eN.Legs -1.1 6.0 10.1 6.1 -14.9 -22.5
113 Fnatic.eu 0.5 7.7 12.4 2.1 -18.9 -26.5
117 VP 1.8 9.2 14.1 -1.9 -22.9 -30.5
118 mouz -2.2 5.2 10.1 11.5 -11.1 -21.1
119 Fnatic.eu -0.9 6.9 12.0 7.5 -15.1 -25.1
121 eN.Legs 0.6 8.7 14.3 3.5 -19.1 -29.1
123 eLPride 1.8 10.2 16.0 -0.5 -23.1 -33.1
124 VP 2.8 11.5 17.5 -4.5 -27.1 -37.1
128 ASF.R5 -1.2 7.5 13.5 5.4 -18.5 -29.7
130 Alliance -5.2 3.5 9.5 15.1 -10.4 -22.0
135 Fnatic.eu -3.9 5.0 11.2 11.1 -14.4 -26.0
136 Alliance -3.0 6.1 12.5 7.1 -18.4 -30.0
138 TCM -7.0 2.1 8.5 19.7 -7.1 -20.4
143 Na'Vi -5.9 3.5 10.1 15.7 -11.1 -24.4
151 EG -9.9 -0.5 6.1 25.2 -2.8 -16.4
153 Liquid -13.9 -4.5 2.1 32.0 4.7 -8.8
162 rox.KIS -12.0 -2.6 4.1 28.0 0.7 -12.8
164 Dignitas -10.8 -1.1 5.8 24.0 -3.3 -16.8
165 eN.Legs -9.0 0.8 8.1 20.0 -7.3 -20.8
166 Fnatic.eu -7.0 2.9 10.4 16.0 -11.3 -24.8
167 LGD.int -6.1 3.9 11.7 12.0 -15.3 -28.8
171 LGD.int -5.2 4.9 12.9 8.0 -19.3 -32.8
172 Liquid -3.6 6.5 14.6 4.0 -23.3 -36.8
175 Na'Vi -2.6 7.7 16.2 -3.5527136788e-15 -27.3 -40.8
177 QPandas -6.6 3.7 12.2 13.3 -16.2 -31.4
179 Liquid -10.6 -0.3 8.2 23.1 -7.4 -23.3
180 Empire -14.6 -4.3 4.2 35.4 2.2 -15.0
181 iCCup -18.6 -8.3 0.2 51.0 13.5 -5.1
185 LGD.int -17.3 -6.8 1.9 47.0 9.5 -9.1
186 Alliance -15.6 -4.9 3.9 43.0 5.5 -13.1
194 Alliance -13.9 -3.0 5.9 39.0 1.5 -17.1
196 Orange -17.9 -7.0 1.9 48.2 10.1 -9.0
198 iG -16.6 -5.4 3.8 44.2 6.1 -13.0
206 LGD.cn -14.8 -3.6 5.7 40.2 2.1 -17.0
207 Alliance -13.0 -1.6 8.0 36.2 -1.9 -21.0
208 iG -12.0 -0.3 9.6 32.2 -5.9 -25.0
209 Liquid -10.4 1.6 11.8 28.2 -9.9 -29.0
213 DK -14.4 -2.4 7.8 37.1 -1.0 -20.5
219 Dignitas -12.7 -0.6 9.8 33.1 -5.0 -24.5
220 Fnatic.eu -11.0 1.2 11.8 29.1 -9.0 -28.5
221 Alliance -9.4 3.0 13.8 25.1 -13.0 -32.5
224 mouz -13.4 -1.0 9.8 34.4 -3.9 -24.3
226 Alliance -12.6 0.1 11.2 30.4 -7.9 -28.3
227 Kaipi -16.6 -3.9 7.2 39.5 0.3 -21.2
229 Liquid -20.6 -7.9 3.2 49.7 9.1 -13.3
231 Na'Vi -19.1 -6.3 5.0 45.7 5.1 -17.3
233 mouz -17.5 -4.6 6.9 41.7 1.1 -21.3
234 rox.KIS -16.0 -2.9 8.7 37.7 -2.9 -25.3
235 aL -14.9 -1.6 10.2 33.7 -6.9 -29.3
236 mouz -18.9 -5.6 6.2 49.4 5.5 -19.2
237 Na'Vi -17.2 -3.8 8.1 45.4 1.5 -23.2
239 Na'Vi -15.8 -2.2 9.9 41.4 -2.5 -27.2
240 Na'Vi -14.9 -1.1 11.2 37.4 -6.5 -31.2
242 EG -18.9 -5.1 7.2 45.8 1.6 -23.5
246 Na'Vi -17.9 -4.1 8.5 41.8 -2.4 -27.5
248 Liquid -16.3 -2.4 10.3 37.8 -6.4 -31.5
251 Alliance -14.8 -0.7 12.1 33.8 -10.4 -35.5
253 Liquid -18.8 -4.7 8.1 50.5 3.4 -24.1
255 Na'Vi -17.1 -2.8 10.3 46.5 -0.6 -28.1
256 Alliance -15.5 -0.9 12.3 42.5 -4.6 -32.1
258 Alliance -14.0 0.8 14.2 38.5 -8.6 -36.1
260 Alliance -12.4 2.6 16.1 34.5 -12.6 -40.1
268 Na'Vi -11.4 3.8 17.6 30.5 -16.6 -44.1
270 Liquid -9.9 5.5 19.5 26.5 -20.6 -48.1
271 Na'Vi -8.8 6.9 21.1 22.5 -24.6 -52.1
273 mouz -7.4 8.3 22.7 18.5 -28.6 -56.1
274 Liquid -6.0 10.0 24.6 14.5 -32.6 -60.1
275 EG -10.0 6.0 20.6 33.8 -15.7 -45.9
276 Alliance -9.0 7.2 21.9 29.8 -19.7 -49.9
277 Na'Vi -7.3 9.2 24.3 25.8 -23.7 -53.9
279 Dignitas -5.9 10.9 26.3 21.8 -27.7 -57.9
280 Zenith -4.8 12.2 27.9 17.8 -31.7 -61.9
282 Alliance -3.9 13.3 29.3 13.8 -35.7 -65.9
283 VG -7.9 9.3 25.3 28.9 -23.1 -55.8
286 Dignitas -6.4 10.9 27.0 24.9 -27.1 -59.8
291 Alliance -5.0 12.5 28.9 20.9 -31.1 -63.8
292 rox.KIS -9.0 8.5 24.9 29.3 -23.7 -57.0
293 aL -13.0 4.5 20.9 43.2 -10.9 -46.0
294 Alliance -12.0 5.7 22.4 39.2 -14.9 -50.0
297 rox.KIS -10.5 7.5 24.4 35.2 -18.9 -54.0
298 Zenith -8.6 9.5 26.6 31.2 -22.9 -58.0
299 rox.KIS -6.6 11.6 28.8 27.2 -26.9 -62.0
300 mouz -5.4 13.0 30.5 23.2 -30.9 -66.0
301 EG -4.3 14.4 32.1 19.2 -34.9 -70.0
302 EG -2.4 16.6 34.6 15.2 -38.9 -74.0
304 VG -1.6 17.5 35.8 11.2 -42.9 -78.0
305 mouz 0.4 19.7 38.2 7.2 -46.9 -82.0
306 LGD.cn 1.2 20.6 39.3 3.2 -50.9 -86.0
310 iG 2.1 21.8 40.9 -0.8 -54.9 -90.0
314 VP 3.5 23.4 42.7 -4.8 -58.9 -94.0
315 Liquid 5.2 25.2 44.6 -8.8 -62.9 -98.0
316 LGD.cn 5.8 26.0 45.7 -12.8 -66.9 -102.0
317 FD 1.8 22.0 41.7 -3.5527136788e-15 -56.9 -93.5
319 Na'Vi 2.9 23.2 43.1 -4.0 -60.9 -97.5
321 mouz 3.8 24.2 44.4 -8.0 -64.9 -101.5
322 RS 5.3 26.0 46.5 -12.0 -68.9 -105.5
324 QPandas 1.3 22.0 42.5 1.5 -57.4 -95.9
326 PR -2.7 18.0 38.5 11.6 -48.0 -87.3
327 rox.KIS -6.7 14.0 34.5 21.6 -39.3 -79.4
330 TongFu -10.7 10.0 30.5 41.2 -23.6 -68.2
331 EG -14.7 6.0 26.5 49.9 -15.4 -60.6
333 VG -13.3 7.7 28.5 45.9 -19.4 -64.6
334 VP -11.9 9.5 30.6 41.9 -23.4 -68.6
337 TongFu -11.0 10.7 32.2 37.9 -27.4 -72.6
338 Na'Vi -10.1 11.8 33.6 33.9 -31.4 -76.6
340 mouz -9.3 12.7 34.7 29.9 -35.4 -80.6
344 LGD.cn -13.3 8.7 30.7 40.5 -25.6 -71.9
345 LGD.cn -11.5 10.5 32.6 36.5 -29.6 -75.9
346 Alliance -10.4 11.7 34.0 32.5 -33.6 -79.9
348 Na'Vi -9.0 13.4 35.8 28.5 -37.6 -83.9
352 LGD.cn -7.9 14.7 37.3 24.5 -41.6 -87.9
353 iG -6.2 16.6 39.4 20.5 -45.6 -91.9
355 DK -10.2 12.6 35.4 29.4 -35.9 -82.8
356 Liquid -14.2 8.6 31.4 43.5 -24.0 -73.0
357 LGD.cn -12.5 10.4 33.3 39.5 -28.0 -77.0
358 Alliance -10.5 12.5 35.5 35.5 -32.0 -81.0
360 mouz -8.7 14.4 37.7 31.5 -36.0 -85.0
362 LGD.cn -7.3 15.7 39.2 27.5 -40.0 -89.0
363 Alliance -5.2 17.8 41.3 23.5 -44.0 -93.0
364 Zenith -4.1 19.1 42.8 19.5 -48.0 -97.0
365 rox.KIS -8.1 15.1 38.8 27.8 -40.7 -90.7
366 Dignitas -12.1 11.1 34.8 36.5 -31.8 -82.6
368 mouz -10.7 12.7 36.7 32.5 -35.8 -86.6
369 iCCup -14.7 8.7 32.7 43.4 -25.4 -77.0
372 Quantic -18.7 4.7 28.7 51.9 -17.5 -70.2
373 Na'Vi -17.9 5.6 29.7 47.9 -21.5 -74.2
375 VG -16.2 7.6 31.8 43.9 -25.5 -78.2
376 LGD.cn -15.4 8.6 33.0 39.9 -29.5 -82.2
377 LGD.cn -14.2 9.7 34.3 35.9 -33.5 -86.2
378 VP -12.7 11.3 36.1 31.9 -37.5 -90.2
379 Na'Vi -11.8 12.4 37.4 27.9 -41.5 -94.2
383 RS -15.8 8.4 33.4 37.2 -32.3 -85.5
384 Alliance -14.8 9.7 35.0 33.2 -36.3 -89.5
387 LGD.cn -13.6 11.1 36.6 29.2 -40.3 -93.5
388 Dignitas -12.6 12.3 38.4 25.2 -44.3 -97.5
389 iG -11.7 13.3 39.7 21.2 -48.3 -101.5
390 Na'Vi -10.3 14.9 41.5 17.2 -52.3 -105.5
392 Alliance -9.2 16.2 43.0 13.2 -56.3 -109.5
393 Kaipi -13.2 12.2 39.0 22.4 -46.4 -101.0
396 Liquid -12.6 12.9 40.0 18.4 -50.4 -105.0
398 Alliance -11.9 13.7 41.0 14.4 -54.4 -109.0
399 VP -15.9 9.7 37.0 22.8 -46.4 -101.3
403 RStars -19.9 5.7 33.0 34.2 -35.8 -92.3
404 MiTH -18.2 7.6 35.1 30.2 -39.8 -96.3
408 TM -16.5 9.5 37.3 26.2 -43.8 -100.3
409 Orange -15.4 10.9 39.0 22.2 -47.8 -104.3
410 Alliance -14.7 11.8 40.1 18.2 -51.8 -108.3
412 mouz -12.8 13.9 42.4 14.2 -55.8 -112.3
414 Alliance -11.9 15.0 43.8 10.2 -59.8 -116.3
416 4FC -15.9 11.0 39.8 28.7 -43.3 -102.4
417 mouz -19.9 7.0 35.8 42.6 -31.4 -92.4
418 VP -18.1 8.8 37.9 38.6 -35.4 -96.4
421 Na'Vi -16.6 10.4 39.7 34.6 -39.4 -100.4
424 Kaipi -20.6 6.4 35.7 45.4 -28.6 -90.6
425 mouz -18.7 8.5 38.0 41.4 -32.6 -94.6
427 rox.KIS -17.4 9.9 39.6 37.4 -36.6 -98.6
428 Kaipi -15.8 11.9 42.0 33.4 -40.6 -102.6
430 rox.KIS -14.6 13.2 43.4 29.4 -44.6 -106.6
431 Quantic -13.6 14.5 45.0 25.4 -48.6 -110.6
432 Kaipi -12.0 15.9 46.6 21.4 -52.6 -114.6
433 DK -10.8 17.3 48.3 17.4 -56.6 -118.6
437 Quantic -9.8 18.3 49.6 13.4 -60.6 -122.6
438 Na'Vi -7.8 20.2 51.6 9.4 -64.6 -126.6
439 Artyk -6.9 21.2 53.1 5.4 -68.6 -130.6
441 Na'Vi -6.0 22.2 54.3 1.4 -72.6 -134.6
442 Kaipi -3.9 24.1 56.3 -2.6 -76.6 -138.6
443 Kaipi -7.9 20.1 52.3 10.1 -63.2 -126.7
444 Artyk -11.9 16.1 48.3 21.0 -53.0 -117.4
445 TM -10.8 17.5 49.9 17.0 -57.0 -121.4
446 Orange -9.9 18.5 51.1 13.0 -61.0 -125.4
447 DK -8.7 19.8 52.7 9.0 -65.0 -129.4
448 VP -12.7 15.8 48.7 20.1 -55.3 -121.0
449 VP -11.2 17.7 50.9 16.1 -59.3 -125.0
451 Kaipi -10.3 18.7 52.1 12.1 -63.3 -129.0
452 EG -8.7 20.5 54.1 8.1 -67.3 -133.0
453 Fnatic.eu -12.7 16.5 50.1 21.2 -56.1 -124.0
457 Alliance -10.9 18.5 52.2 17.2 -60.1 -128.0
459 Alliance -9.3 20.3 54.2 13.2 -64.1 -132.0
461 Alliance -8.5 21.2 55.4 9.2 -68.1 -136.0
464 Fnatic.eu -7.0 22.7 57.0 5.2 -72.1 -140.0
465 Alliance -5.6 24.1 58.6 1.2 -76.1 -144.0
466 iCCup -3.7 26.1 60.9 -2.8 -80.1 -148.0
467 Na'Vi -1.9 28.2 63.2 -6.8 -84.1 -152.0
468 Quantic -0.4 29.7 64.9 -10.8 -88.1 -156.0
469 Alliance 1.2 31.3 66.7 -14.8 -92.1 -160.0
471 4FC -2.8 27.3 62.7 -1.6 -79.4 -149.1
475 Na'Vi -1.8 28.3 63.9 -5.6 -83.4 -153.1
476 Na'Vi -0.3 29.9 65.7 -9.6 -87.4 -157.1
479 4FC 0.8 31.1 67.2 -13.6 -91.4 -161.1
480 Orange 1.8 32.3 68.7 -17.6 -95.4 -165.1
481 TM 3.1 34.0 70.7 -21.6 -99.4 -169.1
482 Smeagol 4.9 36.3 73.1 -25.6 -103.4 -173.1
483 paiN 0.9 32.3 69.1 -17.0 -94.9 -166.0
484 Empire -3.1 28.3 65.1 -0.3 -79.7 -154.1
486 Na'Vi -1.9 29.5 66.4 -4.3 -83.7 -158.1
488 Fnatic.eu -5.9 25.5 62.4 13.4 -68.9 -146.5
489 LGD.int -4.3 27.1 64.3 9.4 -72.9 -150.5
491 TM -3.0 28.8 66.2 5.4 -76.9 -154.5
492 iCCup -1.7 30.4 68.0 1.4 -80.9 -158.5
493 iCCup -0.7 31.6 69.4 -2.6 -84.9 -162.5
494 zRage -4.7 27.6 65.4 17.9 -66.7 -146.8
495 Artyk -3.5 29.2 67.4 13.9 -70.7 -150.8
498 mouz -2.3 30.5 69.0 9.9 -74.7 -154.8
499 Liquid -1.1 31.9 70.4 5.9 -78.7 -158.8
502 VP -0.4 32.7 71.4 1.9 -82.7 -162.8
503 Dignitas 0.4 33.7 72.7 -2.1 -86.7 -166.8
504 VP 2.1 35.5 74.8 -6.1 -90.7 -170.8
505 Na'Vi 2.6 36.1 75.6 -10.1 -94.7 -174.8
506 EG 3.4 37.0 76.8 -14.1 -98.7 -178.8
507 Na'Vi 4.3 38.0 78.1 -18.1 -102.7 -182.8
508 Na'Vi 4.8 38.6 78.8 -22.1 -106.7 -186.8
512 Quantic 0.8 34.6 74.8 -4.4 -91.5 -172.9
513 EG -3.2 30.6 70.8 8.9 -80.1 -162.7
514 Dignitas -7.2 26.6 66.8 30.8 -61.5 -146.7
515 Alliance -5.7 28.5 69.0 26.8 -65.5 -150.7
517 Alliance -4.2 30.3 71.1 22.8 -69.5 -154.7
520 Quantic -3.1 31.6 72.7 18.8 -73.5 -158.7
521 LGD.int -7.1 27.6 68.7 28.7 -65.2 -151.3
522 Na'Vi -5.9 29.0 70.3 24.7 -69.2 -155.3
523 Na'Vi -4.2 30.8 72.3 20.7 -73.2 -159.3
524 Na'Vi -2.9 32.2 73.9 16.7 -77.2 -163.3
525 LGD.cn -1.0 34.2 76.2 12.7 -81.2 -167.3
527 Na'Vi 2.22044604925e-15 35.3 77.6 8.7 -85.2 -171.3
528 Liquid 0.9 36.4 78.9 4.7 -89.2 -175.3
529 EG 1.6 37.2 79.8 0.7 -93.2 -179.3
531 Na'Vi 2.5 38.2 81.0 -3.3 -97.2 -183.3
532 Empire 3.5 39.2 82.2 -7.3 -101.2 -187.3
533 rox.KIS 4.6 40.2 83.2 -11.3 -105.2 -191.3
536 Liquid 5.3 41.0 84.2 -15.3 -109.2 -195.3
537 Liquid 5.9 41.7 85.1 -19.3 -113.2 -199.3
538 Alliance 6.7 42.5 86.1 -23.3 -117.2 -203.3
541 VP 7.7 43.8 87.5 -27.3 -121.2 -207.3
542 Alliance 9.2 45.4 89.3 -31.3 -125.2 -211.3
544 EG 5.2 41.4 85.3 -21.1 -115.5 -202.2
545 Alliance 6.7 43.3 87.5 -25.1 -119.5 -206.2
547 iG 8.6 45.1 89.4 -29.1 -123.5 -210.2
549 Fnatic.eu 4.6 41.1 85.4 -16.6 -112.5 -200.9
550 Kaipi 0.6 37.1 81.4 -6.4 -102.0 -191.2
551 Kaipi -3.4 33.1 77.4 3.7 -91.1 -180.5
553 TongFu -7.4 29.1 73.4 19.5 -76.2 -167.7
557 Liquid -11.4 25.1 69.4 30.0 -67.2 -159.6
558 rox.KIS -9.7 26.9 71.4 26.0 -71.2 -163.6
562 TongFu -8.0 28.7 73.3 22.0 -75.2 -167.6
573 VP -12.0 24.7 69.3 34.4 -65.0 -158.9
574 Fnatic.eu -16.0 20.7 65.3 46.3 -54.6 -150.1
576 iCCup -20.0 16.7 61.3 58.7 -44.7 -141.6
580 VP -19.0 17.9 62.7 54.7 -48.7 -145.6
585 VP -17.5 19.7 64.6 50.7 -52.7 -149.6
587 Alliance -16.1 21.0 66.0 46.7 -56.7 -153.6
588 Zenith -20.1 17.0 62.0 54.1 -49.1 -146.7
589 Alliance -18.1 19.1 64.4 50.1 -53.1 -150.7
590 Na'Vi -16.2 20.9 66.3 46.1 -57.1 -154.7
592 Fnatic.eu -14.4 22.9 68.4 42.1 -61.1 -158.7
595 Alliance -12.8 24.6 70.3 38.1 -65.1 -162.7
597 Alliance -11.0 26.5 72.3 34.1 -69.1 -166.7
598 LGD.cn -9.5 28.2 74.2 30.1 -73.1 -170.7
600 mouz -13.5 24.2 70.2 42.5 -61.3 -160.2
602 Alliance -11.9 26.0 72.1 38.5 -65.3 -164.2
604 Orange -10.8 27.2 73.6 34.5 -69.3 -168.2
605 LGD.int -9.0 28.9 75.5 30.5 -73.3 -172.2
607 Kaipi -13.0 24.9 71.5 39.4 -64.7 -164.6
608 Alliance -11.7 26.4 73.2 35.4 -68.7 -168.6
615 Orange -10.4 27.8 74.8 31.4 -72.7 -172.6
616 TongFu -8.6 30.0 77.4 27.4 -76.7 -176.6
617 VP -7.2 31.6 79.2 23.4 -80.7 -180.6
618 Alliance -6.0 33.0 80.8 19.4 -84.7 -184.6
621 iCCup -10.0 29.0 76.8 33.0 -71.6 -174.1
623 Alliance -8.4 30.8 78.8 29.0 -75.6 -178.1
624 Liquid -6.9 32.5 80.7 25.0 -79.6 -182.1
626 iCCup -10.9 28.5 76.7 35.8 -70.1 -173.9
627 EG -9.1 30.2 78.6 31.8 -74.1 -177.9
628 EG -8.2 31.2 79.8 27.8 -78.1 -181.9
630 iG -6.2 33.3 82.1 23.8 -82.1 -185.9
631 Alliance -5.3 34.5 83.6 19.8 -86.1 -189.9
632 mouz -3.8 36.2 85.5 15.8 -90.1 -193.9
635 Dignitas -2.4 37.7 87.3 11.8 -94.1 -197.9
636 EG -1.7 38.6 88.4 7.8 -98.1 -201.9
642 Alliance -0.7 39.8 89.9 3.8 -102.1 -205.9
644 rox.KIS -4.7 35.8 85.9 14.6 -92.0 -197.1
645 VP -8.7 31.8 81.9 23.1 -83.7 -189.6
648 VP -7.0 33.9 84.3 19.1 -87.7 -193.6
651 Denial -11.0 29.9 80.3 37.1 -72.3 -181.6
653 VG -15.0 25.9 76.3 52.1 -59.2 -170.8
656 Na'Vi -13.9 27.1 77.8 48.1 -63.2 -174.8
657 mouz -12.3 29.0 79.9 44.1 -67.2 -178.8
658 mouz -16.3 25.0 75.9 55.6 -57.1 -169.0
659 Na'Vi -14.7 26.6 77.6 51.6 -61.1 -173.0
660 RS -18.7 22.6 73.6 64.1 -49.8 -163.4
662 DK -17.0 24.5 75.8 60.1 -53.8 -167.4
664 RStars -21.0 20.5 71.8 76.2 -40.4 -156.2
667 DK -19.2 22.4 74.0 72.2 -44.4 -160.2
668 mouz -18.4 23.4 75.3 68.2 -48.4 -164.2
670 EG -17.4 24.5 76.7 64.2 -52.4 -168.2
671 Fnatic.eu -16.5 25.5 77.9 60.2 -56.4 -172.2
672 Orange -14.9 27.2 79.8 56.2 -60.4 -176.2
674 mouz -14.2 28.1 80.9 52.2 -64.4 -180.2
676 LGD.cn -12.4 30.0 83.1 48.2 -68.4 -184.2
677 mouz -10.4 32.0 85.1 44.2 -72.4 -188.2
678 Kaipi -14.4 28.0 81.1 62.9 -55.9 -174.6
679 Fnatic.eu -18.4 24.0 77.1 72.6 -47.3 -166.8
686 VP -16.6 25.9 79.2 68.6 -51.3 -170.8
688 VP -14.6 28.0 81.6 64.6 -55.3 -174.8
692 Na'Vi -13.0 29.6 83.4 60.6 -59.3 -178.8
693 Alliance -11.4 31.3 85.3 56.6 -63.3 -182.8
695 Alliance -9.4 33.5 87.7 52.6 -67.3 -186.8
696 Fnatic.eu -7.8 35.1 89.5 48.6 -71.3 -190.8
697 Kaipi -6.2 36.7 91.3 44.6 -75.3 -194.8
699 Alliance -5.1 38.0 92.8 40.6 -79.3 -198.8
700 Orange -3.7 39.4 94.5 36.6 -83.3 -202.8
702 Na'Vi -2.8 40.4 95.7 32.6 -87.3 -206.8
703 mouz -1.9 41.4 97.0 28.6 -91.3 -210.8
707 Orange 0.0 43.3 99.1 24.6 -95.3 -214.8
708 iCCup -4.0 39.3 95.1 34.5 -86.4 -206.8
712 Na'Vi -3.1 40.4 96.4 30.5 -90.4 -210.8
713 MiTH -1.4 42.3 98.6 26.5 -94.4 -214.8
715 mouz 0.1 44.0 100.5 22.5 -98.4 -218.8
718 Dreamz 1.2 45.2 102.0 18.5 -102.4 -222.8
719 Mski 3.3 47.0 103.9 14.5 -106.4 -226.8
720 MiTH 5.1 48.8 105.9 10.5 -110.4 -230.8
721 Mski 1.1 44.8 101.9 19.9 -100.3 -221.6
722 iCCup 3.0 46.8 104.2 15.9 -104.3 -225.6
723 Kaipi 3.9 47.8 105.4 11.9 -108.3 -229.6
725 Romania 5.6 49.8 107.7 7.9 -112.3 -233.6
727 Fnatic.eu 1.6 45.8 103.7 24.7 -97.8 -222.1
729 DK 2.6 47.3 105.5 20.7 -101.8 -226.1
730 LGD.cn 3.4 48.3 106.6 16.7 -105.8 -230.1
731 iG 5.0 50.2 108.7 12.7 -109.8 -234.1
732 Alliance 6.1 51.5 110.3 8.7 -113.8 -238.1
741 TongFu 7.6 53.3 112.8 4.7 -117.8 -242.1
745 Dignitas 3.6 49.3 108.8 26.2 -103.3 -230.4
746 DK 4.3 50.2 109.8 22.2 -107.3 -234.4
748 Na'Vi 5.5 51.5 111.4 18.2 -111.3 -238.4
749 Liquid 1.5 47.5 107.4 30.7 -101.3 -228.5
751 Alliance 2.3 48.6 108.8 26.7 -105.3 -232.5
754 Na'Vi 3.0 49.4 109.7 22.7 -109.3 -236.5
757 Alliance 4.6 50.9 111.2 18.7 -113.3 -240.5
758 iG 6.1 52.7 113.0 14.7 -117.3 -244.5
759 Orange 7.7 54.5 115.0 10.7 -121.3 -248.5
761 Fnatic.eu 8.4 55.3 115.9 6.7 -125.3 -252.5
762 Na'Vi 10.5 57.3 118.1 2.7 -129.3 -256.5
766 Alliance 11.4 58.3 119.2 -1.3 -133.3 -260.5
767 LGD.int 7.4 54.3 115.2 14.7 -119.4 -248.6
769 mouz 8.3 55.3 116.4 10.7 -123.4 -252.6
770 LGD.cn 9.9 57.0 118.2 6.7 -127.4 -256.6
771 Na'Vi 11.1 58.3 119.6 2.7 -131.4 -260.6
773 Alliance 11.8 59.1 120.5 -1.3 -135.4 -264.6
776 Orange 13.1 60.5 122.1 -5.3 -139.4 -268.6
778 DK 14.5 62.3 124.1 -9.3 -143.4 -272.6
779 Zenith 15.4 63.3 125.3 -13.3 -147.4 -276.6
781 Alliance 16.3 64.3 126.4 -17.3 -151.4 -280.6
783 TongFu 17.2 65.2 127.4 -21.3 -155.4 -284.6
786 Na'Vi 18.2 66.3 128.7 -25.3 -159.4 -288.6
791 Orange 19.9 68.2 130.7 -29.3 -163.4 -292.6
793 Alliance 21.1 69.5 132.3 -33.3 -167.4 -296.6
795 Liquid 22.0 70.5 133.5 -37.3 -171.4 -300.6
796 Zenith 23.9 72.5 135.8 -41.3 -175.4 -304.6
797 Liquid 19.9 68.5 131.8 -27.5 -164.0 -295.0
798 iG 21.8 70.5 134.0 -31.5 -168.0 -299.0
799 Alliance 22.9 71.7 135.5 -35.5 -172.0 -303.0
800 Na'Vi 24.3 73.1 137.0 -39.5 -176.0 -307.0
803 Orange 20.3 69.1 133.0 -27.6 -166.4 -298.8
807 Na'Vi 21.9 70.8 134.9 -31.6 -170.4 -302.8
811 RStars 23.1 72.3 136.7 -35.6 -174.4 -306.8
812 Empire 24.1 73.5 138.3 -39.6 -178.4 -310.8
813 Empire 25.0 74.4 139.5 -43.6 -182.4 -314.8
814 Kaipi 26.5 76.2 141.6 -47.6 -186.4 -318.8
815 TTD 27.8 77.6 143.3 -51.6 -190.4 -322.8
816 Kaipi 29.1 79.0 144.8 -55.6 -194.4 -326.8
817 Lounge 31.1 81.0 147.1 -59.6 -198.4 -330.8
818 FD 32.3 82.2 148.6 -63.6 -202.4 -334.8
820 4FC 33.0 83.0 149.6 -67.6 -206.4 -338.8
821 4++ 29.0 79.0 145.6 -53.3 -191.2 -326.9
822 MiTH 30.0 80.3 147.1 -57.3 -195.2 -330.9
823 GL.eu 31.4 81.9 149.0 -61.3 -199.2 -334.9
825 WARDGS 33.1 83.6 151.0 -65.3 -203.2 -338.9
826 EVOPLAY 34.8 85.1 152.9 -69.3 -207.2 -342.9
828 EVOPLAY 36.7 87.0 155.0 -73.3 -211.2 -346.9
829 TLP 32.7 83.0 151.0 -59.4 -199.3 -337.5
830 DUZA 28.7 79.0 147.0 -51.7 -191.7 -330.1
831 Awake 30.6 80.9 149.0 -55.7 -195.7 -334.1
832 CDCD 26.6 76.9 145.0 -32.5 -177.3 -318.3
833 Menace 22.6 72.9 141.0 -19.6 -166.2 -309.3
836 Poseidon 24.4 75.0 143.4 -23.6 -170.2 -313.3
838 Kaipi 26.0 76.8 145.7 -27.6 -174.2 -317.3
841 VP 27.0 77.9 147.1 -31.6 -178.2 -321.3
842 Menace 23.0 73.9 143.1 -22.2 -169.2 -312.6
843 Empire 24.9 75.6 144.9 -26.2 -173.2 -316.6
844 Kaipi 26.2 76.9 146.5 -30.2 -177.2 -320.6
845 DUZA 22.2 72.9 142.5 -21.1 -168.7 -313.0
851 VP 23.2 74.1 144.0 -25.1 -172.7 -317.0
856 Empire 24.7 75.6 145.7 -29.1 -176.7 -321.0
857 Next.kz 26.5 77.4 147.6 -33.1 -180.7 -325.0
858 FSid3 28.4 79.4 150.0 -37.1 -184.7 -329.0
859 FSid3 24.4 75.4 146.0 -27.3 -174.0 -319.2
860 Bambang 20.4 71.4 142.0 -19.7 -165.8 -311.8
861 Aspera 22.7 73.4 144.1 -23.7 -169.8 -315.8
862 rox.KIS 24.2 74.7 145.6 -27.7 -173.8 -319.8
864 Poseidon 25.3 76.0 147.1 -31.7 -177.8 -323.8
865 Mski 26.3 77.1 148.5 -35.7 -181.8 -327.8
866 Poseidon 27.2 78.0 149.6 -39.7 -185.8 -331.8
867 Dreamz 28.3 79.3 151.2 -43.7 -189.8 -335.8
871 Next.kz 29.4 80.5 152.6 -47.7 -193.8 -339.8
872 Aspera 25.4 76.5 148.6 -39.0 -185.8 -332.5
873 PR 21.4 72.5 144.6 -18.3 -168.2 -317.9
877 Mski 22.4 73.9 146.3 -22.3 -172.2 -321.9
878 Lowyat 18.4 69.9 142.3 -8.6 -160.8 -312.4
880 Empire 14.4 65.9 138.3 0.3 -152.1 -304.5
881 Quantic 10.4 61.9 134.3 8.9 -144.5 -297.8
883 Kaipi 11.6 63.3 135.9 4.9 -148.5 -301.8
885 Aspera 13.3 65.0 137.8 0.9 -152.5 -305.8
886 Fnatic.eu 14.7 66.5 139.6 -3.1 -156.5 -309.8
888 Mski 16.6 68.5 141.9 -7.1 -160.5 -313.8
889 Next.kz 17.9 69.8 143.4 -11.1 -164.5 -317.8
891 Menace 19.8 71.6 145.4 -15.1 -168.5 -321.8
893 Menace 15.8 67.6 141.4 -4.9 -158.4 -312.9
896 Life 11.8 63.6 137.4 3.3 -149.4 -304.0
897 Kaipi 13.4 65.5 139.6 -0.7 -153.4 -308.0
898 Mski 15.0 67.2 141.5 -4.7 -157.4 -312.0
899 Menace 16.3 68.4 142.9 -8.7 -161.4 -316.0
901 Fnatic.eu 17.7 69.7 144.4 -12.7 -165.4 -320.0
903 Kaipi 18.9 71.0 145.9 -16.7 -169.4 -324.0
905 Dignitas 19.7 71.9 147.0 -20.7 -173.4 -328.0
906 Dignitas 20.6 72.9 148.2 -24.7 -177.4 -332.0
908 iG 21.3 73.7 149.2 -28.7 -181.4 -336.0
909 VG 22.8 75.6 151.5 -32.7 -185.4 -340.0
911 4FC 18.8 71.6 147.5 -19.4 -171.8 -328.6
915 Fnatic.eu 19.6 72.6 148.7 -23.4 -175.8 -332.6
916 Property 15.6 68.6 144.7 -10.7 -165.2 -323.3
917 Menace 11.6 64.6 140.7 0.2 -154.3 -313.8
919 LGD.cn 12.9 66.1 142.4 -3.8 -158.3 -317.8
920 TongFu 13.5 66.8 143.3 -7.8 -162.3 -321.8
921 Alliance 14.5 67.8 144.6 -11.8 -166.3 -325.8
923 DUZA 16.3 69.6 146.7 -15.8 -170.3 -329.8
925 Empire 17.6 70.9 148.2 -19.8 -174.3 -333.8
926 Empire 19.0 72.5 149.9 -23.8 -178.3 -337.8
927 iG 20.5 73.9 151.4 -27.8 -182.3 -341.8
931 Alliance 21.4 74.8 152.4 -31.8 -186.3 -345.8
937 OguraYui 17.4 70.8 148.4 -20.7 -173.7 -335.0
938 Mski 19.2 72.3 150.1 -24.7 -177.7 -339.0
941 Alliance 20.1 73.3 151.2 -28.7 -181.7 -343.0
944 Imp 16.1 69.3 147.2 -17.5 -170.9 -333.1
949 VP 17.4 70.6 148.7 -21.5 -174.9 -337.1
950 Kaipi 18.4 71.8 150.2 -25.5 -178.9 -341.1
951 Mski 19.4 72.9 151.5 -29.5 -182.9 -345.1
953 Kaipi 21.1 75.0 154.0 -33.5 -186.9 -349.1
954 Cascade 17.1 71.0 150.0 -20.1 -175.3 -339.1
956 Alliance 17.6 71.5 150.7 -24.1 -179.3 -343.1
957 Na'Vi 18.4 72.2 151.6 -28.1 -183.3 -347.1
958 PR 14.4 68.2 147.6 -3.4 -159.3 -326.3
959 Kaipi 15.2 69.2 148.7 -7.4 -163.3 -330.3
960 Kaipi 15.9 70.1 149.9 -11.4 -167.3 -334.3
963 Na'Vi 17.3 71.5 151.5 -15.4 -171.3 -338.3
964 Alliance 18.5 72.8 153.0 -19.4 -175.3 -342.3
967 mouz 19.9 74.3 154.7 -23.4 -179.3 -346.3
972 Aspera 15.9 70.3 150.7 -1.5 -160.3 -330.4
975 Dignitas 16.7 71.3 152.0 -5.5 -164.3 -334.4
976 StayFree 18.1 73.0 154.0 -9.5 -168.3 -338.4
977 Na'Vi 19.6 74.7 156.0 -13.5 -172.3 -342.4
978 rox.KIS 15.6 70.7 152.0 -6.4 -163.8 -334.6
981 PR 17.6 72.7 154.2 -10.4 -167.8 -338.6
982 Fnatic.eu 18.4 73.5 155.2 -14.4 -171.8 -342.6
983 Fnatic.eu 20.2 75.2 157.0 -18.4 -175.8 -346.6
985 Inv.kwnku 22.0 77.3 159.4 -22.4 -179.8 -350.6
986 Na'Vi 23.0 78.5 160.8 -26.4 -183.8 -354.6
987 Fnatic.eu 24.6 80.3 162.8 -30.4 -187.8 -358.6
988 4FC 20.6 76.3 158.8 -20.8 -177.7 -349.6
990 Kaipi 21.4 77.2 159.9 -24.8 -181.7 -353.6
991 Empire 17.4 73.2 155.9 -13.9 -172.3 -345.7
992 PBS 13.4 69.2 151.9 -3.6 -164.0 -337.9
993 SFEC 9.4 65.2 147.9 5.1 -155.8 -330.6
995 Inv.kwnku 11.1 67.3 150.5 1.1 -159.8 -334.6
997 PR 7.1 63.3 146.5 18.7 -145.0 -322.9
1000 Inv.kwnku 8.8 65.2 148.6 14.7 -149.0 -326.9
1001 FD 10.5 67.2 151.1 10.7 -153.0 -330.9
1002 Empire 12.0 69.0 153.3 6.7 -157.0 -334.9
1004 EG 13.6 70.7 155.2 2.7 -161.0 -338.9
1005 Dignitas 9.6 66.7 151.2 14.8 -151.1 -330.5
1008 Menace 5.6 62.7 147.2 26.9 -138.8 -319.6
1009 Kaipi 6.5 63.6 148.3 22.9 -142.8 -323.6
1012 DK 7.8 65.1 150.1 18.9 -146.8 -327.6
1017 Na'Vi 8.6 66.0 151.1 14.9 -150.8 -331.6
1018 Alliance 9.4 66.9 152.3 10.9 -154.8 -335.6
1020 Na'Vi 11.1 68.6 154.2 6.9 -158.8 -339.6
1021 Na'Vi 12.3 69.8 155.6 2.9 -162.8 -343.6
1022 LGD.cn 13.4 71.1 157.0 -1.1 -166.8 -347.6
1023 VG 15.4 73.3 159.2 -5.1 -170.8 -351.6
1024 LGD.cn 17.7 75.3 161.2 -9.1 -174.8 -355.6
1025 Dignitas 18.5 76.2 162.4 -13.1 -178.8 -359.6
1028 4FC 14.5 72.2 158.4 -2.6 -167.3 -349.6
1030 Na'Vi 15.3 73.1 159.4 -6.6 -171.3 -353.6
1032 Na'Vi 16.2 74.2 160.7 -10.6 -175.3 -357.6
1034 Alliance 16.9 75.0 161.7 -14.6 -179.3 -361.6
1035 Alliance 17.6 75.7 162.5 -18.6 -183.3 -365.6
1037 VP 13.6 71.7 158.5 -6.6 -174.1 -357.7
1039 Ahead.kz 9.6 67.7 154.5 14.7 -152.3 -339.8
1040 PBS 11.0 69.7 156.8 10.7 -156.3 -343.8
1041 Alliance 12.0 71.0 158.3 6.7 -160.3 -347.8
1042 Empire 13.5 72.7 160.2 2.7 -164.3 -351.8
1045 iG 14.4 74.1 161.9 -1.3 -168.3 -355.8
1046 Liquid 15.5 75.3 163.3 -5.3 -172.3 -359.8
1047 EG 11.5 71.3 159.3 3.6 -164.3 -353.3
1048 MiTH 13.1 73.0 161.3 -0.4 -168.3 -357.3
1049 Dreamz 15.0 75.2 163.8 -4.4 -172.3 -361.3
1050 Alliance 15.8 76.1 164.9 -8.4 -176.3 -365.3
1051 iG 16.6 77.1 166.1 -12.4 -180.3 -369.3
1052 DK 18.2 79.0 168.2 -16.4 -184.3 -373.3
1055 Alliance 18.8 79.7 169.1 -20.4 -188.3 -377.3
1059 TongFu 20.6 81.2 170.7 -24.4 -192.3 -381.3
1061 RS.int 22.1 83.0 172.8 -28.4 -196.3 -385.3
1062 MiTH 23.8 84.7 174.7 -32.4 -200.3 -389.3
1063 Alliance 24.5 85.5 175.6 -36.4 -204.3 -393.3
1064 Alliance 25.3 86.4 176.6 -40.4 -208.3 -397.3
1065 SSD 26.3 87.9 178.3 -44.4 -212.3 -401.3
1067 Hearts 27.8 89.5 180.1 -48.4 -216.3 -405.3
1068 rox.KIS 29.7 91.5 182.4 -52.4 -220.3 -409.3
1070 Quantic 25.7 87.5 178.4 -42.1 -211.0 -400.9
1071 Quantic 27.5 89.1 180.2 -46.1 -215.0 -404.9
1073 Titan 29.0 90.6 181.8 -50.1 -219.0 -408.9
1077 StayFree 30.1 92.1 183.6 -54.1 -223.0 -412.9
1081 Na'Vi 30.8 92.9 184.6 -58.1 -227.0 -416.9
1082 Fnatic.eu 31.6 93.8 185.6 -62.1 -231.0 -420.9
1083 Titan 32.4 94.7 186.8 -66.1 -235.0 -424.9
1085 FD 33.2 95.8 188.2 -70.1 -239.0 -428.9
1087 UR 35.1 97.8 190.3 -74.1 -243.0 -432.9
1088 FXopen 36.0 99.1 191.8 -78.1 -247.0 -436.9
1089 Imp 36.7 100.1 192.9 -82.1 -251.0 -440.9
1090 MiTH 37.4 101.0 194.0 -86.1 -255.0 -444.9
1091 Na'Vi 38.3 102.0 195.3 -90.1 -259.0 -448.9
1092 ONE.dota 34.3 98.0 191.3 -78.9 -247.4 -438.7
1095 Arcanys 30.3 94.0 187.3 -57.4 -230.1 -425.2
1096 VG 31.3 95.4 189.0 -61.4 -234.1 -429.2
1097 FD 32.0 96.3 190.3 -65.4 -238.1 -433.2
1098 Lowyat 28.0 92.3 186.3 -54.8 -227.9 -424.5
1101 Fnatic.eu 29.0 93.5 187.8 -58.8 -231.9 -428.5
1104 Poseidon 25.0 89.5 183.8 -42.8 -217.7 -417.3
1105 Na'Vi 25.8 90.4 184.9 -46.8 -221.7 -421.3
1108 eN.Legs 27.3 92.4 187.3 -50.8 -225.7 -425.3
1111 LGD.int 28.3 93.5 188.7 -54.8 -229.7 -429.3
1112 DK 28.8 94.2 189.5 -58.8 -233.7 -433.3
1114 Na'Vi 29.5 95.0 190.5 -62.8 -237.7 -437.3
1117 VG 30.2 95.8 191.5 -66.8 -241.7 -441.3
1118 LGD.cn 30.6 96.4 192.3 -70.8 -245.7 -445.3
1120 Ahead.kz 31.9 97.9 194.1 -74.8 -249.7 -449.3
1122 PR 33.4 99.1 195.4 -78.8 -253.7 -453.3
1123 Na'Vi 33.8 99.7 196.1 -82.8 -257.7 -457.3
1124 bvd.dotA 35.8 101.5 197.9 -86.8 -261.7 -461.3
1125 Empire 37.4 103.1 199.5 -90.8 -265.7 -465.3
1126 Life 33.4 99.1 195.5 -80.4 -251.6 -452.4
1129 iG 33.9 99.8 196.3 -84.4 -255.6 -456.4
1130 TongFu 35.5 101.6 198.3 -88.4 -259.6 -460.4
1131 Na'Vi 36.5 102.6 199.5 -92.4 -263.6 -464.4
1132 Fnatic.eu 37.4 103.7 200.7 -96.4 -267.6 -468.4
1133 MUFC 33.4 99.7 196.7 -86.1 -258.2 -459.9
1135 Empire 34.4 100.8 198.0 -90.1 -262.2 -463.9
1136 Empire 35.8 102.4 199.8 -94.1 -266.2 -467.9
1137 TakeFive 31.8 98.4 195.8 -83.3 -253.1 -456.6
1141 EOT 33.1 100.6 198.4 -87.3 -257.1 -460.6
1143 DK 33.6 101.3 199.3 -91.3 -261.1 -464.6
1144 VG 29.6 97.3 195.3 -76.7 -247.8 -454.2
1146 iG 30.0 97.9 196.0 -80.7 -251.8 -458.2
1147 LGD.cn 31.2 99.3 197.7 -84.7 -255.8 -462.2
1148 HR 32.9 101.5 200.3 -88.7 -259.8 -466.2
1149 Na'Vi 33.8 102.5 201.6 -92.7 -263.8 -470.2
1151 Alliance 34.3 103.2 202.4 -96.7 -267.8 -474.2
1155 Empire 35.4 104.7 204.1 -100.7 -271.8 -478.2
1156 iG 36.5 106.3 206.0 -104.7 -275.8 -482.2
1157 Na'Vi 37.3 107.2 207.0 -108.7 -279.8 -486.2
1159 SAfrica 38.4 108.6 208.8 -112.7 -283.8 -490.2
1161 FD 40.2 110.6 210.8 -116.7 -287.8 -494.2
1164 Titan 36.2 106.6 206.8 -109.8 -279.7 -486.3
1165 Titan 32.2 102.6 202.8 -99.3 -268.3 -476.2
1167 EOT 34.1 104.5 205.0 -103.3 -272.3 -480.2
1168 LGD.cn 35.9 106.3 207.0 -107.3 -276.3 -484.2
1169 DK 36.3 106.9 207.8 -111.3 -280.3 -488.2
1170 VG 38.4 109.0 210.1 -115.3 -284.3 -492.2
1171 Empire 39.2 110.0 211.3 -119.3 -288.3 -496.2
1172 Speed 35.2 106.0 207.3 -100.4 -267.5 -476.1
1173 Empire 36.9 107.7 209.2 -104.4 -271.5 -480.1
1174 Fnatic 38.2 109.0 210.6 -108.4 -275.5 -484.1
1175 TongFu 38.9 109.9 211.8 -112.4 -279.5 -488.1
1176 LGD.cn 34.9 105.9 207.8 -100.7 -269.9 -479.9
1177 TongFu 36.4 107.3 209.4 -104.7 -273.9 -483.9
1178 DK 36.8 107.8 210.1 -108.7 -277.9 -487.9
1179 RStars 32.8 103.8 206.1 -99.6 -269.3 -480.2
1181 Alliance 33.5 104.7 207.2 -103.6 -273.3 -484.2
1183 Speed 34.9 106.0 208.7 -107.6 -277.3 -488.2
1185 Liquid 30.9 102.0 204.7 -87.0 -256.5 -468.9
1188 LGD.int 31.5 102.8 205.6 -91.0 -260.5 -472.9
1189 EG 32.6 104.2 207.4 -95.0 -264.5 -476.9
1190 TongFu 33.4 105.3 208.8 -99.0 -268.5 -480.9
1191 DK 33.8 106.0 209.6 -103.0 -272.5 -484.9
1192 Na'Vi 34.6 106.9 210.9 -107.0 -276.5 -488.9
1194 Dignitas 36.1 108.4 212.6 -111.0 -280.5 -492.9
1195 VG 36.6 109.1 213.4 -115.0 -284.5 -496.9
1196 LGD.cn 37.1 109.8 214.3 -119.0 -288.5 -500.9
1197 CSW 38.5 111.5 216.1 -123.0 -292.5 -504.9
1199 Menace 40.2 113.4 218.3 -127.0 -296.5 -508.9
1200 Liquid 41.8 114.8 219.8 -131.0 -300.5 -512.9
1202 SSD 43.1 116.3 221.6 -135.0 -304.5 -516.9
1203 TongFu 43.5 116.9 222.3 -139.0 -308.5 -520.9
1204 iG 44.2 117.8 223.3 -143.0 -312.5 -524.9
1205 HR 40.2 113.8 219.3 -130.6 -297.4 -511.5
1206 EG 41.7 114.9 220.5 -134.6 -301.4 -515.5
1208 Imp 37.7 110.9 216.5 -126.1 -291.9 -506.5
1210 Liquid 33.7 106.9 212.5 -113.8 -279.4 -495.7
1213 Poseidon 29.7 102.9 208.5 -106.5 -271.3 -487.9
1215 iG 30.1 103.6 209.3 -110.5 -275.3 -491.9
1216 LGD.cn 31.5 105.4 211.5 -114.5 -279.3 -495.9
1217 Speed 27.5 101.4 207.5 -104.5 -270.0 -487.6
1220 Empire 28.8 103.0 209.4 -108.5 -274.0 -491.6
1221 iG 24.8 99.0 205.4 -97.2 -265.1 -484.6
1222 LGD.cn 26.7 100.6 207.1 -101.2 -269.1 -488.6
1223 DK 27.6 101.8 208.6 -105.2 -273.1 -492.6
1227 Empire 29.4 104.0 211.0 -109.2 -277.1 -496.6
1230 Property 25.4 100.0 207.0 -96.5 -266.7 -488.0
1231 TTD 21.4 96.0 203.0 -89.2 -258.0 -480.1
1232 Alliance 22.3 96.9 204.1 -93.2 -262.0 -484.1
1235 TongFu 18.3 92.9 200.1 -75.3 -248.0 -473.4
1237 FSid3 14.3 88.9 196.1 -64.9 -238.5 -465.0
1238 LGD.cn 14.9 89.8 197.3 -68.9 -242.5 -469.0
1239 RStars 16.3 91.8 199.8 -72.9 -246.5 -473.0
1240 Na'Vi 18.0 93.6 201.8 -76.9 -250.5 -477.0
1242 mouz 19.6 95.6 204.1 -80.9 -254.5 -481.0
1243 Alliance 20.3 96.4 205.2 -84.9 -258.5 -485.0
1245 Speed 21.3 97.7 206.8 -88.9 -262.5 -489.0
1247 iG 21.7 98.3 207.6 -92.9 -266.5 -493.0
1251 UR 23.2 100.2 209.7 -96.9 -270.5 -497.0
1253 LGD.int 19.2 96.2 205.7 -68.2 -250.1 -480.9
1255 Empire 21.2 98.3 208.0 -72.2 -254.1 -484.9
1256 RS 22.1 99.3 209.3 -76.2 -258.1 -488.9
1257 mouz 18.1 95.3 205.3 -64.4 -248.3 -480.5
1262 iG 19.2 96.7 206.9 -68.4 -252.3 -484.5
1263 LGD.cn 19.9 97.6 208.0 -72.4 -256.3 -488.5
1264 DK 20.6 98.4 209.0 -76.4 -260.3 -492.5
1265 Fnatic.eu 16.6 94.4 205.0 -68.3 -252.8 -485.9
1266 Alliance 17.3 95.2 206.0 -72.3 -256.8 -489.9
1267 Na'Vi 18.7 96.8 207.8 -76.3 -260.8 -493.9
1268 Mski 19.8 98.2 209.4 -80.3 -264.8 -497.9
1269 Orange 20.8 99.2 210.7 -84.3 -268.8 -501.9
1273 RS 16.8 95.2 206.7 -71.6 -257.6 -491.8
1274 LGD.cn 18.3 96.7 208.3 -75.6 -261.6 -495.8
1275 FXopen 20.0 98.7 210.4 -79.6 -265.6 -499.8
1276 CSW 21.5 100.4 212.3 -83.6 -269.6 -503.8
1278 Lowyat 17.5 96.4 208.3 -71.4 -254.2 -489.8
1279 Titan 18.6 97.5 209.6 -75.4 -258.2 -493.8
1283 Speed 19.8 98.7 210.8 -79.4 -262.2 -497.8
1284 Alliance 20.6 99.5 211.8 -83.4 -266.2 -501.8
1288 Alliance 22.4 101.4 213.7 -87.4 -270.2 -505.8
1292 SSD 18.4 97.4 209.7 -79.0 -260.8 -496.8
1293 TongFu 19.4 98.5 211.1 -83.0 -264.8 -500.8
1294 VG 15.4 94.5 207.1 -69.2 -251.6 -490.1
1296 mouz 17.1 96.3 209.1 -73.2 -255.6 -494.1
1299 EG 18.2 97.5 210.4 -77.2 -259.6 -498.1
1300 4FC 20.2 99.6 212.8 -81.2 -263.6 -502.1
1301 Hearts 21.5 101.2 214.6 -85.2 -267.6 -506.1
1303 Sigma.int 22.4 102.4 216.1 -89.2 -271.6 -510.1
1305 Empire 23.0 103.2 217.0 -93.2 -275.6 -514.1
1306 FXopen 24.1 104.6 218.6 -97.2 -279.6 -518.1
1307 LGD.int 25.0 105.6 219.8 -101.2 -283.6 -522.1
1308 LGD.cn 25.7 106.4 220.8 -105.2 -287.6 -526.1
1309 4FC 27.9 108.3 222.9 -109.2 -291.6 -530.1
1310 Sigma.int 28.6 109.1 223.9 -113.2 -295.6 -534.1
1312 Arteezy 30.6 111.1 226.1 -117.2 -299.6 -538.1
1314 TongFu 31.0 111.7 226.8 -121.2 -303.6 -542.1
1315 Empire 31.8 112.6 227.8 -125.2 -307.6 -546.1
1316 VG 32.5 113.5 228.9 -129.2 -311.6 -550.1
1317 Na'Vi 33.5 114.6 230.3 -133.2 -315.6 -554.1
1318 QPandas 29.5 110.6 226.3 -119.6 -302.1 -541.2
1319 Empire 31.6 112.2 227.9 -123.6 -306.1 -545.2
1321 Fnatic.eu 32.3 112.9 228.5 -127.6 -310.1 -549.2
1322 DK 32.7 113.4 229.2 -131.6 -314.1 -553.2
1323 VG 33.5 114.4 230.5 -135.6 -318.1 -557.2
1324 VG 29.5 110.4 226.5 -121.4 -303.6 -545.0
1325 Kawai 25.5 106.4 222.5 -109.3 -293.7 -535.7
1326 Dignitas 21.5 102.4 218.5 -96.3 -281.7 -525.6
1327 Speed 22.1 103.1 219.4 -100.3 -285.7 -529.6
1328 Dignitas 23.8 104.8 221.2 -104.3 -289.7 -533.6
1329 Alliance 24.4 105.5 222.0 -108.3 -293.7 -537.6
1330 Na'Vi 26.4 107.3 224.0 -112.3 -297.7 -541.6
1331 Na'Vi 27.6 108.3 225.2 -116.3 -301.7 -545.6
1332 Fnatic.eu 23.6 104.3 221.2 -106.2 -290.0 -535.3
1333 Alliance 24.4 105.1 222.2 -110.2 -294.0 -539.3
1334 iG 25.9 106.9 224.4 -114.2 -298.0 -543.3
1335 LGD.int 27.1 108.3 226.0 -118.2 -302.0 -547.3
1336 TongFu 28.1 109.2 227.0 -122.2 -306.0 -551.3
1338 Liquid 29.5 110.7 228.7 -126.2 -310.0 -555.3
1340 Fnatic.eu 30.4 111.7 229.9 -130.2 -314.0 -559.3
1341 Alliance 30.9 112.3 230.6 -134.2 -318.0 -563.3
1343 Fnatic.eu 26.9 108.3 226.6 -126.2 -308.9 -554.8
1345 Sigma.int 28.1 109.8 228.4 -130.2 -312.9 -558.8
1351 VG 28.5 110.5 229.2 -134.2 -316.9 -562.8
1352 DK 29.1 111.1 230.0 -138.2 -320.9 -566.8
1353 Alliance 30.8 112.8 231.9 -142.2 -324.9 -570.8
1354 VP 26.8 108.8 227.9 -129.3 -312.7 -559.9
1355 Alliance 28.0 110.1 229.5 -133.3 -316.7 -563.9
1356 Alliance 29.3 111.3 230.8 -137.3 -320.7 -567.9
1357 Na'Vi 30.4 112.3 231.9 -141.3 -324.7 -571.9
1359 LGD.cn 30.7 112.8 232.5 -145.3 -328.7 -575.9
1360 iG 31.1 113.3 233.1 -149.3 -332.7 -579.9
1361 Dignitas 31.8 114.1 234.1 -153.3 -336.7 -583.9
1362 Speed 32.2 114.6 234.8 -157.3 -340.7 -587.9
1363 Speed 34.3 116.6 237.2 -161.3 -344.7 -591.9
1364 Na'Vi 36.1 118.5 239.2 -165.3 -348.7 -595.9
1365 Alliance 36.8 119.2 240.0 -169.3 -352.7 -599.9
1366 Alliance 37.2 119.7 240.6 -173.3 -356.7 -603.9
1367 Liquid 38.8 121.6 242.8 -177.3 -360.7 -607.9
1368 Fnatic.eu 40.0 122.8 244.1 -181.3 -364.7 -611.9
1369 Na'Vi 40.7 123.6 245.0 -185.3 -368.7 -615.9
1370 LGD.int 36.7 119.6 241.0 -176.1 -358.3 -606.4
1372 VP 32.7 115.6 237.0 -158.2 -343.1 -593.7
1373 Liquid 34.0 116.9 238.5 -162.2 -347.1 -597.7
1375 Startale 30.0 112.9 234.5 -151.7 -340.5 -592.2
1377 LGD.cn 31.5 114.5 236.3 -155.7 -344.5 -596.2
1379 Fnatic.eu 32.6 115.7 237.7 -159.7 -348.5 -600.2
1380 Liquid 33.7 116.9 239.1 -163.7 -352.5 -604.2
1381 Liquid 29.7 112.9 235.1 -148.8 -338.5 -592.3
1382 Titan 30.5 113.9 236.4 -152.8 -342.5 -596.3
1383 LGD.cn 32.0 115.7 238.4 -156.8 -346.5 -600.3
1384 Empire 32.7 116.5 239.4 -160.8 -350.5 -604.3
1386 StayFree 28.7 112.5 235.4 -150.4 -340.4 -595.3
1388 iG 29.2 113.2 236.2 -154.4 -344.4 -599.3
1389 RStars 29.9 114.2 237.6 -158.4 -348.4 -603.3
1390 Alliance 30.4 114.8 238.3 -162.4 -352.4 -607.3
1391 Fnatic.eu 31.6 116.1 239.9 -166.4 -356.4 -611.3
1396 rox.KIS 27.6 112.1 235.9 -131.2 -328.7 -588.1
1399 EG 23.6 108.1 231.9 -116.2 -312.9 -574.8
1401 Alliance 25.4 109.8 233.8 -120.2 -316.9 -578.8
1404 VG 26.3 110.9 235.2 -124.2 -320.9 -582.8
1405 Speed 27.1 112.0 236.6 -128.2 -324.9 -586.8
1406 EG 23.1 108.0 232.6 -119.7 -317.6 -580.7
1408 Liquid 24.8 109.9 234.7 -123.7 -321.6 -584.7
1412 DK 25.2 110.6 235.6 -127.7 -325.6 -588.7
1415 VP 21.2 106.6 231.6 -115.8 -312.9 -577.5
1416 Liquid 23.0 108.4 233.5 -119.8 -316.9 -581.5
1421 Na'Vi 24.5 110.0 235.4 -123.8 -320.9 -585.5
1423 Alliance 25.0 110.6 236.1 -127.8 -324.9 -589.5
1424 DK 25.3 111.0 236.7 -131.8 -328.9 -593.5
1425 VG 26.0 111.8 237.7 -135.8 -332.9 -597.5
1426 Speed 27.4 113.3 239.4 -139.8 -336.9 -601.5
1428 EG 23.4 109.3 235.4 -132.3 -328.5 -593.3
1429 Empire 24.6 110.5 236.8 -136.3 -332.5 -597.3
1430 Na'Vi 25.5 111.5 238.0 -140.3 -336.5 -601.3
1431 DK 25.9 112.0 238.6 -144.3 -340.5 -605.3
1437 Liquid 27.9 114.2 241.0 -148.3 -344.5 -609.3
1438 Liquid 28.6 115.1 242.0 -152.3 -348.5 -613.3
1439 Empire 24.6 111.1 238.0 -138.8 -333.9 -598.8
1441 PR 20.6 107.1 234.0 -130.9 -325.9 -591.0
1442 LGD.int 21.0 107.7 234.7 -134.9 -329.9 -595.0
1443 TongFu 21.7 108.5 235.7 -138.9 -333.9 -599.0
1447 FD 17.7 104.5 231.7 -130.7 -326.2 -591.8
1449 Titan 19.6 106.2 233.5 -134.7 -330.2 -595.8
1450 Na'Vi 20.5 107.3 234.8 -138.7 -334.2 -599.8
1451 Na'Vi 21.9 108.7 236.2 -142.7 -338.2 -603.8
1456 Liquid 23.4 110.5 238.2 -146.7 -342.2 -607.8
1458 Fnatic.eu 19.4 106.5 234.2 -133.9 -329.8 -596.5
1459 Na'Vi 21.1 108.0 235.9 -137.9 -333.8 -600.5
1460 Alliance 22.0 108.9 236.9 -141.9 -337.8 -604.5
1461 rox.KIS 18.0 104.9 232.9 -132.3 -329.0 -596.4
1462 rox.KIS 19.5 106.4 234.6 -136.3 -333.0 -600.4
1463 Na'Vi 21.6 108.3 236.6 -140.3 -337.0 -604.4
1465 DK 23.1 109.8 238.2 -144.3 -341.0 -608.4
1466 4FC 19.1 105.8 234.2 -131.4 -328.2 -596.6
1468 Alliance 20.9 107.7 236.2 -135.4 -332.2 -600.6
1473 LGD.cn 21.5 108.5 237.2 -139.4 -336.2 -604.6
1475 TongFu3 23.3 110.2 239.1 -143.4 -340.2 -608.6
1478 Alliance 24.5 111.5 240.5 -147.4 -344.2 -612.6
1479 Liquid 25.2 112.3 241.5 -151.4 -348.2 -616.6
1480 Na'Vi 26.9 113.8 243.1 -155.4 -352.2 -620.6
1481 DK 22.9 109.8 239.1 -146.1 -344.0 -613.9
1482 Fnatic.eu 23.6 110.7 240.3 -150.1 -348.0 -617.9
1483 Sigma.int 19.6 106.7 236.3 -139.1 -335.6 -606.3
1484 DK 21.5 108.9 238.8 -143.1 -339.6 -610.3
1488 Imp 23.3 110.9 241.3 -147.1 -343.6 -614.3
1489 Na'Vi 25.0 112.6 243.2 -151.1 -347.6 -618.3
1490 EG 25.8 113.6 244.3 -155.1 -351.6 -622.3
1492 Alliance 27.1 115.0 245.8 -159.1 -355.6 -626.3
1494 Na'Vi 27.7 115.7 246.6 -163.1 -359.6 -630.3
1495 DK 28.8 117.0 248.1 -167.1 -363.6 -634.3
1496 Sigma.int 30.7 119.3 250.8 -171.1 -367.6 -638.3
1497 Speed 26.7 115.3 246.8 -157.5 -355.7 -627.4
1498 Fnatic.eu 22.7 111.3 242.8 -141.4 -340.2 -612.7
1499 DK 23.5 112.3 243.8 -145.4 -344.2 -616.7
1500 Speed 24.2 113.2 245.0 -149.4 -348.2 -620.7
1501 Liquid 20.2 109.2 241.0 -136.0 -335.1 -608.9
1506 Liquid 21.5 110.6 242.5 -140.0 -339.1 -612.9
1507 DK 23.2 112.3 244.2 -144.0 -343.1 -616.9
1508 Alliance 23.8 113.1 245.0 -148.0 -347.1 -620.9
1510 Na'Vi 25.3 114.7 246.8 -152.0 -351.1 -624.9
1511 Sigma.int 25.8 115.4 247.5 -156.0 -355.1 -628.9
1512 Alliance 26.7 116.4 248.7 -160.0 -359.1 -632.9
1513 DK 27.0 116.9 249.3 -164.0 -363.1 -636.9
1515 Speed 23.0 112.9 245.3 -153.0 -352.3 -627.1
1518 Speed 19.0 108.9 241.3 -143.3 -343.9 -619.5
1521 Next.kz 20.8 111.0 243.8 -147.3 -347.9 -623.5
1523 SSD 16.8 107.0 239.8 -133.9 -334.6 -612.2
1524 Aspera 18.2 108.8 241.8 -137.9 -338.6 -616.2
1527 VP 19.3 110.2 243.4 -141.9 -342.6 -620.2
1528 TongFu 20.0 111.0 244.4 -145.9 -346.6 -624.2
1529 LGD.int 20.6 111.8 245.4 -149.9 -350.6 -628.2
1530 Empire 22.1 113.5 247.3 -153.9 -354.6 -632.2
1531 Aspera 23.5 115.0 249.0 -157.9 -358.6 -636.2
1533 OsG 19.5 111.0 245.0 -144.7 -346.1 -625.9
1534 Poseidon 21.4 112.9 247.1 -148.7 -350.1 -629.9
1537 FL 17.4 108.9 243.1 -138.9 -338.9 -620.3
1538 NoX 13.4 104.9 239.1 -131.4 -330.5 -612.5
1544 SSD 15.1 106.8 241.2 -135.4 -334.5 -616.5
1545 LGD.cn 16.6 108.6 243.4 -139.4 -338.5 -620.5
1546 iG 17.8 110.0 245.1 -143.4 -342.5 -624.5
1547 Fnatic.eu 13.8 106.0 241.1 -133.5 -332.3 -614.9
1548 Na'Vi 15.4 107.6 242.9 -137.5 -336.3 -618.9
1549 VG 16.0 108.5 244.1 -141.5 -340.3 -622.9
1550 DK 16.7 109.3 245.1 -145.5 -344.3 -626.9
1553 Fnatic.eu 12.7 105.3 241.1 -136.2 -335.5 -619.3
1554 Alliance 14.6 107.1 243.0 -140.2 -339.5 -623.3
1557 LGD.int 10.6 103.1 239.0 -131.5 -330.0 -614.8
1560 EOT 12.6 105.1 241.2 -135.5 -334.0 -618.8
1562 VG 8.6 101.1 237.2 -128.5 -324.3 -609.7
1568 Next.kz 9.8 102.6 238.9 -132.5 -328.3 -613.7
1572 Fnatic.eu 11.2 103.9 240.3 -136.5 -332.3 -617.7
1573 iG 13.0 105.8 242.6 -140.5 -336.3 -621.7
1574 DK 14.1 107.0 243.9 -144.5 -340.3 -625.7
1576 5inQ 15.6 108.9 246.2 -148.5 -344.3 -629.7
1578 VG 11.6 104.9 242.2 -139.3 -335.4 -621.4
1579 DK 12.7 106.4 243.9 -143.3 -339.4 -625.4
1580 Alliance 13.8 107.7 245.4 -147.3 -343.4 -629.4
1582 PR 15.2 109.0 246.8 -151.3 -347.4 -633.4
1583 Sigma.int 16.6 110.7 248.8 -155.3 -351.4 -637.4
1585 Fnatic.eu 17.5 111.7 250.0 -159.3 -355.4 -641.4
1586 Fnatic.eu 13.5 107.7 246.0 -149.7 -346.0 -632.1
1587 Idol 15.0 109.5 248.3 -153.7 -350.0 -636.1
1589 FD 16.0 110.6 249.6 -157.7 -354.0 -640.1
1590 Orange 16.8 111.6 250.9 -161.7 -358.0 -644.1
1593 FD 17.5 112.6 252.2 -165.7 -362.0 -648.1
1594 FD 13.5 108.6 248.2 -156.9 -352.0 -638.9
1597 Empire 15.3 110.4 250.0 -160.9 -356.0 -642.9
1598 Alliance 16.2 111.4 251.1 -164.9 -360.0 -646.9
1599 OsG 12.2 107.4 247.1 -156.1 -352.2 -639.8
1600 TR 8.2 103.4 243.1 -145.2 -343.8 -632.7
1602 VP 9.9 105.3 245.1 -149.2 -347.8 -636.7
1603 Fnatic.eu 11.4 106.8 246.6 -153.2 -351.8 -640.7
1604 Sigma.int 7.4 102.8 242.6 -142.8 -341.0 -630.6
1607 Idol 8.4 104.2 244.3 -146.8 -345.0 -634.6
1608 VP 4.4 100.2 240.3 -136.9 -336.1 -627.1
1611 Sigma.int 5.4 101.5 241.8 -140.9 -340.1 -631.1
1612 Fnatic.eu 7.3 103.4 244.0 -144.9 -344.1 -635.1
1613 Fnatic.eu 8.7 104.8 245.6 -148.9 -348.1 -639.1
1614 Alliance 9.3 105.6 246.5 -152.9 -352.1 -643.1
1618 FD 10.9 107.3 248.6 -156.9 -356.1 -647.1
1620 VP 12.4 108.7 250.2 -160.9 -360.1 -651.1
1623 SSD 14.3 110.6 252.2 -164.9 -364.1 -655.1
1624 PR 15.9 112.4 254.2 -168.9 -368.1 -659.1
1625 Idol 11.9 108.4 250.2 -159.8 -359.3 -651.4
1626 FD 12.8 109.6 251.6 -163.8 -363.3 -655.4
1627 MVP 14.8 111.3 253.4 -167.8 -367.3 -659.4
1628 Alliance 15.5 112.0 254.3 -171.8 -371.3 -663.4
1629 Fnatic.eu 16.0 112.6 255.1 -175.8 -375.3 -667.4
1631 VG 16.5 113.3 256.1 -179.8 -379.3 -671.4
1634 Alliance 17.2 114.2 257.1 -183.8 -383.3 -675.4
1636 Sigma.int 17.9 115.0 258.2 -187.8 -387.3 -679.4
1637 Na'Vi 19.8 116.8 260.1 -191.8 -391.3 -683.4
1641 RRQ 15.8 112.8 256.1 -182.6 -381.3 -673.8
1642 MiTH 17.5 114.9 258.3 -186.6 -385.3 -677.8
1648 Poseidon 13.5 110.9 254.3 -178.2 -376.9 -669.7
1650 VP 15.4 113.1 256.5 -182.2 -380.9 -673.7
1651 rox.KIS 17.1 114.8 258.4 -186.2 -384.9 -677.7
1652 PR 18.2 116.1 259.9 -190.2 -388.9 -681.7
1653 mouz 19.8 117.7 261.7 -194.2 -392.9 -685.7
1654 MVP.P 20.8 119.1 263.3 -198.2 -396.9 -689.7
1656 HR 16.8 115.1 259.3 -189.2 -386.3 -679.9
1657 RRQ 17.5 116.0 260.4 -193.2 -390.3 -683.9
1660 Poseidon 13.5 112.0 256.4 -176.8 -375.7 -672.3
1662 Fnatic.eu 14.3 113.0 257.6 -180.8 -379.7 -676.3
1664 DK 15.0 113.8 258.6 -184.8 -383.7 -680.3
1665 LGD.cn 15.6 114.5 259.6 -188.8 -387.7 -684.3
1667 Fnatic.eu 17.1 115.9 261.2 -192.8 -391.7 -688.3
1668 Duskbin 17.9 117.2 262.8 -196.8 -395.7 -692.3
1669 Neon 13.9 113.2 258.8 -188.1 -387.6 -685.3
1672 MiTH 15.8 115.1 260.9 -192.1 -391.6 -689.3
1674 Empire 17.0 116.4 262.3 -196.1 -395.6 -693.3
1676 TR 13.0 112.4 258.3 -181.9 -384.0 -683.5
1677 Na'Vi 14.2 113.6 259.8 -185.9 -388.0 -687.5
1678 Na'Vi 15.1 114.7 261.0 -189.9 -392.0 -691.5
1679 Speed 16.8 116.4 262.9 -193.9 -396.0 -695.5
1681 Mski 17.7 117.5 264.2 -197.9 -400.0 -699.5
1682 Lowyat 18.9 118.8 265.8 -201.9 -404.0 -703.5
1683 rox.KIS 20.2 120.4 267.7 -205.9 -408.0 -707.5
1684 Alliance 21.6 121.7 269.1 -209.9 -412.0 -711.5
1685 Alliance 22.1 122.3 269.8 -213.9 -416.0 -715.5
1686 Sigma.int 23.3 123.5 271.2 -217.9 -420.0 -719.5
1688 Fnatic.eu 24.7 124.9 272.7 -221.9 -424.0 -723.5
1689 iG 25.2 125.5 273.4 -225.9 -428.0 -727.5
1690 Mski 27.2 127.0 274.9 -229.9 -432.0 -731.5
1697 mouz 23.2 123.0 270.9 -213.0 -411.9 -711.4
1698 Alliance 24.7 124.3 272.3 -217.0 -415.9 -715.4
1699 OsG 20.7 120.3 268.3 -188.6 -389.6 -692.0
1701 TongFu 21.7 121.3 269.4 -192.6 -393.6 -696.0
1705 Next.kz 23.4 123.2 271.6 -196.6 -397.6 -700.0
1706 Sigma.int 24.3 124.0 272.5 -200.6 -401.6 -704.0
1707 mouz 25.5 125.1 273.7 -204.6 -405.6 -708.0
1708 HR 26.6 126.4 275.3 -208.6 -409.6 -712.0
1709 iG 28.0 128.0 277.3 -212.6 -413.6 -716.0
1709 iG 29.4 129.6 279.3 -216.6 -417.6 -720.0
1711 Next.kz 30.2 130.6 280.5 -220.6 -421.6 -724.0
1711 Next.kz 30.9 131.5 281.5 -224.6 -425.6 -728.0
1712 VP 32.6 133.2 283.3 -228.6 -429.6 -732.0
1712 VP 34.5 134.8 285.0 -232.6 -433.6 -736.0
1713 Alliance 36.1 136.4 286.7 -236.6 -437.6 -740.0
1713 Sigma.int 37.9 137.8 288.4 -240.6 -441.6 -744.0
1714 rox.KIS 38.6 138.7 289.4 -244.6 -445.6 -748.0
1714 rox.KIS 39.5 139.6 290.6 -248.6 -449.6 -752.0
1719 HR 41.3 141.1 292.2 -252.6 -453.6 -756.0
1719 HR 43.1 142.6 293.8 -256.6 -457.6 -760.0
1720 Mski 44.0 143.6 294.9 -260.6 -461.6 -764.0
1721 Lowyat 45.1 144.6 296.4 -264.6 -465.6 -768.0
1722 Mski 45.9 145.4 297.4 -268.6 -469.6 -772.0
1723 Mski 47.6 147.0 299.0 -272.6 -473.6 -776.0
1724 LGD.cn 49.2 148.7 300.9 -276.6 -477.6 -780.0
1725 VG 50.3 149.9 302.3 -280.6 -481.6 -784.0
1726 Lowyat 51.3 150.9 303.5 -284.6 -485.6 -788.0
1727 Mski 52.1 151.8 304.4 -288.6 -489.6 -792.0
1728 sQreen 48.1 147.8 300.4 -276.4 -477.1 -781.0
1730 rox.KIS 49.1 149.2 301.9 -280.4 -481.1 -785.0
1731 Empire 45.1 145.2 297.9 -268.2 -468.2 -773.7
1733 PR 41.1 141.2 293.9 -257.3 -457.7 -764.0
1735 Mski 41.9 142.0 294.9 -261.3 -461.7 -768.0
1736 Lowyat 37.9 138.0 290.9 -252.1 -452.7 -760.1
1738 Lowyat 40.0 139.8 292.8 -256.1 -456.7 -764.1
1739 5inQ 36.0 135.8 288.8 -248.3 -448.9 -757.7
1742 Na'Vi 37.5 137.8 291.0 -252.3 -452.9 -761.7
1743 Na'Vi 39.2 139.9 293.4 -256.3 -456.9 -765.7
1744 Sigma.int 40.2 141.2 294.9 -260.3 -460.9 -769.7
1745 Na'Vi 40.9 142.1 296.0 -264.3 -464.9 -773.7
1746 Alliance 41.6 142.9 297.1 -268.3 -468.9 -777.7
1750 Alliance 42.3 143.7 298.1 -272.3 -472.9 -781.7
1751 Na'Vi 43.2 144.7 299.3 -276.3 -476.9 -785.7
1753 Na'Vi 44.5 146.1 300.9 -280.3 -480.9 -789.7
1754 TR 40.5 142.1 296.9 -267.4 -469.5 -780.0
1755 SSD 41.6 143.5 298.6 -271.4 -473.5 -784.0
1758 DK 43.2 145.3 300.7 -275.4 -477.5 -788.0
1760 Duskbin 39.2 141.3 296.7 -265.9 -466.9 -778.1
1761 Mski 40.2 142.6 298.1 -269.9 -470.9 -782.1
1762 TR 36.2 138.6 294.1 -260.5 -462.6 -774.9
1763 rox.KIS 37.1 139.6 295.3 -264.5 -466.6 -778.9
1764 Na'Vi 38.2 140.7 296.6 -268.5 -470.6 -782.9
1768 QPandas 34.2 136.7 292.6 -258.1 -460.8 -774.4
1770 5inQ 35.9 139.3 295.6 -262.1 -464.8 -778.4
1771 VG 36.8 140.5 297.2 -266.1 -468.8 -782.4
1773 FD 38.9 142.3 299.2 -270.1 -472.8 -786.4
1774 Idol 39.9 143.8 301.1 -274.1 -476.8 -790.4
1776 Fnatic.eu 41.0 145.0 302.5 -278.1 -480.8 -794.4
1777 PR 42.5 146.6 304.3 -282.1 -484.8 -798.4
1779 Fnatic.eu 44.3 148.1 305.9 -286.1 -488.8 -802.4
1780 Titan 45.7 149.7 307.7 -290.1 -492.8 -806.4
1781 FD 47.4 151.6 309.8 -294.1 -496.8 -810.4
1783 Titan 48.4 152.6 311.1 -298.1 -500.8 -814.4
1784 LGD.cn 50.0 154.2 313.1 -302.1 -504.8 -818.4
1785 Fnatic.eu 51.1 155.4 314.4 -306.1 -508.8 -822.4
1786 Fnatic.eu 52.5 156.8 315.9 -310.1 -512.8 -826.4
1788 Sigma.int 53.1 157.5 316.8 -314.1 -516.8 -830.4
1790 Na'Vi 54.1 158.4 317.8 -318.1 -520.8 -834.4
1791 Revenge 50.1 154.4 313.8 -308.7 -509.3 -822.8
1792 Empire 46.1 150.4 309.8 -300.8 -501.6 -815.9
1793 Fnatic.eu 47.4 151.7 311.3 -304.8 -505.6 -819.9
1795 Empire 49.0 153.5 313.1 -308.8 -509.6 -823.9
1797 TR 45.0 149.5 309.1 -299.4 -499.8 -814.4
1800 Empire 46.6 151.1 310.9 -303.4 -503.8 -818.4
1801 Na'Vi 48.3 152.5 312.5 -307.4 -507.8 -822.4
1802 PR 44.3 148.5 308.5 -294.3 -491.9 -807.6
1803 Sigma.int 45.5 149.9 310.0 -298.3 -495.9 -811.6
1804 DK 45.9 150.5 310.7 -302.3 -499.9 -815.6
1805 VG 46.5 151.2 311.6 -306.3 -503.9 -819.6
1806 DT 48.2 152.8 313.4 -310.3 -507.9 -823.6
1807 LGD.cn 48.7 153.4 314.2 -314.3 -511.9 -827.6
1808 iG 49.1 154.0 315.0 -318.3 -515.9 -831.6
1809 Titan 50.3 155.1 316.3 -322.3 -519.9 -835.6
1811 TongFu 51.2 156.0 317.4 -326.3 -523.9 -839.6
1814 LGD.cn 51.7 156.7 318.3 -330.3 -527.9 -843.6
1815 iG 52.6 158.1 320.0 -334.3 -531.9 -847.6
1817 Mski 53.8 159.3 321.4 -338.3 -535.9 -851.6
1818 FD 56.0 161.4 323.5 -342.3 -539.9 -855.6
1820 Empire 56.9 162.3 324.6 -346.3 -543.9 -859.6
1821 QPandas 52.9 158.3 320.6 -335.5 -532.9 -850.0
1822 Fnatic.eu 53.4 158.9 321.3 -339.5 -536.9 -854.0
1823 SSD 55.1 160.5 323.0 -343.5 -540.9 -858.0
1825 DK 56.7 162.3 325.1 -347.5 -544.9 -862.0
1826 Titan 57.7 163.3 326.2 -351.5 -548.9 -866.0
1827 MVP.P 58.6 164.5 327.6 -355.5 -552.9 -870.0
1828 TongFu 54.6 160.5 323.6 -341.1 -541.7 -860.2
1829 Sigma.int 55.9 162.2 325.6 -345.1 -545.7 -864.2
1831 rox.KIS 51.9 158.2 321.6 -336.1 -538.2 -857.2
1833 Fnatic.eu 53.4 159.6 323.0 -340.1 -542.2 -861.2
1836 DK 54.8 161.2 324.8 -344.1 -546.2 -865.2
1837 Titan 56.4 162.7 326.5 -348.1 -550.2 -869.2
1839 Sigma.int 52.4 158.7 322.5 -339.3 -541.7 -861.3
1840 PR 48.4 154.7 318.5 -327.1 -530.4 -850.8
1841 SSD 50.2 156.7 320.7 -331.1 -534.4 -854.8
1842 DK 51.5 158.3 322.5 -335.1 -538.4 -858.8
1845 DK 53.4 160.5 323.7 -339.1 -542.4 -862.8
1846 DK 54.3 161.6 324.3 -343.1 -546.4 -866.8
1847 DK 55.1 162.7 325.6 -347.1 -550.4 -870.8
1848 TongFu 56.8 164.8 328.0 -351.1 -554.4 -874.8
1849 PBS 58.5 167.0 330.6 -355.1 -558.4 -878.8
1850 rox.KIS 59.8 168.6 331.4 -359.1 -562.4 -882.8
1851 Alliance 60.5 169.5 332.0 -363.1 -566.4 -886.8
1852 SSD 62.2 171.1 333.7 -367.1 -570.4 -890.8
1853 Alliance 63.2 171.9 334.6 -371.1 -574.4 -894.8
1854 SSD 59.2 167.9 330.6 -364.2 -566.2 -887.0
1857 iG 59.9 168.8 331.7 -368.2 -570.2 -891.0
1858 Empire 62.2 171.5 333.1 -372.2 -574.2 -895.0
1860 Fnatic.eu 62.8 172.3 334.0 -376.2 -578.2 -899.0
1861 Sigma.int 63.8 173.5 335.5 -380.2 -582.2 -903.0
1862 Next.kz 59.8 169.5 331.5 -369.3 -571.6 -893.2
1863 Fnatic.eu 61.0 170.8 332.5 -373.3 -575.6 -897.2
1865 TongFu 61.8 171.8 333.7 -377.3 -579.6 -901.2
1866 Sigma.int 63.7 174.1 335.3 -381.3 -583.6 -905.2
1867 Fnatic.eu 64.6 175.1 336.0 -385.3 -587.6 -909.2
1868 Na'Vi 65.3 175.9 336.5 -389.3 -591.6 -913.2
1870 FSid3 61.3 171.9 332.5 -379.6 -580.1 -901.9
1871 Relax 63.0 173.7 334.7 -383.6 -584.1 -905.9
1874 Revenge 64.4 175.3 335.7 -387.6 -588.1 -909.9
1875 iG 66.0 177.0 337.6 -391.6 -592.1 -913.9
1876 GB 67.8 178.9 339.8 -395.6 -596.1 -917.9
1877 FD 69.4 180.6 341.1 -399.6 -600.1 -921.9
1878 Invasion 65.4 176.6 337.1 -388.0 -589.7 -908.0
1879 Orange 66.2 177.5 338.1 -392.0 -593.7 -912.0
1883 iG 62.2 173.5 334.1 -383.6 -586.2 -902.3
1885 Mski 63.4 174.6 335.3 -387.6 -590.2 -906.3
1886 Invasion 64.7 176.0 336.3 -391.6 -594.2 -910.3
1887 Lowyat 66.0 177.4 337.7 -395.6 -598.2 -914.3
1889 Fnatic.eu 62.0 173.4 333.7 -378.4 -585.1 -902.5
1892 nAra 58.0 169.4 329.7 -370.6 -578.3 -894.1
1893 Mski 59.2 170.8 330.4 -374.6 -582.3 -898.1
1894 Spirit 55.2 166.8 326.4 -362.1 -570.8 -881.8
1898 Titan 56.5 168.5 327.2 -366.1 -574.8 -885.8
1903 Titan 58.5 170.9 328.5 -370.1 -578.8 -889.8
1906 5inQ 59.6 172.6 330.5 -374.1 -582.8 -893.8
1910 FD 61.5 174.8 332.0 -378.1 -586.8 -897.8
1911 Titan 62.6 176.1 333.0 -382.1 -590.8 -901.8
1912 Orange 64.7 178.1 335.0 -386.1 -594.8 -905.8
1913 rox.KIS 66.1 179.7 336.3 -390.1 -598.8 -909.8
1914 rox.KIS 67.9 181.5 338.3 -394.1 -602.8 -913.8
1916 rox.KIS 69.2 182.9 339.8 -398.1 -606.8 -917.8
1917 Orange 71.2 184.5 341.5 -402.1 -610.8 -921.8
1918 Orange 73.3 186.4 343.4 -406.1 -614.8 -925.8
1920 Mski 69.3 182.4 339.4 -397.8 -608.3 -919.8
1923 VP 70.8 184.1 341.2 -401.8 -612.3 -923.8
1924 Sigma.int 73.1 186.8 342.9 -405.8 -616.3 -927.8
1925 PR 74.8 188.4 344.3 -409.8 -620.3 -931.8
1927 Titan 76.4 190.2 345.5 -413.8 -624.3 -935.8
1928 Zephyr 77.4 191.7 347.3 -417.8 -628.3 -939.8
1929 MVP 78.7 193.2 349.1 -421.8 -632.3 -943.8
1931 Swage 74.7 189.2 345.1 -413.8 -625.0 -937.2
1934 Sigma.int 70.7 185.2 341.1 -402.8 -613.6 -926.6
1935 EOT.Ham. 66.7 181.2 337.1 -387.3 -603.6 -918.5
1936 Alliance 68.5 183.2 338.8 -391.3 -607.6 -922.5
1937 Na'Vi 70.3 185.2 341.0 -395.3 -611.6 -926.5
1939 Na'Vi 72.0 187.1 342.4 -399.3 -615.6 -930.5
1941 Zephyr 74.1 189.7 343.6 -403.3 -619.6 -934.5
1943 PR 76.0 191.6 345.8 -407.3 -623.6 -938.5
1944 VP 77.9 193.7 347.3 -411.3 -627.6 -942.5
1945 rox.KIS 79.0 195.0 348.1 -415.3 -631.6 -946.5
1948 Empire 80.0 196.1 349.5 -419.3 -635.6 -950.5
1949 EOT.Ham. 76.0 192.1 345.5 -408.4 -626.3 -942.5
1951 Empire 77.2 193.6 346.3 -412.4 -630.3 -946.5
1953 Fnatic.eu 78.2 194.8 347.3 -416.4 -634.3 -950.5
1954 Empire 79.1 195.8 348.5 -420.4 -638.3 -954.5
1956 rox.KIS 80.7 197.2 350.0 -424.4 -642.3 -958.5
1960 Empire 82.4 199.0 352.2 -428.4 -646.3 -962.5
1961 Fnatic.eu 83.2 199.9 352.8 -432.4 -650.3 -966.5
1963 Life 79.2 195.9 348.8 -423.0 -640.7 -959.6
1964 Fnatic.eu 80.3 197.3 349.6 -427.0 -644.7 -963.6
1965 Relax 82.0 199.3 351.2 -431.0 -648.7 -967.6
1967 Liquid 83.4 200.4 352.5 -435.0 -652.7 -971.6
1970 hehe 85.5 202.5 354.4 -439.0 -656.7 -975.6
1971 Relax 81.5 198.5 350.4 -424.3 -643.9 -964.8
1972 PR 77.5 194.5 346.4 -414.3 -635.4 -949.3
1973 Sigma.int 78.7 196.1 347.2 -418.3 -639.4 -953.3
1975 Fnatic.eu 79.4 196.9 347.6 -422.3 -643.4 -957.3
1981 Liquid 80.3 198.1 349.1 -426.3 -647.4 -961.3
1982 Speed 81.3 199.3 350.0 -430.3 -651.4 -965.3
1983 SADBOYS 77.3 195.3 346.0 -423.2 -642.8 -956.7
1984 Empire 78.2 196.3 346.8 -427.2 -646.8 -960.7
1985 SADBOYS 74.2 192.3 342.8 -417.4 -638.1 -950.4
1991 PR 76.2 194.4 345.0 -421.4 -642.1 -954.4
1992 Speed 77.1 195.5 346.4 -425.4 -646.1 -958.4
1995 SADBOYS 78.6 197.5 348.9 -429.4 -650.1 -962.4
1996 TR 74.6 193.5 344.9 -421.4 -642.6 -955.5
2001 Speed 75.5 194.8 346.4 -425.4 -646.6 -959.5
2009 Fnatic.eu 77.0 196.5 347.7 -429.4 -650.6 -963.5
2010 Na'Vi 78.5 198.1 349.3 -433.4 -654.6 -967.5
2014 Speed 79.7 199.4 350.2 -437.4 -658.6 -971.5
2015 Speed 80.5 200.3 351.4 -441.4 -662.6 -975.5
2016 Revenge 82.4 202.3 353.5 -445.4 -666.6 -979.5
2018 Fnatic.eu 78.4 198.3 349.5 -436.5 -657.1 -970.7
2019 Na'Vi 79.8 199.7 351.1 -440.5 -661.1 -974.7
2020 PR 81.6 201.6 353.1 -444.5 -665.1 -978.7
2022 Liquid 82.5 202.6 353.7 -448.5 -669.1 -982.7
2023 SADBOYS 83.2 203.5 354.8 -452.5 -673.1 -986.7
2024 SADBOYS 84.6 205.0 355.5 -456.5 -677.1 -990.7
2028 Next.kz 80.6 201.0 351.5 -448.1 -669.5 -983.7
2029 Empire 81.7 202.3 352.2 -452.1 -673.5 -987.7
2032 Liquid 82.6 203.3 353.3 -456.1 -677.5 -991.7
2034 Denial 78.6 199.3 349.3 -445.8 -667.6 -981.3
2035 SADBOYS 79.6 200.4 349.9 -449.8 -671.6 -985.3
2043 Liquid 82.1 203.0 351.2 -453.8 -675.6 -989.3
2044 Arrow 84.4 205.8 352.6 -457.8 -679.6 -993.3
2047 Empire 86.1 207.8 353.9 -461.8 -683.6 -997.3
2048 Arrow 87.8 209.9 354.9 -465.8 -687.6 -1001.3
2049 GL 89.9 212.2 356.5 -469.8 -691.6 -1005.3
2051 Nullis 91.9 214.3 358.8 -473.8 -695.6 -1009.3
2052 Nullis 87.9 210.3 354.8 -466.0 -688.5 -1000.4
2053 SADBOYS 88.7 211.4 355.2 -470.0 -692.5 -1004.4
2054 Empire 89.7 212.7 356.8 -474.0 -696.5 -1008.4
2055 Na'Vi 90.7 213.9 357.5 -478.0 -700.5 -1012.4
2056 bvd.dotA 92.2 215.6 359.6 -482.0 -704.5 -1016.4
2058 Cloud9 93.1 216.9 360.0 -486.0 -708.5 -1020.4
2059 Empire 94.0 217.9 361.1 -490.0 -712.5 -1024.4
2061 rox.KIS 90.0 213.9 357.1 -474.4 -697.8 -1011.3
2064 Cloud9 91.0 215.1 358.6 -478.4 -701.8 -1015.3
2066 Alliance 92.2 216.3 359.9 -482.4 -705.8 -1019.3
2067 Na'Vi 93.0 217.2 360.9 -486.4 -709.8 -1023.3
2068 Fnatic.eu 94.0 218.3 361.8 -490.4 -713.8 -1027.3
2070 rox.KIS 90.0 214.3 357.8 -483.3 -707.3 -1017.6
2072 About 86.0 210.3 353.8 -475.9 -700.2 -1009.9
2073 4FC 87.8 212.4 355.3 -479.9 -704.2 -1013.9
2074 vhoul 83.8 208.4 351.3 -469.5 -694.5 -1007.0
2075 Liquid 79.8 204.4 347.3 -462.3 -688.5 -997.9
2076 Courage 75.8 200.4 343.3 -449.5 -677.7 -975.8
2079 Empire 77.4 202.3 345.4 -453.5 -681.7 -979.8
2080 rox.KIS 73.4 198.3 341.4 -437.2 -665.8 -966.5
2082 rox.KIS 74.4 199.5 342.7 -441.2 -669.8 -970.5
2083 PR 75.3 200.5 343.8 -445.2 -673.8 -974.5
2086 PssT 71.3 196.5 339.8 -437.9 -668.0 -965.9
2087 Liquid 72.6 197.9 340.7 -441.9 -672.0 -969.9
2089 SADBOYS 73.5 199.0 342.2 -445.9 -676.0 -973.9
2093 rox.KIS 75.3 200.9 343.4 -449.9 -680.0 -977.9
2094 Insane 71.3 196.9 339.4 -442.1 -673.0 -971.7
2095 Titan 72.7 198.6 340.0 -446.1 -677.0 -975.7
2097 rox.KIS 74.1 200.2 340.8 -450.1 -681.0 -979.7
2098 Zephyr 75.2 201.3 342.2 -454.1 -685.0 -983.7
2099 rox.KIS 77.2 203.2 344.1 -458.1 -689.0 -987.7
2100 PR 78.6 204.7 345.3 -462.1 -693.0 -991.7
2102 MYM 80.2 206.4 347.2 -466.1 -697.0 -995.7
2104 Arrow 76.2 202.4 343.2 -457.1 -688.1 -987.8
2113 TCN 77.8 204.4 344.3 -461.1 -692.1 -991.8
2117 Titan 79.9 206.9 345.8 -465.1 -696.1 -995.8
2119 Empire 80.6 207.8 346.3 -469.1 -700.1 -999.8
2121 Relax 81.7 209.1 347.4 -473.1 -704.1 -1003.8
2123 rox.KIS 82.6 210.2 348.1 -477.1 -708.1 -1007.8
2128 Alliance 84.2 211.9 349.7 -481.1 -712.1 -1011.8
2131 Titan 84.9 212.8 350.8 -485.1 -716.1 -1015.8
2132 Fnatic.eu 86.6 214.5 352.4 -489.1 -720.1 -1019.8
2133 Next.kz 82.6 210.5 348.4 -472.8 -705.3 -999.7
2135 rox.KIS 84.6 212.7 350.9 -476.8 -709.3 -1003.7
2136 Swage 86.3 214.6 352.7 -480.8 -713.3 -1007.7
2137 Revenge 88.0 216.4 353.9 -484.8 -717.3 -1011.7
2138 Liquid 89.0 217.5 354.6 -488.8 -721.3 -1015.7
2139 eHug 90.7 219.3 356.1 -492.8 -725.3 -1019.7
2140 PssT 86.7 215.3 352.1 -485.4 -717.3 -1012.4
2141 WWD 88.2 216.8 353.9 -489.4 -721.3 -1016.4
2143 MiTH 89.7 218.3 355.2 -493.4 -725.3 -1020.4
2146 Fnatic.eu 91.6 220.4 356.9 -497.4 -729.3 -1024.4
2147 Na'Vi 92.7 221.6 358.2 -501.4 -733.3 -1028.4
2148 PR 88.7 217.6 354.2 -489.4 -723.5 -1020.2
2149 Sigma.int 90.3 219.3 356.1 -493.4 -727.5 -1024.2
2152 Relax 86.3 215.3 352.1 -483.2 -717.8 -1014.5
2155 MYM 88.0 216.9 354.0 -487.2 -721.8 -1018.5
2156 Cloud9 89.0 218.1 354.7 -491.2 -725.8 -1022.5
2158 Denial 85.0 214.1 350.7 -481.4 -716.5 -1010.5
2159 SADBOYS 85.7 215.0 351.8 -485.4 -720.5 -1014.5
2160 Dog 87.1 216.8 353.8 -489.4 -724.5 -1018.5
2162 Orange 88.0 217.9 355.0 -493.4 -728.5 -1022.5
2165 TR 84.0 213.9 351.0 -479.3 -715.9 -1003.0
2169 WWD 86.3 216.6 352.3 -483.3 -719.9 -1007.0
2170 ZR 82.3 212.6 348.3 -474.2 -710.2 -998.1
2171 Relax 84.1 214.4 350.1 -478.2 -714.2 -1002.1
2172 Na'Vi 85.2 215.7 350.9 -482.2 -718.2 -1006.1
2175 Liquid 86.1 216.7 352.2 -486.2 -722.2 -1010.1
2177 Dog 87.5 218.5 354.6 -490.2 -726.2 -1014.1
2178 VP 88.8 219.9 355.8 -494.2 -730.2 -1018.1
2181 MiT 84.8 215.9 351.8 -481.6 -717.9 -1006.9
2185 Scythe 86.1 217.6 352.3 -485.6 -721.9 -1010.9
2187 Titan 86.7 218.4 353.3 -489.6 -725.9 -1014.9
2188 Everlast 82.7 214.4 349.3 -474.0 -713.4 -1004.2
2190 VP 83.9 215.5 350.5 -478.0 -717.4 -1008.2
2193 Na'Vi 85.8 217.2 352.2 -482.0 -721.4 -1012.2
2197 Empire 86.6 218.2 353.5 -486.0 -725.4 -1016.2
2200 Alliance 87.9 219.4 355.0 -490.0 -729.4 -1020.2
2204 Osiris 83.9 215.4 351.0 -480.7 -719.8 -1011.2
2210 Titan 84.6 216.3 352.1 -484.7 -723.8 -1015.2
2213 Arrow 85.3 217.2 353.4 -488.7 -727.8 -1019.2
2214 Orange 86.1 218.2 353.9 -492.7 -731.8 -1023.2
2215 ADN 82.1 214.2 349.9 -483.6 -722.1 -1016.4
2216 Alliance 83.6 215.9 351.6 -487.6 -726.1 -1020.4
2218 VP 79.6 211.9 347.6 -478.1 -717.9 -1012.7
2226 Empire 75.6 207.9 343.6 -468.2 -708.0 -1006.3
2228 Titan 76.3 208.7 344.0 -472.2 -712.0 -1010.3
2229 Scythe 77.8 210.4 344.8 -476.2 -716.0 -1014.3
2231 Arrow 79.8 212.8 346.5 -480.2 -720.0 -1018.3
2237 Execration 81.4 214.4 348.2 -484.2 -724.0 -1022.3
2238 FD 82.9 216.1 349.7 -488.2 -728.0 -1026.3
2239 Orange 78.9 212.1 345.7 -476.1 -718.9 -1018.5
2240 Spirit 74.9 208.1 341.7 -468.3 -711.1 -1009.4
2241 hehe 70.9 204.1 337.7 -451.0 -696.1 -982.8
2242 PR 66.9 200.1 333.7 -440.8 -686.7 -969.3
2244 EG 68.5 202.1 334.6 -444.8 -690.7 -973.3
2248 DT.NGC 70.2 204.1 337.0 -448.8 -694.7 -977.3
2249 Titan 71.3 205.3 338.4 -452.8 -698.7 -981.3
2251 Zephyr 72.6 206.7 340.1 -456.8 -702.7 -985.3
2258 Arrow 68.6 202.7 336.1 -448.5 -695.9 -979.6
2260 FL 70.1 204.4 337.1 -452.5 -699.9 -983.6
2261 CIS 66.1 200.4 333.1 -433.3 -686.1 -973.4
2262 Mski 68.1 202.6 334.8 -437.3 -690.1 -977.4
2269 Na'Vi 69.9 204.5 336.5 -441.3 -694.1 -981.4
2270 RRQ 65.9 200.5 332.5 -433.9 -686.8 -974.4
2271 Titan 67.7 202.4 334.3 -437.9 -690.8 -978.4
2273 VG 68.4 203.3 335.5 -441.9 -694.8 -982.4
2274 LGD.cn 70.3 205.6 336.8 -445.9 -698.8 -986.4
2275 Orange 71.0 206.3 337.5 -449.9 -702.8 -990.4
2277 FD 72.3 207.8 338.4 -453.9 -706.8 -994.4
2278 MiTH 73.4 208.9 339.8 -457.9 -710.8 -998.4
2279 DUZA 74.9 210.5 341.1 -461.9 -714.8 -1002.4
2280 DK 75.5 211.2 342.0 -465.9 -718.8 -1006.4
2282 iG 76.2 212.1 342.5 -469.9 -722.8 -1010.4
2283 Fnatic.eu 77.9 214.0 344.4 -473.9 -726.8 -1014.4
2284 Zephyr 79.2 215.4 345.7 -477.9 -730.8 -1018.4
2285 Na'Vi 80.3 216.5 346.9 -481.9 -734.8 -1022.4
2288 EG 76.3 212.5 342.9 -472.4 -725.1 -1014.6
2289 DT.NGC 72.3 208.5 338.9 -461.9 -713.6 -1008.7
2290 Orange 68.3 204.5 334.9 -452.7 -705.2 -1000.9
2292 Na'Vi 69.8 205.9 336.4 -456.7 -709.2 -1004.9
2293 Alliance 70.9 207.2 337.3 -460.7 -713.2 -1008.9
2295 Arrow 71.9 208.4 338.6 -464.7 -717.2 -1012.9
