0 0 0.0 0.0 0.0 0.0 0.0 0.0
15 Fnatic 3.5 3.5 2.5 -4.0 -4.0 -4.0
16 Empire -0.5 -0.5 -1.5 0.6 0.9 1.0
17 Turtle 2.1 2.0 1.3 -3.4 -3.1 -3.0
18 Na'Vi 2.9 3.1 2.8 -7.4 -7.1 -7.0
19 Empire 4.4 5.0 4.7 -11.4 -11.1 -11.0
23 mouz 5.2 5.9 5.9 -15.4 -15.1 -15.0
26 Empire 1.2 1.9 1.9 -5.0 -6.6 -7.2
28 Quantic -2.8 -2.1 -2.1 1.6 0.5 -0.6
29 GU.pe -6.8 -6.1 -6.1 13.7 10.4 8.9
31 Liquid -5.1 -4.2 -4.0 9.7 6.4 4.9
32 Alliance -4.4 -3.1 -2.8 5.7 2.4 0.9
34 EG -8.4 -7.1 -6.8 13.9 9.3 7.4
39 VP -12.4 -11.1 -10.8 19.8 15.4 12.9
40 Fnatic.eu -11.0 -9.1 -8.8 15.8 11.4 8.9
41 Empire -9.9 -7.8 -7.1 11.8 7.4 4.9
42 Liquid -13.9 -11.8 -11.1 17.5 13.0 9.8
43 mouz -12.3 -9.9 -9.2 13.5 9.0 5.8
44 Quantic -10.9 -8.0 -7.1 9.5 5.0 1.8
45 Quantic -8.9 -5.6 -4.8 5.5 1.0 -2.2
48 VP -7.5 -4.0 -2.7 1.5 -3.0 -6.2
49 Liquid -6.7 -2.8 -1.3 -2.5 -7.0 -10.2
50 3DMAX -10.7 -6.8 -5.3 22.7 10.5 4.8
51 Liquid -14.7 -10.8 -9.3 33.8 20.1 12.4
53 VP -18.7 -14.8 -13.3 44.4 28.8 20.5
54 4FC -16.1 -11.6 -9.8 40.4 24.8 16.5
57 Dignitas -14.4 -9.4 -7.4 36.4 20.8 12.5
58 Na'Vi -13.1 -7.8 -5.7 32.4 16.8 8.5
59 VP -17.1 -11.8 -9.7 43.8 25.7 16.8
60 Na'Vi -16.1 -10.6 -8.3 39.8 21.7 12.8
63 EG -20.1 -14.6 -12.3 45.4 26.6 17.7
67 Ptd.Bravo -24.1 -18.6 -16.3 50.1 31.8 22.3
69 Dignitas -21.4 -15.8 -13.5 46.1 27.8 18.3
70 Quantic -18.3 -13.0 -10.3 42.1 23.8 14.3
71 Liquid -16.9 -11.4 -8.4 38.1 19.8 10.3
72 Neo.int -20.9 -15.4 -12.4 43.0 25.2 15.2
73 Zenith -20.1 -14.4 -11.3 39.0 21.2 11.2
74 Dignitas -24.1 -18.4 -15.3 45.7 27.3 17.3
75 Fnatic.eu -22.8 -16.9 -13.5 41.7 23.3 13.3
76 eN.Legs -20.4 -13.7 -10.1 37.7 19.3 9.3
77 VnR.Alpha -17.8 -11.8 -7.4 33.7 15.3 5.3
78 Fnatic.eu -21.8 -15.8 -11.4 38.4 19.9 9.9
79 Na'Vi -18.8 -12.8 -8.5 34.4 15.9 5.9
80 Liquid -22.8 -16.8 -12.5 41.9 23.8 12.0
81 Neo.int -20.3 -14.8 -10.2 37.9 19.8 8.0
82 Orange -24.3 -18.8 -14.2 45.6 27.4 15.2
83 s4 -28.3 -22.8 -18.2 49.4 32.6 20.6
85 Fnatic.eu -25.0 -19.5 -14.8 45.4 28.6 16.6
88 Liquid -29.0 -23.5 -18.8 51.1 34.2 21.8
89 Liquid -27.5 -21.8 -17.0 47.1 30.2 17.8
91 Liquid -24.2 -18.9 -14.2 43.1 26.2 13.8
93 Na'Vi -22.6 -17.1 -12.2 39.1 22.2 9.8
95 Na'Vi -20.9 -15.2 -10.1 35.1 18.2 5.8
96 Empire -18.7 -12.9 -7.6 31.1 14.2 1.8
98 Fnatic.eu -22.7 -16.9 -11.6 44.7 24.6 11.8
99 VP -20.0 -14.0 -8.4 40.7 20.6 7.8
100 Liquid -17.9 -11.8 -6.0 36.7 16.6 3.8
101 3D -15.5 -8.8 -2.9 32.7 12.6 -0.2
102 Dignitas -19.5 -12.8 -6.9 38.1 18.1 5.4
104 PtD.Alpha -17.8 -10.9 -4.9 34.1 14.1 1.4
105 Liquid -15.1 -8.2 -2.0 30.1 10.1 -2.6
106 Dignitas -12.8 -5.7 0.8 26.1 6.1 -6.6
107 iM`Bashers -10.6 -2.8 3.7 22.1 2.1 -10.6
108 ASF.R5 -9.2 -1.1 5.4 18.1 -1.9 -14.6
110 Empire -7.8 0.5 7.0 14.1 -5.9 -18.6
111 Fnatic.eu -5.8 3.0 9.6 10.1 -9.9 -22.6
112 eN.Legs -4.9 4.5 11.1 6.1 -13.9 -26.6
113 Fnatic.eu -3.3 6.2 13.4 2.1 -17.9 -30.6
114 Fnatic.eu -7.3 2.2 9.4 8.1 -12.3 -24.8
117 VP -6.0 3.7 11.1 4.1 -16.3 -28.8
118 mouz -10.0 -0.3 7.1 17.5 -4.5 -19.4
119 Fnatic.eu -8.7 1.4 9.0 13.5 -8.5 -23.4
121 eN.Legs -7.2 3.2 11.3 9.5 -12.5 -27.4
123 eLPride -6.0 4.7 13.0 5.5 -16.5 -31.4
124 VP -5.0 6.0 14.5 1.5 -20.5 -35.4
125 Empire -2.5 8.6 17.3 -2.5 -24.5 -39.4
126 rox.KIS -6.5 4.6 13.3 4.7 -17.4 -33.4
128 ASF.R5 -10.5 0.6 9.3 14.6 -8.8 -26.0
130 Alliance -14.5 -3.4 5.3 24.3 -0.7 -18.3
132 Alliance -18.5 -7.4 1.3 32.9 6.0 -11.8
135 Fnatic.eu -17.2 -5.9 3.0 28.9 2.0 -15.8
136 Alliance -16.3 -4.8 4.3 24.9 -2.0 -19.8
137 Na'Vi -13.6 -1.9 7.1 20.9 -6.0 -23.8
138 TCM -17.6 -5.9 3.1 33.5 5.3 -14.2
140 CastersEN -21.6 -9.9 -0.9 38.3 10.9 -8.4
141 mouz -19.2 -7.3 1.8 34.3 6.9 -12.4
142 Alliance -23.2 -11.3 -2.2 39.5 11.7 -7.7
143 Na'Vi -22.1 -9.9 -0.6 35.5 7.7 -11.7
144 mouz -26.1 -13.9 -4.6 40.9 12.7 -6.8
145 Alliance -22.9 -10.6 -1.4 36.9 8.7 -10.8
146 Liquid -20.5 -8.1 1.4 32.9 4.7 -14.8
147 4FC -24.5 -12.1 -2.6 38.4 10.2 -9.1
148 Empire -21.8 -9.2 0.5 34.4 6.2 -13.1
151 EG -25.8 -13.2 -3.5 43.9 14.5 -5.1
152 Alliance -22.8 -10.0 -0.3 39.9 10.5 -9.1
153 Liquid -26.8 -14.0 -4.3 46.7 18.0 -1.5
154 VP -24.3 -11.6 -1.9 42.7 14.0 -5.5
155 iG -22.3 -9.3 0.6 38.7 10.0 -9.5
157 Fnatic.eu -20.0 -7.0 2.9 34.7 6.0 -13.5
159 VP -24.0 -11.0 -1.1 42.7 13.1 -7.5
161 Empire -28.0 -15.0 -5.1 48.3 18.6 -2.1
162 rox.KIS -26.1 -13.1 -3.1 44.3 14.6 -6.1
163 Lounge -23.5 -10.4 -0.2 40.3 10.6 -10.1
164 Dignitas -22.3 -8.9 1.5 36.3 6.6 -14.1
165 eN.Legs -20.5 -7.0 3.8 32.3 2.6 -18.1
166 Fnatic.eu -18.5 -4.9 6.1 28.3 -1.4 -22.1
167 LGD.int -17.6 -3.9 7.4 24.3 -5.4 -26.1
171 LGD.int -16.7 -2.9 8.6 20.3 -9.4 -30.1
172 Liquid -15.1 -1.3 10.3 16.3 -13.4 -34.1
173 VP -13.1 1.0 12.8 12.3 -17.4 -38.1
175 Na'Vi -12.1 2.2 14.4 8.3 -21.4 -42.1
176 Alliance -9.7 5.1 17.5 4.3 -25.4 -46.1
177 QPandas -13.7 1.1 13.5 17.6 -14.3 -36.7
178 Dignitas -11.1 4.4 16.9 13.6 -18.3 -40.7
179 Liquid -15.1 0.4 12.9 23.4 -9.5 -32.6
180 Empire -19.1 -3.6 8.9 35.7 0.1 -24.3
181 iCCup -23.1 -7.6 4.9 51.3 11.4 -14.4
182 Empire -20.7 -4.9 7.8 47.3 7.4 -18.4
183 Fnatic.eu -24.7 -8.9 3.8 54.8 13.9 -12.1
185 LGD.int -23.4 -7.4 5.5 50.8 9.9 -16.1
186 Alliance -21.7 -5.5 7.5 46.8 5.9 -20.1
187 VP -25.7 -9.5 3.5 53.8 12.4 -14.2
188 LGD.cn -29.7 -13.5 -0.5 58.8 17.7 -8.9
189 Dignitas -33.7 -17.5 -4.5 65.5 24.0 -3.1
190 Alliance -37.7 -21.5 -8.5 71.3 29.5 2.4
191 Liquid -41.7 -25.5 -12.5 76.4 35.0 7.8
193 VP -45.7 -29.5 -16.5 81.9 40.3 12.9
194 Alliance -44.0 -27.6 -14.5 77.9 36.3 8.9
195 Dignitas -48.0 -31.6 -18.5 83.5 42.6 16.6
196 Orange -52.0 -35.6 -22.5 92.7 51.2 24.7
198 iG -50.7 -34.0 -20.6 88.7 47.2 20.7
199 Dignitas -54.7 -38.0 -24.6 93.8 52.3 25.8
201 Orange -51.7 -34.7 -21.1 89.8 48.3 21.8
202 Alliance -49.1 -32.0 -18.3 85.8 44.3 17.8
203 Alliance -45.8 -28.6 -14.8 81.8 40.3 13.8
205 Fnatic.eu -49.8 -32.6 -18.8 87.6 46.1 19.5
206 LGD.cn -48.0 -30.8 -16.9 83.6 42.1 15.5
207 Alliance -46.2 -28.8 -14.6 79.6 38.1 11.5
208 iG -45.2 -27.5 -13.0 75.6 34.1 7.5
209 Liquid -43.6 -25.6 -10.8 71.6 30.1 3.5
210 LGD.cn -40.7 -23.0 -8.2 67.6 26.1 -0.5
211 Liquid -38.1 -20.0 -5.0 63.6 22.1 -4.5
212 Dignitas -42.1 -24.0 -9.0 69.7 28.3 1.5
213 DK -46.1 -28.0 -13.0 78.6 37.2 10.0
215 Liquid -43.8 -25.5 -10.5 74.6 33.2 6.0
216 Liquid -47.8 -29.5 -14.5 82.0 40.0 12.7
217 DK -44.4 -26.6 -11.7 78.0 36.0 8.7
218 Fnatic.eu -42.2 -24.5 -9.5 74.0 32.0 4.7
219 Dignitas -40.5 -22.7 -7.5 70.0 28.0 0.7
220 Fnatic.eu -38.8 -20.9 -5.5 66.0 24.0 -3.3
221 Alliance -37.2 -19.1 -3.5 62.0 20.0 -7.3
224 mouz -41.2 -23.1 -7.5 71.3 29.1 0.9
226 Alliance -40.4 -22.0 -6.1 67.3 25.1 -3.1
227 Kaipi -44.4 -26.0 -10.1 76.4 33.3 4.0
229 Liquid -48.4 -30.0 -14.1 86.6 42.1 11.9
230 VP -46.2 -27.5 -11.4 82.6 38.1 7.9
231 Na'Vi -44.7 -25.9 -9.6 78.6 34.1 3.9
232 Alliance -42.0 -23.0 -6.5 74.6 30.1 -0.1
233 mouz -40.4 -21.3 -4.6 70.6 26.1 -4.1
234 rox.KIS -38.9 -19.6 -2.8 66.6 22.1 -8.1
235 aL -37.8 -18.3 -1.3 62.6 18.1 -12.1
236 mouz -41.8 -22.3 -5.3 78.3 30.5 -2.0
237 Na'Vi -40.1 -20.5 -3.4 74.3 26.5 -6.0
238 rox.KIS -37.5 -17.8 -0.5 70.3 22.5 -10.0
239 Na'Vi -36.1 -16.2 1.3 66.3 18.5 -14.0
240 Na'Vi -35.2 -15.1 2.6 62.3 14.5 -18.0
242 EG -39.2 -19.1 -1.4 70.7 22.6 -10.3
243 Alliance -36.8 -16.5 1.4 66.7 18.6 -14.3
244 Alliance -34.9 -14.3 4.1 62.7 14.6 -18.3
246 Na'Vi -33.9 -13.3 5.4 58.7 10.6 -22.3
247 Dignitas -31.2 -9.9 9.0 54.7 6.6 -26.3
248 Liquid -29.6 -8.2 10.8 50.7 2.6 -30.3
249 Fnatic.eu -26.6 -5.4 13.7 46.7 -1.4 -34.3
250 Alliance -30.6 -9.4 9.7 53.9 5.9 -27.6
251 Alliance -29.1 -7.7 11.5 49.9 1.9 -31.6
252 VP -33.1 -11.7 7.5 56.7 7.8 -26.1
253 Liquid -37.1 -15.7 3.5 73.4 21.6 -14.7
254 EG -41.1 -19.7 -0.5 81.2 28.9 -8.2
255 Na'Vi -39.4 -17.8 1.7 77.2 24.9 -12.2
256 Alliance -37.8 -15.9 3.7 73.2 20.9 -16.2
258 Alliance -36.3 -14.2 5.6 69.2 16.9 -20.2
259 Liquid -33.2 -10.9 9.1 65.2 12.9 -24.2
260 Alliance -31.6 -9.1 11.0 61.2 8.9 -28.2
261 Liquid -29.3 -6.5 13.7 57.2 4.9 -32.2
264 Lounge -33.3 -10.5 9.7 62.8 10.3 -26.9
268 Na'Vi -32.3 -9.3 11.2 58.8 6.3 -30.9
269 EG -36.3 -13.3 7.2 64.9 11.9 -25.5
270 Liquid -34.8 -11.6 9.1 60.9 7.9 -29.5
271 Na'Vi -33.7 -10.2 10.7 56.9 3.9 -33.5
273 mouz -32.3 -8.8 12.3 52.9 -0.1 -37.5
274 Liquid -30.9 -7.1 14.2 48.9 -4.1 -41.5
275 EG -34.9 -11.1 10.2 68.2 12.8 -27.3
276 Alliance -33.9 -9.9 11.5 64.2 8.8 -31.3
277 Na'Vi -32.2 -7.9 13.9 60.2 4.8 -35.3
279 Dignitas -30.8 -6.2 15.9 56.2 0.8 -39.3
280 Zenith -29.7 -4.9 17.5 52.2 -3.2 -43.3
281 EG -33.7 -8.9 13.5 60.3 3.8 -37.1
282 Alliance -32.8 -7.8 14.9 56.3 -0.2 -41.1
283 VG -36.8 -11.8 10.9 71.4 12.4 -31.0
284 Liquid -34.7 -9.4 13.5 67.4 8.4 -35.0
285 rox.KIS -31.7 -6.2 16.9 63.4 4.4 -39.0
286 Dignitas -30.2 -4.6 18.6 59.4 0.4 -43.0
289 Dignitas -28.3 -2.3 21.0 55.4 -3.6 -47.0
290 Na'Vi -26.1 8.881784197e-15 23.5 51.4 -7.6 -51.0
291 Alliance -24.7 1.6 25.4 47.4 -11.6 -55.0
292 rox.KIS -28.7 -2.4 21.4 55.8 -4.2 -48.2
293 aL -32.7 -6.4 17.4 69.7 8.6 -37.2
294 Alliance -31.7 -5.2 18.9 65.7 4.6 -41.2
295 Quantic -35.7 -9.2 14.9 70.6 10.1 -35.7
296 Quantic -32.8 -6.1 18.1 66.6 6.1 -39.7
297 rox.KIS -31.3 -4.3 20.1 62.6 2.1 -43.7
298 Zenith -29.4 -2.3 22.3 58.6 -1.9 -47.7
299 rox.KIS -27.4 -0.2 24.5 54.6 -5.9 -51.7
300 mouz -26.2 1.2 26.2 50.6 -9.9 -55.7
301 EG -25.1 2.6 27.8 46.6 -13.9 -59.7
302 EG -23.2 4.8 30.3 42.6 -17.9 -63.7
303 QPandas -27.2 0.8 26.3 48.8 -12.2 -58.5
304 VG -26.4 1.7 27.5 44.8 -16.2 -62.5
305 mouz -24.4 3.9 29.9 40.8 -20.2 -66.5
306 LGD.cn -23.6 4.8 31.0 36.8 -24.2 -70.5
307 rox.KIS -27.6 0.8 27.0 45.1 -17.6 -64.8
308 Quantic -31.6 -3.2 23.0 50.9 -12.6 -60.1
310 iG -30.7 -2.0 24.6 46.9 -16.6 -64.1
312 mouz -34.7 -6.0 20.6 52.5 -11.1 -58.5
313 mouz -38.7 -10.0 16.6 59.0 -4.8 -52.6
314 VP -37.3 -8.4 18.4 55.0 -8.8 -56.6
315 Liquid -35.6 -6.6 20.3 51.0 -12.8 -60.6
316 LGD.cn -35.0 -5.8 21.4 47.0 -16.8 -64.6
317 FD -39.0 -9.8 17.4 59.8 -6.8 -56.1
318 mouz -36.1 -6.6 20.7 55.8 -10.8 -60.1
319 Na'Vi -35.0 -5.4 22.1 51.8 -14.8 -64.1
321 mouz -34.1 -4.4 23.4 47.8 -18.8 -68.1
322 RS -32.6 -2.6 25.5 43.8 -22.8 -72.1
323 TongFu -36.6 -6.6 21.5 49.3 -17.3 -66.6
324 QPandas -40.6 -10.6 17.5 62.8 -5.8 -57.0
325 RS -38.1 -7.7 20.5 58.8 -9.8 -61.0
326 PR -42.1 -11.7 16.5 68.9 -0.4 -52.4
327 rox.KIS -46.1 -15.7 12.5 78.9 8.3 -44.5
328 4FC -50.1 -19.7 8.5 85.2 14.4 -38.7
330 TongFu -54.1 -23.7 4.5 104.8 30.1 -27.5
331 EG -58.1 -27.7 0.5 113.5 38.3 -19.9
332 RStars -55.5 -24.6 4.1 109.5 34.3 -23.9
333 VG -54.1 -22.9 6.1 105.5 30.3 -27.9
334 VP -52.7 -21.1 8.2 101.5 26.3 -31.9
336 MiTH -49.8 -17.8 11.9 97.5 22.3 -35.9
337 TongFu -48.9 -16.6 13.5 93.5 18.3 -39.9
338 Na'Vi -48.0 -15.5 14.9 89.5 14.3 -43.9
339 RStars -45.7 -12.4 18.1 85.5 10.3 -47.9
340 mouz -44.9 -11.5 19.2 81.5 6.3 -51.9
342 Alliance -42.1 -9.0 21.8 77.5 2.3 -55.9
344 LGD.cn -46.1 -13.0 17.8 88.1 12.1 -47.2
345 LGD.cn -44.3 -11.2 19.7 84.1 8.1 -51.2
346 Alliance -43.2 -10.0 21.1 80.1 4.1 -55.2
347 Orange -47.2 -14.0 17.1 88.4 10.5 -49.4
348 Na'Vi -45.8 -12.3 18.9 84.4 6.5 -53.4
349 Quantic -42.8 -9.0 22.6 80.4 2.5 -57.4
351 Alliance -40.8 -6.8 24.9 76.4 -1.5 -61.4
352 LGD.cn -39.7 -5.5 26.4 72.4 -5.5 -65.4
353 iG -38.0 -3.6 28.5 68.4 -9.5 -69.4
355 DK -42.0 -7.6 24.5 77.3 0.2 -60.3
356 Liquid -46.0 -11.6 20.5 91.4 12.1 -50.5
357 LGD.cn -44.3 -9.8 22.4 87.4 8.1 -54.5
358 Alliance -42.3 -7.7 24.6 83.4 4.1 -58.5
360 mouz -40.5 -5.8 26.8 79.4 0.1 -62.5
362 LGD.cn -39.1 -4.5 28.3 75.4 -3.9 -66.5
363 Alliance -37.0 -2.4 30.4 71.4 -7.9 -70.5
364 Zenith -35.9 -1.1 31.9 67.4 -11.9 -74.5
365 rox.KIS -39.9 -5.1 27.9 75.7 -4.6 -68.2
366 Dignitas -43.9 -9.1 23.9 84.4 4.3 -60.1
368 mouz -42.5 -7.5 25.8 80.4 0.3 -64.1
369 iCCup -46.5 -11.5 21.8 91.3 10.7 -54.5
370 iCCup -44.2 -8.8 24.8 87.3 6.7 -58.5
372 Quantic -48.2 -12.8 20.8 95.8 14.6 -51.7
373 Na'Vi -47.4 -11.9 21.8 91.8 10.6 -55.7
374 Dignitas -51.4 -15.9 17.8 97.3 16.0 -50.8
375 VG -49.7 -13.9 19.9 93.3 12.0 -54.8
376 LGD.cn -48.9 -12.9 21.1 89.3 8.0 -58.8
377 LGD.cn -47.7 -11.8 22.4 85.3 4.0 -62.8
378 VP -46.2 -10.2 24.2 81.3 7.1054273576e-15 -66.8
379 Na'Vi -45.3 -9.1 25.5 77.3 -4.0 -70.8
380 4FC -42.6 -6.1 28.7 73.3 -8.0 -74.8
381 RS -39.6 -3.0 31.9 69.3 -12.0 -78.8
382 Fnatic.eu -43.6 -7.0 27.9 77.7 -4.9 -72.4
383 RS -47.6 -11.0 23.9 87.0 4.3 -63.7
384 Alliance -46.6 -9.7 25.5 83.0 0.3 -67.7
385 Alliance -44.3 -6.7 29.1 79.0 -3.7 -71.7
387 LGD.cn -43.1 -5.3 30.7 75.0 -7.7 -75.7
388 Dignitas -42.1 -4.1 32.5 71.0 -11.7 -79.7
389 iG -41.2 -3.1 33.8 67.0 -15.7 -83.7
390 Na'Vi -39.8 -1.5 35.6 63.0 -19.7 -87.7
392 Alliance -38.7 -0.2 37.1 59.0 -23.7 -91.7
393 Kaipi -42.7 -4.2 33.1 68.2 -13.8 -83.2
394 MX -40.5 -1.8 35.8 64.2 -17.8 -87.2
395 LGD.cn -37.2 1.4 39.1 60.2 -21.8 -91.2
396 Liquid -36.6 2.1 40.1 56.2 -25.8 -95.2
397 rox.KIS -34.1 4.2 42.3 52.2 -29.8 -99.2
398 Alliance -33.4 5.0 43.3 48.2 -33.8 -103.2
399 VP -37.4 1.0 39.3 56.6 -25.8 -95.5
400 VP -41.4 -3.0 35.3 60.9 -21.0 -90.8
402 DK -45.4 -7.0 31.3 67.0 -13.7 -83.7
403 RStars -49.4 -11.0 27.3 78.4 -3.1 -74.7
404 MiTH -47.7 -9.1 29.4 74.4 -7.1 -78.7
405 mouz -51.7 -13.1 25.4 79.0 -2.2 -73.8
407 PR -49.9 -10.8 28.2 75.0 -6.2 -77.8
408 TM -48.2 -8.9 30.4 71.0 -10.2 -81.8
409 Orange -47.1 -7.5 32.1 67.0 -14.2 -85.8
410 Alliance -46.4 -6.6 33.2 63.0 -18.2 -89.8
411 Quantic -50.4 -10.6 29.2 68.4 -13.2 -85.1
412 mouz -48.5 -8.5 31.5 64.4 -17.2 -89.1
414 Alliance -47.6 -7.4 32.9 60.4 -21.2 -93.1
416 4FC -51.6 -11.4 28.9 78.9 -4.7 -79.2
417 mouz -55.6 -15.4 24.9 92.8 7.2 -69.2
418 VP -53.8 -13.6 27.0 88.8 3.2 -73.2
420 Na'Vi -57.8 -17.6 23.0 95.8 8.6 -68.3
421 Na'Vi -56.3 -16.0 24.8 91.8 4.6 -72.3
423 Quantic -53.7 -13.4 27.6 87.8 0.6 -76.3
424 Kaipi -57.7 -17.4 23.6 98.6 11.4 -66.5
425 mouz -55.8 -15.3 25.9 94.6 7.4 -70.5
426 Artyk -53.9 -12.9 28.7 90.6 3.4 -74.5
427 rox.KIS -52.6 -11.5 30.3 86.6 -0.6 -78.5
428 Kaipi -51.0 -9.5 32.7 82.6 -4.6 -82.5
429 Liquid -48.4 -7.0 35.3 78.6 -8.6 -86.5
430 rox.KIS -47.2 -5.7 36.7 74.6 -12.6 -90.5
431 Quantic -46.2 -4.4 38.3 70.6 -16.6 -94.5
432 Kaipi -44.6 -3.0 39.9 66.6 -20.6 -98.5
433 DK -43.4 -1.6 41.6 62.6 -24.6 -102.5
436 EG -40.0 1.7 44.9 58.6 -28.6 -106.5
437 Quantic -39.0 2.7 46.2 54.6 -32.6 -110.5
438 Na'Vi -37.0 4.6 48.2 50.6 -36.6 -114.5
439 Artyk -36.1 5.6 49.7 46.6 -40.6 -118.5
440 Orange -34.1 8.1 52.4 42.6 -44.6 -122.5
441 Na'Vi -33.2 9.1 53.6 38.6 -48.6 -126.5
442 Kaipi -31.1 11.0 55.6 34.6 -52.6 -130.5
443 Kaipi -35.1 7.0 51.6 47.3 -39.2 -118.6
444 Artyk -39.1 3.0 47.6 58.2 -29.0 -109.3
445 TM -38.0 4.4 49.2 54.2 -33.0 -113.3
446 Orange -37.1 5.4 50.4 50.2 -37.0 -117.3
447 DK -35.9 6.7 52.0 46.2 -41.0 -121.3
448 VP -39.9 2.7 48.0 57.3 -31.3 -112.9
449 VP -38.4 4.6 50.2 53.3 -35.3 -116.9
451 Kaipi -37.5 5.6 51.4 49.3 -39.3 -120.9
452 EG -35.9 7.4 53.4 45.3 -43.3 -124.9
453 Fnatic.eu -39.9 3.4 49.4 58.4 -32.1 -115.9
454 Kaipi -43.9 -0.6 45.4 65.0 -26.5 -110.8
455 EG -41.1 2.4 48.4 61.0 -30.5 -114.8
456 Fnatic.eu -45.1 -1.6 44.4 67.0 -24.4 -109.1
457 Alliance -43.3 0.4 46.5 63.0 -28.4 -113.1
458 EG -47.3 -3.6 42.5 67.6 -23.5 -108.6
459 Alliance -45.7 -1.8 44.5 63.6 -27.5 -112.6
460 Kaipi -49.7 -5.8 40.5 70.0 -21.7 -107.1
461 Alliance -48.9 -4.9 41.7 66.0 -25.7 -111.1
463 VP -46.2 -2.4 44.4 62.0 -29.7 -115.1
464 Fnatic.eu -44.7 -0.9 46.0 58.0 -33.7 -119.1
465 Alliance -43.3 0.5 47.6 54.0 -37.7 -123.1
466 iCCup -41.4 2.5 49.9 50.0 -41.7 -127.1
467 Na'Vi -39.6 4.6 52.2 46.0 -45.7 -131.1
468 Quantic -38.1 6.1 53.9 42.0 -49.7 -135.1
469 Alliance -36.5 7.7 55.7 38.0 -53.7 -139.1
470 mouz -33.8 10.4 58.6 34.0 -57.7 -143.1
471 4FC -37.8 6.4 54.6 47.2 -45.0 -132.2
475 Na'Vi -36.8 7.4 55.8 43.2 -49.0 -136.2
476 Na'Vi -35.3 9.0 57.6 39.2 -53.0 -140.2
477 mouz -32.6 12.0 60.7 35.2 -57.0 -144.2
478 rox.KIS -29.1 15.0 63.8 31.2 -61.0 -148.2
479 4FC -28.0 16.2 65.3 27.2 -65.0 -152.2
480 Orange -27.0 17.4 66.8 23.2 -69.0 -156.2
481 TM -25.7 19.1 68.8 19.2 -73.0 -160.2
482 Smeagol -23.9 21.4 71.2 15.2 -77.0 -164.2
483 paiN -27.9 17.4 67.2 23.8 -68.5 -157.1
484 Empire -31.9 13.4 63.2 40.5 -53.3 -145.2
486 Na'Vi -30.7 14.6 64.5 36.5 -57.3 -149.2
487 Kaipi -28.5 17.2 67.4 32.5 -61.3 -153.2
488 Fnatic.eu -32.5 13.2 63.4 50.2 -46.5 -141.6
489 LGD.int -30.9 14.8 65.3 46.2 -50.5 -145.6
490 paiN.int -28.2 17.9 68.7 42.2 -54.5 -149.6
491 TM -26.9 19.6 70.6 38.2 -58.5 -153.6
492 iCCup -25.6 21.2 72.4 34.2 -62.5 -157.6
493 iCCup -24.6 22.4 73.8 30.2 -66.5 -161.6
494 zRage -28.6 18.4 69.8 50.7 -48.3 -145.9
495 Artyk -27.4 20.0 71.8 46.7 -52.3 -149.9
496 TongFu -25.4 22.4 74.4 42.7 -56.3 -153.9
497 DK -29.4 18.4 70.4 48.2 -51.1 -148.9
498 mouz -28.2 19.7 72.0 44.2 -55.1 -152.9
499 Liquid -27.0 21.1 73.4 40.2 -59.1 -156.9
500 Liquid -31.0 17.1 69.4 46.4 -52.1 -150.2
501 eLPride -35.0 13.1 65.4 52.0 -45.7 -143.7
502 VP -34.3 13.9 66.4 48.0 -49.7 -147.7
503 Dignitas -33.5 14.9 67.7 44.0 -53.7 -151.7
504 VP -31.8 16.7 69.8 40.0 -57.7 -155.7
505 Na'Vi -31.3 17.3 70.6 36.0 -61.7 -159.7
506 EG -30.5 18.2 71.8 32.0 -65.7 -163.7
507 Na'Vi -29.6 19.2 73.1 28.0 -69.7 -167.7
508 Na'Vi -29.1 19.8 73.8 24.0 -73.7 -171.7
509 Keita -26.1 22.2 76.1 20.0 -77.7 -175.7
510 Fnatic.eu -30.1 18.2 72.1 24.9 -73.0 -171.5
511 Alliance -28.0 20.5 74.6 20.9 -77.0 -175.5
512 Quantic -32.0 16.5 70.6 38.6 -61.8 -161.6
513 EG -36.0 12.5 66.6 51.9 -50.4 -151.4
514 Dignitas -40.0 8.5 62.6 73.8 -31.8 -135.4
515 Alliance -38.5 10.4 64.8 69.8 -35.8 -139.4
517 Alliance -37.0 12.2 66.9 65.8 -39.8 -143.4
518 Alliance -35.0 14.6 69.5 61.8 -43.8 -147.4
519 FSid3 -33.0 17.0 72.2 57.8 -47.8 -151.4
520 Quantic -31.9 18.3 73.8 53.8 -51.8 -155.4
521 LGD.int -35.9 14.3 69.8 63.7 -43.5 -148.0
522 Na'Vi -34.7 15.7 71.4 59.7 -47.5 -152.0
523 Na'Vi -33.0 17.5 73.4 55.7 -51.5 -156.0
524 Na'Vi -31.7 18.9 75.0 51.7 -55.5 -160.0
525 LGD.cn -29.8 20.9 77.3 47.7 -59.5 -164.0
527 Na'Vi -28.8 22.0 78.7 43.7 -63.5 -168.0
528 Liquid -27.9 23.1 80.0 39.7 -67.5 -172.0
529 EG -27.2 23.9 80.9 35.7 -71.5 -176.0
531 Na'Vi -26.3 24.9 82.1 31.7 -75.5 -180.0
532 Empire -25.3 25.9 83.3 27.7 -79.5 -184.0
533 rox.KIS -24.2 26.9 84.3 23.7 -83.5 -188.0
534 EG -21.4 29.7 87.0 19.7 -87.5 -192.0
536 Liquid -20.7 30.5 88.0 15.7 -91.5 -196.0
537 Liquid -20.1 31.2 88.9 11.7 -95.5 -200.0
538 Alliance -19.3 32.0 89.9 7.7 -99.5 -204.0
539 Quantic -15.9 35.3 93.3 3.7 -103.5 -208.0
540 EG -13.3 37.8 95.9 -0.3 -107.5 -212.0
541 VP -12.3 39.1 97.3 -4.3 -111.5 -216.0
542 Alliance -10.8 40.7 99.1 -8.3 -115.5 -220.0
543 VP -8.2 43.0 101.7 -12.3 -119.5 -224.0
544 EG -12.2 39.0 97.7 -2.1 -109.8 -214.9
545 Alliance -10.7 40.9 99.9 -6.1 -113.8 -218.9
546 Orange -8.2 43.0 102.0 -10.1 -117.8 -222.9
547 iG -6.3 44.8 103.9 -14.1 -121.8 -226.9
548 Liquid -3.2 47.9 107.2 -18.1 -125.8 -230.9
549 Fnatic.eu -7.2 43.9 103.2 -5.6 -114.8 -221.6
550 Kaipi -11.2 39.9 99.2 4.6 -104.3 -211.9
551 Kaipi -15.2 35.9 95.2 14.7 -93.4 -201.2
553 TongFu -19.2 31.9 91.2 30.5 -78.5 -188.4
557 Liquid -23.2 27.9 87.2 41.0 -69.5 -180.3
558 rox.KIS -21.5 29.7 89.2 37.0 -73.5 -184.3
561 Orange -25.5 25.7 85.2 41.6 -68.2 -179.0
562 TongFu -23.8 27.5 87.1 37.6 -72.2 -183.0
564 EG -27.8 23.5 83.1 44.5 -65.6 -176.9
567 mouz -24.8 26.7 86.5 40.5 -69.6 -180.9
568 Liquid -22.1 29.3 89.2 36.5 -73.6 -184.9
571 DK -26.1 25.3 85.2 43.9 -66.5 -178.1
573 VP -30.1 21.3 81.2 56.3 -56.3 -169.4
574 Fnatic.eu -34.1 17.3 77.2 68.2 -45.9 -160.6
575 TongFu -38.1 13.3 73.2 73.7 -40.6 -155.6
576 iCCup -42.1 9.3 69.2 86.1 -30.7 -147.1
577 rox.KIS -40.1 11.4 71.7 82.1 -34.7 -151.1
579 Alliance -37.4 14.2 74.7 78.1 -38.7 -155.1
580 VP -36.4 15.4 76.1 74.1 -42.7 -159.1
581 LGD.cn -34.0 18.2 79.2 70.1 -46.7 -163.1
584 Alliance -32.0 20.7 81.9 66.1 -50.7 -167.1
585 VP -30.5 22.5 83.8 62.1 -54.7 -171.1
586 EG -34.5 18.5 79.8 66.7 -49.9 -166.4
587 Alliance -33.1 19.8 81.2 62.7 -53.9 -170.4
588 Zenith -37.1 15.8 77.2 70.1 -46.3 -163.5
589 Alliance -35.1 17.9 79.6 66.1 -50.3 -167.5
590 Na'Vi -33.2 19.7 81.5 62.1 -54.3 -171.5
591 LGD.cn -30.5 22.6 84.5 58.1 -58.3 -175.5
592 Fnatic.eu -28.7 24.6 86.6 54.1 -62.3 -179.5
593 Quantic -26.2 27.1 89.2 50.1 -66.3 -183.5
594 mouz -23.0 30.4 92.7 46.1 -70.3 -187.5
595 Alliance -21.4 32.1 94.6 42.1 -74.3 -191.5
596 mouz -18.6 35.1 97.5 38.1 -78.3 -195.5
597 Alliance -16.8 37.0 99.5 34.1 -82.3 -199.5
598 LGD.cn -15.3 38.7 101.4 30.1 -86.3 -203.5
599 Na'Vi -11.8 41.7 104.3 26.1 -90.3 -207.5
600 mouz -15.8 37.7 100.3 38.5 -78.5 -197.0
602 Alliance -14.2 39.5 102.2 34.5 -82.5 -201.0
604 Orange -13.1 40.7 103.7 30.5 -86.5 -205.0
605 LGD.int -11.3 42.4 105.6 26.5 -90.5 -209.0
607 Kaipi -15.3 38.4 101.6 35.4 -81.9 -201.4
608 Alliance -14.0 39.9 103.3 31.4 -85.9 -205.4
611 Denial -12.0 42.3 106.0 27.4 -89.9 -209.4
612 Na'Vi -8.8 45.2 108.8 23.4 -93.9 -213.4
613 Fnatic.eu -6.0 48.0 111.6 19.4 -97.9 -217.4
615 Orange -4.7 49.4 113.2 15.4 -101.9 -221.4
616 TongFu -2.9 51.6 115.8 11.4 -105.9 -225.4
617 VP -1.5 53.2 117.6 7.4 -109.9 -229.4
618 Alliance -0.3 54.6 119.2 3.4 -113.9 -233.4
619 iG -4.3 50.6 115.2 8.7 -108.8 -228.4
620 DK -8.3 46.6 111.2 13.3 -103.2 -222.3
621 iCCup -12.3 42.6 107.2 26.9 -90.1 -211.8
622 Fnatic.eu -10.0 44.7 109.3 22.9 -94.1 -215.8
623 Alliance -8.4 46.5 111.3 18.9 -98.1 -219.8
624 Liquid -6.9 48.2 113.2 14.9 -102.1 -223.8
625 TongFu -10.9 44.2 109.2 20.6 -97.0 -219.1
626 iCCup -14.9 40.2 105.2 31.4 -87.5 -210.9
627 EG -13.1 41.9 107.1 27.4 -91.5 -214.9
628 EG -12.2 42.9 108.3 23.4 -95.5 -218.9
629 LGD.cn -16.2 38.9 104.3 30.3 -88.2 -212.1
630 iG -14.2 41.0 106.6 26.3 -92.2 -216.1
631 Alliance -13.3 42.2 108.1 22.3 -96.2 -220.1
632 mouz -11.8 43.9 110.0 18.3 -100.2 -224.1
634 Na'Vi -8.9 46.7 112.8 14.3 -104.2 -228.1
635 Dignitas -7.5 48.2 114.6 10.3 -108.2 -232.1
636 EG -6.8 49.1 115.7 6.3 -112.2 -236.1
638 Na'Vi -4.1 51.7 118.4 2.3 -116.2 -240.1
639 4FC -0.8 54.5 121.2 -1.7 -120.2 -244.1
641 mouz 1.3 57.1 124.0 -5.7 -124.2 -248.1
642 Alliance 2.3 58.3 125.5 -9.7 -128.2 -252.1
643 iG 4.6 60.4 127.8 -13.7 -132.2 -256.1
644 rox.KIS 0.6 56.4 123.8 -2.9 -122.1 -247.3
645 VP -3.4 52.4 119.8 5.6 -113.8 -239.8
646 Fnatic.eu -1.0 54.5 122.0 1.6 -117.8 -243.8
648 VP 0.7 56.6 124.4 -2.4 -121.8 -247.8
649 Fnatic.eu 4.1 60.0 128.0 -6.4 -125.8 -251.8
651 Denial 0.1 56.0 124.0 11.6 -110.4 -239.8
652 DK -3.9 52.0 120.0 17.5 -104.8 -234.4
653 VG -7.9 48.0 116.0 32.5 -91.7 -223.6
654 DK -5.9 50.6 119.2 28.5 -95.7 -227.6
656 Na'Vi -4.8 51.8 120.7 24.5 -99.7 -231.6
657 mouz -3.2 53.7 122.8 20.5 -103.7 -235.6
658 mouz -7.2 49.7 118.8 32.0 -93.6 -225.8
659 Na'Vi -5.6 51.3 120.5 28.0 -97.6 -229.8
660 RS -9.6 47.3 116.5 40.5 -86.3 -220.2
661 iG -13.6 43.3 112.5 46.0 -81.3 -215.5
662 DK -11.9 45.2 114.7 42.0 -85.3 -219.5
663 RS -15.9 41.2 110.7 46.5 -80.4 -215.1
664 RStars -19.9 37.2 106.7 62.6 -67.0 -203.9
665 Orange -17.5 39.8 109.7 58.6 -71.0 -207.9
666 LGD.cn -15.2 42.5 112.6 54.6 -75.0 -211.9
667 DK -13.4 44.4 114.8 50.6 -79.0 -215.9
668 mouz -12.6 45.4 116.1 46.6 -83.0 -219.9
669 iNfernity -10.3 48.0 119.3 42.6 -87.0 -223.9
670 EG -9.3 49.1 120.7 38.6 -91.0 -227.9
671 Fnatic.eu -8.4 50.1 121.9 34.6 -95.0 -231.9
672 Orange -6.8 51.8 123.8 30.6 -99.0 -235.9
673 LGD.cn -3.8 55.1 127.3 26.6 -103.0 -239.9
674 mouz -3.1 56.0 128.4 22.6 -107.0 -243.9
675 EG -7.1 52.0 124.4 29.0 -100.8 -238.0
676 LGD.cn -5.3 53.9 126.6 25.0 -104.8 -242.0
677 mouz -3.3 55.9 128.6 21.0 -108.8 -246.0
678 Kaipi -7.3 51.9 124.6 39.7 -92.3 -232.4
679 Fnatic.eu -11.3 47.9 120.6 49.4 -83.7 -224.6
680 Liquid -15.3 43.9 116.6 56.0 -77.0 -218.9
681 Quantic -19.3 39.9 112.6 62.7 -71.1 -213.5
682 mouz -23.3 35.9 108.6 69.0 -65.2 -208.2
683 rox.KIS -27.3 31.9 104.6 75.4 -59.5 -203.0
685 mouz -24.7 34.9 107.9 71.4 -63.5 -207.0
686 VP -22.9 36.8 110.0 67.4 -67.5 -211.0
687 VP -26.9 32.8 106.0 73.0 -62.3 -205.9
688 VP -24.9 34.9 108.4 69.0 -66.3 -209.9
690 EG -23.0 37.3 111.0 65.0 -70.3 -213.9
691 Liquid -20.8 39.7 113.6 61.0 -74.3 -217.9
692 Na'Vi -19.2 41.3 115.4 57.0 -78.3 -221.9
693 Alliance -17.6 43.0 117.3 53.0 -82.3 -225.9
695 Alliance -15.6 45.2 119.7 49.0 -86.3 -229.9
696 Fnatic.eu -14.0 46.8 121.5 45.0 -90.3 -233.9
697 Kaipi -12.4 48.4 123.3 41.0 -94.3 -237.9
699 Alliance -11.3 49.7 124.8 37.0 -98.3 -241.9
700 Orange -9.9 51.1 126.5 33.0 -102.3 -245.9
701 VG -13.9 47.1 122.5 39.1 -96.1 -240.1
702 Na'Vi -13.0 48.1 123.7 35.1 -100.1 -244.1
703 mouz -12.1 49.1 125.0 31.1 -104.1 -248.1
704 EG -16.1 45.1 121.0 39.1 -97.1 -241.8
706 RS -20.1 41.1 117.0 44.6 -91.8 -236.6
707 Orange -18.2 43.0 119.1 40.6 -95.8 -240.6
708 iCCup -22.2 39.0 115.1 50.5 -86.9 -232.6
709 Kaipi -19.2 42.1 118.4 46.5 -90.9 -236.6
710 VP -16.0 45.2 121.6 42.5 -94.9 -240.6
711 mouz -13.3 48.4 125.0 38.5 -98.9 -244.6
712 Na'Vi -12.4 49.5 126.3 34.5 -102.9 -248.6
713 MiTH -10.7 51.4 128.5 30.5 -106.9 -252.6
714 Dreamz -7.8 54.1 131.4 26.5 -110.9 -256.6
715 mouz -6.3 55.8 133.3 22.5 -114.9 -260.6
716 mouz -4.2 58.2 136.0 18.5 -118.9 -264.6
717 mouz -1.3 61.2 139.1 14.5 -122.9 -268.6
718 Dreamz -0.2 62.4 140.6 10.5 -126.9 -272.6
719 Mski 1.9 64.2 142.5 6.5 -130.9 -276.6
720 MiTH 3.7 66.0 144.5 2.5 -134.9 -280.6
721 Mski -0.3 62.0 140.5 11.9 -124.8 -271.4
722 iCCup 1.6 64.0 142.8 7.9 -128.8 -275.4
723 Kaipi 2.5 65.0 144.0 3.9 -132.8 -279.4
725 Romania 4.2 67.0 146.3 -0.1 -136.8 -283.4
726 RS 0.2 63.0 142.3 6.8 -129.8 -277.1
727 Fnatic.eu -3.8 59.0 138.3 23.6 -115.3 -265.6
729 DK -2.8 60.5 140.1 19.6 -119.3 -269.6
730 LGD.cn -2.0 61.5 141.2 15.6 -123.3 -273.6
731 iG -0.4 63.4 143.3 11.6 -127.3 -277.6
732 Alliance 0.7 64.7 144.9 7.6 -131.3 -281.6
734 TongFu 3.7 68.0 148.3 3.6 -135.3 -285.6
735 Dignitas 7.1 71.1 151.3 -0.4 -139.3 -289.6
737 Na'Vi 9.3 73.5 153.9 -4.4 -143.3 -293.6
741 TongFu 10.8 75.3 156.4 -8.4 -147.3 -297.6
743 Fnatic.eu 14.4 78.4 159.5 -12.4 -151.3 -301.6
744 Alliance 16.9 81.0 162.3 -16.4 -155.3 -305.6
745 Dignitas 12.9 77.0 158.3 5.1 -140.8 -293.9
746 DK 13.6 77.9 159.3 1.1 -144.8 -297.9
748 Na'Vi 14.8 79.2 160.9 -2.9 -148.8 -301.9
749 Liquid 10.8 75.2 156.9 9.6 -138.8 -292.0
750 Orange 13.4 78.3 160.1 5.6 -142.8 -296.0
751 Alliance 14.2 79.4 161.5 1.6 -146.8 -300.0
754 Na'Vi 14.9 80.2 162.4 -2.4 -150.8 -304.0
756 Dignitas 10.9 76.2 158.4 3.0 -146.0 -299.5
757 Alliance 12.5 77.7 159.9 -1.0 -150.0 -303.5
758 iG 14.0 79.5 161.7 -5.0 -154.0 -307.5
759 Orange 15.6 81.3 163.7 -9.0 -158.0 -311.5
761 Fnatic.eu 16.3 82.1 164.6 -13.0 -162.0 -315.5
762 Na'Vi 18.4 84.1 166.8 -17.0 -166.0 -319.5
766 Alliance 19.3 85.1 167.9 -21.0 -170.0 -323.5
767 LGD.int 15.3 81.1 163.9 -5.0 -156.1 -311.6
769 mouz 16.2 82.1 165.1 -9.0 -160.1 -315.6
770 LGD.cn 17.8 83.8 166.9 -13.0 -164.1 -319.6
771 Na'Vi 19.0 85.1 168.3 -17.0 -168.1 -323.6
772 DK 15.0 81.1 164.3 -11.5 -162.2 -318.2
773 Alliance 15.7 81.9 165.2 -15.5 -166.2 -322.2
774 TongFu 11.7 77.9 161.2 -8.9 -160.0 -316.5
775 Liquid 14.6 80.8 164.2 -12.9 -164.0 -320.5
776 Orange 15.9 82.2 165.8 -16.9 -168.0 -324.5
778 DK 17.3 84.0 167.8 -20.9 -172.0 -328.5
779 Zenith 18.2 85.0 169.0 -24.9 -176.0 -332.5
781 Alliance 19.1 86.0 170.1 -28.9 -180.0 -336.5
782 iG 21.6 88.7 173.0 -32.9 -184.0 -340.5
783 TongFu 22.5 89.6 174.0 -36.9 -188.0 -344.5
785 LGD.cn 24.5 91.9 176.5 -40.9 -192.0 -348.5
786 Na'Vi 25.5 93.0 177.8 -44.9 -196.0 -352.5
788 Dignitas 27.9 95.4 180.4 -48.9 -200.0 -356.5
790 AllStarsA 23.9 91.4 176.4 -44.2 -194.7 -351.5
791 Orange 25.6 93.3 178.4 -48.2 -198.7 -355.5
792 Fnatic.eu 28.2 95.8 181.1 -52.2 -202.7 -359.5
793 Alliance 29.4 97.1 182.7 -56.2 -206.7 -363.5
795 Liquid 30.3 98.1 183.9 -60.2 -210.7 -367.5
796 Zenith 32.2 100.1 186.2 -64.2 -214.7 -371.5
797 Liquid 28.2 96.1 182.2 -50.4 -203.3 -361.9
798 iG 30.1 98.1 184.4 -54.4 -207.3 -365.9
799 Alliance 31.2 99.3 185.9 -58.4 -211.3 -369.9
800 Na'Vi 32.6 100.7 187.4 -62.4 -215.3 -373.9
801 Orange 35.3 103.7 190.6 -66.4 -219.3 -377.9
802 iG 37.4 106.0 193.2 -70.4 -223.3 -381.9
803 Orange 33.4 102.0 189.2 -58.5 -213.7 -373.7
806 Orange 29.4 98.0 185.2 -51.4 -207.5 -368.0
807 Na'Vi 31.0 99.7 187.1 -55.4 -211.5 -372.0
808 Alliance 33.4 102.5 190.0 -59.4 -215.5 -376.0
811 RStars 34.6 104.0 191.8 -63.4 -219.5 -380.0
812 Empire 35.6 105.2 193.4 -67.4 -223.5 -384.0
813 Empire 36.5 106.1 194.6 -71.4 -227.5 -388.0
814 Kaipi 38.0 107.9 196.7 -75.4 -231.5 -392.0
815 TTD 39.3 109.3 198.4 -79.4 -235.5 -396.0
816 Kaipi 40.6 110.7 199.9 -83.4 -239.5 -400.0
817 Lounge 42.6 112.7 202.2 -87.4 -243.5 -404.0
818 FD 43.8 113.9 203.7 -91.4 -247.5 -408.0
820 4FC 44.5 114.7 204.7 -95.4 -251.5 -412.0
821 4++ 40.5 110.7 200.7 -81.1 -236.3 -400.1
822 MiTH 41.5 112.0 202.2 -85.1 -240.3 -404.1
823 GL.eu 42.9 113.6 204.1 -89.1 -244.3 -408.1
825 WARDGS 44.6 115.3 206.1 -93.1 -248.3 -412.1
826 EVOPLAY 46.3 116.8 208.0 -97.1 -252.3 -416.1
827 TS 42.3 112.8 204.0 -92.0 -245.4 -409.6
828 EVOPLAY 44.2 114.7 206.1 -96.0 -249.4 -413.6
829 TLP 40.2 110.7 202.1 -82.1 -237.5 -404.2
830 DUZA 36.2 106.7 198.1 -74.4 -229.9 -396.8
831 Awake 38.1 108.6 200.1 -78.4 -233.9 -400.8
832 CDCD 34.1 104.6 196.1 -55.2 -215.5 -385.0
833 Menace 30.1 100.6 192.1 -42.3 -204.4 -376.0
835 Poseidon 33.0 103.1 194.5 -46.3 -208.4 -380.0
836 Poseidon 34.8 105.2 196.9 -50.3 -212.4 -384.0
837 Next.kz 30.8 101.2 192.9 -44.5 -206.1 -378.0
838 Kaipi 32.4 103.0 195.2 -48.5 -210.1 -382.0
840 TS 35.6 106.2 198.5 -52.5 -214.1 -386.0
841 VP 36.6 107.3 199.9 -56.5 -218.1 -390.0
842 Menace 32.6 103.3 195.9 -47.1 -209.1 -381.3
843 Empire 34.5 105.0 197.7 -51.1 -213.1 -385.3
844 Kaipi 35.8 106.3 199.3 -55.1 -217.1 -389.3
845 DUZA 31.8 102.3 195.3 -46.0 -208.6 -381.7
846 Next.kz 34.9 105.6 198.7 -50.0 -212.6 -385.7
847 4FC 30.9 101.6 194.7 -45.4 -207.5 -380.4
848 DUZA 26.9 97.6 190.7 -38.5 -201.0 -374.6
851 VP 27.9 98.8 192.2 -42.5 -205.0 -378.6
854 Life 23.9 94.8 188.2 -37.9 -199.3 -373.1
855 Imp 26.1 97.1 190.7 -41.9 -203.3 -377.1
856 Empire 27.6 98.6 192.4 -45.9 -207.3 -381.1
857 Next.kz 29.4 100.4 194.3 -49.9 -211.3 -385.1
858 FSid3 31.3 102.4 196.7 -53.9 -215.3 -389.1
859 FSid3 27.3 98.4 192.7 -44.1 -204.6 -379.3
860 Bambang 23.3 94.4 188.7 -36.5 -196.4 -371.9
861 Aspera 25.6 96.4 190.8 -40.5 -200.4 -375.9
862 rox.KIS 27.1 97.7 192.3 -44.5 -204.4 -379.9
863 Next.kz 23.1 93.7 188.3 -39.9 -199.4 -375.2
864 Poseidon 24.2 95.0 189.8 -43.9 -203.4 -379.2
865 Mski 25.2 96.1 191.2 -47.9 -207.4 -383.2
866 Poseidon 26.1 97.0 192.3 -51.9 -211.4 -387.2
867 Dreamz 27.2 98.3 193.9 -55.9 -215.4 -391.2
868 GxGaming 23.2 94.3 189.9 -50.9 -209.6 -385.8
869 SFEC 19.2 90.3 185.9 -45.5 -204.7 -381.3
871 Next.kz 20.3 91.5 187.3 -49.5 -208.7 -385.3
872 Aspera 16.3 87.5 183.3 -40.8 -200.7 -378.0
873 PR 12.3 83.5 179.3 -20.1 -183.1 -363.4
874 VP 15.6 86.7 182.8 -24.1 -187.1 -367.4
875 Imp 11.6 82.7 178.8 -19.3 -182.3 -362.8
876 MSIEvoGT 13.6 85.0 181.5 -23.3 -186.3 -366.8
877 Mski 14.6 86.4 183.2 -27.3 -190.3 -370.8
878 Lowyat 10.6 82.4 179.2 -13.6 -178.9 -361.3
879 Empire 13.4 85.5 182.5 -17.6 -182.9 -365.3
880 Empire 9.4 81.5 178.5 -8.7 -174.2 -357.4
881 Quantic 5.4 77.5 174.5 -0.1 -166.6 -350.7
883 Kaipi 6.6 78.9 176.1 -4.1 -170.6 -354.7
885 Aspera 8.3 80.6 178.0 -8.1 -174.6 -358.7
886 Fnatic.eu 9.7 82.1 179.8 -12.1 -178.6 -362.7
887 MSIEvoGT 5.7 78.1 175.8 -5.7 -173.0 -357.5
888 Mski 7.6 80.1 178.1 -9.7 -177.0 -361.5
889 Next.kz 8.9 81.4 179.6 -13.7 -181.0 -365.5
890 GL.eu 11.2 84.1 182.5 -17.7 -185.0 -369.5
891 Menace 13.1 85.9 184.5 -21.7 -189.0 -373.5
892 Kaipi 15.1 88.2 187.1 -25.7 -193.0 -377.5
893 Menace 11.1 84.2 183.1 -15.5 -182.9 -368.6
894 Life 13.6 87.2 186.5 -19.5 -186.9 -372.6
896 Life 9.6 83.2 182.5 -11.3 -177.9 -363.7
897 Kaipi 11.2 85.1 184.7 -15.3 -181.9 -367.7
898 Mski 12.8 86.8 186.6 -19.3 -185.9 -371.7
899 Menace 14.1 88.0 188.0 -23.3 -189.9 -375.7
900 VP 10.1 84.0 184.0 -16.3 -183.3 -369.7
901 Fnatic.eu 11.5 85.3 185.5 -20.3 -187.3 -373.7
902 Kaipi 13.7 87.5 187.9 -24.3 -191.3 -377.7
903 Kaipi 14.9 88.8 189.4 -28.3 -195.3 -381.7
904 SAfrica 10.9 84.8 185.4 -22.8 -189.8 -376.5
905 Dignitas 11.7 85.7 186.5 -26.8 -193.8 -380.5
906 Dignitas 12.6 86.7 187.7 -30.8 -197.8 -384.5
908 iG 13.3 87.5 188.7 -34.8 -201.8 -388.5
909 VG 14.8 89.4 191.0 -38.8 -205.8 -392.5
911 4FC 10.8 85.4 187.0 -25.5 -192.2 -381.1
912 Kaipi 6.8 81.4 183.0 -21.0 -187.3 -376.4
913 Joiker 2.8 77.4 179.0 -13.4 -180.3 -370.3
914 StayFree 5.1 79.8 181.8 -17.4 -184.3 -374.3
915 Fnatic.eu 5.9 80.8 183.0 -21.4 -188.3 -378.3
916 Property 1.9 76.8 179.0 -8.7 -177.7 -369.0
917 Menace -2.1 72.8 175.0 2.2 -166.8 -359.5
918 DUZA -6.1 68.8 171.0 7.4 -162.3 -355.2
919 LGD.cn -4.8 70.3 172.7 3.4 -166.3 -359.2
920 TongFu -4.2 71.0 173.6 -0.6 -170.3 -363.2
921 Alliance -3.2 72.0 174.9 -4.6 -174.3 -367.2
922 PR -7.2 68.0 170.9 3.0 -167.4 -360.6
923 DUZA -5.4 69.8 173.0 -1.0 -171.4 -364.6
925 Empire -4.1 71.1 174.5 -5.0 -175.4 -368.6
926 Empire -2.7 72.7 176.2 -9.0 -179.4 -372.6
927 iG -1.2 74.1 177.7 -13.0 -183.4 -376.6
928 LGD.cn -5.2 70.1 173.7 -8.4 -178.7 -371.8
930 MiTH -2.5 72.4 176.1 -12.4 -182.7 -375.8
931 Alliance -1.6 73.3 177.1 -16.4 -186.7 -379.8
932 Fnatic.eu 0.4 75.7 179.7 -20.4 -190.7 -383.8
933 Empire 2.7 78.0 182.2 -24.4 -194.7 -387.8
937 OguraYui -1.3 74.0 178.2 -13.3 -182.1 -377.0
938 Mski 0.5 75.5 179.9 -17.3 -186.1 -381.0
939 Poseidon 3.3 78.9 183.6 -21.3 -190.1 -385.0
940 Next.kz -0.7 74.9 179.6 -15.9 -185.0 -380.1
941 Alliance 0.2 75.9 180.7 -19.9 -189.0 -384.1
942 Quantic -3.8 71.9 176.7 -15.4 -183.8 -379.2
944 Imp -7.8 67.9 172.7 -4.2 -173.0 -369.3
948 Empire -5.6 70.2 175.2 -8.2 -177.0 -373.3
949 VP -4.3 71.5 176.7 -12.2 -181.0 -377.3
950 Kaipi -3.3 72.7 178.2 -16.2 -185.0 -381.3
951 Mski -2.3 73.8 179.5 -20.2 -189.0 -385.3
953 Kaipi -0.6 75.9 182.0 -24.2 -193.0 -389.3
954 Cascade -4.6 71.9 178.0 -10.8 -181.4 -379.3
956 Alliance -4.1 72.4 178.7 -14.8 -185.4 -383.3
957 Na'Vi -3.3 73.1 179.6 -18.8 -189.4 -387.3
958 PR -7.3 69.1 175.6 5.9 -165.4 -366.5
959 Kaipi -6.5 70.1 176.7 1.9 -169.4 -370.5
960 Kaipi -5.8 71.0 177.9 -2.1 -173.4 -374.5
961 Life -3.6 73.9 181.2 -6.1 -177.4 -378.5
962 iG -0.4 77.3 184.8 -10.1 -181.4 -382.5
963 Na'Vi 1.0 78.7 186.4 -14.1 -185.4 -386.5
964 Alliance 2.2 80.0 187.9 -18.1 -189.4 -390.5
966 TongFu 5.7 82.8 190.6 -22.1 -193.4 -394.5
967 mouz 7.1 84.3 192.3 -26.1 -197.4 -398.5
970 Joiker 9.9 87.2 195.4 -30.1 -201.4 -402.5
971 iG 11.9 89.7 198.2 -34.1 -205.4 -406.5
972 Aspera 7.9 85.7 194.2 -12.2 -186.4 -390.6
973 DUZA 3.9 81.7 190.2 -7.3 -181.2 -385.5
974 Fnatic.eu 6.7 84.1 192.7 -11.3 -185.2 -389.5
975 Dignitas 7.5 85.1 194.0 -15.3 -189.2 -393.5
976 StayFree 8.9 86.8 196.0 -19.3 -193.2 -397.5
977 Na'Vi 10.4 88.5 198.0 -23.3 -197.2 -401.5
978 rox.KIS 6.4 84.5 194.0 -16.2 -188.7 -393.7
979 PR 9.0 86.8 196.4 -20.2 -192.7 -397.7
981 PR 11.0 88.8 198.6 -24.2 -196.7 -401.7
982 Fnatic.eu 11.8 89.6 199.6 -28.2 -200.7 -405.7
983 Fnatic.eu 13.6 91.3 201.4 -32.2 -204.7 -409.7
984 nAra 9.6 87.3 197.4 -26.8 -199.4 -405.0
985 Inv.kwnku 11.4 89.4 199.8 -30.8 -203.4 -409.0
986 Na'Vi 12.4 90.6 201.2 -34.8 -207.4 -413.0
987 Fnatic.eu 14.0 92.4 203.2 -38.8 -211.4 -417.0
988 4FC 10.0 88.4 199.2 -29.2 -201.3 -408.0
990 Kaipi 10.8 89.3 200.3 -33.2 -205.3 -412.0
991 Empire 6.8 85.3 196.3 -22.3 -195.9 -404.1
992 PBS 2.8 81.3 192.3 -12.0 -187.6 -396.3
993 SFEC -1.2 77.3 188.3 -3.3 -179.4 -389.0
994 Next.kz -5.2 73.3 184.3 2.7 -173.7 -383.6
995 Inv.kwnku -3.5 75.4 186.9 -1.3 -177.7 -387.6
996 rox.KIS -0.8 77.8 189.4 -5.3 -181.7 -391.6
997 PR -4.8 73.8 185.4 12.3 -166.9 -379.9
998 Mski -1.7 76.6 188.4 8.3 -170.9 -383.9
999 Empire 0.2 79.0 191.1 4.3 -174.9 -387.9
1000 Inv.kwnku 1.9 80.9 193.2 0.3 -178.9 -391.9
1001 FD 3.6 82.9 195.7 -3.7 -182.9 -395.9
1002 Empire 5.1 84.7 197.9 -7.7 -186.9 -399.9
1004 EG 6.7 86.4 199.8 -11.7 -190.9 -403.9
1005 Dignitas 2.7 82.4 195.8 0.4 -181.0 -395.5
1007 rox.KIS 5.8 85.3 198.9 -3.6 -185.0 -399.5
1008 Menace 1.8 81.3 194.9 8.5 -172.7 -388.6
1009 Kaipi 2.7 82.2 196.0 4.5 -176.7 -392.6
1010 Aspera -1.3 78.2 192.0 11.9 -169.7 -386.0
1012 DK 1.13242748512e-14 79.7 193.8 7.9 -173.7 -390.0
1015 StayFree 1.7 82.1 196.5 3.9 -177.7 -394.0
1017 Na'Vi 2.5 83.0 197.5 -0.1 -181.7 -398.0
1018 Alliance 3.3 83.9 198.7 -4.1 -185.7 -402.0
1019 Empire 5.2 86.3 201.4 -8.1 -189.7 -406.0
1020 Na'Vi 6.9 88.0 203.3 -12.1 -193.7 -410.0
1021 Na'Vi 8.1 89.2 204.7 -16.1 -197.7 -414.0
1022 LGD.cn 9.2 90.5 206.1 -20.1 -201.7 -418.0
1023 VG 11.2 92.7 208.3 -24.1 -205.7 -422.0
1024 LGD.cn 13.5 94.7 210.3 -28.1 -209.7 -426.0
1025 Dignitas 14.3 95.6 211.5 -32.1 -213.7 -430.0
1027 Next.kz 10.3 91.6 207.5 -26.0 -206.1 -422.7
1028 4FC 6.3 87.6 203.5 -15.5 -194.6 -412.7
1029 rox.KIS 8.9 90.7 206.8 -19.5 -198.6 -416.7
1030 Na'Vi 9.7 91.6 207.8 -23.5 -202.6 -420.7
1031 Empire 12.5 94.3 210.6 -27.5 -206.6 -424.7
1032 Na'Vi 13.4 95.4 211.9 -31.5 -210.6 -428.7
1034 Alliance 14.1 96.2 212.9 -35.5 -214.6 -432.7
1035 Alliance 14.8 96.9 213.7 -39.5 -218.6 -436.7
1036 4FC 10.8 92.9 209.7 -33.4 -212.6 -431.3
1037 VP 6.8 88.9 205.7 -21.4 -203.4 -423.4
1039 Ahead.kz 2.8 84.9 201.7 -0.1 -181.6 -405.5
1040 PBS 4.2 86.9 204.0 -4.1 -185.6 -409.5
1041 Alliance 5.2 88.2 205.5 -8.1 -189.6 -413.5
1042 Empire 6.7 89.9 207.4 -12.1 -193.6 -417.5
1044 Quantic 8.7 92.5 210.1 -16.1 -197.6 -421.5
1045 iG 9.6 93.9 211.8 -20.1 -201.6 -425.5
1046 Liquid 10.7 95.1 213.2 -24.1 -205.6 -429.5
1047 EG 6.7 91.1 209.2 -15.2 -197.6 -423.0
1048 MiTH 8.3 92.8 211.2 -19.2 -201.6 -427.0
1049 Dreamz 10.2 95.0 213.7 -23.2 -205.6 -431.0
1050 Alliance 11.0 95.9 214.8 -27.2 -209.6 -435.0
1051 iG 11.8 96.9 216.0 -31.2 -213.6 -439.0
1052 DK 13.4 98.8 218.1 -35.2 -217.6 -443.0
1053 Kaipi 9.4 94.8 214.1 -29.6 -212.2 -437.7
1055 Alliance 10.0 95.5 215.0 -33.6 -216.2 -441.7
1058 UR 6.0 91.5 211.0 -28.7 -211.6 -437.4
1059 TongFu 7.8 93.0 212.6 -32.7 -215.6 -441.4
1060 LGD.int 10.0 95.3 215.1 -36.7 -219.6 -445.4
1061 RS.int 11.5 97.1 217.2 -40.7 -223.6 -449.4
1062 MiTH 13.2 98.8 219.1 -44.7 -227.6 -453.4
1063 Alliance 13.9 99.6 220.0 -48.7 -231.6 -457.4
1064 Alliance 14.7 100.5 221.0 -52.7 -235.6 -461.4
1065 SSD 15.7 102.0 222.7 -56.7 -239.6 -465.4
1067 Hearts 17.2 103.6 224.5 -60.7 -243.6 -469.4
1068 rox.KIS 19.1 105.6 226.8 -64.7 -247.6 -473.4
1069 Poseidon 15.1 101.6 222.8 -57.9 -240.1 -465.9
1070 Quantic 11.1 97.6 218.8 -47.6 -230.8 -457.5
1071 Quantic 12.9 99.2 220.6 -51.6 -234.8 -461.5
1073 Titan 14.4 100.7 222.2 -55.6 -238.8 -465.5
1077 StayFree 15.5 102.2 224.0 -59.6 -242.8 -469.5
1078 VP 17.8 104.5 226.5 -63.6 -246.8 -473.5
1080 SYF 20.3 106.5 228.6 -67.6 -250.8 -477.5
1081 Na'Vi 21.0 107.3 229.6 -71.6 -254.8 -481.5
1082 Fnatic.eu 21.8 108.2 230.6 -75.6 -258.8 -485.5
1083 Titan 22.6 109.1 231.8 -79.6 -262.8 -489.5
1084 Arcanys 18.6 105.1 227.8 -75.2 -257.0 -483.9
1085 FD 19.4 106.2 229.2 -79.2 -261.0 -487.9
1086 MVP 15.4 102.2 225.2 -73.9 -255.4 -482.4
1087 UR 17.3 104.2 227.3 -77.9 -259.4 -486.4
1088 FXopen 18.2 105.5 228.8 -81.9 -263.4 -490.4
1089 Imp 18.9 106.5 229.9 -85.9 -267.4 -494.4
1090 MiTH 19.6 107.4 231.0 -89.9 -271.4 -498.4
1091 Na'Vi 20.5 108.4 232.3 -93.9 -275.4 -502.4
1092 ONE.dota 16.5 104.4 228.3 -82.7 -263.8 -492.2
1093 Lowyat 12.5 100.4 224.3 -76.9 -258.0 -486.7
1094 DK 14.8 103.0 227.3 -80.9 -262.0 -490.7
1095 Arcanys 10.8 99.0 223.3 -59.4 -244.7 -477.2
1096 VG 11.8 100.4 225.0 -63.4 -248.7 -481.2
1097 FD 12.5 101.3 226.3 -67.4 -252.7 -485.2
1098 Lowyat 8.5 97.3 222.3 -56.8 -242.5 -476.5
1099 rox.KIS 10.7 99.6 224.8 -60.8 -246.5 -480.5
1100 Aspera 14.7 102.5 227.6 -64.8 -250.5 -484.5
1101 Fnatic.eu 15.7 103.7 229.1 -68.8 -254.5 -488.5
1104 Poseidon 11.7 99.7 225.1 -52.8 -240.3 -477.3
1105 Na'Vi 12.5 100.6 226.2 -56.8 -244.3 -481.3
1107 Rain 8.5 96.6 222.2 -51.6 -239.5 -476.7
1108 eN.Legs 10.0 98.6 224.6 -55.6 -243.5 -480.7
1110 bvd.dotA 12.1 101.0 227.4 -59.6 -247.5 -484.7
1111 LGD.int 13.1 102.1 228.8 -63.6 -251.5 -488.7
1112 DK 13.6 102.8 229.6 -67.6 -255.5 -492.7
1113 Imp 15.5 105.5 232.7 -71.6 -259.5 -496.7
1114 Na'Vi 16.2 106.3 233.7 -75.6 -263.5 -500.7
1116 NJ&Kids 12.2 102.3 229.7 -70.5 -257.2 -494.5
1117 VG 12.9 103.1 230.7 -74.5 -261.2 -498.5
1118 LGD.cn 13.3 103.7 231.5 -78.5 -265.2 -502.5
1119 FD 9.3 99.7 227.5 -71.7 -258.8 -496.6
1120 Ahead.kz 10.6 101.2 229.3 -75.7 -262.8 -500.6
1122 PR 12.1 102.4 230.6 -79.7 -266.8 -504.6
1123 Na'Vi 12.5 103.0 231.3 -83.7 -270.8 -508.6
1124 bvd.dotA 14.5 104.8 233.1 -87.7 -274.8 -512.6
1125 Empire 16.1 106.4 234.7 -91.7 -278.8 -516.6
1126 Life 12.1 102.4 230.7 -81.3 -264.7 -503.7
1127 EG 14.4 104.9 233.5 -85.3 -268.7 -507.7
1129 iG 14.9 105.6 234.3 -89.3 -272.7 -511.7
1130 TongFu 16.5 107.4 236.3 -93.3 -276.7 -515.7
1131 Na'Vi 17.5 108.4 237.5 -97.3 -280.7 -519.7
1132 Fnatic.eu 18.4 109.5 238.7 -101.3 -284.7 -523.7
1133 MUFC 14.4 105.5 234.7 -91.0 -275.3 -515.2
1135 Empire 15.4 106.6 236.0 -95.0 -279.3 -519.2
1136 Empire 16.8 108.2 237.8 -99.0 -283.3 -523.2
1137 TakeFive 12.8 104.2 233.8 -88.2 -270.2 -511.9
1138 CSW 15.5 107.2 237.1 -92.2 -274.2 -515.9
1139 VT 17.5 109.6 239.8 -96.2 -278.2 -519.9
1140 SYM 13.5 105.6 235.8 -90.1 -271.6 -513.4
1141 EOT 14.8 107.8 238.4 -94.1 -275.6 -517.4
1142 SYF 18.3 111.0 241.5 -98.1 -279.6 -521.4
1143 DK 18.8 111.7 242.4 -102.1 -283.6 -525.4
1144 VG 14.8 107.7 238.4 -87.5 -270.3 -515.0
1145 Fnatic.eu 17.5 110.0 240.8 -91.5 -274.3 -519.0
1146 iG 17.9 110.6 241.5 -95.5 -278.3 -523.0
1147 LGD.cn 19.1 112.0 243.2 -99.5 -282.3 -527.0
1148 HR 20.8 114.2 245.8 -103.5 -286.3 -531.0
1149 Na'Vi 21.7 115.2 247.1 -107.5 -290.3 -535.0
1150 Speed 23.7 118.4 250.8 -111.5 -294.3 -539.0
1151 Alliance 24.2 119.1 251.6 -115.5 -298.3 -543.0
1155 Empire 25.3 120.6 253.3 -119.5 -302.3 -547.0
1156 iG 26.4 122.2 255.2 -123.5 -306.3 -551.0
1157 Na'Vi 27.2 123.1 256.2 -127.5 -310.3 -555.0
1159 SAfrica 28.3 124.5 258.0 -131.5 -314.3 -559.0
1160 Na'Vi 24.3 120.5 254.0 -123.5 -308.8 -554.0
1161 FD 26.1 122.5 256.0 -127.5 -312.8 -558.0
1164 Titan 22.1 118.5 252.0 -120.6 -304.7 -550.1
1165 Titan 18.1 114.5 248.0 -110.1 -293.3 -540.0
1166 CSW 21.6 117.4 250.9 -114.1 -297.3 -544.0
1167 EOT 23.5 119.3 253.1 -118.1 -301.3 -548.0
1168 LGD.cn 25.3 121.1 255.1 -122.1 -305.3 -552.0
1169 DK 25.7 121.7 255.9 -126.1 -309.3 -556.0
1170 VG 27.8 123.8 258.2 -130.1 -313.3 -560.0
1171 Empire 28.6 124.8 259.4 -134.1 -317.3 -564.0
1172 Speed 24.6 120.8 255.4 -115.2 -296.5 -543.9
1173 Empire 26.3 122.5 257.3 -119.2 -300.5 -547.9
1174 Fnatic 27.6 123.8 258.7 -123.2 -304.5 -551.9
1175 TongFu 28.3 124.7 259.9 -127.2 -308.5 -555.9
1176 LGD.cn 24.3 120.7 255.9 -115.5 -298.9 -547.7
1177 TongFu 25.8 122.1 257.5 -119.5 -302.9 -551.7
1178 DK 26.2 122.6 258.2 -123.5 -306.9 -555.7
1179 RStars 22.2 118.6 254.2 -114.4 -298.3 -548.0
1180 Empire 18.2 114.6 250.2 -109.2 -293.8 -543.9
1181 Alliance 18.9 115.5 251.3 -113.2 -297.8 -547.9
1182 Fnatic.eu 22.8 118.5 254.2 -117.2 -301.8 -551.9
1183 Speed 24.2 119.8 255.7 -121.2 -305.8 -555.9
1185 Liquid 20.2 115.8 251.7 -100.6 -285.0 -536.6
1186 iG 22.4 118.6 254.5 -104.6 -289.0 -540.6
1187 StayFree 18.4 114.6 250.5 -99.7 -283.8 -535.1
1188 LGD.int 19.0 115.4 251.4 -103.7 -287.8 -539.1
1189 EG 20.1 116.8 253.2 -107.7 -291.8 -543.1
1190 TongFu 20.9 117.9 254.6 -111.7 -295.8 -547.1
1191 DK 21.3 118.6 255.4 -115.7 -299.8 -551.1
1192 Na'Vi 22.1 119.5 256.7 -119.7 -303.8 -555.1
1193 Speed 18.1 115.5 252.7 -115.2 -298.7 -550.0
1194 Dignitas 19.6 117.0 254.4 -119.2 -302.7 -554.0
1195 VG 20.1 117.7 255.2 -123.2 -306.7 -558.0
1196 LGD.cn 20.6 118.4 256.1 -127.2 -310.7 -562.0
1197 CSW 22.0 120.1 257.9 -131.2 -314.7 -566.0
1198 Aspera 25.0 123.0 261.0 -135.2 -318.7 -570.0
1199 Menace 26.7 124.9 263.2 -139.2 -322.7 -574.0
1200 Liquid 28.3 126.3 264.7 -143.2 -326.7 -578.0
1201 Aspera 24.3 122.3 260.7 -138.4 -322.0 -573.7
1202 SSD 25.6 123.8 262.5 -142.4 -326.0 -577.7
1203 TongFu 26.0 124.4 263.2 -146.4 -330.0 -581.7
1204 iG 26.7 125.3 264.2 -150.4 -334.0 -585.7
1205 HR 22.7 121.3 260.2 -138.0 -318.9 -572.3
1206 EG 24.2 122.4 261.4 -142.0 -322.9 -576.3
1207 mouz 20.2 118.4 257.4 -135.7 -316.6 -570.4
1208 Imp 16.2 114.4 253.4 -127.2 -307.1 -561.4
1209 MiTH 12.2 110.4 249.4 -120.2 -300.8 -555.6
1210 Liquid 8.2 106.4 245.4 -107.9 -288.3 -544.8
1211 mouz 4.2 102.4 241.4 -102.2 -283.0 -539.7
1212 Fnatic.eu 6.1 104.6 243.9 -106.2 -287.0 -543.7
1213 Poseidon 2.1 100.6 239.9 -98.9 -278.9 -535.9
1214 VG -1.9 96.6 235.9 -92.7 -271.6 -529.1
1215 iG -1.5 97.3 236.7 -96.7 -275.6 -533.1
1216 LGD.cn -0.1 99.1 238.9 -100.7 -279.6 -537.1
1217 Speed -4.1 95.1 234.9 -90.7 -270.3 -528.8
1218 CSW -8.1 91.1 230.9 -84.3 -264.5 -523.6
1219 NoX -12.1 87.1 226.9 -79.5 -259.8 -519.2
1220 Empire -10.8 88.7 228.8 -83.5 -263.8 -523.2
1221 iG -14.8 84.7 224.8 -72.2 -254.9 -516.2
1222 LGD.cn -12.9 86.3 226.5 -76.2 -258.9 -520.2
1223 DK -12.0 87.5 228.0 -80.2 -262.9 -524.2
1227 Empire -10.2 89.7 230.4 -84.2 -266.9 -528.2
1229 StayFree -14.2 85.7 226.4 -77.5 -261.3 -523.4
1230 Property -18.2 81.7 222.4 -64.8 -250.9 -514.8
1231 TTD -22.2 77.7 218.4 -57.5 -242.2 -506.9
1232 Alliance -21.3 78.6 219.5 -61.5 -246.2 -510.9
1234 VG -19.4 80.8 222.1 -65.5 -250.2 -514.9
1235 TongFu -23.4 76.8 218.1 -47.6 -236.2 -504.2
1237 FSid3 -27.4 72.8 214.1 -37.2 -226.7 -495.8
1238 LGD.cn -26.8 73.7 215.3 -41.2 -230.7 -499.8
1239 RStars -25.4 75.7 217.8 -45.2 -234.7 -503.8
1240 Na'Vi -23.7 77.5 219.8 -49.2 -238.7 -507.8
1242 mouz -22.1 79.5 222.1 -53.2 -242.7 -511.8
1243 Alliance -21.4 80.3 223.2 -57.2 -246.7 -515.8
1244 Sigma.int -19.7 82.9 226.5 -61.2 -250.7 -519.8
1245 Speed -18.7 84.2 228.1 -65.2 -254.7 -523.8
1246 Liquid -16.1 87.0 231.1 -69.2 -258.7 -527.8
1247 iG -15.7 87.6 231.9 -73.2 -262.7 -531.8
1251 UR -14.2 89.5 234.0 -77.2 -266.7 -535.8
1253 LGD.int -18.2 85.5 230.0 -48.5 -246.3 -519.7
1255 Empire -16.2 87.6 232.3 -52.5 -250.3 -523.7
1256 RS -15.3 88.6 233.6 -56.5 -254.3 -527.7
1257 mouz -19.3 84.6 229.6 -44.7 -244.5 -519.3
1259 Sigma.int -17.3 87.3 232.6 -48.7 -248.5 -523.3
1261 mouz -21.3 83.3 228.6 -40.7 -242.6 -517.8
1262 iG -20.2 84.7 230.2 -44.7 -246.6 -521.8
1263 LGD.cn -19.5 85.6 231.3 -48.7 -250.6 -525.8
1264 DK -18.8 86.4 232.3 -52.7 -254.6 -529.8
1265 Fnatic.eu -22.8 82.4 228.3 -44.6 -247.1 -523.2
1266 Alliance -22.1 83.2 229.3 -48.6 -251.1 -527.2
1267 Na'Vi -20.7 84.8 231.1 -52.6 -255.1 -531.2
1268 Mski -19.6 86.2 232.7 -56.6 -259.1 -535.2
1269 Orange -18.6 87.2 234.0 -60.6 -263.1 -539.2
1270 MiTH -15.9 89.5 236.6 -64.6 -267.1 -543.2
1271 SYF -13.6 92.1 239.7 -68.6 -271.1 -547.2
1272 iG -11.6 94.6 242.5 -72.6 -275.1 -551.2
1273 RS -15.6 90.6 238.5 -59.9 -263.9 -541.1
1274 LGD.cn -14.1 92.1 240.1 -63.9 -267.9 -545.1
1275 FXopen -12.4 94.1 242.2 -67.9 -271.9 -549.1
1276 CSW -10.9 95.8 244.1 -71.9 -275.9 -553.1
1278 Lowyat -14.9 91.8 240.1 -59.7 -260.5 -539.1
1279 Titan -13.8 92.9 241.4 -63.7 -264.5 -543.1
1281 Speed -11.0 95.9 244.6 -67.7 -268.5 -547.1
1283 Speed -9.8 97.1 245.8 -71.7 -272.5 -551.1
1284 Alliance -9.0 97.9 246.8 -75.7 -276.5 -555.1
1286 LGD.int -6.9 100.5 249.5 -79.7 -280.5 -559.1
1288 Alliance -5.1 102.4 251.4 -83.7 -284.5 -563.1
1289 Titan -9.1 98.4 247.4 -78.6 -279.5 -558.2
1290 Lowyat -13.1 94.4 243.4 -72.5 -273.9 -552.8
1291 PR -9.7 97.0 246.1 -76.5 -277.9 -556.8
1292 SSD -13.7 93.0 242.1 -68.1 -268.5 -547.8
1293 TongFu -12.7 94.1 243.5 -72.1 -272.5 -551.8
1294 VG -16.7 90.1 239.5 -58.3 -259.3 -541.1
1295 Fnatic.eu -20.7 86.1 235.5 -53.4 -254.6 -536.7
1296 mouz -19.0 87.9 237.5 -57.4 -258.6 -540.7
1297 EG -16.6 90.2 240.1 -61.4 -262.6 -544.7
1298 Titan -13.9 93.2 243.5 -65.4 -266.6 -548.7
1299 EG -12.8 94.4 244.8 -69.4 -270.6 -552.7
1300 4FC -10.8 96.5 247.2 -73.4 -274.6 -556.7
1301 Hearts -9.5 98.1 249.0 -77.4 -278.6 -560.7
1302 DK -7.3 100.6 251.7 -81.4 -282.6 -564.7
1303 Sigma.int -6.4 101.8 253.2 -85.4 -286.6 -568.7
1304 Empire -3.0 104.7 255.9 -89.4 -290.6 -572.7
1305 Empire -2.4 105.5 256.8 -93.4 -294.6 -576.7
1306 FXopen -1.3 106.9 258.4 -97.4 -298.6 -580.7
1307 LGD.int -0.4 107.9 259.6 -101.4 -302.6 -584.7
1308 LGD.cn 0.3 108.7 260.6 -105.4 -306.6 -588.7
1309 4FC 2.5 110.6 262.7 -109.4 -310.6 -592.7
1310 Sigma.int 3.2 111.4 263.7 -113.4 -314.6 -596.7
1312 Arteezy 5.2 113.4 265.9 -117.4 -318.6 -600.7
1313 EG 1.2 109.4 261.9 -111.8 -312.7 -595.3
1314 TongFu 1.6 110.0 262.6 -115.8 -316.7 -599.3
1315 Empire 2.4 110.9 263.6 -119.8 -320.7 -603.3
1316 VG 3.1 111.8 264.7 -123.8 -324.7 -607.3
1317 Na'Vi 4.1 112.9 266.1 -127.8 -328.7 -611.3
1318 QPandas 0.1 108.9 262.1 -114.2 -315.2 -598.4
1319 Empire 2.2 110.5 263.7 -118.2 -319.2 -602.4
1320 Orange 5.9 113.3 266.3 -122.2 -323.2 -606.4
1321 Fnatic.eu 6.6 114.0 266.9 -126.2 -327.2 -610.4
1322 DK 7.0 114.5 267.6 -130.2 -331.2 -614.4
1323 VG 7.8 115.5 268.9 -134.2 -335.2 -618.4
1324 VG 3.8 111.5 264.9 -120.0 -320.7 -606.2
1325 Kawai -0.2 107.5 260.9 -107.9 -310.8 -596.9
1326 Dignitas -4.2 103.5 256.9 -94.9 -298.8 -586.8
1327 Speed -3.6 104.2 257.8 -98.9 -302.8 -590.8
1328 Dignitas -1.9 105.9 259.6 -102.9 -306.8 -594.8
1329 Alliance -1.3 106.6 260.4 -106.9 -310.8 -598.8
1330 Na'Vi 0.7 108.4 262.4 -110.9 -314.8 -602.8
1331 Na'Vi 1.9 109.4 263.6 -114.9 -318.8 -606.8
1332 Fnatic.eu -2.1 105.4 259.6 -104.8 -307.1 -596.5
1333 Alliance -1.3 106.2 260.6 -108.8 -311.1 -600.5
1334 iG 0.2 108.0 262.8 -112.8 -315.1 -604.5
1335 LGD.int 1.4 109.4 264.4 -116.8 -319.1 -608.5
1336 TongFu 2.4 110.3 265.4 -120.8 -323.1 -612.5
1337 Startale 4.9 112.7 268.1 -124.8 -327.1 -616.5
1338 Liquid 6.3 114.2 269.8 -128.8 -331.1 -620.5
1340 Fnatic.eu 7.2 115.2 271.0 -132.8 -335.1 -624.5
1341 Alliance 7.7 115.8 271.7 -136.8 -339.1 -628.5
1343 Fnatic.eu 3.7 111.8 267.7 -128.8 -330.0 -620.0
1345 Sigma.int 4.9 113.3 269.5 -132.8 -334.0 -624.0
1350 Fnatic.eu 0.9 109.3 265.5 -127.2 -328.1 -618.0
1351 VG 1.3 110.0 266.3 -131.2 -332.1 -622.0
1352 DK 1.9 110.6 267.1 -135.2 -336.1 -626.0
1353 Alliance 3.6 112.3 269.0 -139.2 -340.1 -630.0
1354 VP -0.4 108.3 265.0 -126.3 -327.9 -619.1
1355 Alliance 0.8 109.6 266.6 -130.3 -331.9 -623.1
1356 Alliance 2.1 110.8 267.9 -134.3 -335.9 -627.1
1357 Na'Vi 3.2 111.8 269.0 -138.3 -339.9 -631.1
1358 VP -0.8 107.8 265.0 -132.4 -334.3 -625.8
1359 LGD.cn -0.5 108.3 265.6 -136.4 -338.3 -629.8
1360 iG -0.1 108.8 266.2 -140.4 -342.3 -633.8
1361 Dignitas 0.6 109.6 267.2 -144.4 -346.3 -637.8
1362 Speed 1.0 110.1 267.9 -148.4 -350.3 -641.8
1363 Speed 3.1 112.1 270.3 -152.4 -354.3 -645.8
1364 Na'Vi 4.9 114.0 272.3 -156.4 -358.3 -649.8
1365 Alliance 5.6 114.7 273.1 -160.4 -362.3 -653.8
1366 Alliance 6.0 115.2 273.7 -164.4 -366.3 -657.8
1367 Liquid 7.6 117.1 275.9 -168.4 -370.3 -661.8
1368 Fnatic.eu 8.8 118.3 277.2 -172.4 -374.3 -665.8
1369 Na'Vi 9.5 119.1 278.1 -176.4 -378.3 -669.8
1370 LGD.int 5.5 115.1 274.1 -167.2 -367.9 -660.3
1372 VP 1.5 111.1 270.1 -149.3 -352.7 -647.6
1373 Liquid 2.8 112.4 271.6 -153.3 -356.7 -651.6
1375 Startale -1.2 108.4 267.6 -142.8 -350.1 -646.1
1377 LGD.cn 0.3 110.0 269.4 -146.8 -354.1 -650.1
1378 Imp 3.1 113.5 273.1 -150.8 -358.1 -654.1
1379 Fnatic.eu 4.2 114.7 274.5 -154.8 -362.1 -658.1
1380 Liquid 5.3 115.9 275.9 -158.8 -366.1 -662.1
1381 Liquid 1.3 111.9 271.9 -143.9 -352.1 -650.2
1382 Titan 2.1 112.9 273.2 -147.9 -356.1 -654.2
1383 LGD.cn 3.6 114.7 275.2 -151.9 -360.1 -658.2
1384 Empire 4.3 115.5 276.2 -155.9 -364.1 -662.2
1385 Na'Vi 0.3 111.5 272.2 -149.8 -358.9 -657.5
1386 StayFree -3.7 107.5 268.2 -139.4 -348.8 -648.5
1387 LGD.cn -0.6 110.7 271.5 -143.4 -352.8 -652.5
1388 iG -0.1 111.4 272.3 -147.4 -356.8 -656.5
1389 RStars 0.6 112.4 273.7 -151.4 -360.8 -660.5
1390 Alliance 1.1 113.0 274.4 -155.4 -364.8 -664.5
1391 Fnatic.eu 2.3 114.3 276.0 -159.4 -368.8 -668.5
1392 EG 5.2 117.7 279.4 -163.4 -372.8 -672.5
1393 Fnatic.eu 8.5 120.4 282.1 -167.4 -376.8 -676.5
1395 iG 11.9 123.2 285.0 -171.4 -380.8 -680.5
1396 rox.KIS 7.9 119.2 281.0 -136.2 -353.1 -657.3
1398 Alliance 3.9 115.2 277.0 -131.6 -348.5 -652.7
1399 EG -0.1 111.2 273.0 -116.6 -332.7 -639.4
1400 VP 1.8 113.4 275.6 -120.6 -336.7 -643.4
1401 Alliance 3.6 115.1 277.5 -124.6 -340.7 -647.4
1402 Liquid 5.7 117.3 279.8 -128.6 -344.7 -651.4
1404 VG 6.6 118.4 281.2 -132.6 -348.7 -655.4
1405 Speed 7.4 119.5 282.6 -136.6 -352.7 -659.4
1406 EG 3.4 115.5 278.6 -128.1 -345.4 -653.3
1408 Liquid 5.1 117.4 280.7 -132.1 -349.4 -657.3
1409 Liquid 1.1 113.4 276.7 -127.1 -344.4 -652.5
1412 DK 1.5 114.1 277.6 -131.1 -348.4 -656.5
1415 VP -2.5 110.1 273.6 -119.2 -335.7 -645.3
1416 Liquid -0.7 111.9 275.5 -123.2 -339.7 -649.3
1420 FD 2.8 114.8 278.7 -127.2 -343.7 -653.3
1421 Na'Vi 4.3 116.4 280.6 -131.2 -347.7 -657.3
1423 Alliance 4.8 117.0 281.3 -135.2 -351.7 -661.3
1424 DK 5.1 117.4 281.9 -139.2 -355.7 -665.3
1425 VG 5.8 118.2 282.9 -143.2 -359.7 -669.3
1426 Speed 7.2 119.7 284.6 -147.2 -363.7 -673.3
1428 EG 3.2 115.7 280.6 -139.7 -355.3 -665.1
1429 Empire 4.4 116.9 282.0 -143.7 -359.3 -669.1
1430 Na'Vi 5.3 117.9 283.2 -147.7 -363.3 -673.1
1431 DK 5.7 118.4 283.8 -151.7 -367.3 -677.1
1433 iG 1.7 114.4 279.8 -144.7 -361.3 -671.8
1434 MiTH 4.8 117.2 282.6 -148.7 -365.3 -675.8
1435 mouz 8.3 120.3 285.6 -152.7 -369.3 -679.8
1437 Liquid 10.3 122.5 288.0 -156.7 -373.3 -683.8
1438 Liquid 11.0 123.4 289.0 -160.7 -377.3 -687.8
1439 Empire 7.0 119.4 285.0 -147.2 -362.7 -673.3
1440 Alliance 9.5 122.1 288.0 -151.2 -366.7 -677.3
1441 PR 5.5 118.1 284.0 -143.3 -358.7 -669.5
1442 LGD.int 5.9 118.7 284.7 -147.3 -362.7 -673.5
1443 TongFu 6.6 119.5 285.7 -151.3 -366.7 -677.5
1445 Speed 8.4 121.9 288.4 -155.3 -370.7 -681.5
1446 mouz 4.4 117.9 284.4 -148.0 -364.4 -675.7
1447 FD 0.4 113.9 280.4 -139.8 -356.7 -668.5
1448 MiTH -3.6 109.9 276.4 -133.6 -349.9 -662.1
1449 Titan -1.7 111.6 278.2 -137.6 -353.9 -666.1
1450 Na'Vi -0.8 112.7 279.5 -141.6 -357.9 -670.1
1451 Na'Vi 0.6 114.1 280.9 -145.6 -361.9 -674.1
1453 Liquid 3.0 116.8 283.7 -149.6 -365.9 -678.1
1456 Liquid 4.5 118.6 285.7 -153.6 -369.9 -682.1
1458 Fnatic.eu 0.5 114.6 281.7 -140.8 -357.5 -670.8
1459 Na'Vi 2.2 116.1 283.4 -144.8 -361.5 -674.8
1460 Alliance 3.1 117.0 284.4 -148.8 -365.5 -678.8
1461 rox.KIS -0.9 113.0 280.4 -139.2 -356.7 -670.7
1462 rox.KIS 0.6 114.5 282.1 -143.2 -360.7 -674.7
1463 Na'Vi 2.7 116.4 284.1 -147.2 -364.7 -678.7
1465 DK 4.2 117.9 285.7 -151.2 -368.7 -682.7
1466 4FC 0.2 113.9 281.7 -138.3 -355.9 -670.9
1467 Sigma.int -3.8 109.9 277.7 -133.3 -350.3 -665.4
1468 Alliance -2.0 111.8 279.7 -137.3 -354.3 -669.4
1471 Mts -6.0 107.8 275.7 -128.5 -347.7 -664.0
1472 rox.KIS -10.0 103.8 271.7 -120.1 -341.7 -658.8
1473 LGD.cn -9.4 104.6 272.7 -124.1 -345.7 -662.8
1475 TongFu3 -7.6 106.3 274.6 -128.1 -349.7 -666.8
1478 Alliance -6.4 107.6 276.0 -132.1 -353.7 -670.8
1479 Liquid -5.7 108.4 277.0 -136.1 -357.7 -674.8
1480 Na'Vi -4.0 109.9 278.6 -140.1 -361.7 -678.8
1481 DK -8.0 105.9 274.6 -130.8 -353.5 -672.1
1482 Fnatic.eu -7.3 106.8 275.8 -134.8 -357.5 -676.1
1483 Sigma.int -11.3 102.8 271.8 -123.8 -345.1 -664.5
1484 DK -9.4 105.0 274.3 -127.8 -349.1 -668.5
1485 EG -13.4 101.0 270.3 -120.5 -342.4 -662.1
1486 Sigma.int -17.4 97.0 266.3 -116.3 -337.4 -657.0
1487 VG -15.3 99.4 269.0 -120.3 -341.4 -661.0
1488 Imp -13.5 101.4 271.5 -124.3 -345.4 -665.0
1489 Na'Vi -11.8 103.1 273.4 -128.3 -349.4 -669.0
1490 EG -11.0 104.1 274.5 -132.3 -353.4 -673.0
1491 Fnatic.eu -7.8 107.5 278.2 -136.3 -357.4 -677.0
1492 Alliance -6.5 108.9 279.7 -140.3 -361.4 -681.0
1493 Sigma.int -10.5 104.9 275.7 -135.4 -355.8 -675.4
1494 Na'Vi -9.9 105.6 276.5 -139.4 -359.8 -679.4
1495 DK -8.8 106.9 278.0 -143.4 -363.8 -683.4
1496 Sigma.int -6.9 109.2 280.7 -147.4 -367.8 -687.4
1497 Speed -10.9 105.2 276.7 -133.8 -355.9 -676.5
1498 Fnatic.eu -14.9 101.2 272.7 -117.7 -340.4 -661.8
1499 DK -14.1 102.2 273.7 -121.7 -344.4 -665.8
1500 Speed -13.4 103.1 274.9 -125.7 -348.4 -669.8
1501 Liquid -17.4 99.1 270.9 -112.3 -335.3 -658.0
1503 Speed -14.9 101.2 273.3 -116.3 -339.3 -662.0
1504 Sigma.int -11.9 104.4 276.6 -120.3 -343.3 -666.0
1506 Liquid -10.6 105.8 278.1 -124.3 -347.3 -670.0
1507 DK -8.9 107.5 279.8 -128.3 -351.3 -674.0
1508 Alliance -8.3 108.3 280.6 -132.3 -355.3 -678.0
1510 Na'Vi -6.8 109.9 282.4 -136.3 -359.3 -682.0
1511 Sigma.int -6.3 110.6 283.1 -140.3 -363.3 -686.0
1512 Alliance -5.4 111.6 284.3 -144.3 -367.3 -690.0
1513 DK -5.1 112.1 284.9 -148.3 -371.3 -694.0
1514 Fnatic.eu -9.1 108.1 280.9 -142.4 -365.5 -688.1
1515 Speed -13.1 104.1 276.9 -131.4 -354.7 -678.3
1516 DK -17.1 100.1 272.9 -127.2 -349.6 -673.2
1517 Speed -14.0 103.2 276.1 -131.2 -353.6 -677.2
1518 Speed -18.0 99.2 272.1 -121.5 -345.2 -669.6
1519 Orange -14.7 101.8 274.7 -125.5 -349.2 -673.6
1520 Titan -12.1 104.3 277.3 -129.5 -353.2 -677.6
1521 Next.kz -10.3 106.4 279.8 -133.5 -357.2 -681.6
1522 Next.kz -14.3 102.4 275.8 -127.1 -351.0 -676.0
1523 SSD -18.3 98.4 271.8 -113.7 -337.7 -664.7
1524 Aspera -16.9 100.2 273.8 -117.7 -341.7 -668.7
1525 mouz -14.1 102.9 276.6 -121.7 -345.7 -672.7
1526 TongFu3 -11.7 105.4 279.4 -125.7 -349.7 -676.7
1527 VP -10.6 106.8 281.0 -129.7 -353.7 -680.7
1528 TongFu -9.9 107.6 282.0 -133.7 -357.7 -684.7
1529 LGD.int -9.3 108.4 283.0 -137.7 -361.7 -688.7
1530 Empire -7.8 110.1 284.9 -141.7 -365.7 -692.7
1531 Aspera -6.4 111.6 286.6 -145.7 -369.7 -696.7
1532 Poseidon -10.4 107.6 282.6 -140.5 -364.4 -692.0
1533 OsG -14.4 103.6 278.6 -127.3 -351.9 -681.7
1534 Poseidon -12.5 105.5 280.7 -131.3 -355.9 -685.7
1535 Venum -10.5 108.0 283.5 -135.3 -359.9 -689.7
1536 Hearts -6.8 111.1 286.6 -139.3 -363.9 -693.7
1537 FL -10.8 107.1 282.6 -129.5 -352.7 -684.1
1538 NoX -14.8 103.1 278.6 -122.0 -344.3 -676.3
1539 Next.kz -12.1 105.4 281.0 -126.0 -348.3 -680.3
1540 Next.kz -9.5 108.1 284.0 -130.0 -352.3 -684.3
1541 PR -13.5 104.1 280.0 -123.3 -346.2 -678.8
1542 rox.KIS -11.2 106.6 282.9 -127.3 -350.2 -682.8
1543 Fnatic.eu -8.6 109.0 285.4 -131.3 -354.2 -686.8
1544 SSD -6.9 110.9 287.5 -135.3 -358.2 -690.8
1545 LGD.cn -5.4 112.7 289.7 -139.3 -362.2 -694.8
1546 iG -4.2 114.1 291.4 -143.3 -366.2 -698.8
1547 Fnatic.eu -8.2 110.1 287.4 -133.4 -356.0 -689.2
1548 Na'Vi -6.6 111.7 289.2 -137.4 -360.0 -693.2
1549 VG -6.0 112.6 290.4 -141.4 -364.0 -697.2
1550 DK -5.3 113.4 291.4 -145.4 -368.0 -701.2
1553 Fnatic.eu -9.3 109.4 287.4 -136.1 -359.2 -693.6
1554 Alliance -7.4 111.2 289.3 -140.1 -363.2 -697.6
1557 LGD.int -11.4 107.2 285.3 -131.4 -353.7 -689.1
1558 FD -15.4 103.2 281.3 -125.8 -348.7 -684.4
1560 EOT -13.4 105.2 283.5 -129.8 -352.7 -688.4
1561 Na'Vi -10.7 107.7 286.1 -133.8 -356.7 -692.4
1562 VG -14.7 103.7 282.1 -126.8 -347.0 -683.3
1563 FL -11.7 106.7 285.5 -130.8 -351.0 -687.3
1564 Mski -8.2 109.6 288.4 -134.8 -355.0 -691.3
1565 NSG -12.2 105.6 284.4 -130.1 -349.1 -685.4
1568 Next.kz -11.0 107.1 286.1 -134.1 -353.1 -689.4
1569 Next.kz -15.0 103.1 282.1 -128.0 -346.3 -683.1
1571 PR -12.2 105.8 284.9 -132.0 -350.3 -687.1
1572 Fnatic.eu -10.8 107.1 286.3 -136.0 -354.3 -691.1
1573 iG -9.0 109.0 288.6 -140.0 -358.3 -695.1
1574 DK -7.9 110.2 289.9 -144.0 -362.3 -699.1
1576 5inQ -6.4 112.1 292.2 -148.0 -366.3 -703.1
1577 MVP.P -3.1 115.0 295.0 -152.0 -370.3 -707.1
1578 VG -7.1 111.0 291.0 -142.8 -361.4 -698.8
1579 DK -6.0 112.5 292.7 -146.8 -365.4 -702.8
1580 Alliance -4.9 113.8 294.2 -150.8 -369.4 -706.8
1582 PR -3.5 115.1 295.6 -154.8 -373.4 -710.8
1583 Sigma.int -2.1 116.8 297.6 -158.8 -377.4 -714.8
1584 SSD 0.3 119.6 300.5 -162.8 -381.4 -718.8
1585 Fnatic.eu 1.2 120.6 301.7 -166.8 -385.4 -722.8
1586 Fnatic.eu -2.8 116.6 297.7 -157.2 -376.0 -713.5
1587 Idol -1.3 118.4 300.0 -161.2 -380.0 -717.5
1588 LGD.cn -5.3 114.4 296.0 -156.9 -374.2 -711.2
1589 FD -4.3 115.5 297.3 -160.9 -378.2 -715.2
1590 Orange -3.5 116.5 298.6 -164.9 -382.2 -719.2
1593 FD -2.8 117.5 299.9 -168.9 -386.2 -723.2
1594 FD -6.8 113.5 295.9 -160.1 -376.2 -714.0
1595 Idol -10.8 109.5 291.9 -154.0 -368.3 -705.9
1597 Empire -9.0 111.3 293.7 -158.0 -372.3 -709.9
1598 Alliance -8.1 112.3 294.8 -162.0 -376.3 -713.9
1599 OsG -12.1 108.3 290.8 -153.2 -368.5 -706.8
1600 TR -16.1 104.3 286.8 -142.3 -360.1 -699.7
1601 SSD -12.8 107.2 289.7 -146.3 -364.1 -703.7
1602 VP -11.1 109.1 291.7 -150.3 -368.1 -707.7
1603 Fnatic.eu -9.6 110.6 293.2 -154.3 -372.1 -711.7
1604 Sigma.int -13.6 106.6 289.2 -143.9 -361.3 -701.6
1605 VG -11.2 109.5 292.4 -147.9 -365.3 -705.6
1607 Idol -10.2 110.9 294.1 -151.9 -369.3 -709.6
1608 VP -14.2 106.9 290.1 -142.0 -360.4 -702.1
1611 Sigma.int -13.2 108.2 291.6 -146.0 -364.4 -706.1
1612 Fnatic.eu -11.3 110.1 293.8 -150.0 -368.4 -710.1
1613 Fnatic.eu -9.9 111.5 295.4 -154.0 -372.4 -714.1
1614 Alliance -9.3 112.3 296.3 -158.0 -376.4 -718.1
1615 Speed -6.4 115.1 299.4 -162.0 -380.4 -722.1
1617 Siltherin -4.4 117.4 302.0 -166.0 -384.4 -726.1
1618 FD -2.8 119.1 304.1 -170.0 -388.4 -730.1
1619 XctN -0.5 121.7 306.9 -174.0 -392.4 -734.1
1620 VP 1.0 123.1 308.5 -178.0 -396.4 -738.1
1622 Aspera -3.0 119.1 304.5 -171.9 -390.0 -732.1
1623 SSD -1.1 121.0 306.5 -175.9 -394.0 -736.1
1624 PR 0.5 122.8 308.5 -179.9 -398.0 -740.1
1625 Idol -3.5 118.8 304.5 -170.8 -389.2 -732.4
1626 FD -2.6 120.0 305.9 -174.8 -393.2 -736.4
1627 MVP -0.6 121.7 307.7 -178.8 -397.2 -740.4
1628 Alliance 0.1 122.4 308.6 -182.8 -401.2 -744.4
1629 Fnatic.eu 0.6 123.0 309.4 -186.8 -405.2 -748.4
1630 Na'Vi 3.2 125.3 311.9 -190.8 -409.2 -752.4
1631 VG 3.7 126.0 312.9 -194.8 -413.2 -756.4
1632 Fnatic.eu -0.3 122.0 308.9 -189.1 -407.4 -750.6
1633 Startale 3.2 124.7 311.4 -193.1 -411.4 -754.6
1634 Alliance 3.9 125.6 312.4 -197.1 -415.4 -758.6
1635 VG -0.1 121.6 308.4 -192.0 -408.2 -750.9
1636 Sigma.int 0.6 122.4 309.5 -196.0 -412.2 -754.9
1637 Na'Vi 2.5 124.2 311.4 -200.0 -416.2 -758.9
1639 Fnatic.eu -1.5 120.2 307.4 -194.2 -410.4 -753.7
1640 FD 1.6 123.8 311.0 -198.2 -414.4 -757.7
1641 RRQ -2.4 119.8 307.0 -189.0 -404.4 -748.1
1642 MiTH -0.7 121.9 309.2 -193.0 -408.4 -752.1
1643 VG 1.7 125.0 312.6 -197.0 -412.4 -756.1
1644 iG -2.3 121.0 308.6 -191.0 -406.9 -750.8
1645 RRQ 0.1 123.3 311.0 -195.0 -410.9 -754.8
1646 RRQ -3.9 119.3 307.0 -190.7 -406.0 -749.6
1647 MiTH -7.9 115.3 303.0 -185.0 -400.8 -745.1
1648 Poseidon -11.9 111.3 299.0 -176.6 -392.4 -737.0
1650 VP -10.0 113.5 301.2 -180.6 -396.4 -741.0
1651 rox.KIS -8.3 115.2 303.1 -184.6 -400.4 -745.0
1652 PR -7.2 116.5 304.6 -188.6 -404.4 -749.0
1653 mouz -5.6 118.1 306.4 -192.6 -408.4 -753.0
1654 MVP.P -4.6 119.5 308.0 -196.6 -412.4 -757.0
1655 RRQ -2.1 121.4 309.9 -200.6 -416.4 -761.0
1656 HR -6.1 117.4 305.9 -191.6 -405.8 -751.2
1657 RRQ -5.4 118.3 307.0 -195.6 -409.8 -755.2
1660 Poseidon -9.4 114.3 303.0 -179.2 -395.2 -743.6
1661 Alliance -6.7 117.1 306.0 -183.2 -399.2 -747.6
1662 Fnatic.eu -5.9 118.1 307.2 -187.2 -403.2 -751.6
1664 DK -5.2 118.9 308.2 -191.2 -407.2 -755.6
1665 LGD.cn -4.6 119.6 309.2 -195.2 -411.2 -759.6
1666 Lowyat -8.6 115.6 305.2 -188.5 -405.5 -754.5
1667 Fnatic.eu -7.1 117.0 306.8 -192.5 -409.5 -758.5
1668 Duskbin -6.3 118.3 308.4 -196.5 -413.5 -762.5
1669 Neon -10.3 114.3 304.4 -187.8 -405.4 -755.5
1671 Neon -6.9 117.6 307.9 -191.8 -409.4 -759.5
1672 MiTH -5.0 119.5 310.0 -195.8 -413.4 -763.5
1673 rox.KIS -2.2 122.8 313.7 -199.8 -417.4 -767.5
1674 Empire -1.0 124.1 315.1 -203.8 -421.4 -771.5
1676 TR -5.0 120.1 311.1 -189.6 -409.8 -761.7
1677 Na'Vi -3.8 121.3 312.6 -193.6 -413.8 -765.7
1678 Na'Vi -2.9 122.4 313.8 -197.6 -417.8 -769.7
1679 Speed -1.2 124.1 315.7 -201.6 -421.8 -773.7
1680 Mski 2.1 127.0 318.6 -205.6 -425.8 -777.7
1681 Mski 3.0 128.1 319.9 -209.6 -429.8 -781.7
1682 Lowyat 4.2 129.4 321.5 -213.6 -433.8 -785.7
1683 rox.KIS 5.5 131.0 323.4 -217.6 -437.8 -789.7
1684 Alliance 6.9 132.3 324.8 -221.6 -441.8 -793.7
1685 Alliance 7.4 132.9 325.5 -225.6 -445.8 -797.7
1686 Sigma.int 8.6 134.1 326.9 -229.6 -449.8 -801.7
1688 Fnatic.eu 10.0 135.5 328.4 -233.6 -453.8 -805.7
1689 iG 10.5 136.1 329.1 -237.6 -457.8 -809.7
1690 Mski 12.5 137.6 330.6 -241.6 -461.8 -813.7
1697 mouz 8.5 133.6 326.6 -224.7 -441.7 -793.6
1698 Alliance 10.0 134.9 328.0 -228.7 -445.7 -797.6
1699 OsG 6.0 130.9 324.0 -200.3 -419.4 -774.2
1701 TongFu 7.0 131.9 325.1 -204.3 -423.4 -778.2
1703 DK 3.0 127.9 321.1 -199.0 -418.5 -773.5
1704 Alliance 5.7 130.6 324.0 -203.0 -422.5 -777.5
1705 Next.kz 7.4 132.5 326.2 -207.0 -426.5 -781.5
1706 Sigma.int 8.3 133.3 327.1 -211.0 -430.5 -785.5
1707 mouz 9.5 134.4 328.3 -215.0 -434.5 -789.5
1708 HR 10.6 135.7 329.9 -219.0 -438.5 -793.5
1709 iG 12.0 137.3 331.9 -223.0 -442.5 -797.5
1709 iG 13.4 138.9 333.9 -227.0 -446.5 -801.5
1710 Speed 9.4 134.9 329.9 -220.9 -440.3 -795.6
1710 Speed 5.4 130.9 325.9 -214.4 -433.8 -789.7
1711 Next.kz 6.2 131.9 327.1 -218.4 -437.8 -793.7
1711 Next.kz 6.9 132.8 328.1 -222.4 -441.8 -797.7
1712 VP 8.6 134.5 329.9 -226.4 -445.8 -801.7
1712 VP 10.5 136.1 331.6 -230.4 -449.8 -805.7
1713 Alliance 12.1 137.7 333.3 -234.4 -453.8 -809.7
1713 Sigma.int 13.9 139.1 335.0 -238.4 -457.8 -813.7
1714 rox.KIS 14.6 140.0 336.0 -242.4 -461.8 -817.7
1714 rox.KIS 15.5 140.9 337.2 -246.4 -465.8 -821.7
1715 Poseidon 11.5 136.9 333.2 -240.7 -460.4 -816.4
1716 rox.KIS 13.9 139.6 336.0 -244.7 -464.4 -820.4
1716 rox.KIS 16.5 142.2 338.9 -248.7 -468.4 -824.4
1718 Fnatic.eu 12.5 138.2 334.9 -242.3 -461.5 -818.6
1718 Fnatic.eu 8.5 134.2 330.9 -235.4 -454.9 -812.8
1719 HR 10.3 135.7 332.5 -239.4 -458.9 -816.8
1719 HR 12.1 137.2 334.1 -243.4 -462.9 -820.8
1720 Mski 13.0 138.2 335.2 -247.4 -466.9 -824.8
1721 Lowyat 14.1 139.2 336.7 -251.4 -470.9 -828.8
1722 Mski 14.9 140.0 337.7 -255.4 -474.9 -832.8
1723 Mski 16.6 141.6 339.3 -259.4 -478.9 -836.8
1724 LGD.cn 18.2 143.3 341.2 -263.4 -482.9 -840.8
1725 VG 19.3 144.5 342.6 -267.4 -486.9 -844.8
1726 Lowyat 20.3 145.5 343.8 -271.4 -490.9 -848.8
1727 Mski 21.1 146.4 344.7 -275.4 -494.9 -852.8
1728 sQreen 17.1 142.4 340.7 -263.2 -482.4 -841.8
1730 rox.KIS 18.1 143.8 342.2 -267.2 -486.4 -845.8
1731 Empire 14.1 139.8 338.2 -255.0 -473.5 -834.5
1732 rox.KIS 10.1 135.8 334.2 -249.1 -466.2 -827.2
1733 PR 6.1 131.8 330.2 -238.2 -455.7 -817.5
1735 Mski 6.9 132.6 331.2 -242.2 -459.7 -821.5
1736 Lowyat 2.9 128.6 327.2 -233.0 -450.7 -813.6
1737 MiTH -1.1 124.6 323.2 -228.1 -444.6 -807.8
1738 Lowyat 1.0 126.4 325.1 -232.1 -448.6 -811.8
1739 5inQ -3.0 122.4 321.1 -224.3 -440.8 -805.4
1740 LGD.cn -7.0 118.4 317.1 -217.9 -435.2 -800.6
1742 Na'Vi -5.5 120.4 319.3 -221.9 -439.2 -804.6
1743 Na'Vi -3.8 122.5 321.7 -225.9 -443.2 -808.6
1744 Sigma.int -2.8 123.8 323.2 -229.9 -447.2 -812.6
1745 Na'Vi -2.1 124.7 324.3 -233.9 -451.2 -816.6
1746 Alliance -1.4 125.5 325.4 -237.9 -455.2 -820.6
1748 Idol -5.4 121.5 321.4 -233.6 -450.1 -815.6
1749 FD -9.4 117.5 317.4 -229.3 -445.0 -810.2
1750 Alliance -8.7 118.3 318.4 -233.3 -449.0 -814.2
1751 Na'Vi -7.8 119.3 319.6 -237.3 -453.0 -818.2
1753 Na'Vi -6.5 120.7 321.2 -241.3 -457.0 -822.2
1754 TR -10.5 116.7 317.2 -228.4 -445.6 -812.5
1755 SSD -9.4 118.1 318.9 -232.4 -449.6 -816.5
1756 TongFu -13.4 114.1 314.9 -224.6 -442.7 -810.8
1758 DK -11.8 115.9 317.0 -228.6 -446.7 -814.8
1759 FD -8.7 119.4 320.9 -232.6 -450.7 -818.8
1760 Duskbin -12.7 115.4 316.9 -223.1 -440.1 -808.9
1761 Mski -11.7 116.7 318.3 -227.1 -444.1 -812.9
1762 TR -15.7 112.7 314.3 -217.7 -435.8 -805.7
1763 rox.KIS -14.8 113.7 315.5 -221.7 -439.8 -809.7
1764 Na'Vi -13.7 114.8 316.8 -225.7 -443.8 -813.7
1767 rox.KIS -11.0 117.9 320.3 -229.7 -447.8 -817.7
1768 QPandas -15.0 113.9 316.3 -219.3 -438.0 -809.2
1769 XctN -19.0 109.9 312.3 -214.3 -432.3 -803.7
1770 5inQ -17.3 112.5 315.3 -218.3 -436.3 -807.7
1771 VG -16.4 113.7 316.9 -222.3 -440.3 -811.7
1773 FD -14.3 115.5 318.9 -226.3 -444.3 -815.7
1774 Idol -13.3 117.0 320.8 -230.3 -448.3 -819.7
1775 RRQ -17.3 113.0 316.8 -224.7 -443.4 -815.2
1776 Fnatic.eu -16.2 114.2 318.2 -228.7 -447.4 -819.2
1777 PR -14.7 115.8 320.0 -232.7 -451.4 -823.2
1778 FSid3 -18.7 111.8 316.0 -226.7 -444.8 -816.7
1779 Fnatic.eu -16.9 113.3 317.6 -230.7 -448.8 -820.7
1780 Titan -15.5 114.9 319.4 -234.7 -452.8 -824.7
1781 FD -13.8 116.8 321.5 -238.7 -456.8 -828.7
1783 Titan -12.8 117.8 322.8 -242.7 -460.8 -832.7
1784 LGD.cn -11.2 119.4 324.8 -246.7 -464.8 -836.7
1785 Fnatic.eu -10.1 120.6 326.1 -250.7 -468.8 -840.7
1786 Fnatic.eu -8.7 122.0 327.6 -254.7 -472.8 -844.7
1787 Sigma.int -6.2 124.5 330.2 -258.7 -476.8 -848.7
1788 Sigma.int -5.6 125.2 331.1 -262.7 -480.8 -852.7
1789 Na'Vi -2.7 127.9 333.9 -266.7 -484.8 -856.7
1790 Na'Vi -1.7 128.8 334.9 -270.7 -488.8 -860.7
1791 Revenge -5.7 124.8 330.9 -261.3 -477.3 -849.1
1792 Empire -9.7 120.8 326.9 -253.4 -469.6 -842.2
1793 Fnatic.eu -8.4 122.1 328.4 -257.4 -473.6 -846.2
1794 Mski -12.4 118.1 324.4 -252.3 -468.0 -840.9
1795 Empire -10.8 119.9 326.2 -256.3 -472.0 -844.9
1796 Titan -8.3 122.6 328.8 -260.3 -476.0 -848.9
1797 TR -12.3 118.6 324.8 -250.9 -466.2 -839.4
1798 OsG -10.0 121.3 327.6 -254.9 -470.2 -843.4
1799 VP -14.0 117.3 323.6 -246.2 -463.5 -837.6
1800 Empire -12.4 118.9 325.4 -250.2 -467.5 -841.6
1801 Na'Vi -10.7 120.3 327.0 -254.2 -471.5 -845.6
1802 PR -14.7 116.3 323.0 -241.1 -455.6 -830.8
1803 Sigma.int -13.5 117.7 324.5 -245.1 -459.6 -834.8
1804 DK -13.1 118.3 325.2 -249.1 -463.6 -838.8
1805 VG -12.5 119.0 326.1 -253.1 -467.6 -842.8
1806 DT -10.8 120.6 327.9 -257.1 -471.6 -846.8
1807 LGD.cn -10.3 121.2 328.7 -261.1 -475.6 -850.8
1808 iG -9.9 121.8 329.5 -265.1 -479.6 -854.8
1809 Titan -8.7 122.9 330.8 -269.1 -483.6 -858.8
1810 TR -12.7 118.9 326.8 -264.3 -478.4 -853.6
1811 TongFu -11.8 119.8 327.9 -268.3 -482.4 -857.6
1813 DK -9.5 122.3 330.6 -272.3 -486.4 -861.6
1814 LGD.cn -9.0 123.0 331.5 -276.3 -490.4 -865.6
1815 iG -8.1 124.4 333.2 -280.3 -494.4 -869.6
1816 TongFu -12.1 120.4 329.2 -274.7 -489.3 -865.2
1817 Mski -10.9 121.6 330.6 -278.7 -493.3 -869.2
1818 FD -8.7 123.7 332.7 -282.7 -497.3 -873.2
1819 rox.KIS -6.3 126.0 335.2 -286.7 -501.3 -877.2
1820 Empire -5.4 126.9 336.3 -290.7 -505.3 -881.2
1821 QPandas -9.4 122.9 332.3 -279.9 -494.3 -871.6
1822 Fnatic.eu -8.9 123.5 333.0 -283.9 -498.3 -875.6
1823 SSD -7.2 125.1 334.7 -287.9 -502.3 -879.6
1824 Empire -4.0 128.3 338.2 -291.9 -506.3 -883.6
1825 DK -2.4 130.1 340.3 -295.9 -510.3 -887.6
1826 Titan -1.4 131.1 341.4 -299.9 -514.3 -891.6
1827 MVP.P -0.5 132.3 342.8 -303.9 -518.3 -895.6
1828 TongFu -4.5 128.3 338.8 -289.5 -507.1 -885.8
1829 Sigma.int -3.2 130.0 340.8 -293.5 -511.1 -889.8
1830 mouz -1.0 132.2 343.0 -297.5 -515.1 -893.8
1831 rox.KIS -5.0 128.2 339.0 -288.5 -507.6 -886.8
1832 TR -1.6 131.4 342.4 -292.5 -511.6 -890.8
1833 Fnatic.eu -0.1 132.8 343.8 -296.5 -515.6 -894.8
1836 DK 1.3 134.4 345.6 -300.5 -519.6 -898.8
1837 Titan 2.9 135.9 347.3 -304.5 -523.6 -902.8
1838 Titan -1.1 131.9 343.3 -298.2 -516.9 -896.3
1839 Sigma.int -5.1 127.9 339.3 -289.4 -508.4 -888.4
1840 PR -9.1 123.9 335.3 -277.2 -497.1 -877.9
1841 SSD -7.3 125.9 337.5 -281.2 -501.1 -881.9
1842 DK -6.0 127.5 339.3 -285.2 -505.1 -885.9
1843 iG -4.0 129.9 341.9 -289.2 -509.1 -889.9
1844 VG -8.0 125.9 337.9 -283.4 -504.1 -885.2
1845 DK -6.1 128.1 339.1 -287.4 -508.1 -889.2
1846 DK -5.2 129.2 339.7 -291.4 -512.1 -893.2
1847 DK -4.4 130.3 341.0 -295.4 -516.1 -897.2
1848 TongFu -2.7 132.4 343.4 -299.4 -520.1 -901.2
1849 PBS -1.0 134.6 346.0 -303.4 -524.1 -905.2
1850 rox.KIS 0.3 136.2 346.8 -307.4 -528.1 -909.2
1851 Alliance 1.0 137.1 347.4 -311.4 -532.1 -913.2
1852 SSD 2.7 138.7 349.1 -315.4 -536.1 -917.2
1853 Alliance 3.7 139.5 350.0 -319.4 -540.1 -921.2
1854 SSD -0.3 135.5 346.0 -312.5 -531.9 -913.4
1857 iG 0.4 136.4 347.1 -316.5 -535.9 -917.4
1858 Empire 2.7 139.1 348.5 -320.5 -539.9 -921.4
1860 Fnatic.eu 3.3 139.9 349.4 -324.5 -543.9 -925.4
1861 Sigma.int 4.3 141.1 350.9 -328.5 -547.9 -929.4
1862 Next.kz 0.3 137.1 346.9 -317.6 -537.3 -919.6
1863 Fnatic.eu 1.5 138.4 347.9 -321.6 -541.3 -923.6
1864 Revenge 3.8 140.9 350.7 -325.6 -545.3 -927.6
1865 TongFu 4.6 141.9 351.9 -329.6 -549.3 -931.6
1866 Sigma.int 6.5 144.2 353.5 -333.6 -553.3 -935.6
1867 Fnatic.eu 7.4 145.2 354.2 -337.6 -557.3 -939.6
1868 Na'Vi 8.1 146.0 354.7 -341.6 -561.3 -943.6
1869 FSid3 4.1 142.0 350.7 -333.8 -553.8 -937.3
1870 FSid3 0.1 138.0 346.7 -324.1 -542.3 -926.0
1871 Relax 1.8 139.8 348.9 -328.1 -546.3 -930.0
1872 rox.KIS -2.2 135.8 344.9 -323.5 -541.5 -925.3
1873 PBS -6.2 131.8 340.9 -317.2 -534.9 -921.8
1874 Revenge -4.8 133.4 341.9 -321.2 -538.9 -925.8
1875 iG -3.2 135.1 343.8 -325.2 -542.9 -929.8
1876 GB -1.4 137.0 346.0 -329.2 -546.9 -933.8
1877 FD 0.2 138.7 347.3 -333.2 -550.9 -937.8
1878 Invasion -3.8 134.7 343.3 -321.6 -540.5 -923.9
1879 Orange -3.0 135.6 344.3 -325.6 -544.5 -927.9
1880 VG -7.0 131.6 340.3 -319.0 -537.1 -920.8
1881 LGD.cn -3.7 135.4 342.2 -323.0 -541.1 -924.8
1882 Swage -6.2172489379e-15 139.3 344.9 -327.0 -545.1 -928.8
1883 iG -4.0 135.3 340.9 -318.6 -537.6 -919.1
1885 Mski -2.8 136.4 342.1 -322.6 -541.6 -923.1
1886 Invasion -1.5 137.8 343.1 -326.6 -545.6 -927.1
1887 Lowyat -0.2 139.2 344.5 -330.6 -549.6 -931.1
1888 SMM 3.0 142.1 347.6 -334.6 -553.6 -935.1
1889 Fnatic.eu -1.0 138.1 343.6 -317.4 -540.5 -923.3
1890 LGD.cn -5.0 134.1 339.6 -310.9 -534.6 -917.8
1892 nAra -9.0 130.1 335.6 -303.1 -527.8 -909.4
1893 Mski -7.8 131.5 336.3 -307.1 -531.8 -913.4
1894 Spirit -11.8 127.5 332.3 -294.6 -520.3 -897.1
1895 Fnatic.eu -15.8 123.5 328.3 -290.0 -516.4 -888.4
1896 XctN -19.8 119.5 324.3 -284.6 -510.5 -882.9
1897 Idol -23.8 115.5 320.3 -278.7 -504.5 -877.2
1898 Titan -22.5 117.2 321.1 -282.7 -508.5 -881.2
1899 LGD.cn -20.0 119.8 323.1 -286.7 -512.5 -885.2
1900 PBS -17.8 122.2 325.7 -290.7 -516.5 -889.2
1903 Titan -15.8 124.6 327.0 -294.7 -520.5 -893.2
1904 Mastery -19.8 120.6 323.0 -288.2 -514.2 -885.7
1905 Swage -23.8 116.6 319.0 -280.6 -507.5 -879.7
1906 5inQ -22.7 118.3 321.0 -284.6 -511.5 -883.7
1907 EOT -19.8 121.6 323.3 -288.6 -515.5 -887.7
1908 Sigma.int -23.8 117.6 319.3 -283.7 -510.1 -882.1
1909 Mski -20.7 121.2 322.0 -287.7 -514.1 -886.1
1910 FD -18.8 123.4 323.5 -291.7 -518.1 -890.1
1911 Titan -17.7 124.7 324.5 -295.7 -522.1 -894.1
1912 Orange -15.6 126.7 326.5 -299.7 -526.1 -898.1
1913 rox.KIS -14.2 128.3 327.8 -303.7 -530.1 -902.1
1914 rox.KIS -12.4 130.1 329.8 -307.7 -534.1 -906.1
1916 rox.KIS -11.1 131.5 331.3 -311.7 -538.1 -910.1
1917 Orange -9.1 133.1 333.0 -315.7 -542.1 -914.1
1918 Orange -7.0 135.0 334.9 -319.7 -546.1 -918.1
1920 Mski -11.0 131.0 330.9 -311.4 -539.6 -912.1
1921 VP -8.5 133.4 333.2 -315.4 -543.6 -916.1
1922 VP -12.5 129.4 329.2 -310.5 -538.8 -911.7
1923 VP -11.0 131.1 331.0 -314.5 -542.8 -915.7
1924 Sigma.int -8.7 133.8 332.7 -318.5 -546.8 -919.7
1925 PR -7.0 135.4 334.1 -322.5 -550.8 -923.7
1926 PR -4.4 137.5 336.3 -326.5 -554.8 -927.7
1927 Titan -2.8 139.3 337.5 -330.5 -558.8 -931.7
1928 Zephyr -1.8 140.8 339.3 -334.5 -562.8 -935.7
1929 MVP -0.5 142.3 341.1 -338.5 -566.8 -939.7
1930 Alliance 1.6 144.4 343.5 -342.5 -570.8 -943.7
1931 Swage -2.4 140.4 339.5 -334.5 -563.5 -937.1
1933 Alliance -0.2 142.6 341.9 -338.5 -567.5 -941.1
1934 Sigma.int -4.2 138.6 337.9 -327.5 -556.1 -930.5
1935 EOT.Ham. -8.2 134.6 333.9 -312.0 -546.1 -922.4
1936 Alliance -6.4 136.6 335.6 -316.0 -550.1 -926.4
1937 Na'Vi -4.6 138.6 337.8 -320.0 -554.1 -930.4
1938 DK -2.1 141.3 340.7 -324.0 -558.1 -934.4
1939 Na'Vi -0.4 143.2 342.1 -328.0 -562.1 -938.4
1940 Na'Vi -4.4 139.2 338.1 -322.8 -557.8 -934.1
1941 Zephyr -2.3 141.8 339.3 -326.8 -561.8 -938.1
1942 VP 1.1 144.7 342.2 -330.8 -565.8 -942.1
1943 PR 3.0 146.6 344.4 -334.8 -569.8 -946.1
1944 VP 4.9 148.7 345.9 -338.8 -573.8 -950.1
1945 rox.KIS 6.0 150.0 346.7 -342.8 -577.8 -954.1
1946 PR 2.0 146.0 342.7 -336.2 -570.7 -947.5
1947 Relax -2.0 142.0 338.7 -329.2 -563.8 -941.4
1948 Empire -1.0 143.1 340.1 -333.2 -567.8 -945.4
1949 EOT.Ham. -5.0 139.1 336.1 -322.3 -558.5 -937.4
1951 Empire -3.8 140.6 336.9 -326.3 -562.5 -941.4
1953 Fnatic.eu -2.8 141.8 337.9 -330.3 -566.5 -945.4
1954 Empire -1.9 142.8 339.1 -334.3 -570.5 -949.4
1955 Life 0.9 146.3 340.8 -338.3 -574.5 -953.4
1956 rox.KIS 2.5 147.7 342.3 -342.3 -578.5 -957.4
1960 Empire 4.2 149.5 344.5 -346.3 -582.5 -961.4
1961 Fnatic.eu 5.0 150.4 345.1 -350.3 -586.5 -965.4
1962 Fnatic.eu 7.3 152.8 347.5 -354.3 -590.5 -969.4
1963 Life 3.3 148.8 343.5 -344.9 -580.9 -962.5
1964 Fnatic.eu 4.4 150.2 344.3 -348.9 -584.9 -966.5
1965 Relax 6.1 152.2 345.9 -352.9 -588.9 -970.5
1966 Speed 8.9 155.5 349.6 -356.9 -592.9 -974.5
1967 Liquid 10.3 156.6 350.9 -360.9 -596.9 -978.5
1968 Denial 12.6 159.2 353.8 -364.9 -600.9 -982.5
1969 hehe 15.5 162.6 357.5 -368.9 -604.9 -986.5
1970 hehe 17.6 164.7 359.4 -372.9 -608.9 -990.5
1971 Relax 13.6 160.7 355.4 -358.2 -596.1 -979.7
1972 PR 9.6 156.7 351.4 -348.2 -587.6 -964.2
1973 Sigma.int 10.8 158.3 352.2 -352.2 -591.6 -968.2
1974 bvd.dotA 6.8 154.3 348.2 -347.0 -586.7 -964.9
1975 Fnatic.eu 7.5 155.1 348.6 -351.0 -590.7 -968.9
1976 Relax 3.5 151.1 344.6 -345.8 -585.9 -961.9
1977 Empire -0.5 147.1 340.6 -340.9 -581.0 -957.4
1978 eHug 2.4 150.5 342.1 -344.9 -585.0 -961.4
1979 Empire 4.7 153.3 345.2 -348.9 -589.0 -965.4
1981 Liquid 5.6 154.5 346.7 -352.9 -593.0 -969.4
1982 Speed 6.6 155.7 347.6 -356.9 -597.0 -973.4
1983 SADBOYS 2.6 151.7 343.6 -349.8 -588.4 -964.8
1984 Empire 3.5 152.7 344.4 -353.8 -592.4 -968.8
1985 SADBOYS -0.5 148.7 340.4 -344.0 -583.7 -958.5
1986 eHug -4.5 144.7 336.4 -337.9 -577.6 -952.6
1987 Empire -8.5 140.7 332.4 -331.6 -572.1 -944.6
1988 Liquid -12.5 136.7 328.4 -324.1 -565.5 -938.0
1991 PR -10.5 138.8 330.6 -328.1 -569.5 -942.0
1992 Speed -9.6 139.9 332.0 -332.1 -573.5 -946.0
1993 Liquid -6.5 143.3 335.7 -336.1 -577.5 -950.0
1995 SADBOYS -5.0 145.3 338.2 -340.1 -581.5 -954.0
1996 TR -9.0 141.3 334.2 -332.1 -574.0 -947.1
2000 UG -13.0 137.3 330.2 -327.0 -569.1 -941.7
2001 Speed -12.1 138.6 331.7 -331.0 -573.1 -945.7
2002 Swage -9.2 141.7 333.3 -335.0 -577.1 -949.7
2003 Empire -13.2 137.7 329.3 -328.8 -571.7 -941.2
2004 Empire -10.3 140.6 332.7 -332.8 -575.7 -945.2
2005 5inQ -7.7 143.5 334.2 -336.8 -579.7 -949.2
2008 SADBOYS -11.7 139.5 330.2 -329.5 -572.6 -942.1
2009 Fnatic.eu -10.2 141.2 331.5 -333.5 -576.6 -946.1
2010 Na'Vi -8.7 142.8 333.1 -337.5 -580.6 -950.1
2011 PR -12.7 138.8 329.1 -331.9 -575.9 -945.6
2013 Empire -10.4 141.1 331.4 -335.9 -579.9 -949.6
2014 Speed -9.2 142.4 332.3 -339.9 -583.9 -953.6
2015 Speed -8.4 143.3 333.5 -343.9 -587.9 -957.6
2016 Revenge -6.5 145.3 335.6 -347.9 -591.9 -961.6
2018 Fnatic.eu -10.5 141.3 331.6 -339.0 -582.4 -952.8
2019 Na'Vi -9.1 142.7 333.2 -343.0 -586.4 -956.8
2020 PR -7.3 144.6 335.2 -347.0 -590.4 -960.8
2022 Liquid -6.4 145.6 335.8 -351.0 -594.4 -964.8
2023 SADBOYS -5.7 146.5 336.9 -355.0 -598.4 -968.8
2024 SADBOYS -4.3 148.0 337.6 -359.0 -602.4 -972.8
2025 D4D -1.2 151.2 339.9 -363.0 -606.4 -976.8
2026 Execration 0.8 153.5 342.5 -367.0 -610.4 -980.8
2028 Next.kz -3.2 149.5 338.5 -358.6 -602.8 -973.8
2029 Empire -2.1 150.8 339.2 -362.6 -606.8 -977.8
2031 Sigma.int -6.1 146.8 335.2 -356.2 -600.3 -971.2
2032 Liquid -5.2 147.8 336.3 -360.2 -604.3 -975.2
2033 eHug -9.2 143.8 332.3 -353.7 -597.6 -968.6
2034 Denial -13.2 139.8 328.3 -343.4 -587.7 -958.2
2035 SADBOYS -12.2 140.9 328.9 -347.4 -591.7 -962.2
2036 Zephyr -9.2 144.2 332.4 -351.4 -595.7 -966.2
2039 Speed -13.2 140.2 328.4 -345.0 -589.3 -959.7
2043 Liquid -10.7 142.8 329.7 -349.0 -593.3 -963.7
2044 Arrow -8.4 145.6 331.1 -353.0 -597.3 -967.7
2047 Empire -6.7 147.6 332.4 -357.0 -601.3 -971.7
2048 Arrow -5.0 149.7 333.4 -361.0 -605.3 -975.7
2049 GL -2.9 152.0 335.0 -365.0 -609.3 -979.7
2051 Nullis -0.9 154.1 337.3 -369.0 -613.3 -983.7
2052 Nullis -4.9 150.1 333.3 -361.2 -606.2 -974.8
2053 SADBOYS -4.1 151.2 333.7 -365.2 -610.2 -978.8
2054 Empire -3.1 152.5 335.3 -369.2 -614.2 -982.8
2055 Na'Vi -2.1 153.7 336.0 -373.2 -618.2 -986.8
2056 bvd.dotA -0.6 155.4 338.1 -377.2 -622.2 -990.8
2057 Aura 1.6 157.8 340.7 -381.2 -626.2 -994.8
2058 Cloud9 2.5 159.1 341.1 -385.2 -630.2 -998.8
2059 Empire 3.4 160.1 342.2 -389.2 -634.2 -1002.8
2061 rox.KIS -0.6 156.1 338.2 -373.6 -619.5 -989.7
2062 PR -4.6 152.1 334.2 -367.1 -613.3 -983.8
2064 Cloud9 -3.6 153.3 335.7 -371.1 -617.3 -987.8
2066 Alliance -2.4 154.5 337.0 -375.1 -621.3 -991.8
2067 Na'Vi -1.6 155.4 338.0 -379.1 -625.3 -995.8
2068 Fnatic.eu -0.6 156.5 338.9 -383.1 -629.3 -999.8
2069 VP -4.6 152.5 334.9 -376.8 -623.5 -993.8
2070 rox.KIS -8.6 148.5 330.9 -369.7 -617.0 -984.1
2071 Cloud9 -5.5 151.9 333.0 -373.7 -621.0 -988.1
2072 About -9.5 147.9 329.0 -366.3 -613.9 -980.4
2073 4FC -7.7 150.0 330.5 -370.3 -617.9 -984.4
2074 vhoul -11.7 146.0 326.5 -359.9 -608.2 -977.5
2075 Liquid -15.7 142.0 322.5 -352.7 -602.2 -968.4
2076 Courage -19.7 138.0 318.5 -339.9 -591.4 -946.3
2078 Empire -17.2 140.6 320.5 -343.9 -595.4 -950.3
2079 Empire -15.6 142.5 322.6 -347.9 -599.4 -954.3
2080 rox.KIS -19.6 138.5 318.6 -331.6 -583.5 -941.0
2082 rox.KIS -18.6 139.7 319.9 -335.6 -587.5 -945.0
2083 PR -17.7 140.7 321.0 -339.6 -591.5 -949.0
2084 hehe -21.7 136.7 317.0 -335.0 -586.7 -944.5
2086 PssT -25.7 132.7 313.0 -327.7 -580.9 -935.9
2087 Liquid -24.4 134.1 313.9 -331.7 -584.9 -939.9
2088 SADBOYS -21.3 137.8 316.3 -335.7 -588.9 -943.9
2089 SADBOYS -20.4 138.9 317.8 -339.7 -592.9 -947.9
2091 Zephyr -17.6 141.8 320.9 -343.7 -596.9 -951.9
2093 rox.KIS -15.8 143.7 322.1 -347.7 -600.9 -955.9
2094 Insane -19.8 139.7 318.1 -339.9 -593.9 -949.7
2095 Titan -18.4 141.4 318.7 -343.9 -597.9 -953.7
2096 neXt! -22.4 137.4 314.7 -338.1 -592.5 -949.3
2097 rox.KIS -21.0 139.0 315.5 -342.1 -596.5 -953.3
2098 Zephyr -19.9 140.1 316.9 -346.1 -600.5 -957.3
2099 rox.KIS -17.9 142.0 318.8 -350.1 -604.5 -961.3
2100 PR -16.5 143.5 320.0 -354.1 -608.5 -965.3
2101 ZR -13.4 147.1 322.1 -358.1 -612.5 -969.3
2102 MYM -11.8 148.8 324.0 -362.1 -616.5 -973.3
2103 JnRun -15.8 144.8 320.0 -357.4 -611.7 -968.4
2104 Arrow -19.8 140.8 316.0 -348.4 -602.8 -960.5
2105 Mongolz -16.3 144.4 318.5 -352.4 -606.8 -964.5
2106 Panthers -13.8 147.1 321.6 -356.4 -610.8 -968.5
2112 DUZA -11.3 149.7 324.2 -360.4 -614.8 -972.5
2113 TCN -9.7 151.7 325.3 -364.4 -618.8 -976.5
2114 VP -7.0 154.7 328.5 -368.4 -622.8 -980.5
2115 Mongolz -11.0 150.7 324.5 -362.0 -616.0 -974.1
2117 Titan -8.9 153.2 326.0 -366.0 -620.0 -978.1
2119 Empire -8.2 154.1 326.5 -370.0 -624.0 -982.1
2121 Relax -7.1 155.4 327.6 -374.0 -628.0 -986.1
2122 4FC -3.8 158.6 330.5 -378.0 -632.0 -990.1
2123 rox.KIS -2.9 159.7 331.2 -382.0 -636.0 -994.1
2124 neXt! -6.9 155.7 327.2 -375.6 -629.1 -986.9
2126 ZR -4.7 158.0 329.3 -379.6 -633.1 -990.9
2128 Alliance -3.1 159.7 330.9 -383.6 -637.1 -994.9
2129 vhoul -0.6 162.4 332.7 -387.6 -641.1 -998.9
2131 Titan 0.1 163.3 333.8 -391.6 -645.1 -1002.9
2132 Fnatic.eu 1.8 165.0 335.4 -395.6 -649.1 -1006.9
2133 Next.kz -2.2 161.0 331.4 -379.3 -634.3 -986.8
2135 rox.KIS -0.2 163.2 333.9 -383.3 -638.3 -990.8
2136 Swage 1.5 165.1 335.7 -387.3 -642.3 -994.8
2137 Revenge 3.2 166.9 336.9 -391.3 -646.3 -998.8
2138 Liquid 4.2 168.0 337.6 -395.3 -650.3 -1002.8
2139 eHug 5.9 169.8 339.1 -399.3 -654.3 -1006.8
2140 PssT 1.9 165.8 335.1 -391.9 -646.3 -999.5
2141 WWD 3.4 167.3 336.9 -395.9 -650.3 -1003.5
2142 MVP.P 6.9 170.1 339.7 -399.9 -654.3 -1007.5
2143 MiTH 8.4 171.6 341.0 -403.9 -658.3 -1011.5
2146 Fnatic.eu 10.3 173.7 342.7 -407.9 -662.3 -1015.5
2147 Na'Vi 11.4 174.9 344.0 -411.9 -666.3 -1019.5
2148 PR 7.4 170.9 340.0 -399.9 -656.5 -1011.3
2149 Sigma.int 9.0 172.6 341.9 -403.9 -660.5 -1015.3
2150 VP 5.0 168.6 337.9 -399.1 -656.0 -1010.2
2151 Insane 1.0 164.6 333.9 -394.3 -650.9 -1004.9
2152 Relax -3.0 160.6 329.9 -384.1 -641.2 -995.2
2154 ZR -7.0 156.6 325.9 -378.4 -635.7 -990.3
2155 MYM -5.3 158.2 327.8 -382.4 -639.7 -994.3
2156 Cloud9 -4.3 159.4 328.5 -386.4 -643.7 -998.3
2158 Denial -8.3 155.4 324.5 -376.6 -634.4 -986.3
2159 SADBOYS -7.6 156.3 325.6 -380.6 -638.4 -990.3
2160 Dog -6.2 158.1 327.6 -384.6 -642.4 -994.3
2161 Osiris -10.2 154.1 323.6 -376.8 -635.4 -990.4
2162 Orange -9.3 155.2 324.8 -380.8 -639.4 -994.4
2164 Puck -13.3 151.2 320.8 -374.5 -632.4 -987.6
2165 TR -17.3 147.2 316.8 -360.4 -619.8 -968.1
2166 DUZA -21.3 143.2 312.8 -353.0 -612.8 -961.6
2167 Scythe -18.5 146.4 314.5 -357.0 -616.8 -965.6
2168 Dignotoss -15.6 150.0 318.3 -361.0 -620.8 -969.6
2169 WWD -13.3 152.7 319.6 -365.0 -624.8 -973.6
2170 ZR -17.3 148.7 315.6 -355.9 -615.1 -964.7
2171 Relax -15.5 150.5 317.4 -359.9 -619.1 -968.7
2172 Na'Vi -14.4 151.8 318.2 -363.9 -623.1 -972.7
2175 Liquid -13.5 152.8 319.5 -367.9 -627.1 -976.7
2176 neXt! -17.5 148.8 315.5 -361.5 -621.3 -971.2
2177 Dog -16.1 150.6 317.9 -365.5 -625.3 -975.2
2178 VP -14.8 152.0 319.1 -369.5 -629.3 -979.2
2179 PR -12.4 154.6 320.9 -373.5 -633.3 -983.2
2180 Puck -16.4 150.6 316.9 -366.6 -627.2 -974.8
2181 MiT -20.4 146.6 312.9 -354.0 -614.9 -963.6
2182 MM -17.7 149.5 314.5 -358.0 -618.9 -967.6
2183 4N -21.7 145.5 310.5 -353.1 -614.0 -962.9
2185 Scythe -20.4 147.2 311.0 -357.1 -618.0 -966.9
2186 RRQ -24.4 143.2 307.0 -351.4 -613.0 -959.1
2187 Titan -23.8 144.0 308.0 -355.4 -617.0 -963.1
2188 Everlast -27.8 140.0 304.0 -339.8 -604.5 -952.4
2189 Dignotoss -31.8 136.0 300.0 -335.0 -599.9 -946.4
2190 VP -30.6 137.1 301.2 -339.0 -603.9 -950.4
2191 Orange -28.5 139.2 303.3 -343.0 -607.9 -954.4
2192 PR -32.5 135.2 299.3 -336.1 -601.7 -949.2
2193 Na'Vi -30.6 136.9 301.0 -340.1 -605.7 -953.2
2194 Zephyr -27.9 139.7 303.3 -344.1 -609.7 -957.2
2197 Empire -27.1 140.7 304.6 -348.1 -613.7 -961.2
2200 Alliance -25.8 141.9 306.1 -352.1 -617.7 -965.2
2201 eN.Legs -23.6 144.1 308.3 -356.1 -621.7 -969.2
2202 neXt! -21.2 146.6 310.6 -360.1 -625.7 -973.2
2203 BIP -18.6 149.6 312.3 -364.1 -629.7 -977.2
2204 Osiris -22.6 145.6 308.3 -354.8 -620.1 -968.2
2209 DT.NGC -26.6 141.6 304.3 -349.5 -615.0 -963.9
2210 Titan -25.9 142.5 305.4 -353.5 -619.0 -967.9
2213 Arrow -25.2 143.4 306.7 -357.5 -623.0 -971.9
2214 Orange -24.4 144.4 307.2 -361.5 -627.0 -975.9
2215 ADN -28.4 140.4 303.2 -352.4 -617.3 -969.1
2216 Alliance -26.9 142.1 304.9 -356.4 -621.3 -973.1
2218 VP -30.9 138.1 300.9 -346.9 -613.1 -965.4
2219 rox.KIS -34.9 134.1 296.9 -341.5 -607.9 -960.3
2225 Empire -38.9 130.1 292.9 -335.8 -600.5 -952.6
2226 Empire -42.9 126.1 288.9 -325.9 -590.6 -946.2
2228 Titan -42.2 126.9 289.3 -329.9 -594.6 -950.2
2229 Scythe -40.7 128.6 290.1 -333.9 -598.6 -954.2
2230 Orange -38.5 130.7 292.3 -337.9 -602.6 -958.2
2231 Arrow -36.5 133.1 294.0 -341.9 -606.6 -962.2
2232 Relax -32.8 136.1 296.8 -345.9 -610.6 -966.2
2233 CIS -30.1 139.1 299.5 -349.9 -614.6 -970.2
2234 5inQ -27.5 141.2 301.7 -353.9 -618.6 -974.2
2237 Execration -25.9 142.8 303.4 -357.9 -622.6 -978.2
2238 FD -24.4 144.5 304.9 -361.9 -626.6 -982.2
2239 Orange -28.4 140.5 300.9 -349.8 -617.5 -974.4
2240 Spirit -32.4 136.5 296.9 -342.0 -609.7 -965.3
2241 hehe -36.4 132.5 292.9 -324.7 -594.7 -938.7
2242 PR -40.4 128.5 288.9 -314.5 -585.3 -925.2
2244 EG -38.8 130.5 289.8 -318.5 -589.3 -929.2
2245 MYM -36.0 133.5 293.1 -322.5 -593.3 -933.2
2247 Cloud9 -32.8 137.2 295.1 -326.5 -597.3 -937.2
2248 DT.NGC -31.1 139.2 297.5 -330.5 -601.3 -941.2
2249 Titan -30.0 140.4 298.9 -334.5 -605.3 -945.2
2250 Execration -34.0 136.4 294.9 -329.6 -600.3 -940.7
2251 Zephyr -32.7 137.8 296.6 -333.6 -604.3 -944.7
2252 FD -30.4 140.2 298.5 -337.6 -608.3 -948.7
2254 Fnatic.eu -27.5 143.2 301.7 -341.6 -612.3 -952.7
2255 rox.KIS -25.0 145.6 304.1 -345.6 -616.3 -956.7
2258 Arrow -29.0 141.6 300.1 -337.3 -609.5 -951.0
2259 VG -26.3 144.4 301.9 -341.3 -613.5 -955.0
2260 FL -24.8 146.1 302.9 -345.3 -617.5 -959.0
2261 CIS -28.8 142.1 298.9 -326.1 -603.7 -948.8
2262 Mski -26.8 144.3 300.6 -330.1 -607.7 -952.8
2263 Cloud9 -24.6 146.9 303.5 -334.1 -611.7 -956.8
2269 Na'Vi -22.8 148.8 305.2 -338.1 -615.7 -960.8
2270 RRQ -26.8 144.8 301.2 -330.7 -608.4 -953.8
2271 Titan -25.0 146.7 303.0 -334.7 -612.4 -957.8
2272 Arrow -22.0 150.3 307.0 -338.7 -616.4 -961.8
2273 VG -21.3 151.2 308.2 -342.7 -620.4 -965.8
2274 LGD.cn -19.4 153.5 309.5 -346.7 -624.4 -969.8
2275 Orange -18.7 154.2 310.2 -350.7 -628.4 -973.8
2277 FD -17.4 155.7 311.1 -354.7 -632.4 -977.8
2278 MiTH -16.3 156.8 312.5 -358.7 -636.4 -981.8
2279 DUZA -14.8 158.4 313.8 -362.7 -640.4 -985.8
2280 DK -14.2 159.1 314.7 -366.7 -644.4 -989.8
2281 Titan -11.6 161.2 316.7 -370.7 -648.4 -993.8
2282 iG -10.9 162.1 317.2 -374.7 -652.4 -997.8
2283 Fnatic.eu -9.2 164.0 319.1 -378.7 -656.4 -1001.8
2284 Zephyr -7.9 165.4 320.4 -382.7 -660.4 -1005.8
2285 Na'Vi -6.8 166.5 321.6 -386.7 -664.4 -1009.8
2286 Cloud9 -4.1 169.1 325.1 -390.7 -668.4 -1013.8
2287 VG -8.1 165.1 321.1 -385.1 -662.8 -1010.1
2288 EG -12.1 161.1 317.1 -375.6 -653.1 -1002.3
2289 DT.NGC -16.1 157.1 313.1 -365.1 -641.6 -996.4
2290 Orange -20.1 153.1 309.1 -355.9 -633.2 -988.6
2291 Na'Vi -17.7 155.5 312.2 -359.9 -637.2 -992.6
2292 Na'Vi -16.2 156.9 313.7 -363.9 -641.2 -996.6
2293 Alliance -15.1 158.2 314.6 -367.9 -645.2 -1000.6
2295 Arrow -14.1 159.4 315.9 -371.9 -649.2 -1004.6
