0 0 0.0 0.0 0.0 0.0 0.0 0.0
505 Na'Vi 0.5 0.6 0.8 -4.0 -4.0 -4.0
508 Na'Vi 1.0 1.2 1.5 -8.0 -8.0 -8.0
956 Alliance 1.5 1.7 2.2 -12.0 -12.0 -12.0
1118 LGD.cn 1.9 2.3 3.0 -16.0 -16.0 -16.0
1123 Na'Vi 2.3 2.9 3.7 -20.0 -20.0 -20.0
1146 iG 2.7 3.5 4.4 -24.0 -24.0 -24.0
1151 Alliance 3.2 4.2 5.2 -28.0 -28.0 -28.0
1169 DK 3.6 4.8 6.0 -32.0 -32.0 -32.0
1178 DK 4.0 5.3 6.7 -36.0 -36.0 -36.0
1191 DK 4.4 6.0 7.5 -40.0 -40.0 -40.0
1203 TongFu 4.8 6.6 8.2 -44.0 -44.0 -44.0
1215 iG 5.2 7.3 9.0 -48.0 -48.0 -48.0
1247 iG 5.6 7.9 9.8 -52.0 -52.0 -52.0
1314 TongFu 6.0 8.5 10.5 -56.0 -56.0 -56.0
1322 DK 6.4 9.0 11.2 -60.0 -60.0 -60.0
1341 Alliance 6.9 9.6 11.9 -64.0 -64.0 -64.0
1351 VG 7.3 10.3 12.7 -68.0 -68.0 -68.0
1359 LGD.cn 7.6 10.8 13.3 -72.0 -72.0 -72.0
1360 iG 8.0 11.3 13.9 -76.0 -76.0 -76.0
1362 Speed 8.4 11.8 14.6 -80.0 -80.0 -80.0
1366 Alliance 8.8 12.3 15.2 -84.0 -84.0 -84.0
1390 Alliance 9.3 12.9 15.9 -88.0 -88.0 -88.0
1396 rox.KIS 5.3 8.9 11.9 -52.8 -60.3 -64.8
1423 Alliance 5.8 9.5 12.6 -56.8 -64.3 -68.8
1424 DK 6.1 9.9 13.2 -60.8 -68.3 -72.8
1431 DK 6.5 10.4 13.8 -64.8 -72.3 -76.8
1442 LGD.int 6.9 11.0 14.5 -68.8 -76.3 -80.8
1511 Sigma.int 7.4 11.7 15.2 -72.8 -80.3 -84.8
1513 DK 7.7 12.2 15.8 -76.8 -84.3 -88.8
1685 Alliance 8.2 12.8 16.5 -80.8 -88.3 -92.8
1689 iG 8.7 13.4 17.2 -84.8 -92.3 -96.8
1699 OsG 4.7 9.4 13.2 -56.4 -66.0 -73.4
1804 DK 5.1 10.0 13.9 -60.4 -70.0 -77.4
1807 LGD.cn 5.6 10.6 14.7 -64.4 -74.0 -81.4
1808 iG 6.0 11.2 15.5 -68.4 -78.0 -85.4
1822 Fnatic.eu 6.5 11.8 16.2 -72.4 -82.0 -89.4
2228 Titan 7.2 12.6 16.6 -76.4 -86.0 -93.4
