0 0 0.0 0.0 0.0 0.0 0.0 0.0
396 Liquid 0.6 0.7 1.0 -4.0 -4.0 -4.0
398 Alliance 1.3 1.5 2.0 -8.0 -8.0 -8.0
505 Na'Vi 1.8 2.1 2.8 -12.0 -12.0 -12.0
508 Na'Vi 2.3 2.7 3.5 -16.0 -16.0 -16.0
529 EG 3.0 3.5 4.4 -20.0 -20.0 -20.0
536 Liquid 3.7 4.3 5.4 -24.0 -24.0 -24.0
537 Liquid 4.3 5.0 6.3 -28.0 -28.0 -28.0
746 DK 5.0 5.9 7.3 -32.0 -32.0 -32.0
754 Na'Vi 5.7 6.7 8.2 -36.0 -36.0 -36.0
761 Fnatic.eu 6.4 7.5 9.1 -40.0 -40.0 -40.0
773 Alliance 7.1 8.3 10.0 -44.0 -44.0 -44.0
820 4FC 7.8 9.1 11.0 -48.0 -48.0 -48.0
908 iG 8.5 9.9 12.0 -52.0 -52.0 -52.0
920 TongFu 9.1 10.6 12.9 -56.0 -56.0 -56.0
956 Alliance 9.6 11.1 13.6 -60.0 -60.0 -60.0
957 Na'Vi 10.4 11.8 14.5 -64.0 -64.0 -64.0
958 PR 6.4 7.8 10.5 -39.3 -40.0 -43.2
972 Aspera 2.4 3.8 6.5 -17.4 -21.0 -27.3
1035 Alliance 3.1 4.5 7.3 -21.4 -25.0 -31.3
1039 Ahead.kz -0.9 0.5 3.3 -0.1 -3.2 -13.4
1055 Alliance -0.3 1.2 4.2 -4.1 -7.2 -17.4
1063 Alliance 0.4 2.0 5.1 -8.1 -11.2 -21.4
1081 Na'Vi 1.1 2.8 6.1 -12.1 -15.2 -25.4
1112 DK 1.6 3.5 6.9 -16.1 -19.2 -29.4
1114 Na'Vi 2.3 4.3 7.9 -20.1 -23.2 -33.4
1118 LGD.cn 2.7 4.9 8.7 -24.1 -27.2 -37.4
1123 Na'Vi 3.1 5.5 9.4 -28.1 -31.2 -41.4
1129 iG 3.6 6.2 10.2 -32.1 -35.2 -45.4
1143 DK 4.1 6.9 11.1 -36.1 -39.2 -49.4
1146 iG 4.5 7.5 11.8 -40.1 -43.2 -53.4
1151 Alliance 5.0 8.2 12.6 -44.1 -47.2 -57.4
1169 DK 5.4 8.8 13.4 -48.1 -51.2 -61.4
1172 Speed 1.4 4.8 9.4 -29.2 -30.4 -41.3
1178 DK 1.8 5.3 10.1 -33.2 -34.4 -45.3
1185 Liquid -2.2 1.3 6.1 -12.6 -13.6 -26.0
1188 LGD.int -1.6 2.1 7.0 -16.6 -17.6 -30.0
1191 DK -1.2 2.8 7.8 -20.6 -21.6 -34.0
1195 VG -0.7 3.5 8.6 -24.6 -25.6 -38.0
1196 LGD.cn -0.2 4.2 9.5 -28.6 -29.6 -42.0
1203 TongFu 0.2 4.8 10.2 -32.6 -33.6 -46.0
1215 iG 0.6 5.5 11.0 -36.6 -37.6 -50.0
1247 iG 1.0 6.1 11.8 -40.6 -41.6 -54.0
1253 LGD.int -3.0 2.1 7.8 -11.9 -21.2 -37.9
1305 Empire -2.4 2.9 8.7 -15.9 -25.2 -41.9
1308 LGD.cn -1.7 3.7 9.7 -19.9 -29.2 -45.9
1314 TongFu -1.3 4.3 10.4 -23.9 -33.2 -49.9
1321 Fnatic.eu -0.6 5.0 11.0 -27.9 -37.2 -53.9
1322 DK -0.2 5.5 11.7 -31.9 -41.2 -57.9
1327 Speed 0.4 6.2 12.6 -35.9 -45.2 -61.9
1329 Alliance 1.0 6.9 13.4 -39.9 -49.2 -65.9
1341 Alliance 1.5 7.5 14.1 -43.9 -53.2 -69.9
1351 VG 1.9 8.2 14.9 -47.9 -57.2 -73.9
1352 DK 2.5 8.8 15.7 -51.9 -61.2 -77.9
1359 LGD.cn 2.8 9.3 16.3 -55.9 -65.2 -81.9
1360 iG 3.2 9.8 16.9 -59.9 -69.2 -85.9
1361 Dignitas 3.9 10.6 17.9 -63.9 -73.2 -89.9
1362 Speed 4.3 11.1 18.6 -67.9 -77.2 -93.9
1365 Alliance 5.0 11.8 19.4 -71.9 -81.2 -97.9
1366 Alliance 5.4 12.3 20.0 -75.9 -85.2 -101.9
1369 Na'Vi 6.1 13.1 20.9 -79.9 -89.2 -105.9
1384 Empire 6.8 13.9 21.9 -83.9 -93.2 -109.9
1388 iG 7.3 14.6 22.7 -87.9 -97.2 -113.9
1390 Alliance 7.8 15.2 23.4 -91.9 -101.2 -117.9
1396 rox.KIS 3.8 11.2 19.4 -56.7 -73.5 -94.7
1412 DK 4.2 11.9 20.3 -60.7 -77.5 -98.7
1423 Alliance 4.7 12.5 21.0 -64.7 -81.5 -102.7
1424 DK 5.0 12.9 21.6 -68.7 -85.5 -106.7
1425 VG 5.7 13.7 22.6 -72.7 -89.5 -110.7
1431 DK 6.1 14.2 23.2 -76.7 -93.5 -114.7
1442 LGD.int 6.5 14.8 23.9 -80.7 -97.5 -118.7
1473 LGD.cn 7.1 15.6 24.9 -84.7 -101.5 -122.7
1494 Na'Vi 7.7 16.3 25.7 -88.7 -105.5 -126.7
1508 Alliance 8.3 17.1 26.5 -92.7 -109.5 -130.7
1511 Sigma.int 8.8 17.8 27.2 -96.7 -113.5 -134.7
1513 DK 9.1 18.3 27.8 -100.7 -117.5 -138.7
1529 LGD.int 9.7 19.1 28.8 -104.7 -121.5 -142.7
1614 Alliance 10.3 19.9 29.7 -108.7 -125.5 -146.7
1628 Alliance 11.0 20.6 30.6 -112.7 -129.5 -150.7
1629 Fnatic.eu 11.5 21.2 31.4 -116.7 -133.5 -154.7
1631 VG 12.0 21.9 32.4 -120.7 -137.5 -158.7
1664 DK 12.7 22.7 33.4 -124.7 -141.5 -162.7
1665 LGD.cn 13.3 23.4 34.4 -128.7 -145.5 -166.7
1685 Alliance 13.8 24.0 35.1 -132.7 -149.5 -170.7
1689 iG 14.3 24.6 35.8 -136.7 -153.5 -174.7
1699 OsG 10.3 20.6 31.8 -108.3 -127.2 -151.3
1722 Mski 11.1 21.4 32.8 -112.3 -131.2 -155.3
1727 Mski 11.9 22.3 33.7 -116.3 -135.2 -159.3
1750 Alliance 12.6 23.1 34.7 -120.3 -139.2 -163.3
1788 Sigma.int 13.2 23.8 35.6 -124.3 -143.2 -167.3
1804 DK 13.6 24.4 36.3 -128.3 -147.2 -171.3
1805 VG 14.2 25.1 37.2 -132.3 -151.2 -175.3
1807 LGD.cn 14.7 25.7 38.0 -136.3 -155.2 -179.3
1808 iG 15.1 26.3 38.8 -140.3 -159.2 -183.3
1814 LGD.cn 15.6 27.0 39.7 -144.3 -163.2 -187.3
1822 Fnatic.eu 16.1 27.6 40.4 -148.3 -167.2 -191.3
1851 Alliance 16.8 28.5 41.0 -152.3 -171.2 -195.3
1860 Fnatic.eu 17.4 29.3 41.9 -156.3 -175.2 -199.3
1868 Na'Vi 18.1 30.1 42.4 -160.3 -179.2 -203.3
1961 Fnatic.eu 18.9 31.0 43.0 -164.3 -183.2 -207.3
1975 Fnatic.eu 19.6 31.8 43.4 -168.3 -187.2 -211.3
2053 SADBOYS 20.4 32.9 43.8 -172.3 -191.2 -215.3
2058 Cloud9 21.3 34.2 44.2 -176.3 -195.2 -219.3
2119 Empire 22.0 35.1 44.7 -180.3 -199.2 -223.3
2187 Titan 22.6 35.9 45.7 -184.3 -203.2 -227.3
2214 Orange 23.4 36.9 46.2 -188.3 -207.2 -231.3
2228 Titan 24.1 37.7 46.6 -192.3 -211.2 -235.3
2275 Orange 24.8 38.4 47.3 -196.3 -215.2 -239.3
2280 DK 25.4 39.1 48.2 -200.3 -219.2 -243.3
2282 iG 26.1 40.0 48.7 -204.3 -223.2 -247.3
