0 0 0.0 0.0 0.0 0.0 0.0 0.0
14 Alliance -4.0 -4.0 -4.0 4.7 4.7 4.1
15 Fnatic -0.5 -0.5 -1.5 0.7 0.7 0.1
16 Empire -4.5 -4.5 -5.5 5.3 5.6 5.1
17 Turtle -1.9 -2.0 -2.7 1.3 1.6 1.1
18 Na'Vi -1.1 -0.9 -1.2 -2.7 -2.4 -2.9
19 Empire 0.4 1.0 0.7 -6.7 -6.4 -6.9
22 Dignitas 3.9 4.4 4.3 -10.7 -10.4 -10.9
23 mouz 4.7 5.3 5.5 -14.7 -14.4 -14.9
26 Empire 0.7 1.3 1.5 -4.3 -5.9 -7.1
28 Quantic -3.3 -2.7 -2.5 2.3 1.2 -0.5
29 GU.pe -7.3 -6.7 -6.5 14.4 11.1 9.0
31 Liquid -5.6 -4.8 -4.4 10.4 7.1 5.0
32 Alliance -4.9 -3.7 -3.2 6.4 3.1 1.0
34 EG -8.9 -7.7 -7.2 14.6 10.0 7.5
37 mouz -12.9 -11.7 -11.2 19.3 14.0 11.8
39 VP -16.9 -15.7 -15.2 25.2 20.1 17.3
40 Fnatic.eu -15.5 -13.7 -13.2 21.2 16.1 13.3
41 Empire -14.4 -12.4 -11.5 17.2 12.1 9.3
42 Liquid -18.4 -16.4 -15.5 22.9 17.7 14.2
43 mouz -16.8 -14.5 -13.6 18.9 13.7 10.2
44 Quantic -15.4 -12.6 -11.5 14.9 9.7 6.2
45 Quantic -13.4 -10.2 -9.2 10.9 5.7 2.2
47 VP -17.4 -14.2 -13.2 15.6 10.2 6.0
48 VP -16.0 -12.6 -11.1 11.6 6.2 2.0
49 Liquid -15.2 -11.4 -9.7 7.6 2.2 -2.0
50 3DMAX -19.2 -15.4 -13.7 32.8 19.7 13.0
51 Liquid -23.2 -19.4 -17.7 43.9 29.3 20.6
52 Fnatic.eu -27.2 -23.4 -21.7 48.0 33.6 24.9
53 VP -31.2 -27.4 -25.7 58.6 42.3 33.0
54 4FC -28.6 -24.2 -22.2 54.6 38.3 29.0
55 mouz -24.8 -20.7 -18.4 50.6 34.3 25.0
57 Dignitas -23.1 -18.5 -16.0 46.6 30.3 21.0
58 Na'Vi -21.8 -16.9 -14.3 42.6 26.3 17.0
59 VP -25.8 -20.9 -18.3 54.0 35.2 25.3
60 Na'Vi -24.8 -19.7 -16.9 50.0 31.2 21.3
63 EG -28.8 -23.7 -20.9 55.6 36.1 26.2
65 VnR.Alpha -25.1 -20.2 -17.5 51.6 32.1 22.2
67 Ptd.Bravo -29.1 -24.2 -21.5 56.3 37.3 26.8
69 Dignitas -26.4 -21.4 -18.7 52.3 33.3 22.8
70 Quantic -23.3 -18.6 -15.5 48.3 29.3 18.8
71 Liquid -21.9 -17.0 -13.6 44.3 25.3 14.8
72 Neo.int -25.9 -21.0 -17.6 49.2 30.7 19.7
73 Zenith -25.1 -20.0 -16.5 45.2 26.7 15.7
74 Dignitas -29.1 -24.0 -20.5 51.9 32.8 21.8
75 Fnatic.eu -27.8 -22.5 -18.7 47.9 28.8 17.8
76 eN.Legs -25.4 -19.3 -15.3 43.9 24.8 13.8
77 VnR.Alpha -22.8 -17.4 -12.6 39.9 20.8 9.8
78 Fnatic.eu -26.8 -21.4 -16.6 44.6 25.4 14.4
79 Na'Vi -23.8 -18.4 -13.7 40.6 21.4 10.4
80 Liquid -27.8 -22.4 -17.7 48.1 29.3 16.5
81 Neo.int -25.3 -20.4 -15.4 44.1 25.3 12.5
82 Orange -29.3 -24.4 -19.4 51.8 32.9 19.7
83 s4 -33.3 -28.4 -23.4 55.6 38.1 25.1
84 Liquid -37.3 -32.4 -27.4 60.0 42.7 29.2
85 Fnatic.eu -34.0 -29.1 -24.0 56.0 38.7 25.2
88 Liquid -38.0 -33.1 -28.0 61.7 44.3 30.4
89 Liquid -36.5 -31.4 -26.2 57.7 40.3 26.4
90 VP -40.5 -35.4 -30.2 62.2 44.5 31.1
91 Liquid -37.2 -32.5 -27.4 58.2 40.5 27.1
93 Na'Vi -35.6 -30.7 -25.4 54.2 36.5 23.1
95 Na'Vi -33.9 -28.8 -23.3 50.2 32.5 19.1
96 Empire -31.7 -26.5 -20.8 46.2 28.5 15.1
98 Fnatic.eu -35.7 -30.5 -24.8 59.8 38.9 25.1
99 VP -33.0 -27.6 -21.6 55.8 34.9 21.1
100 Liquid -30.9 -25.4 -19.2 51.8 30.9 17.1
101 3D -28.5 -22.4 -16.1 47.8 26.9 13.1
102 Dignitas -32.5 -26.4 -20.1 53.2 32.4 18.7
103 Fnatic.eu -28.7 -22.9 -16.7 49.2 28.4 14.7
104 PtD.Alpha -27.0 -21.0 -14.7 45.2 24.4 10.7
105 Liquid -24.3 -18.3 -11.8 41.2 20.4 6.7
106 Dignitas -22.0 -15.8 -9.0 37.2 16.4 2.7
107 iM`Bashers -19.8 -12.9 -6.1 33.2 12.4 -1.3
108 ASF.R5 -18.4 -11.2 -4.4 29.2 8.4 -5.3
110 Empire -17.0 -9.6 -2.8 25.2 4.4 -9.3
111 Fnatic.eu -15.0 -7.1 -0.2 21.2 0.4 -13.3
112 eN.Legs -14.1 -5.6 1.3 17.2 -3.6 -17.3
113 Fnatic.eu -12.5 -3.9 3.6 13.2 -7.6 -21.3
114 Fnatic.eu -16.5 -7.9 -0.4 19.2 -2.0 -15.5
117 VP -15.2 -6.4 1.3 15.2 -6.0 -19.5
118 mouz -19.2 -10.4 -2.7 28.6 5.8 -10.1
119 Fnatic.eu -17.9 -8.7 -0.8 24.6 1.8 -14.1
120 Na'Vi -14.5 -5.0 3.0 20.6 -2.2 -18.1
121 eN.Legs -13.0 -3.2 5.3 16.6 -6.2 -22.1
122 mouz -9.5 0.5 8.8 12.6 -10.2 -26.1
123 eLPride -8.3 2.0 10.5 8.6 -14.2 -30.1
124 VP -7.3 3.3 12.0 4.6 -18.2 -34.1
125 Empire -4.8 5.9 14.8 0.6 -22.2 -38.1
126 rox.KIS -8.8 1.9 10.8 7.8 -15.1 -32.1
128 ASF.R5 -12.8 -2.1 6.8 17.7 -6.5 -24.7
130 Alliance -16.8 -6.1 2.8 27.4 1.6 -17.0
132 Alliance -20.8 -10.1 -1.2 36.0 8.3 -10.5
135 Fnatic.eu -19.5 -8.6 0.5 32.0 4.3 -14.5
136 Alliance -18.6 -7.5 1.8 28.0 0.3 -18.5
137 Na'Vi -15.9 -4.6 4.6 24.0 -3.7 -22.5
138 TCM -19.9 -8.6 0.6 36.6 7.6 -12.9
140 CastersEN -23.9 -12.6 -3.4 41.4 13.2 -7.1
141 mouz -21.5 -10.0 -0.7 37.4 9.2 -11.1
142 Alliance -25.5 -14.0 -4.7 42.6 14.0 -6.4
143 Na'Vi -24.4 -12.6 -3.1 38.6 10.0 -10.4
144 mouz -28.4 -16.6 -7.1 44.0 15.0 -5.5
145 Alliance -25.2 -13.3 -3.9 40.0 11.0 -9.5
146 Liquid -22.8 -10.8 -1.1 36.0 7.0 -13.5
147 4FC -26.8 -14.8 -5.1 41.5 12.5 -7.8
148 Empire -24.1 -11.9 -2.0 37.5 8.5 -11.8
151 EG -28.1 -15.9 -6.0 47.0 16.8 -3.8
152 Alliance -25.1 -12.7 -2.8 43.0 12.8 -7.8
153 Liquid -29.1 -16.7 -6.8 49.8 20.3 -0.2
154 VP -26.6 -14.3 -4.4 45.8 16.3 -4.2
155 iG -24.6 -12.0 -1.9 41.8 12.3 -8.2
157 Fnatic.eu -22.3 -9.7 0.4 37.8 8.3 -12.2
159 VP -26.3 -13.7 -3.6 45.8 15.4 -6.2
161 Empire -30.3 -17.7 -7.6 51.4 20.9 -0.8
162 rox.KIS -28.4 -15.8 -5.6 47.4 16.9 -4.8
163 Lounge -25.8 -13.1 -2.7 43.4 12.9 -8.8
164 Dignitas -24.6 -11.6 -1.0 39.4 8.9 -12.8
165 eN.Legs -22.8 -9.7 1.3 35.4 4.9 -16.8
166 Fnatic.eu -20.8 -7.6 3.6 31.4 0.9 -20.8
167 LGD.int -19.9 -6.6 4.9 27.4 -3.1 -24.8
171 LGD.int -19.0 -5.6 6.1 23.4 -7.1 -28.8
172 Liquid -17.4 -4.0 7.8 19.4 -11.1 -32.8
173 VP -15.4 -1.7 10.3 15.4 -15.1 -36.8
175 Na'Vi -14.4 -0.5 11.9 11.4 -19.1 -40.8
176 Alliance -12.0 2.4 15.0 7.4 -23.1 -44.8
177 QPandas -16.0 -1.6 11.0 20.7 -12.0 -35.4
178 Dignitas -13.4 1.7 14.4 16.7 -16.0 -39.4
179 Liquid -17.4 -2.3 10.4 26.5 -7.2 -31.3
180 Empire -21.4 -6.3 6.4 38.8 2.4 -23.0
181 iCCup -25.4 -10.3 2.4 54.4 13.7 -13.1
182 Empire -23.0 -7.6 5.3 50.4 9.7 -17.1
183 Fnatic.eu -27.0 -11.6 1.3 57.9 16.2 -10.8
184 WH?Dota2 -23.8 -8.1 4.8 53.9 12.2 -14.8
185 LGD.int -22.5 -6.6 6.5 49.9 8.2 -18.8
186 Alliance -20.8 -4.7 8.5 45.9 4.2 -22.8
187 VP -24.8 -8.7 4.5 52.9 10.7 -16.9
188 LGD.cn -28.8 -12.7 0.5 57.9 16.0 -11.6
189 Dignitas -32.8 -16.7 -3.5 64.6 22.3 -5.8
190 Alliance -36.8 -20.7 -7.5 70.4 27.8 -0.3
191 Liquid -40.8 -24.7 -11.5 75.5 33.3 5.1
192 VP -44.8 -28.7 -15.5 80.3 37.6 9.2
193 VP -48.8 -32.7 -19.5 85.8 42.9 14.3
194 Alliance -47.1 -30.8 -17.5 81.8 38.9 10.3
195 Dignitas -51.1 -34.8 -21.5 87.4 45.2 18.0
196 Orange -55.1 -38.8 -25.5 96.6 53.8 26.1
198 iG -53.8 -37.2 -23.6 92.6 49.8 22.1
199 Dignitas -57.8 -41.2 -27.6 97.7 54.9 27.2
200 VP -54.0 -37.6 -24.0 93.7 50.9 23.2
201 Orange -51.0 -34.3 -20.5 89.7 46.9 19.2
202 Alliance -48.4 -31.6 -17.7 85.7 42.9 15.2
203 Alliance -45.1 -28.2 -14.2 81.7 38.9 11.2
204 Fnatic.eu -49.1 -32.2 -18.2 85.9 43.3 15.6
205 Fnatic.eu -53.1 -36.2 -22.2 91.7 49.1 21.3
206 LGD.cn -51.3 -34.4 -20.3 87.7 45.1 17.3
207 Alliance -49.5 -32.4 -18.0 83.7 41.1 13.3
208 iG -48.5 -31.1 -16.4 79.7 37.1 9.3
209 Liquid -46.9 -29.2 -14.2 75.7 33.1 5.3
210 LGD.cn -44.0 -26.6 -11.6 71.7 29.1 1.3
211 Liquid -41.4 -23.6 -8.4 67.7 25.1 -2.7
212 Dignitas -45.4 -27.6 -12.4 73.8 31.3 3.3
213 DK -49.4 -31.6 -16.4 82.7 40.2 11.8
215 Liquid -47.1 -29.1 -13.9 78.7 36.2 7.8
216 Liquid -51.1 -33.1 -17.9 86.1 43.0 14.5
217 DK -47.7 -30.2 -15.1 82.1 39.0 10.5
218 Fnatic.eu -45.5 -28.1 -12.9 78.1 35.0 6.5
219 Dignitas -43.8 -26.3 -10.9 74.1 31.0 2.5
220 Fnatic.eu -42.1 -24.5 -8.9 70.1 27.0 -1.5
221 Alliance -40.5 -22.7 -6.9 66.1 23.0 -5.5
224 mouz -44.5 -26.7 -10.9 75.4 32.1 2.7
226 Alliance -43.7 -25.6 -9.5 71.4 28.1 -1.3
227 Kaipi -47.7 -29.6 -13.5 80.5 36.3 5.8
229 Liquid -51.7 -33.6 -17.5 90.7 45.1 13.7
230 VP -49.5 -31.1 -14.8 86.7 41.1 9.7
231 Na'Vi -48.0 -29.5 -13.0 82.7 37.1 5.7
232 Alliance -45.3 -26.6 -9.9 78.7 33.1 1.7
233 mouz -43.7 -24.9 -8.0 74.7 29.1 -2.3
234 rox.KIS -42.2 -23.2 -6.2 70.7 25.1 -6.3
235 aL -41.1 -21.9 -4.7 66.7 21.1 -10.3
236 mouz -45.1 -25.9 -8.7 82.4 33.5 -0.2
237 Na'Vi -43.4 -24.1 -6.8 78.4 29.5 -4.2
238 rox.KIS -40.8 -21.4 -3.9 74.4 25.5 -8.2
239 Na'Vi -39.4 -19.8 -2.1 70.4 21.5 -12.2
240 Na'Vi -38.5 -18.7 -0.8 66.4 17.5 -16.2
242 EG -42.5 -22.7 -4.8 74.8 25.6 -8.5
243 Alliance -40.1 -20.1 -2.0 70.8 21.6 -12.5
244 Alliance -38.2 -17.9 0.7 66.8 17.6 -16.5
246 Na'Vi -37.2 -16.9 2.0 62.8 13.6 -20.5
247 Dignitas -34.5 -13.5 5.6 58.8 9.6 -24.5
248 Liquid -32.9 -11.8 7.4 54.8 5.6 -28.5
249 Fnatic.eu -29.9 -9.0 10.3 50.8 1.6 -32.5
250 Alliance -33.9 -13.0 6.3 58.0 8.9 -25.8
251 Alliance -32.4 -11.3 8.1 54.0 4.9 -29.8
252 VP -36.4 -15.3 4.1 60.8 10.8 -24.3
253 Liquid -40.4 -19.3 0.1 77.5 24.6 -12.9
254 EG -44.4 -23.3 -3.9 85.3 31.9 -6.4
255 Na'Vi -42.7 -21.4 -1.7 81.3 27.9 -10.4
256 Alliance -41.1 -19.5 0.3 77.3 23.9 -14.4
257 Liquid -37.8 -16.0 3.9 73.3 19.9 -18.4
258 Alliance -36.3 -14.3 5.8 69.3 15.9 -22.4
259 Liquid -33.2 -11.0 9.3 65.3 11.9 -26.4
260 Alliance -31.6 -9.2 11.2 61.3 7.9 -30.4
261 Liquid -29.3 -6.6 13.9 57.3 3.9 -34.4
264 Lounge -33.3 -10.6 9.9 62.9 9.3 -29.1
267 mouz -29.9 -6.8 13.8 58.9 5.3 -33.1
268 Na'Vi -28.9 -5.6 15.3 54.9 1.3 -37.1
269 EG -32.9 -9.6 11.3 61.0 6.9 -31.7
270 Liquid -31.4 -7.9 13.2 57.0 2.9 -35.7
271 Na'Vi -30.3 -6.5 14.8 53.0 -1.1 -39.7
273 mouz -28.9 -5.1 16.4 49.0 -5.1 -43.7
274 Liquid -27.5 -3.4 18.3 45.0 -9.1 -47.7
275 EG -31.5 -7.4 14.3 64.3 7.8 -33.5
276 Alliance -30.5 -6.2 15.6 60.3 3.8 -37.5
277 Na'Vi -28.8 -4.2 18.0 56.3 -0.2 -41.5
279 Dignitas -27.4 -2.5 20.0 52.3 -4.2 -45.5
280 Zenith -26.3 -1.2 21.6 48.3 -8.2 -49.5
281 EG -30.3 -5.2 17.6 56.4 -1.2 -43.3
282 Alliance -29.4 -4.1 19.0 52.4 -5.2 -47.3
283 VG -33.4 -8.1 15.0 67.5 7.4 -37.2
284 Liquid -31.3 -5.7 17.6 63.5 3.4 -41.2
285 rox.KIS -28.3 -2.5 21.0 59.5 -0.6 -45.2
286 Dignitas -26.8 -0.9 22.7 55.5 -4.6 -49.2
289 Dignitas -24.9 1.4 25.1 51.5 -8.6 -53.2
290 Na'Vi -22.7 3.7 27.6 47.5 -12.6 -57.2
291 Alliance -21.3 5.3 29.5 43.5 -16.6 -61.2
292 rox.KIS -25.3 1.3 25.5 51.9 -9.2 -54.4
293 aL -29.3 -2.7 21.5 65.8 3.6 -43.4
294 Alliance -28.3 -1.5 23.0 61.8 -0.4 -47.4
295 Quantic -32.3 -5.5 19.0 66.7 5.1 -41.9
296 Quantic -29.4 -2.4 22.2 62.7 1.1 -45.9
297 rox.KIS -27.9 -0.6 24.2 58.7 -2.9 -49.9
298 Zenith -26.0 1.4 26.4 54.7 -6.9 -53.9
299 rox.KIS -24.0 3.5 28.6 50.7 -10.9 -57.9
300 mouz -22.8 4.9 30.3 46.7 -14.9 -61.9
301 EG -21.7 6.3 31.9 42.7 -18.9 -65.9
302 EG -19.8 8.5 34.4 38.7 -22.9 -69.9
303 QPandas -23.8 4.5 30.4 44.9 -17.2 -64.7
304 VG -23.0 5.4 31.6 40.9 -21.2 -68.7
305 mouz -21.0 7.6 34.0 36.9 -25.2 -72.7
306 LGD.cn -20.2 8.5 35.1 32.9 -29.2 -76.7
307 rox.KIS -24.2 4.5 31.1 41.2 -22.6 -71.0
308 Quantic -28.2 0.5 27.1 47.0 -17.6 -66.3
310 iG -27.3 1.7 28.7 43.0 -21.6 -70.3
311 Quantic -31.3 -2.3 24.7 47.1 -16.9 -65.6
312 mouz -35.3 -6.3 20.7 52.7 -11.4 -60.0
313 mouz -39.3 -10.3 16.7 59.2 -5.1 -54.1
314 VP -37.9 -8.7 18.5 55.2 -9.1 -58.1
315 Liquid -36.2 -6.9 20.4 51.2 -13.1 -62.1
316 LGD.cn -35.6 -6.1 21.5 47.2 -17.1 -66.1
317 FD -39.6 -10.1 17.5 60.0 -7.1 -57.6
318 mouz -36.7 -6.9 20.8 56.0 -11.1 -61.6
319 Na'Vi -35.6 -5.7 22.2 52.0 -15.1 -65.6
320 EG -39.6 -9.7 18.2 56.5 -10.5 -61.2
321 mouz -38.7 -8.7 19.5 52.5 -14.5 -65.2
322 RS -37.2 -6.9 21.6 48.5 -18.5 -69.2
323 TongFu -41.2 -10.9 17.6 54.0 -13.0 -63.7
324 QPandas -45.2 -14.9 13.6 67.5 -1.5 -54.1
325 RS -42.7 -12.0 16.6 63.5 -5.5 -58.1
326 PR -46.7 -16.0 12.6 73.6 3.9 -49.5
327 rox.KIS -50.7 -20.0 8.6 83.6 12.6 -41.6
328 4FC -54.7 -24.0 4.6 89.9 18.7 -35.8
329 RAT -51.6 -20.2 8.5 85.9 14.7 -39.8
330 TongFu -55.6 -24.2 4.5 105.5 30.4 -28.6
331 EG -59.6 -28.2 0.5 114.2 38.6 -21.0
332 RStars -57.0 -25.1 4.1 110.2 34.6 -25.0
333 VG -55.6 -23.4 6.1 106.2 30.6 -29.0
334 VP -54.2 -21.6 8.2 102.2 26.6 -33.0
335 VP -58.2 -25.6 4.2 107.0 30.9 -28.6
336 MiTH -55.3 -22.3 7.9 103.0 26.9 -32.6
337 TongFu -54.4 -21.1 9.5 99.0 22.9 -36.6
338 Na'Vi -53.5 -20.0 10.9 95.0 18.9 -40.6
339 RStars -51.2 -16.9 14.1 91.0 14.9 -44.6
340 mouz -50.4 -16.0 15.2 87.0 10.9 -48.6
342 Alliance -47.6 -13.5 17.8 83.0 6.9 -52.6
344 LGD.cn -51.6 -17.5 13.8 93.6 16.7 -43.9
345 LGD.cn -49.8 -15.7 15.7 89.6 12.7 -47.9
346 Alliance -48.7 -14.5 17.1 85.6 8.7 -51.9
347 Orange -52.7 -18.5 13.1 93.9 15.1 -46.1
348 Na'Vi -51.3 -16.8 14.9 89.9 11.1 -50.1
349 Quantic -48.3 -13.5 18.6 85.9 7.1 -54.1
351 Alliance -46.3 -11.3 20.9 81.9 3.1 -58.1
352 LGD.cn -45.2 -10.0 22.4 77.9 -0.9 -62.1
353 iG -43.5 -8.1 24.5 73.9 -4.9 -66.1
354 Alliance -39.7 -4.5 28.1 69.9 -8.9 -70.1
355 DK -43.7 -8.5 24.1 78.8 0.8 -61.0
356 Liquid -47.7 -12.5 20.1 92.9 12.7 -51.2
357 LGD.cn -46.0 -10.7 22.0 88.9 8.7 -55.2
358 Alliance -44.0 -8.6 24.2 84.9 4.7 -59.2
359 DK -48.0 -12.6 20.2 89.1 9.3 -54.5
360 mouz -46.2 -10.7 22.4 85.1 5.3 -58.5
361 Orange -50.2 -14.7 18.4 89.8 9.7 -54.2
362 LGD.cn -48.8 -13.4 19.9 85.8 5.7 -58.2
363 Alliance -46.7 -11.3 22.0 81.8 1.7 -62.2
364 Zenith -45.6 -10.0 23.5 77.8 -2.3 -66.2
365 rox.KIS -49.6 -14.0 19.5 86.1 5.0 -59.9
366 Dignitas -53.6 -18.0 15.5 94.8 13.9 -51.8
368 mouz -52.2 -16.4 17.4 90.8 9.9 -55.8
369 iCCup -56.2 -20.4 13.4 101.7 20.3 -46.2
370 iCCup -53.9 -17.7 16.4 97.7 16.3 -50.2
372 Quantic -57.9 -21.7 12.4 106.2 24.2 -43.4
373 Na'Vi -57.1 -20.8 13.4 102.2 20.2 -47.4
374 Dignitas -61.1 -24.8 9.4 107.7 25.6 -42.5
375 VG -59.4 -22.8 11.5 103.7 21.6 -46.5
376 LGD.cn -58.6 -21.8 12.7 99.7 17.6 -50.5
377 LGD.cn -57.4 -20.7 14.0 95.7 13.6 -54.5
378 VP -55.9 -19.1 15.8 91.7 9.6 -58.5
379 Na'Vi -55.0 -18.0 17.1 87.7 5.6 -62.5
380 4FC -52.3 -15.0 20.3 83.7 1.6 -66.5
381 RS -49.3 -11.9 23.5 79.7 -2.4 -70.5
382 Fnatic.eu -53.3 -15.9 19.5 88.1 4.7 -64.1
383 RS -57.3 -19.9 15.5 97.4 13.9 -55.4
384 Alliance -56.3 -18.6 17.1 93.4 9.9 -59.4
385 Alliance -54.0 -15.6 20.7 89.4 5.9 -63.4
386 TM -51.0 -12.0 24.5 85.4 1.9 -67.4
387 LGD.cn -49.8 -10.6 26.1 81.4 -2.1 -71.4
388 Dignitas -48.8 -9.4 27.9 77.4 -6.1 -75.4
389 iG -47.9 -8.4 29.2 73.4 -10.1 -79.4
390 Na'Vi -46.5 -6.8 31.0 69.4 -14.1 -83.4
391 mouz -42.7 -3.4 34.4 65.4 -18.1 -87.4
392 Alliance -41.6 -2.1 35.9 61.4 -22.1 -91.4
393 Kaipi -45.6 -6.1 31.9 70.6 -12.2 -82.9
394 MX -43.4 -3.7 34.6 66.6 -16.2 -86.9
395 LGD.cn -40.1 -0.5 37.9 62.6 -20.2 -90.9
396 Liquid -39.5 0.2 38.9 58.6 -24.2 -94.9
397 rox.KIS -37.0 2.3 41.1 54.6 -28.2 -98.9
398 Alliance -36.3 3.1 42.1 50.6 -32.2 -102.9
399 VP -40.3 -0.9 38.1 59.0 -24.2 -95.2
400 VP -44.3 -4.9 34.1 63.3 -19.4 -90.5
402 DK -48.3 -8.9 30.1 69.4 -12.1 -83.4
403 RStars -52.3 -12.9 26.1 80.8 -1.5 -74.4
404 MiTH -50.6 -11.0 28.2 76.8 -5.5 -78.4
405 mouz -54.6 -15.0 24.2 81.4 -0.6 -73.5
407 PR -52.8 -12.7 27.0 77.4 -4.6 -77.5
408 TM -51.1 -10.8 29.2 73.4 -8.6 -81.5
409 Orange -50.0 -9.4 30.9 69.4 -12.6 -85.5
410 Alliance -49.3 -8.5 32.0 65.4 -16.6 -89.5
411 Quantic -53.3 -12.5 28.0 70.8 -11.6 -84.8
412 mouz -51.4 -10.4 30.3 66.8 -15.6 -88.8
414 Alliance -50.5 -9.3 31.7 62.8 -19.6 -92.8
416 4FC -54.5 -13.3 27.7 81.3 -3.1 -78.9
417 mouz -58.5 -17.3 23.7 95.2 8.8 -68.9
418 VP -56.7 -15.5 25.8 91.2 4.8 -72.9
420 Na'Vi -60.7 -19.5 21.8 98.2 10.2 -68.0
421 Na'Vi -59.2 -17.9 23.6 94.2 6.2 -72.0
422 Liquid -63.2 -21.9 19.6 98.8 10.8 -67.6
423 Quantic -60.6 -19.3 22.4 94.8 6.8 -71.6
424 Kaipi -64.6 -23.3 18.4 105.6 17.6 -61.8
425 mouz -62.7 -21.2 20.7 101.6 13.6 -65.8
426 Artyk -60.8 -18.8 23.5 97.6 9.6 -69.8
427 rox.KIS -59.5 -17.4 25.1 93.6 5.6 -73.8
428 Kaipi -57.9 -15.4 27.5 89.6 1.6 -77.8
429 Liquid -55.3 -12.9 30.1 85.6 -2.4 -81.8
430 rox.KIS -54.1 -11.6 31.5 81.6 -6.4 -85.8
431 Quantic -53.1 -10.3 33.1 77.6 -10.4 -89.8
432 Kaipi -51.5 -8.9 34.7 73.6 -14.4 -93.8
433 DK -50.3 -7.5 36.4 69.6 -18.4 -97.8
434 EG -46.8 -4.0 39.8 65.6 -22.4 -101.8
436 EG -43.4 -0.7 43.1 61.6 -26.4 -105.8
437 Quantic -42.4 0.3 44.4 57.6 -30.4 -109.8
438 Na'Vi -40.4 2.2 46.4 53.6 -34.4 -113.8
439 Artyk -39.5 3.2 47.9 49.6 -38.4 -117.8
440 Orange -37.5 5.7 50.6 45.6 -42.4 -121.8
441 Na'Vi -36.6 6.7 51.8 41.6 -46.4 -125.8
442 Kaipi -34.5 8.6 53.8 37.6 -50.4 -129.8
443 Kaipi -38.5 4.6 49.8 50.3 -37.0 -117.9
444 Artyk -42.5 0.6 45.8 61.2 -26.8 -108.6
445 TM -41.4 2.0 47.4 57.2 -30.8 -112.6
446 Orange -40.5 3.0 48.6 53.2 -34.8 -116.6
447 DK -39.3 4.3 50.2 49.2 -38.8 -120.6
448 VP -43.3 0.3 46.2 60.3 -29.1 -112.2
449 VP -41.8 2.2 48.4 56.3 -33.1 -116.2
451 Kaipi -40.9 3.2 49.6 52.3 -37.1 -120.2
452 EG -39.3 5.0 51.6 48.3 -41.1 -124.2
453 Fnatic.eu -43.3 1.0 47.6 61.4 -29.9 -115.2
454 Kaipi -47.3 -3.0 43.6 68.0 -24.3 -110.1
455 EG -44.5 0.0 46.6 64.0 -28.3 -114.1
456 Fnatic.eu -48.5 -4.0 42.6 70.0 -22.2 -108.4
457 Alliance -46.7 -2.0 44.7 66.0 -26.2 -112.4
458 EG -50.7 -6.0 40.7 70.6 -21.3 -107.9
459 Alliance -49.1 -4.2 42.7 66.6 -25.3 -111.9
460 Kaipi -53.1 -8.2 38.7 73.0 -19.5 -106.4
461 Alliance -52.3 -7.3 39.9 69.0 -23.5 -110.4
463 VP -49.6 -4.8 42.6 65.0 -27.5 -114.4
464 Fnatic.eu -48.1 -3.3 44.2 61.0 -31.5 -118.4
465 Alliance -46.7 -1.9 45.8 57.0 -35.5 -122.4
466 iCCup -44.8 0.1 48.1 53.0 -39.5 -126.4
467 Na'Vi -43.0 2.2 50.4 49.0 -43.5 -130.4
468 Quantic -41.5 3.7 52.1 45.0 -47.5 -134.4
469 Alliance -39.9 5.3 53.9 41.0 -51.5 -138.4
470 mouz -37.2 8.0 56.8 37.0 -55.5 -142.4
471 4FC -41.2 4.0 52.8 50.2 -42.8 -131.5
475 Na'Vi -40.2 5.0 54.0 46.2 -46.8 -135.5
476 Na'Vi -38.7 6.6 55.8 42.2 -50.8 -139.5
477 mouz -36.0 9.6 58.9 38.2 -54.8 -143.5
478 rox.KIS -32.5 12.6 62.0 34.2 -58.8 -147.5
479 4FC -31.4 13.8 63.5 30.2 -62.8 -151.5
480 Orange -30.4 15.0 65.0 26.2 -66.8 -155.5
481 TM -29.1 16.7 67.0 22.2 -70.8 -159.5
482 Smeagol -27.3 19.0 69.4 18.2 -74.8 -163.5
483 paiN -31.3 15.0 65.4 26.8 -66.3 -156.4
484 Empire -35.3 11.0 61.4 43.5 -51.1 -144.5
486 Na'Vi -34.1 12.2 62.7 39.5 -55.1 -148.5
487 Kaipi -31.9 14.8 65.6 35.5 -59.1 -152.5
488 Fnatic.eu -35.9 10.8 61.6 53.2 -44.3 -140.9
489 LGD.int -34.3 12.4 63.5 49.2 -48.3 -144.9
490 paiN.int -31.6 15.5 66.9 45.2 -52.3 -148.9
491 TM -30.3 17.2 68.8 41.2 -56.3 -152.9
492 iCCup -29.0 18.8 70.6 37.2 -60.3 -156.9
493 iCCup -28.0 20.0 72.0 33.2 -64.3 -160.9
494 zRage -32.0 16.0 68.0 53.7 -46.1 -145.2
495 Artyk -30.8 17.6 70.0 49.7 -50.1 -149.2
496 TongFu -28.8 20.0 72.6 45.7 -54.1 -153.2
497 DK -32.8 16.0 68.6 51.2 -48.9 -148.2
498 mouz -31.6 17.3 70.2 47.2 -52.9 -152.2
499 Liquid -30.4 18.7 71.6 43.2 -56.9 -156.2
500 Liquid -34.4 14.7 67.6 49.4 -49.9 -149.5
501 eLPride -38.4 10.7 63.6 55.0 -43.5 -143.0
502 VP -37.7 11.5 64.6 51.0 -47.5 -147.0
503 Dignitas -36.9 12.5 65.9 47.0 -51.5 -151.0
504 VP -35.2 14.3 68.0 43.0 -55.5 -155.0
505 Na'Vi -34.7 14.9 68.8 39.0 -59.5 -159.0
506 EG -33.9 15.8 70.0 35.0 -63.5 -163.0
507 Na'Vi -33.0 16.8 71.3 31.0 -67.5 -167.0
508 Na'Vi -32.5 17.4 72.0 27.0 -71.5 -171.0
509 Keita -29.5 19.8 74.3 23.0 -75.5 -175.0
510 Fnatic.eu -33.5 15.8 70.3 27.9 -70.8 -170.8
511 Alliance -31.4 18.1 72.8 23.9 -74.8 -174.8
512 Quantic -35.4 14.1 68.8 41.6 -59.6 -160.9
513 EG -39.4 10.1 64.8 54.9 -48.2 -150.7
514 Dignitas -43.4 6.1 60.8 76.8 -29.6 -134.7
515 Alliance -41.9 8.0 63.0 72.8 -33.6 -138.7
516 Quantic -38.4 11.8 67.1 68.8 -37.6 -142.7
517 Alliance -36.9 13.6 69.2 64.8 -41.6 -146.7
518 Alliance -34.9 16.0 71.8 60.8 -45.6 -150.7
519 FSid3 -32.9 18.4 74.5 56.8 -49.6 -154.7
520 Quantic -31.8 19.7 76.1 52.8 -53.6 -158.7
521 LGD.int -35.8 15.7 72.1 62.7 -45.3 -151.3
522 Na'Vi -34.6 17.1 73.7 58.7 -49.3 -155.3
523 Na'Vi -32.9 18.9 75.7 54.7 -53.3 -159.3
524 Na'Vi -31.6 20.3 77.3 50.7 -57.3 -163.3
525 LGD.cn -29.7 22.3 79.6 46.7 -61.3 -167.3
527 Na'Vi -28.7 23.4 81.0 42.7 -65.3 -171.3
528 Liquid -27.8 24.5 82.3 38.7 -69.3 -175.3
529 EG -27.1 25.3 83.2 34.7 -73.3 -179.3
530 Orange -23.9 29.3 87.5 30.7 -77.3 -183.3
531 Na'Vi -23.0 30.3 88.7 26.7 -81.3 -187.3
532 Empire -22.0 31.3 89.9 22.7 -85.3 -191.3
533 rox.KIS -20.9 32.3 90.9 18.7 -89.3 -195.3
534 EG -18.1 35.1 93.6 14.7 -93.3 -199.3
536 Liquid -17.4 35.9 94.6 10.7 -97.3 -203.3
537 Liquid -16.8 36.6 95.5 6.7 -101.3 -207.3
538 Alliance -16.0 37.4 96.5 2.7 -105.3 -211.3
539 Quantic -12.6 40.7 99.9 -1.3 -109.3 -215.3
540 EG -10.0 43.2 102.5 -5.3 -113.3 -219.3
541 VP -9.0 44.5 103.9 -9.3 -117.3 -223.3
542 Alliance -7.5 46.1 105.7 -13.3 -121.3 -227.3
543 VP -4.9 48.4 108.3 -17.3 -125.3 -231.3
544 EG -8.9 44.4 104.3 -7.1 -115.6 -222.2
545 Alliance -7.4 46.3 106.5 -11.1 -119.6 -226.2
546 Orange -4.9 48.4 108.6 -15.1 -123.6 -230.2
547 iG -3.0 50.2 110.5 -19.1 -127.6 -234.2
548 Liquid 0.1 53.3 113.8 -23.1 -131.6 -238.2
549 Fnatic.eu -3.9 49.3 109.8 -10.6 -120.6 -228.9
550 Kaipi -7.9 45.3 105.8 -0.4 -110.1 -219.2
551 Kaipi -11.9 41.3 101.8 9.7 -99.2 -208.5
553 TongFu -15.9 37.3 97.8 25.5 -84.3 -195.7
556 Fnatic.eu -19.9 33.3 93.8 30.4 -80.0 -191.7
557 Liquid -23.9 29.3 89.8 40.9 -71.0 -183.6
558 rox.KIS -22.2 31.1 91.8 36.9 -75.0 -187.6
559 mouz -18.8 34.8 95.7 32.9 -79.0 -191.6
561 Orange -22.8 30.8 91.7 37.5 -73.7 -186.3
562 TongFu -21.1 32.6 93.6 33.5 -77.7 -190.3
563 iG -17.8 36.4 97.6 29.5 -81.7 -194.3
564 EG -21.8 32.4 93.6 36.4 -75.1 -188.2
565 Dignitas -25.8 28.4 89.6 41.4 -70.6 -184.1
567 mouz -22.8 31.6 93.0 37.4 -74.6 -188.1
568 Liquid -20.1 34.2 95.7 33.4 -78.6 -192.1
571 DK -24.1 30.2 91.7 40.8 -71.5 -185.3
573 VP -28.1 26.2 87.7 53.2 -61.3 -176.6
574 Fnatic.eu -32.1 22.2 83.7 65.1 -50.9 -167.8
575 TongFu -36.1 18.2 79.7 70.6 -45.6 -162.8
576 iCCup -40.1 14.2 75.7 83.0 -35.7 -154.3
577 rox.KIS -38.1 16.3 78.2 79.0 -39.7 -158.3
579 Alliance -35.4 19.1 81.2 75.0 -43.7 -162.3
580 VP -34.4 20.3 82.6 71.0 -47.7 -166.3
581 LGD.cn -32.0 23.1 85.7 67.0 -51.7 -170.3
583 iCCup -36.0 19.1 81.7 71.4 -47.3 -166.2
584 Alliance -34.0 21.6 84.4 67.4 -51.3 -170.2
585 VP -32.5 23.4 86.3 63.4 -55.3 -174.2
586 EG -36.5 19.4 82.3 68.0 -50.5 -169.5
587 Alliance -35.1 20.7 83.7 64.0 -54.5 -173.5
588 Zenith -39.1 16.7 79.7 71.4 -46.9 -166.6
589 Alliance -37.1 18.8 82.1 67.4 -50.9 -170.6
590 Na'Vi -35.2 20.6 84.0 63.4 -54.9 -174.6
591 LGD.cn -32.5 23.5 87.0 59.4 -58.9 -178.6
592 Fnatic.eu -30.7 25.5 89.1 55.4 -62.9 -182.6
593 Quantic -28.2 28.0 91.7 51.4 -66.9 -186.6
594 mouz -25.0 31.3 95.2 47.4 -70.9 -190.6
595 Alliance -23.4 33.0 97.1 43.4 -74.9 -194.6
596 mouz -20.6 36.0 100.0 39.4 -78.9 -198.6
597 Alliance -18.8 37.9 102.0 35.4 -82.9 -202.6
598 LGD.cn -17.3 39.6 103.9 31.4 -86.9 -206.6
599 Na'Vi -13.8 42.6 106.8 27.4 -90.9 -210.6
600 mouz -17.8 38.6 102.8 39.8 -79.1 -200.1
602 Alliance -16.2 40.4 104.7 35.8 -83.1 -204.1
604 Orange -15.1 41.6 106.2 31.8 -87.1 -208.1
605 LGD.int -13.3 43.3 108.1 27.8 -91.1 -212.1
607 Kaipi -17.3 39.3 104.1 36.7 -82.5 -204.5
608 Alliance -16.0 40.8 105.8 32.7 -86.5 -208.5
610 LGD.cn -12.2 44.1 109.1 28.7 -90.5 -212.5
611 Denial -10.2 46.5 111.8 24.7 -94.5 -216.5
612 Na'Vi -7.0 49.4 114.6 20.7 -98.5 -220.5
613 Fnatic.eu -4.2 52.2 117.4 16.7 -102.5 -224.5
614 EG -0.7 55.6 121.0 12.7 -106.5 -228.5
615 Orange 0.6 57.0 122.6 8.7 -110.5 -232.5
616 TongFu 2.4 59.2 125.2 4.7 -114.5 -236.5
617 VP 3.8 60.8 127.0 0.7 -118.5 -240.5
618 Alliance 5.0 62.2 128.6 -3.3 -122.5 -244.5
619 iG 1.0 58.2 124.6 2.0 -117.4 -239.5
620 DK -3.0 54.2 120.6 6.6 -111.8 -233.4
621 iCCup -7.0 50.2 116.6 20.2 -98.7 -222.9
622 Fnatic.eu -4.7 52.3 118.7 16.2 -102.7 -226.9
623 Alliance -3.1 54.1 120.7 12.2 -106.7 -230.9
624 Liquid -1.6 55.8 122.6 8.2 -110.7 -234.9
625 TongFu -5.6 51.8 118.6 13.9 -105.6 -230.2
626 iCCup -9.6 47.8 114.6 24.7 -96.1 -222.0
627 EG -7.8 49.5 116.5 20.7 -100.1 -226.0
628 EG -6.9 50.5 117.7 16.7 -104.1 -230.0
629 LGD.cn -10.9 46.5 113.7 23.6 -96.8 -223.2
630 iG -8.9 48.6 116.0 19.6 -100.8 -227.2
631 Alliance -8.0 49.8 117.5 15.6 -104.8 -231.2
632 mouz -6.5 51.5 119.4 11.6 -108.8 -235.2
633 Liquid -2.9 55.1 123.2 7.6 -112.8 -239.2
634 Na'Vi -1.7763568394e-15 57.9 126.0 3.6 -116.8 -243.2
635 Dignitas 1.4 59.4 127.8 -0.4 -120.8 -247.2
636 EG 2.1 60.3 128.9 -4.4 -124.8 -251.2
638 Na'Vi 4.8 62.9 131.6 -8.4 -128.8 -255.2
639 4FC 8.1 65.7 134.4 -12.4 -132.8 -259.2
641 mouz 10.2 68.3 137.2 -16.4 -136.8 -263.2
642 Alliance 11.2 69.5 138.7 -20.4 -140.8 -267.2
643 iG 13.5 71.6 141.0 -24.4 -144.8 -271.2
644 rox.KIS 9.5 67.6 137.0 -13.6 -134.7 -262.4
645 VP 5.5 63.6 133.0 -5.1 -126.4 -254.9
646 Fnatic.eu 7.9 65.7 135.2 -9.1 -130.4 -258.9
648 VP 9.6 67.8 137.6 -13.1 -134.4 -262.9
649 Fnatic.eu 13.0 71.2 141.2 -17.1 -138.4 -266.9
650 Fnatic.eu 9.0 67.2 137.2 -12.7 -133.8 -262.2
651 Denial 5.0 63.2 133.2 5.3 -118.4 -250.2
652 DK 1.0 59.2 129.2 11.2 -112.8 -244.8
653 VG -3.0 55.2 125.2 26.2 -99.7 -234.0
654 DK -1.0 57.8 128.4 22.2 -103.7 -238.0
656 Na'Vi 0.1 59.0 129.9 18.2 -107.7 -242.0
657 mouz 1.7 60.9 132.0 14.2 -111.7 -246.0
658 mouz -2.3 56.9 128.0 25.7 -101.6 -236.2
659 Na'Vi -0.7 58.5 129.7 21.7 -105.6 -240.2
660 RS -4.7 54.5 125.7 34.2 -94.3 -230.6
661 iG -8.7 50.5 121.7 39.7 -89.3 -225.9
662 DK -7.0 52.4 123.9 35.7 -93.3 -229.9
663 RS -11.0 48.4 119.9 40.2 -88.4 -225.5
664 RStars -15.0 44.4 115.9 56.3 -75.0 -214.3
665 Orange -12.6 47.0 118.9 52.3 -79.0 -218.3
666 LGD.cn -10.3 49.7 121.8 48.3 -83.0 -222.3
667 DK -8.5 51.6 124.0 44.3 -87.0 -226.3
668 mouz -7.7 52.6 125.3 40.3 -91.0 -230.3
669 iNfernity -5.4 55.2 128.5 36.3 -95.0 -234.3
670 EG -4.4 56.3 129.9 32.3 -99.0 -238.3
671 Fnatic.eu -3.5 57.3 131.1 28.3 -103.0 -242.3
672 Orange -1.9 59.0 133.0 24.3 -107.0 -246.3
673 LGD.cn 1.1 62.3 136.5 20.3 -111.0 -250.3
674 mouz 1.8 63.2 137.6 16.3 -115.0 -254.3
675 EG -2.2 59.2 133.6 22.7 -108.8 -248.4
676 LGD.cn -0.4 61.1 135.8 18.7 -112.8 -252.4
677 mouz 1.6 63.1 137.8 14.7 -116.8 -256.4
678 Kaipi -2.4 59.1 133.8 33.4 -100.3 -242.8
679 Fnatic.eu -6.4 55.1 129.8 43.1 -91.7 -235.0
680 Liquid -10.4 51.1 125.8 49.7 -85.0 -229.3
681 Quantic -14.4 47.1 121.8 56.4 -79.1 -223.9
682 mouz -18.4 43.1 117.8 62.7 -73.2 -218.6
683 rox.KIS -22.4 39.1 113.8 69.1 -67.5 -213.4
684 VP -18.6 42.7 117.6 65.1 -71.5 -217.4
685 mouz -16.0 45.7 120.9 61.1 -75.5 -221.4
686 VP -14.2 47.6 123.0 57.1 -79.5 -225.4
687 VP -18.2 43.6 119.0 62.7 -74.3 -220.3
688 VP -16.2 45.7 121.4 58.7 -78.3 -224.3
690 EG -14.3 48.1 124.0 54.7 -82.3 -228.3
691 Liquid -12.1 50.5 126.6 50.7 -86.3 -232.3
692 Na'Vi -10.5 52.1 128.4 46.7 -90.3 -236.3
693 Alliance -8.9 53.8 130.3 42.7 -94.3 -240.3
695 Alliance -6.9 56.0 132.7 38.7 -98.3 -244.3
696 Fnatic.eu -5.3 57.6 134.5 34.7 -102.3 -248.3
697 Kaipi -3.7 59.2 136.3 30.7 -106.3 -252.3
699 Alliance -2.6 60.5 137.8 26.7 -110.3 -256.3
700 Orange -1.2 61.9 139.5 22.7 -114.3 -260.3
701 VG -5.2 57.9 135.5 28.8 -108.1 -254.5
702 Na'Vi -4.3 58.9 136.7 24.8 -112.1 -258.5
703 mouz -3.4 59.9 138.0 20.8 -116.1 -262.5
704 EG -7.4 55.9 134.0 28.8 -109.1 -256.2
706 RS -11.4 51.9 130.0 34.3 -103.8 -251.0
707 Orange -9.5 53.8 132.1 30.3 -107.8 -255.0
708 iCCup -13.5 49.8 128.1 40.2 -98.9 -247.0
709 Kaipi -10.5 52.9 131.4 36.2 -102.9 -251.0
710 VP -7.3 56.0 134.6 32.2 -106.9 -255.0
711 mouz -4.6 59.2 138.0 28.2 -110.9 -259.0
712 Na'Vi -3.7 60.3 139.3 24.2 -114.9 -263.0
713 MiTH -2.0 62.2 141.5 20.2 -118.9 -267.0
714 Dreamz 0.9 64.9 144.4 16.2 -122.9 -271.0
715 mouz 2.4 66.6 146.3 12.2 -126.9 -275.0
716 mouz 4.5 69.0 149.0 8.2 -130.9 -279.0
717 mouz 7.4 72.0 152.1 4.2 -134.9 -283.0
718 Dreamz 8.5 73.2 153.6 0.2 -138.9 -287.0
719 Mski 10.6 75.0 155.5 -3.8 -142.9 -291.0
720 MiTH 12.4 76.8 157.5 -7.8 -146.9 -295.0
721 Mski 8.4 72.8 153.5 1.6 -136.8 -285.8
722 iCCup 10.3 74.8 155.8 -2.4 -140.8 -289.8
723 Kaipi 11.2 75.8 157.0 -6.4 -144.8 -293.8
724 Kaipi 14.7 79.5 160.8 -10.4 -148.8 -297.8
725 Romania 16.4 81.5 163.1 -14.4 -152.8 -301.8
726 RS 12.4 77.5 159.1 -7.5 -145.8 -295.5
727 Fnatic.eu 8.4 73.5 155.1 9.3 -131.3 -284.0
729 DK 9.4 75.0 156.9 5.3 -135.3 -288.0
730 LGD.cn 10.2 76.0 158.0 1.3 -139.3 -292.0
731 iG 11.8 77.9 160.1 -2.7 -143.3 -296.0
732 Alliance 12.9 79.2 161.7 -6.7 -147.3 -300.0
734 TongFu 15.9 82.5 165.1 -10.7 -151.3 -304.0
735 Dignitas 19.3 85.6 168.1 -14.7 -155.3 -308.0
737 Na'Vi 21.5 88.0 170.7 -18.7 -159.3 -312.0
741 TongFu 23.0 89.8 173.2 -22.7 -163.3 -316.0
743 Fnatic.eu 26.6 92.9 176.3 -26.7 -167.3 -320.0
744 Alliance 29.1 95.5 179.1 -30.7 -171.3 -324.0
745 Dignitas 25.1 91.5 175.1 -9.2 -156.8 -312.3
746 DK 25.8 92.4 176.1 -13.2 -160.8 -316.3
748 Na'Vi 27.0 93.7 177.7 -17.2 -164.8 -320.3
749 Liquid 23.0 89.7 173.7 -4.7 -154.8 -310.4
750 Orange 25.6 92.8 176.9 -8.7 -158.8 -314.4
751 Alliance 26.4 93.9 178.3 -12.7 -162.8 -318.4
754 Na'Vi 27.1 94.7 179.2 -16.7 -166.8 -322.4
756 Dignitas 23.1 90.7 175.2 -11.3 -162.0 -317.9
757 Alliance 24.7 92.2 176.7 -15.3 -166.0 -321.9
758 iG 26.2 94.0 178.5 -19.3 -170.0 -325.9
759 Orange 27.8 95.8 180.5 -23.3 -174.0 -329.9
761 Fnatic.eu 28.5 96.6 181.4 -27.3 -178.0 -333.9
762 Na'Vi 30.6 98.6 183.6 -31.3 -182.0 -337.9
766 Alliance 31.5 99.6 184.7 -35.3 -186.0 -341.9
767 LGD.int 27.5 95.6 180.7 -19.3 -172.1 -330.0
769 mouz 28.4 96.6 181.9 -23.3 -176.1 -334.0
770 LGD.cn 30.0 98.3 183.7 -27.3 -180.1 -338.0
771 Na'Vi 31.2 99.6 185.1 -31.3 -184.1 -342.0
772 DK 27.2 95.6 181.1 -25.8 -178.2 -336.6
773 Alliance 27.9 96.4 182.0 -29.8 -182.2 -340.6
774 TongFu 23.9 92.4 178.0 -23.2 -176.0 -334.9
775 Liquid 26.8 95.3 181.0 -27.2 -180.0 -338.9
776 Orange 28.1 96.7 182.6 -31.2 -184.0 -342.9
778 DK 29.5 98.5 184.6 -35.2 -188.0 -346.9
779 Zenith 30.4 99.5 185.8 -39.2 -192.0 -350.9
781 Alliance 31.3 100.5 186.9 -43.2 -196.0 -354.9
782 iG 33.8 103.2 189.8 -47.2 -200.0 -358.9
783 TongFu 34.7 104.1 190.8 -51.2 -204.0 -362.9
785 LGD.cn 36.7 106.4 193.3 -55.2 -208.0 -366.9
786 Na'Vi 37.7 107.5 194.6 -59.2 -212.0 -370.9
787 TongFu 40.9 111.4 198.7 -63.2 -216.0 -374.9
788 Dignitas 43.3 113.8 201.3 -67.2 -220.0 -378.9
789 LGD.int 39.3 109.8 197.3 -62.8 -215.4 -374.5
790 AllStarsA 35.3 105.8 193.3 -58.1 -210.1 -369.5
791 Orange 37.0 107.7 195.3 -62.1 -214.1 -373.5
792 Fnatic.eu 39.6 110.2 198.0 -66.1 -218.1 -377.5
793 Alliance 40.8 111.5 199.6 -70.1 -222.1 -381.5
794 DK 36.8 107.5 195.6 -65.9 -217.6 -377.2
795 Liquid 37.7 108.5 196.8 -69.9 -221.6 -381.2
796 Zenith 39.6 110.5 199.1 -73.9 -225.6 -385.2
797 Liquid 35.6 106.5 195.1 -60.1 -214.2 -375.6
798 iG 37.5 108.5 197.3 -64.1 -218.2 -379.6
799 Alliance 38.6 109.7 198.8 -68.1 -222.2 -383.6
800 Na'Vi 40.0 111.1 200.3 -72.1 -226.2 -387.6
801 Orange 42.7 114.1 203.5 -76.1 -230.2 -391.6
802 iG 44.8 116.4 206.1 -80.1 -234.2 -395.6
803 Orange 40.8 112.4 202.1 -68.2 -224.6 -387.4
804 TongFu 44.2 116.3 206.1 -72.2 -228.6 -391.4
806 Orange 40.2 112.3 202.1 -65.1 -222.4 -385.7
807 Na'Vi 41.8 114.0 204.0 -69.1 -226.4 -389.7
808 Alliance 44.2 116.8 206.9 -73.1 -230.4 -393.7
811 RStars 45.4 118.3 208.7 -77.1 -234.4 -397.7
812 Empire 46.4 119.5 210.3 -81.1 -238.4 -401.7
813 Empire 47.3 120.4 211.5 -85.1 -242.4 -405.7
814 Kaipi 48.8 122.2 213.6 -89.1 -246.4 -409.7
815 TTD 50.1 123.6 215.3 -93.1 -250.4 -413.7
816 Kaipi 51.4 125.0 216.8 -97.1 -254.4 -417.7
817 Lounge 53.4 127.0 219.1 -101.1 -258.4 -421.7
818 FD 54.6 128.2 220.6 -105.1 -262.4 -425.7
820 4FC 55.3 129.0 221.6 -109.1 -266.4 -429.7
821 4++ 51.3 125.0 217.6 -94.8 -251.2 -417.8
822 MiTH 52.3 126.3 219.1 -98.8 -255.2 -421.8
823 GL.eu 53.7 127.9 221.0 -102.8 -259.2 -425.8
825 WARDGS 55.4 129.6 223.0 -106.8 -263.2 -429.8
826 EVOPLAY 57.1 131.1 224.9 -110.8 -267.2 -433.8
827 TS 53.1 127.1 220.9 -105.7 -260.3 -427.3
828 EVOPLAY 55.0 129.0 223.0 -109.7 -264.3 -431.3
829 TLP 51.0 125.0 219.0 -95.8 -252.4 -421.9
830 DUZA 47.0 121.0 215.0 -88.1 -244.8 -414.5
831 Awake 48.9 122.9 217.0 -92.1 -248.8 -418.5
832 CDCD 44.9 118.9 213.0 -68.9 -230.4 -402.7
833 Menace 40.9 114.9 209.0 -56.0 -219.3 -393.7
834 Aspera 44.5 118.3 212.6 -60.0 -223.3 -397.7
835 Poseidon 47.4 120.8 215.0 -64.0 -227.3 -401.7
836 Poseidon 49.2 122.9 217.4 -68.0 -231.3 -405.7
837 Next.kz 45.2 118.9 213.4 -62.2 -225.0 -399.7
838 Kaipi 46.8 120.7 215.7 -66.2 -229.0 -403.7
840 TS 50.0 123.9 219.0 -70.2 -233.0 -407.7
841 VP 51.0 125.0 220.4 -74.2 -237.0 -411.7
842 Menace 47.0 121.0 216.4 -64.8 -228.0 -403.0
843 Empire 48.9 122.7 218.2 -68.8 -232.0 -407.0
844 Kaipi 50.2 124.0 219.8 -72.8 -236.0 -411.0
845 DUZA 46.2 120.0 215.8 -63.7 -227.5 -403.4
846 Next.kz 49.3 123.3 219.2 -67.7 -231.5 -407.4
847 4FC 45.3 119.3 215.2 -63.1 -226.4 -402.1
848 DUZA 41.3 115.3 211.2 -56.2 -219.9 -396.3
849 Poseidon 44.6 118.7 214.9 -60.2 -223.9 -400.3
851 VP 45.6 119.9 216.4 -64.2 -227.9 -404.3
854 Life 41.6 115.9 212.4 -59.6 -222.2 -398.8
855 Imp 43.8 118.2 214.9 -63.6 -226.2 -402.8
856 Empire 45.3 119.7 216.6 -67.6 -230.2 -406.8
857 Next.kz 47.1 121.5 218.5 -71.6 -234.2 -410.8
858 FSid3 49.0 123.5 220.9 -75.6 -238.2 -414.8
859 FSid3 45.0 119.5 216.9 -65.8 -227.5 -405.0
860 Bambang 41.0 115.5 212.9 -58.2 -219.3 -397.6
861 Aspera 43.3 117.5 215.0 -62.2 -223.3 -401.6
862 rox.KIS 44.8 118.8 216.5 -66.2 -227.3 -405.6
863 Next.kz 40.8 114.8 212.5 -61.6 -222.3 -400.9
864 Poseidon 41.9 116.1 214.0 -65.6 -226.3 -404.9
865 Mski 42.9 117.2 215.4 -69.6 -230.3 -408.9
866 Poseidon 43.8 118.1 216.5 -73.6 -234.3 -412.9
867 Dreamz 44.9 119.4 218.1 -77.6 -238.3 -416.9
868 GxGaming 40.9 115.4 214.1 -72.6 -232.5 -411.5
869 SFEC 36.9 111.4 210.1 -67.2 -227.6 -407.0
871 Next.kz 38.0 112.6 211.5 -71.2 -231.6 -411.0
872 Aspera 34.0 108.6 207.5 -62.5 -223.6 -403.7
873 PR 30.0 104.6 203.5 -41.8 -206.0 -389.1
874 VP 33.3 107.8 207.0 -45.8 -210.0 -393.1
875 Imp 29.3 103.8 203.0 -41.0 -205.2 -388.5
876 MSIEvoGT 31.3 106.1 205.7 -45.0 -209.2 -392.5
877 Mski 32.3 107.5 207.4 -49.0 -213.2 -396.5
878 Lowyat 28.3 103.5 203.4 -35.3 -201.8 -387.0
879 Empire 31.1 106.6 206.7 -39.3 -205.8 -391.0
880 Empire 27.1 102.6 202.7 -30.4 -197.1 -383.1
881 Quantic 23.1 98.6 198.7 -21.8 -189.5 -376.4
883 Kaipi 24.3 100.0 200.3 -25.8 -193.5 -380.4
885 Aspera 26.0 101.7 202.2 -29.8 -197.5 -384.4
886 Fnatic.eu 27.4 103.2 204.0 -33.8 -201.5 -388.4
887 MSIEvoGT 23.4 99.2 200.0 -27.4 -195.9 -383.2
888 Mski 25.3 101.2 202.3 -31.4 -199.9 -387.2
889 Next.kz 26.6 102.5 203.8 -35.4 -203.9 -391.2
890 GL.eu 28.9 105.2 206.7 -39.4 -207.9 -395.2
891 Menace 30.8 107.0 208.7 -43.4 -211.9 -399.2
892 Kaipi 32.8 109.3 211.3 -47.4 -215.9 -403.2
893 Menace 28.8 105.3 207.3 -37.2 -205.8 -394.3
894 Life 31.3 108.3 210.7 -41.2 -209.8 -398.3
895 Next.kz 34.8 112.0 214.3 -45.2 -213.8 -402.3
896 Life 30.8 108.0 210.3 -37.0 -204.8 -393.4
897 Kaipi 32.4 109.9 212.5 -41.0 -208.8 -397.4
898 Mski 34.0 111.6 214.4 -45.0 -212.8 -401.4
899 Menace 35.3 112.8 215.8 -49.0 -216.8 -405.4
900 VP 31.3 108.8 211.8 -42.0 -210.2 -399.4
901 Fnatic.eu 32.7 110.1 213.3 -46.0 -214.2 -403.4
902 Kaipi 34.9 112.3 215.7 -50.0 -218.2 -407.4
903 Kaipi 36.1 113.6 217.2 -54.0 -222.2 -411.4
904 SAfrica 32.1 109.6 213.2 -48.5 -216.7 -406.2
905 Dignitas 32.9 110.5 214.3 -52.5 -220.7 -410.2
906 Dignitas 33.8 111.5 215.5 -56.5 -224.7 -414.2
908 iG 34.5 112.3 216.5 -60.5 -228.7 -418.2
909 VG 36.0 114.2 218.8 -64.5 -232.7 -422.2
911 4FC 32.0 110.2 214.8 -51.2 -219.1 -410.8
912 Kaipi 28.0 106.2 210.8 -46.7 -214.2 -406.1
913 Joiker 24.0 102.2 206.8 -39.1 -207.2 -400.0
914 StayFree 26.3 104.6 209.6 -43.1 -211.2 -404.0
915 Fnatic.eu 27.1 105.6 210.8 -47.1 -215.2 -408.0
916 Property 23.1 101.6 206.8 -34.4 -204.6 -398.7
917 Menace 19.1 97.6 202.8 -23.5 -193.7 -389.2
918 DUZA 15.1 93.6 198.8 -18.3 -189.2 -384.9
919 LGD.cn 16.4 95.1 200.5 -22.3 -193.2 -388.9
920 TongFu 17.0 95.8 201.4 -26.3 -197.2 -392.9
921 Alliance 18.0 96.8 202.7 -30.3 -201.2 -396.9
922 PR 14.0 92.8 198.7 -22.7 -194.3 -390.3
923 DUZA 15.8 94.6 200.8 -26.7 -198.3 -394.3
924 ONE.dota 19.1 98.1 204.8 -30.7 -202.3 -398.3
925 Empire 20.4 99.4 206.3 -34.7 -206.3 -402.3
926 Empire 21.8 101.0 208.0 -38.7 -210.3 -406.3
927 iG 23.3 102.4 209.5 -42.7 -214.3 -410.3
928 LGD.cn 19.3 98.4 205.5 -38.1 -209.6 -405.5
929 Dreamz 15.3 94.4 201.5 -33.4 -205.5 -401.5
930 MiTH 18.0 96.7 203.9 -37.4 -209.5 -405.5
931 Alliance 18.9 97.6 204.9 -41.4 -213.5 -409.5
932 Fnatic.eu 20.9 100.0 207.5 -45.4 -217.5 -413.5
933 Empire 23.2 102.3 210.0 -49.4 -221.5 -417.5
937 OguraYui 19.2 98.3 206.0 -38.3 -208.9 -406.7
938 Mski 21.0 99.8 207.7 -42.3 -212.9 -410.7
939 Poseidon 23.8 103.2 211.4 -46.3 -216.9 -414.7
940 Next.kz 19.8 99.2 207.4 -40.9 -211.8 -409.8
941 Alliance 20.7 100.2 208.5 -44.9 -215.8 -413.8
942 Quantic 16.7 96.2 204.5 -40.4 -210.6 -408.9
944 Imp 12.7 92.2 200.5 -29.2 -199.8 -399.0
948 Empire 14.9 94.5 203.0 -33.2 -203.8 -403.0
949 VP 16.2 95.8 204.5 -37.2 -207.8 -407.0
950 Kaipi 17.2 97.0 206.0 -41.2 -211.8 -411.0
951 Mski 18.2 98.1 207.3 -45.2 -215.8 -415.0
953 Kaipi 19.9 100.2 209.8 -49.2 -219.8 -419.0
954 Cascade 15.9 96.2 205.8 -35.8 -208.2 -409.0
955 DUZA 19.9 99.6 209.1 -39.8 -212.2 -413.0
956 Alliance 20.4 100.1 209.8 -43.8 -216.2 -417.0
957 Na'Vi 21.2 100.8 210.7 -47.8 -220.2 -421.0
958 PR 17.2 96.8 206.7 -23.1 -196.2 -400.2
959 Kaipi 18.0 97.8 207.8 -27.1 -200.2 -404.2
960 Kaipi 18.7 98.7 209.0 -31.1 -204.2 -408.2
961 Life 20.9 101.6 212.3 -35.1 -208.2 -412.2
962 iG 24.1 105.0 215.9 -39.1 -212.2 -416.2
963 Na'Vi 25.5 106.4 217.5 -43.1 -216.2 -420.2
964 Alliance 26.7 107.7 219.0 -47.1 -220.2 -424.2
966 TongFu 30.2 110.5 221.7 -51.1 -224.2 -428.2
967 mouz 31.6 112.0 223.4 -55.1 -228.2 -432.2
970 Joiker 34.4 114.9 226.5 -59.1 -232.2 -436.2
971 iG 36.4 117.4 229.3 -63.1 -236.2 -440.2
972 Aspera 32.4 113.4 225.3 -41.2 -217.2 -424.3
973 DUZA 28.4 109.4 221.3 -36.3 -212.0 -419.2
974 Fnatic.eu 31.2 111.8 223.8 -40.3 -216.0 -423.2
975 Dignitas 32.0 112.8 225.1 -44.3 -220.0 -427.2
976 StayFree 33.4 114.5 227.1 -48.3 -224.0 -431.2
977 Na'Vi 34.9 116.2 229.1 -52.3 -228.0 -435.2
978 rox.KIS 30.9 112.2 225.1 -45.2 -219.5 -427.4
979 PR 33.5 114.5 227.5 -49.2 -223.5 -431.4
981 PR 35.5 116.5 229.7 -53.2 -227.5 -435.4
982 Fnatic.eu 36.3 117.3 230.7 -57.2 -231.5 -439.4
983 Fnatic.eu 38.1 119.0 232.5 -61.2 -235.5 -443.4
984 nAra 34.1 115.0 228.5 -55.8 -230.2 -438.7
985 Inv.kwnku 35.9 117.1 230.9 -59.8 -234.2 -442.7
986 Na'Vi 36.9 118.3 232.3 -63.8 -238.2 -446.7
987 Fnatic.eu 38.5 120.1 234.3 -67.8 -242.2 -450.7
988 4FC 34.5 116.1 230.3 -58.2 -232.1 -441.7
990 Kaipi 35.3 117.0 231.4 -62.2 -236.1 -445.7
991 Empire 31.3 113.0 227.4 -51.3 -226.7 -437.8
992 PBS 27.3 109.0 223.4 -41.0 -218.4 -430.0
993 SFEC 23.3 105.0 219.4 -32.3 -210.2 -422.7
994 Next.kz 19.3 101.0 215.4 -26.3 -204.5 -417.3
995 Inv.kwnku 21.0 103.1 218.0 -30.3 -208.5 -421.3
996 rox.KIS 23.7 105.5 220.5 -34.3 -212.5 -425.3
997 PR 19.7 101.5 216.5 -16.7 -197.7 -413.6
998 Mski 22.8 104.3 219.5 -20.7 -201.7 -417.6
999 Empire 24.7 106.7 222.2 -24.7 -205.7 -421.6
1000 Inv.kwnku 26.4 108.6 224.3 -28.7 -209.7 -425.6
1001 FD 28.1 110.6 226.8 -32.7 -213.7 -429.6
1002 Empire 29.6 112.4 229.0 -36.7 -217.7 -433.6
1003 Kaipi 32.8 116.4 233.2 -40.7 -221.7 -437.6
1004 EG 34.4 118.1 235.1 -44.7 -225.7 -441.6
1005 Dignitas 30.4 114.1 231.1 -32.6 -215.8 -433.2
1007 rox.KIS 33.5 117.0 234.2 -36.6 -219.8 -437.2
1008 Menace 29.5 113.0 230.2 -24.5 -207.5 -426.3
1009 Kaipi 30.4 113.9 231.3 -28.5 -211.5 -430.3
1010 Aspera 26.4 109.9 227.3 -21.1 -204.5 -423.7
1011 Imp 22.4 105.9 223.3 -17.1 -199.6 -419.1
1012 DK 23.7 107.4 225.1 -21.1 -203.6 -423.1
1014 Na'Vi 19.7 103.4 221.1 -16.3 -199.4 -419.1
1015 StayFree 21.4 105.8 223.8 -20.3 -203.4 -423.1
1017 Na'Vi 22.2 106.7 224.8 -24.3 -207.4 -427.1
1018 Alliance 23.0 107.6 226.0 -28.3 -211.4 -431.1
1019 Empire 24.9 110.0 228.7 -32.3 -215.4 -435.1
1020 Na'Vi 26.6 111.7 230.6 -36.3 -219.4 -439.1
1021 Na'Vi 27.8 112.9 232.0 -40.3 -223.4 -443.1
1022 LGD.cn 28.9 114.2 233.4 -44.3 -227.4 -447.1
1023 VG 30.9 116.4 235.6 -48.3 -231.4 -451.1
1024 LGD.cn 33.2 118.4 237.6 -52.3 -235.4 -455.1
1025 Dignitas 34.0 119.3 238.8 -56.3 -239.4 -459.1
1026 PBS 37.4 123.3 242.7 -60.3 -243.4 -463.1
1027 Next.kz 33.4 119.3 238.7 -54.2 -235.8 -455.8
1028 4FC 29.4 115.3 234.7 -43.7 -224.3 -445.8
1029 rox.KIS 32.0 118.4 238.0 -47.7 -228.3 -449.8
1030 Na'Vi 32.8 119.3 239.0 -51.7 -232.3 -453.8
1031 Empire 35.6 122.0 241.8 -55.7 -236.3 -457.8
1032 Na'Vi 36.5 123.1 243.1 -59.7 -240.3 -461.8
1033 LGD.cn 40.1 126.6 246.6 -63.7 -244.3 -465.8
1034 Alliance 40.8 127.4 247.6 -67.7 -248.3 -469.8
1035 Alliance 41.5 128.1 248.4 -71.7 -252.3 -473.8
1036 4FC 37.5 124.1 244.4 -65.6 -246.3 -468.4
1037 VP 33.5 120.1 240.4 -53.6 -237.1 -460.5
1038 Aspera 29.5 116.1 236.4 -49.1 -232.6 -455.9
1039 Ahead.kz 25.5 112.1 232.4 -27.8 -210.8 -438.0
1040 PBS 26.9 114.1 234.7 -31.8 -214.8 -442.0
1041 Alliance 27.9 115.4 236.2 -35.8 -218.8 -446.0
1042 Empire 29.4 117.1 238.1 -39.8 -222.8 -450.0
1044 Quantic 31.4 119.7 240.8 -43.8 -226.8 -454.0
1045 iG 32.3 121.1 242.5 -47.8 -230.8 -458.0
1046 Liquid 33.4 122.3 243.9 -51.8 -234.8 -462.0
1047 EG 29.4 118.3 239.9 -42.9 -226.8 -455.5
1048 MiTH 31.0 120.0 241.9 -46.9 -230.8 -459.5
1049 Dreamz 32.9 122.2 244.4 -50.9 -234.8 -463.5
1050 Alliance 33.7 123.1 245.5 -54.9 -238.8 -467.5
1051 iG 34.5 124.1 246.7 -58.9 -242.8 -471.5
1052 DK 36.1 126.0 248.8 -62.9 -246.8 -475.5
1053 Kaipi 32.1 122.0 244.8 -57.3 -241.4 -470.2
1054 TR 35.8 125.4 248.2 -61.3 -245.4 -474.2
1055 Alliance 36.4 126.1 249.1 -65.3 -249.4 -478.2
1058 UR 32.4 122.1 245.1 -60.4 -244.8 -473.9
1059 TongFu 34.2 123.6 246.7 -64.4 -248.8 -477.9
1060 LGD.int 36.4 125.9 249.2 -68.4 -252.8 -481.9
1061 RS.int 37.9 127.7 251.3 -72.4 -256.8 -485.9
1062 MiTH 39.6 129.4 253.2 -76.4 -260.8 -489.9
1063 Alliance 40.3 130.2 254.1 -80.4 -264.8 -493.9
1064 Alliance 41.1 131.1 255.1 -84.4 -268.8 -497.9
1065 SSD 42.1 132.6 256.8 -88.4 -272.8 -501.9
1067 Hearts 43.6 134.2 258.6 -92.4 -276.8 -505.9
1068 rox.KIS 45.5 136.2 260.9 -96.4 -280.8 -509.9
1069 Poseidon 41.5 132.2 256.9 -89.6 -273.3 -502.4
1070 Quantic 37.5 128.2 252.9 -79.3 -264.0 -494.0
1071 Quantic 39.3 129.8 254.7 -83.3 -268.0 -498.0
1073 Titan 40.8 131.3 256.3 -87.3 -272.0 -502.0
1077 StayFree 41.9 132.8 258.1 -91.3 -276.0 -506.0
1078 VP 44.2 135.1 260.6 -95.3 -280.0 -510.0
1080 SYF 46.7 137.1 262.7 -99.3 -284.0 -514.0
1081 Na'Vi 47.4 137.9 263.7 -103.3 -288.0 -518.0
1082 Fnatic.eu 48.2 138.8 264.7 -107.3 -292.0 -522.0
1083 Titan 49.0 139.7 265.9 -111.3 -296.0 -526.0
1084 Arcanys 45.0 135.7 261.9 -106.9 -290.2 -520.4
1085 FD 45.8 136.8 263.3 -110.9 -294.2 -524.4
1086 MVP 41.8 132.8 259.3 -105.6 -288.6 -518.9
1087 UR 43.7 134.8 261.4 -109.6 -292.6 -522.9
1088 FXopen 44.6 136.1 262.9 -113.6 -296.6 -526.9
1089 Imp 45.3 137.1 264.0 -117.6 -300.6 -530.9
1090 MiTH 46.0 138.0 265.1 -121.6 -304.6 -534.9
1091 Na'Vi 46.9 139.0 266.4 -125.6 -308.6 -538.9
1092 ONE.dota 42.9 135.0 262.4 -114.4 -297.0 -528.7
1093 Lowyat 38.9 131.0 258.4 -108.6 -291.2 -523.2
1094 DK 41.2 133.6 261.4 -112.6 -295.2 -527.2
1095 Arcanys 37.2 129.6 257.4 -91.1 -277.9 -513.7
1096 VG 38.2 131.0 259.1 -95.1 -281.9 -517.7
1097 FD 38.9 131.9 260.4 -99.1 -285.9 -521.7
1098 Lowyat 34.9 127.9 256.4 -88.5 -275.7 -513.0
1099 rox.KIS 37.1 130.2 258.9 -92.5 -279.7 -517.0
1100 Aspera 41.1 133.1 261.7 -96.5 -283.7 -521.0
1101 Fnatic.eu 42.1 134.3 263.2 -100.5 -287.7 -525.0
1104 Poseidon 38.1 130.3 259.2 -84.5 -273.5 -513.8
1105 Na'Vi 38.9 131.2 260.3 -88.5 -277.5 -517.8
1107 Rain 34.9 127.2 256.3 -83.3 -272.7 -513.2
1108 eN.Legs 36.4 129.2 258.7 -87.3 -276.7 -517.2
1110 bvd.dotA 38.5 131.6 261.5 -91.3 -280.7 -521.2
1111 LGD.int 39.5 132.7 262.9 -95.3 -284.7 -525.2
1112 DK 40.0 133.4 263.7 -99.3 -288.7 -529.2
1113 Imp 41.9 136.1 266.8 -103.3 -292.7 -533.2
1114 Na'Vi 42.6 136.9 267.8 -107.3 -296.7 -537.2
1116 NJ&Kids 38.6 132.9 263.8 -102.2 -290.4 -531.0
1117 VG 39.3 133.7 264.8 -106.2 -294.4 -535.0
1118 LGD.cn 39.7 134.3 265.6 -110.2 -298.4 -539.0
1119 FD 35.7 130.3 261.6 -103.4 -292.0 -533.1
1120 Ahead.kz 37.0 131.8 263.4 -107.4 -296.0 -537.1
1122 PR 38.5 133.0 264.7 -111.4 -300.0 -541.1
1123 Na'Vi 38.9 133.6 265.4 -115.4 -304.0 -545.1
1124 bvd.dotA 40.9 135.4 267.2 -119.4 -308.0 -549.1
1125 Empire 42.5 137.0 268.8 -123.4 -312.0 -553.1
1126 Life 38.5 133.0 264.8 -113.0 -297.9 -540.2
1127 EG 40.8 135.5 267.6 -117.0 -301.9 -544.2
1129 iG 41.3 136.2 268.4 -121.0 -305.9 -548.2
1130 TongFu 42.9 138.0 270.4 -125.0 -309.9 -552.2
1131 Na'Vi 43.9 139.0 271.6 -129.0 -313.9 -556.2
1132 Fnatic.eu 44.8 140.1 272.8 -133.0 -317.9 -560.2
1133 MUFC 40.8 136.1 268.8 -122.7 -308.5 -551.7
1135 Empire 41.8 137.2 270.1 -126.7 -312.5 -555.7
1136 Empire 43.2 138.8 271.9 -130.7 -316.5 -559.7
1137 TakeFive 39.2 134.8 267.9 -119.9 -303.4 -548.4
1138 CSW 41.9 137.8 271.2 -123.9 -307.4 -552.4
1139 VT 43.9 140.2 273.9 -127.9 -311.4 -556.4
1140 SYM 39.9 136.2 269.9 -121.8 -304.8 -549.9
1141 EOT 41.2 138.4 272.5 -125.8 -308.8 -553.9
1142 SYF 44.7 141.6 275.6 -129.8 -312.8 -557.9
1143 DK 45.2 142.3 276.5 -133.8 -316.8 -561.9
1144 VG 41.2 138.3 272.5 -119.2 -303.5 -551.5
1145 Fnatic.eu 43.9 140.6 274.9 -123.2 -307.5 -555.5
1146 iG 44.3 141.2 275.6 -127.2 -311.5 -559.5
1147 LGD.cn 45.5 142.6 277.3 -131.2 -315.5 -563.5
1148 HR 47.2 144.8 279.9 -135.2 -319.5 -567.5
1149 Na'Vi 48.1 145.8 281.2 -139.2 -323.5 -571.5
1150 Speed 50.1 149.0 284.9 -143.2 -327.5 -575.5
1151 Alliance 50.6 149.7 285.7 -147.2 -331.5 -579.5
1155 Empire 51.7 151.2 287.4 -151.2 -335.5 -583.5
1156 iG 52.8 152.8 289.3 -155.2 -339.5 -587.5
1157 Na'Vi 53.6 153.7 290.3 -159.2 -343.5 -591.5
1159 SAfrica 54.7 155.1 292.1 -163.2 -347.5 -595.5
1160 Na'Vi 50.7 151.1 288.1 -155.2 -342.0 -590.5
1161 FD 52.5 153.1 290.1 -159.2 -346.0 -594.5
1164 Titan 48.5 149.1 286.1 -152.3 -337.9 -586.6
1165 Titan 44.5 145.1 282.1 -141.8 -326.5 -576.5
1166 CSW 48.0 148.0 285.0 -145.8 -330.5 -580.5
1167 EOT 49.9 149.9 287.2 -149.8 -334.5 -584.5
1168 LGD.cn 51.7 151.7 289.2 -153.8 -338.5 -588.5
1169 DK 52.1 152.3 290.0 -157.8 -342.5 -592.5
1170 VG 54.2 154.4 292.3 -161.8 -346.5 -596.5
1171 Empire 55.0 155.4 293.5 -165.8 -350.5 -600.5
1172 Speed 51.0 151.4 289.5 -146.9 -329.7 -580.4
1173 Empire 52.7 153.1 291.4 -150.9 -333.7 -584.4
1174 Fnatic 54.0 154.4 292.8 -154.9 -337.7 -588.4
1175 TongFu 54.7 155.3 294.0 -158.9 -341.7 -592.4
1176 LGD.cn 50.7 151.3 290.0 -147.2 -332.1 -584.2
1177 TongFu 52.2 152.7 291.6 -151.2 -336.1 -588.2
1178 DK 52.6 153.2 292.3 -155.2 -340.1 -592.2
1179 RStars 48.6 149.2 288.3 -146.1 -331.5 -584.5
1180 Empire 44.6 145.2 284.3 -140.9 -327.0 -580.4
1181 Alliance 45.3 146.1 285.4 -144.9 -331.0 -584.4
1182 Fnatic.eu 49.2 149.1 288.3 -148.9 -335.0 -588.4
1183 Speed 50.6 150.4 289.8 -152.9 -339.0 -592.4
1185 Liquid 46.6 146.4 285.8 -132.3 -318.2 -573.1
1186 iG 48.8 149.2 288.6 -136.3 -322.2 -577.1
1187 StayFree 44.8 145.2 284.6 -131.4 -317.0 -571.6
1188 LGD.int 45.4 146.0 285.5 -135.4 -321.0 -575.6
1189 EG 46.5 147.4 287.3 -139.4 -325.0 -579.6
1190 TongFu 47.3 148.5 288.7 -143.4 -329.0 -583.6
1191 DK 47.7 149.2 289.5 -147.4 -333.0 -587.6
1192 Na'Vi 48.5 150.1 290.8 -151.4 -337.0 -591.6
1193 Speed 44.5 146.1 286.8 -146.9 -331.9 -586.5
1194 Dignitas 46.0 147.6 288.5 -150.9 -335.9 -590.5
1195 VG 46.5 148.3 289.3 -154.9 -339.9 -594.5
1196 LGD.cn 47.0 149.0 290.2 -158.9 -343.9 -598.5
1197 CSW 48.4 150.7 292.0 -162.9 -347.9 -602.5
1198 Aspera 51.4 153.6 295.1 -166.9 -351.9 -606.5
1199 Menace 53.1 155.5 297.3 -170.9 -355.9 -610.5
1200 Liquid 54.7 156.9 298.8 -174.9 -359.9 -614.5
1201 Aspera 50.7 152.9 294.8 -170.1 -355.2 -610.2
1202 SSD 52.0 154.4 296.6 -174.1 -359.2 -614.2
1203 TongFu 52.4 155.0 297.3 -178.1 -363.2 -618.2
1204 iG 53.1 155.9 298.3 -182.1 -367.2 -622.2
1205 HR 49.1 151.9 294.3 -169.7 -352.1 -608.8
1206 EG 50.6 153.0 295.5 -173.7 -356.1 -612.8
1207 mouz 46.6 149.0 291.5 -167.4 -349.8 -606.9
1208 Imp 42.6 145.0 287.5 -158.9 -340.3 -597.9
1209 MiTH 38.6 141.0 283.5 -151.9 -334.0 -592.1
1210 Liquid 34.6 137.0 279.5 -139.6 -321.5 -581.3
1211 mouz 30.6 133.0 275.5 -133.9 -316.2 -576.2
1212 Fnatic.eu 32.5 135.2 278.0 -137.9 -320.2 -580.2
1213 Poseidon 28.5 131.2 274.0 -130.6 -312.1 -572.4
1214 VG 24.5 127.2 270.0 -124.4 -304.8 -565.6
1215 iG 24.9 127.9 270.8 -128.4 -308.8 -569.6
1216 LGD.cn 26.3 129.7 273.0 -132.4 -312.8 -573.6
1217 Speed 22.3 125.7 269.0 -122.4 -303.5 -565.3
1218 CSW 18.3 121.7 265.0 -116.0 -297.7 -560.1
1219 NoX 14.3 117.7 261.0 -111.2 -293.0 -555.7
1220 Empire 15.6 119.3 262.9 -115.2 -297.0 -559.7
1221 iG 11.6 115.3 258.9 -103.9 -288.1 -552.7
1222 LGD.cn 13.5 116.9 260.6 -107.9 -292.1 -556.7
1223 DK 14.4 118.1 262.1 -111.9 -296.1 -560.7
1227 Empire 16.2 120.3 264.5 -115.9 -300.1 -564.7
1229 StayFree 12.2 116.3 260.5 -109.2 -294.5 -559.9
1230 Property 8.2 112.3 256.5 -96.5 -284.1 -551.3
1231 TTD 4.2 108.3 252.5 -89.2 -275.4 -543.4
1232 Alliance 5.1 109.2 253.6 -93.2 -279.4 -547.4
1234 VG 7.0 111.4 256.2 -97.2 -283.4 -551.4
1235 TongFu 3.0 107.4 252.2 -79.3 -269.4 -540.7
1237 FSid3 -1.0 103.4 248.2 -68.9 -259.9 -532.3
1238 LGD.cn -0.4 104.3 249.4 -72.9 -263.9 -536.3
1239 RStars 1.0 106.3 251.9 -76.9 -267.9 -540.3
1240 Na'Vi 2.7 108.1 253.9 -80.9 -271.9 -544.3
1242 mouz 4.3 110.1 256.2 -84.9 -275.9 -548.3
1243 Alliance 5.0 110.9 257.3 -88.9 -279.9 -552.3
1244 Sigma.int 6.7 113.5 260.6 -92.9 -283.9 -556.3
1245 Speed 7.7 114.8 262.2 -96.9 -287.9 -560.3
1246 Liquid 10.3 117.6 265.2 -100.9 -291.9 -564.3
1247 iG 10.7 118.2 266.0 -104.9 -295.9 -568.3
1251 UR 12.2 120.1 268.1 -108.9 -299.9 -572.3
1253 LGD.int 8.2 116.1 264.1 -80.2 -279.5 -556.2
1255 Empire 10.2 118.2 266.4 -84.2 -283.5 -560.2
1256 RS 11.1 119.2 267.7 -88.2 -287.5 -564.2
1257 mouz 7.1 115.2 263.7 -76.4 -277.7 -555.8
1259 Sigma.int 9.1 117.9 266.7 -80.4 -281.7 -559.8
1260 Sigma.int 5.1 113.9 262.7 -76.2 -277.2 -555.4
1261 mouz 1.1 109.9 258.7 -68.2 -271.3 -549.9
1262 iG 2.2 111.3 260.3 -72.2 -275.3 -553.9
1263 LGD.cn 2.9 112.2 261.4 -76.2 -279.3 -557.9
1264 DK 3.6 113.0 262.4 -80.2 -283.3 -561.9
1265 Fnatic.eu -0.4 109.0 258.4 -72.1 -275.8 -555.3
1266 Alliance 0.3 109.8 259.4 -76.1 -279.8 -559.3
1267 Na'Vi 1.7 111.4 261.2 -80.1 -283.8 -563.3
1268 Mski 2.8 112.8 262.8 -84.1 -287.8 -567.3
1269 Orange 3.8 113.8 264.1 -88.1 -291.8 -571.3
1270 MiTH 6.5 116.1 266.7 -92.1 -295.8 -575.3
1271 SYF 8.8 118.7 269.8 -96.1 -299.8 -579.3
1272 iG 10.8 121.2 272.6 -100.1 -303.8 -583.3
1273 RS 6.8 117.2 268.6 -87.4 -292.6 -573.2
1274 LGD.cn 8.3 118.7 270.2 -91.4 -296.6 -577.2
1275 FXopen 10.0 120.7 272.3 -95.4 -300.6 -581.2
1276 CSW 11.5 122.4 274.2 -99.4 -304.6 -585.2
1278 Lowyat 7.5 118.4 270.2 -87.2 -289.2 -571.2
1279 Titan 8.6 119.5 271.5 -91.2 -293.2 -575.2
1281 Speed 11.4 122.5 274.7 -95.2 -297.2 -579.2
1283 Speed 12.6 123.7 275.9 -99.2 -301.2 -583.2
1284 Alliance 13.4 124.5 276.9 -103.2 -305.2 -587.2
1286 LGD.int 15.5 127.1 279.6 -107.2 -309.2 -591.2
1288 Alliance 17.3 129.0 281.5 -111.2 -313.2 -595.2
1289 Titan 13.3 125.0 277.5 -106.1 -308.2 -590.3
1290 Lowyat 9.3 121.0 273.5 -100.0 -302.6 -584.9
1291 PR 12.7 123.6 276.2 -104.0 -306.6 -588.9
1292 SSD 8.7 119.6 272.2 -95.6 -297.2 -579.9
1293 TongFu 9.7 120.7 273.6 -99.6 -301.2 -583.9
1294 VG 5.7 116.7 269.6 -85.8 -288.0 -573.2
1295 Fnatic.eu 1.7 112.7 265.6 -80.9 -283.3 -568.8
1296 mouz 3.4 114.5 267.6 -84.9 -287.3 -572.8
1297 EG 5.8 116.8 270.2 -88.9 -291.3 -576.8
1298 Titan 8.5 119.8 273.6 -92.9 -295.3 -580.8
1299 EG 9.6 121.0 274.9 -96.9 -299.3 -584.8
1300 4FC 11.6 123.1 277.3 -100.9 -303.3 -588.8
1301 Hearts 12.9 124.7 279.1 -104.9 -307.3 -592.8
1302 DK 15.1 127.2 281.8 -108.9 -311.3 -596.8
1303 Sigma.int 16.0 128.4 283.3 -112.9 -315.3 -600.8
1304 Empire 19.4 131.3 286.0 -116.9 -319.3 -604.8
1305 Empire 20.0 132.1 286.9 -120.9 -323.3 -608.8
1306 FXopen 21.1 133.5 288.5 -124.9 -327.3 -612.8
1307 LGD.int 22.0 134.5 289.7 -128.9 -331.3 -616.8
1308 LGD.cn 22.7 135.3 290.7 -132.9 -335.3 -620.8
1309 4FC 24.9 137.2 292.8 -136.9 -339.3 -624.8
1310 Sigma.int 25.6 138.0 293.8 -140.9 -343.3 -628.8
1312 Arteezy 27.6 140.0 296.0 -144.9 -347.3 -632.8
1313 EG 23.6 136.0 292.0 -139.3 -341.4 -627.4
1314 TongFu 24.0 136.6 292.7 -143.3 -345.4 -631.4
1315 Empire 24.8 137.5 293.7 -147.3 -349.4 -635.4
1316 VG 25.5 138.4 294.8 -151.3 -353.4 -639.4
1317 Na'Vi 26.5 139.5 296.2 -155.3 -357.4 -643.4
1318 QPandas 22.5 135.5 292.2 -141.7 -343.9 -630.5
1319 Empire 24.6 137.1 293.8 -145.7 -347.9 -634.5
1320 Orange 28.3 139.9 296.4 -149.7 -351.9 -638.5
1321 Fnatic.eu 29.0 140.6 297.0 -153.7 -355.9 -642.5
1322 DK 29.4 141.1 297.7 -157.7 -359.9 -646.5
1323 VG 30.2 142.1 299.0 -161.7 -363.9 -650.5
1324 VG 26.2 138.1 295.0 -147.5 -349.4 -638.3
1325 Kawai 22.2 134.1 291.0 -135.4 -339.5 -629.0
1326 Dignitas 18.2 130.1 287.0 -122.4 -327.5 -618.9
1327 Speed 18.8 130.8 287.9 -126.4 -331.5 -622.9
1328 Dignitas 20.5 132.5 289.7 -130.4 -335.5 -626.9
1329 Alliance 21.1 133.2 290.5 -134.4 -339.5 -630.9
1330 Na'Vi 23.1 135.0 292.5 -138.4 -343.5 -634.9
1331 Na'Vi 24.3 136.0 293.7 -142.4 -347.5 -638.9
1332 Fnatic.eu 20.3 132.0 289.7 -132.3 -335.8 -628.6
1333 Alliance 21.1 132.8 290.7 -136.3 -339.8 -632.6
1334 iG 22.6 134.6 292.9 -140.3 -343.8 -636.6
1335 LGD.int 23.8 136.0 294.5 -144.3 -347.8 -640.6
1336 TongFu 24.8 136.9 295.5 -148.3 -351.8 -644.6
1337 Startale 27.3 139.3 298.2 -152.3 -355.8 -648.6
1338 Liquid 28.7 140.8 299.9 -156.3 -359.8 -652.6
1340 Fnatic.eu 29.6 141.8 301.1 -160.3 -363.8 -656.6
1341 Alliance 30.1 142.4 301.8 -164.3 -367.8 -660.6
1343 Fnatic.eu 26.1 138.4 297.8 -156.3 -358.7 -652.1
1345 Sigma.int 27.3 139.9 299.6 -160.3 -362.7 -656.1
1350 Fnatic.eu 23.3 135.9 295.6 -154.7 -356.8 -650.1
1351 VG 23.7 136.6 296.4 -158.7 -360.8 -654.1
1352 DK 24.3 137.2 297.2 -162.7 -364.8 -658.1
1353 Alliance 26.0 138.9 299.1 -166.7 -368.8 -662.1
1354 VP 22.0 134.9 295.1 -153.8 -356.6 -651.2
1355 Alliance 23.2 136.2 296.7 -157.8 -360.6 -655.2
1356 Alliance 24.5 137.4 298.0 -161.8 -364.6 -659.2
1357 Na'Vi 25.6 138.4 299.1 -165.8 -368.6 -663.2
1358 VP 21.6 134.4 295.1 -159.9 -363.0 -657.9
1359 LGD.cn 21.9 134.9 295.7 -163.9 -367.0 -661.9
1360 iG 22.3 135.4 296.3 -167.9 -371.0 -665.9
1361 Dignitas 23.0 136.2 297.3 -171.9 -375.0 -669.9
1362 Speed 23.4 136.7 298.0 -175.9 -379.0 -673.9
1363 Speed 25.5 138.7 300.4 -179.9 -383.0 -677.9
1364 Na'Vi 27.3 140.6 302.4 -183.9 -387.0 -681.9
1365 Alliance 28.0 141.3 303.2 -187.9 -391.0 -685.9
1366 Alliance 28.4 141.8 303.8 -191.9 -395.0 -689.9
1367 Liquid 30.0 143.7 306.0 -195.9 -399.0 -693.9
1368 Fnatic.eu 31.2 144.9 307.3 -199.9 -403.0 -697.9
1369 Na'Vi 31.9 145.7 308.2 -203.9 -407.0 -701.9
1370 LGD.int 27.9 141.7 304.2 -194.7 -396.6 -692.4
1372 VP 23.9 137.7 300.2 -176.8 -381.4 -679.7
1373 Liquid 25.2 139.0 301.7 -180.8 -385.4 -683.7
1374 VP 28.7 142.8 305.4 -184.8 -389.4 -687.7
1375 Startale 24.7 138.8 301.4 -174.3 -382.8 -682.2
1377 LGD.cn 26.2 140.4 303.2 -178.3 -386.8 -686.2
1378 Imp 29.0 143.9 306.9 -182.3 -390.8 -690.2
1379 Fnatic.eu 30.1 145.1 308.3 -186.3 -394.8 -694.2
1380 Liquid 31.2 146.3 309.7 -190.3 -398.8 -698.2
1381 Liquid 27.2 142.3 305.7 -175.4 -384.8 -686.3
1382 Titan 28.0 143.3 307.0 -179.4 -388.8 -690.3
1383 LGD.cn 29.5 145.1 309.0 -183.4 -392.8 -694.3
1384 Empire 30.2 145.9 310.0 -187.4 -396.8 -698.3
1385 Na'Vi 26.2 141.9 306.0 -181.3 -391.6 -693.6
1386 StayFree 22.2 137.9 302.0 -170.9 -381.5 -684.6
1387 LGD.cn 25.3 141.1 305.3 -174.9 -385.5 -688.6
1388 iG 25.8 141.8 306.1 -178.9 -389.5 -692.6
1389 RStars 26.5 142.8 307.5 -182.9 -393.5 -696.6
1390 Alliance 27.0 143.4 308.2 -186.9 -397.5 -700.6
1391 Fnatic.eu 28.2 144.7 309.8 -190.9 -401.5 -704.6
1392 EG 31.1 148.1 313.2 -194.9 -405.5 -708.6
1393 Fnatic.eu 34.4 150.8 315.9 -198.9 -409.5 -712.6
1395 iG 37.8 153.6 318.8 -202.9 -413.5 -716.6
1396 rox.KIS 33.8 149.6 314.8 -167.7 -385.8 -693.4
1398 Alliance 29.8 145.6 310.8 -163.1 -381.2 -688.8
1399 EG 25.8 141.6 306.8 -148.1 -365.4 -675.5
1400 VP 27.7 143.8 309.4 -152.1 -369.4 -679.5
1401 Alliance 29.5 145.5 311.3 -156.1 -373.4 -683.5
1402 Liquid 31.6 147.7 313.6 -160.1 -377.4 -687.5
1404 VG 32.5 148.8 315.0 -164.1 -381.4 -691.5
1405 Speed 33.3 149.9 316.4 -168.1 -385.4 -695.5
1406 EG 29.3 145.9 312.4 -159.6 -378.1 -689.4
1408 Liquid 31.0 147.8 314.5 -163.6 -382.1 -693.4
1409 Liquid 27.0 143.8 310.5 -158.6 -377.1 -688.6
1412 DK 27.4 144.5 311.4 -162.6 -381.1 -692.6
1415 VP 23.4 140.5 307.4 -150.7 -368.4 -681.4
1416 Liquid 25.2 142.3 309.3 -154.7 -372.4 -685.4
1420 FD 28.7 145.2 312.5 -158.7 -376.4 -689.4
1421 Na'Vi 30.2 146.8 314.4 -162.7 -380.4 -693.4
1423 Alliance 30.7 147.4 315.1 -166.7 -384.4 -697.4
1424 DK 31.0 147.8 315.7 -170.7 -388.4 -701.4
1425 VG 31.7 148.6 316.7 -174.7 -392.4 -705.4
1426 Speed 33.1 150.1 318.4 -178.7 -396.4 -709.4
1428 EG 29.1 146.1 314.4 -171.2 -388.0 -701.2
1429 Empire 30.3 147.3 315.8 -175.2 -392.0 -705.2
1430 Na'Vi 31.2 148.3 317.0 -179.2 -396.0 -709.2
1431 DK 31.6 148.8 317.6 -183.2 -400.0 -713.2
1433 iG 27.6 144.8 313.6 -176.2 -394.0 -707.9
1434 MiTH 30.7 147.6 316.4 -180.2 -398.0 -711.9
1435 mouz 34.2 150.7 319.4 -184.2 -402.0 -715.9
1437 Liquid 36.2 152.9 321.8 -188.2 -406.0 -719.9
1438 Liquid 36.9 153.8 322.8 -192.2 -410.0 -723.9
1439 Empire 32.9 149.8 318.8 -178.7 -395.4 -709.4
1440 Alliance 35.4 152.5 321.8 -182.7 -399.4 -713.4
1441 PR 31.4 148.5 317.8 -174.8 -391.4 -705.6
1442 LGD.int 31.8 149.1 318.5 -178.8 -395.4 -709.6
1443 TongFu 32.5 149.9 319.5 -182.8 -399.4 -713.6
1445 Speed 34.3 152.3 322.2 -186.8 -403.4 -717.6
1446 mouz 30.3 148.3 318.2 -179.5 -397.1 -711.8
1447 FD 26.3 144.3 314.2 -171.3 -389.4 -704.6
1448 MiTH 22.3 140.3 310.2 -165.1 -382.6 -698.2
1449 Titan 24.2 142.0 312.0 -169.1 -386.6 -702.2
1450 Na'Vi 25.1 143.1 313.3 -173.1 -390.6 -706.2
1451 Na'Vi 26.5 144.5 314.7 -177.1 -394.6 -710.2
1453 Liquid 28.9 147.2 317.5 -181.1 -398.6 -714.2
1456 Liquid 30.4 149.0 319.5 -185.1 -402.6 -718.2
1458 Fnatic.eu 26.4 145.0 315.5 -172.3 -390.2 -706.9
1459 Na'Vi 28.1 146.5 317.2 -176.3 -394.2 -710.9
1460 Alliance 29.0 147.4 318.2 -180.3 -398.2 -714.9
1461 rox.KIS 25.0 143.4 314.2 -170.7 -389.4 -706.8
1462 rox.KIS 26.5 144.9 315.9 -174.7 -393.4 -710.8
1463 Na'Vi 28.6 146.8 317.9 -178.7 -397.4 -714.8
1465 DK 30.1 148.3 319.5 -182.7 -401.4 -718.8
1466 4FC 26.1 144.3 315.5 -169.8 -388.6 -707.0
1467 Sigma.int 22.1 140.3 311.5 -164.8 -383.0 -701.5
1468 Alliance 23.9 142.2 313.5 -168.8 -387.0 -705.5
1471 Mts 19.9 138.2 309.5 -160.0 -380.4 -700.1
1472 rox.KIS 15.9 134.2 305.5 -151.6 -374.4 -694.9
1473 LGD.cn 16.5 135.0 306.5 -155.6 -378.4 -698.9
1475 TongFu3 18.3 136.7 308.4 -159.6 -382.4 -702.9
1478 Alliance 19.5 138.0 309.8 -163.6 -386.4 -706.9
1479 Liquid 20.2 138.8 310.8 -167.6 -390.4 -710.9
1480 Na'Vi 21.9 140.3 312.4 -171.6 -394.4 -714.9
1481 DK 17.9 136.3 308.4 -162.3 -386.2 -708.2
1482 Fnatic.eu 18.6 137.2 309.6 -166.3 -390.2 -712.2
1483 Sigma.int 14.6 133.2 305.6 -155.3 -377.8 -700.6
1484 DK 16.5 135.4 308.1 -159.3 -381.8 -704.6
1485 EG 12.5 131.4 304.1 -152.0 -375.1 -698.2
1486 Sigma.int 8.5 127.4 300.1 -147.8 -370.1 -693.1
1487 VG 10.6 129.8 302.8 -151.8 -374.1 -697.1
1488 Imp 12.4 131.8 305.3 -155.8 -378.1 -701.1
1489 Na'Vi 14.1 133.5 307.2 -159.8 -382.1 -705.1
1490 EG 14.9 134.5 308.3 -163.8 -386.1 -709.1
1491 Fnatic.eu 18.1 137.9 312.0 -167.8 -390.1 -713.1
1492 Alliance 19.4 139.3 313.5 -171.8 -394.1 -717.1
1493 Sigma.int 15.4 135.3 309.5 -166.9 -388.5 -711.5
1494 Na'Vi 16.0 136.0 310.3 -170.9 -392.5 -715.5
1495 DK 17.1 137.3 311.8 -174.9 -396.5 -719.5
1496 Sigma.int 19.0 139.6 314.5 -178.9 -400.5 -723.5
1497 Speed 15.0 135.6 310.5 -165.3 -388.6 -712.6
1498 Fnatic.eu 11.0 131.6 306.5 -149.2 -373.1 -697.9
1499 DK 11.8 132.6 307.5 -153.2 -377.1 -701.9
1500 Speed 12.5 133.5 308.7 -157.2 -381.1 -705.9
1501 Liquid 8.5 129.5 304.7 -143.8 -368.0 -694.1
1502 DK 11.8 133.5 308.9 -147.8 -372.0 -698.1
1503 Speed 14.3 135.6 311.3 -151.8 -376.0 -702.1
1504 Sigma.int 17.3 138.8 314.6 -155.8 -380.0 -706.1
1505 Na'Vi 13.3 134.8 310.6 -151.4 -375.6 -702.0
1506 Liquid 14.6 136.2 312.1 -155.4 -379.6 -706.0
1507 DK 16.3 137.9 313.8 -159.4 -383.6 -710.0
1508 Alliance 16.9 138.7 314.6 -163.4 -387.6 -714.0
1509 Speed 20.3 142.3 318.3 -167.4 -391.6 -718.0
1510 Na'Vi 21.8 143.9 320.1 -171.4 -395.6 -722.0
1511 Sigma.int 22.3 144.6 320.8 -175.4 -399.6 -726.0
1512 Alliance 23.2 145.6 322.0 -179.4 -403.6 -730.0
1513 DK 23.5 146.1 322.6 -183.4 -407.6 -734.0
1514 Fnatic.eu 19.5 142.1 318.6 -177.5 -401.8 -728.1
1515 Speed 15.5 138.1 314.6 -166.5 -391.0 -718.3
1516 DK 11.5 134.1 310.6 -162.3 -385.9 -713.2
1517 Speed 14.6 137.2 313.8 -166.3 -389.9 -717.2
1518 Speed 10.6 133.2 309.8 -156.6 -381.5 -709.6
1519 Orange 13.9 135.8 312.4 -160.6 -385.5 -713.6
1520 Titan 16.5 138.3 315.0 -164.6 -389.5 -717.6
1521 Next.kz 18.3 140.4 317.5 -168.6 -393.5 -721.6
1522 Next.kz 14.3 136.4 313.5 -162.2 -387.3 -716.0
1523 SSD 10.3 132.4 309.5 -148.8 -374.0 -704.7
1524 Aspera 11.7 134.2 311.5 -152.8 -378.0 -708.7
1525 mouz 14.5 136.9 314.3 -156.8 -382.0 -712.7
1526 TongFu3 16.9 139.4 317.1 -160.8 -386.0 -716.7
1527 VP 18.0 140.8 318.7 -164.8 -390.0 -720.7
1528 TongFu 18.7 141.6 319.7 -168.8 -394.0 -724.7
1529 LGD.int 19.3 142.4 320.7 -172.8 -398.0 -728.7
1530 Empire 20.8 144.1 322.6 -176.8 -402.0 -732.7
1531 Aspera 22.2 145.6 324.3 -180.8 -406.0 -736.7
1532 Poseidon 18.2 141.6 320.3 -175.6 -400.7 -732.0
1533 OsG 14.2 137.6 316.3 -162.4 -388.2 -721.7
1534 Poseidon 16.1 139.5 318.4 -166.4 -392.2 -725.7
1535 Venum 18.1 142.0 321.2 -170.4 -396.2 -729.7
1536 Hearts 21.8 145.1 324.3 -174.4 -400.2 -733.7
1537 FL 17.8 141.1 320.3 -164.6 -389.0 -724.1
1538 NoX 13.8 137.1 316.3 -157.1 -380.6 -716.3
1539 Next.kz 16.5 139.4 318.7 -161.1 -384.6 -720.3
1540 Next.kz 19.1 142.1 321.7 -165.1 -388.6 -724.3
1541 PR 15.1 138.1 317.7 -158.4 -382.5 -718.8
1542 rox.KIS 17.4 140.6 320.6 -162.4 -386.5 -722.8
1543 Fnatic.eu 20.0 143.0 323.1 -166.4 -390.5 -726.8
1544 SSD 21.7 144.9 325.2 -170.4 -394.5 -730.8
1545 LGD.cn 23.2 146.7 327.4 -174.4 -398.5 -734.8
1546 iG 24.4 148.1 329.1 -178.4 -402.5 -738.8
1547 Fnatic.eu 20.4 144.1 325.1 -168.5 -392.3 -729.2
1548 Na'Vi 22.0 145.7 326.9 -172.5 -396.3 -733.2
1549 VG 22.6 146.6 328.1 -176.5 -400.3 -737.2
1550 DK 23.3 147.4 329.1 -180.5 -404.3 -741.2
1553 Fnatic.eu 19.3 143.4 325.1 -171.2 -395.5 -733.6
1554 Alliance 21.2 145.2 327.0 -175.2 -399.5 -737.6
1556 LGD.cn 24.7 148.8 330.7 -179.2 -403.5 -741.6
1557 LGD.int 20.7 144.8 326.7 -170.5 -394.0 -733.1
1558 FD 16.7 140.8 322.7 -164.9 -389.0 -728.4
1560 EOT 18.7 142.8 324.9 -168.9 -393.0 -732.4
1561 Na'Vi 21.4 145.3 327.5 -172.9 -397.0 -736.4
1562 VG 17.4 141.3 323.5 -165.9 -387.3 -727.3
1563 FL 20.4 144.3 326.9 -169.9 -391.3 -731.3
1564 Mski 23.9 147.2 329.8 -173.9 -395.3 -735.3
1565 NSG 19.9 143.2 325.8 -169.2 -389.4 -729.4
1568 Next.kz 21.1 144.7 327.5 -173.2 -393.4 -733.4
1569 Next.kz 17.1 140.7 323.5 -167.1 -386.6 -727.1
1570 SSD 13.1 136.7 319.5 -163.1 -382.1 -722.4
1571 PR 15.9 139.4 322.3 -167.1 -386.1 -726.4
1572 Fnatic.eu 17.3 140.7 323.7 -171.1 -390.1 -730.4
1573 iG 19.1 142.6 326.0 -175.1 -394.1 -734.4
1574 DK 20.2 143.8 327.3 -179.1 -398.1 -738.4
1575 iG 16.2 139.8 323.3 -174.7 -393.7 -734.0
1576 5inQ 17.7 141.7 325.6 -178.7 -397.7 -738.0
1577 MVP.P 21.0 144.6 328.4 -182.7 -401.7 -742.0
1578 VG 17.0 140.6 324.4 -173.5 -392.8 -733.7
1579 DK 18.1 142.1 326.1 -177.5 -396.8 -737.7
1580 Alliance 19.2 143.4 327.6 -181.5 -400.8 -741.7
1582 PR 20.6 144.7 329.0 -185.5 -404.8 -745.7
1583 Sigma.int 22.0 146.4 331.0 -189.5 -408.8 -749.7
1584 SSD 24.4 149.2 333.9 -193.5 -412.8 -753.7
1585 Fnatic.eu 25.3 150.2 335.1 -197.5 -416.8 -757.7
1586 Fnatic.eu 21.3 146.2 331.1 -187.9 -407.4 -748.4
1587 Idol 22.8 148.0 333.4 -191.9 -411.4 -752.4
1588 LGD.cn 18.8 144.0 329.4 -187.6 -405.6 -746.1
1589 FD 19.8 145.1 330.7 -191.6 -409.6 -750.1
1590 Orange 20.6 146.1 332.0 -195.6 -413.6 -754.1
1592 VG 24.3 149.8 335.9 -199.6 -417.6 -758.1
1593 FD 25.0 150.8 337.2 -203.6 -421.6 -762.1
1594 FD 21.0 146.8 333.2 -194.8 -411.6 -752.9
1595 Idol 17.0 142.8 329.2 -188.7 -403.7 -744.8
1596 Kawai 13.0 138.8 325.2 -184.4 -399.2 -740.1
1597 Empire 14.8 140.6 327.0 -188.4 -403.2 -744.1
1598 Alliance 15.7 141.6 328.1 -192.4 -407.2 -748.1
1599 OsG 11.7 137.6 324.1 -183.6 -399.4 -741.0
1600 TR 7.7 133.6 320.1 -172.7 -391.0 -733.9
1601 SSD 11.0 136.5 323.0 -176.7 -395.0 -737.9
1602 VP 12.7 138.4 325.0 -180.7 -399.0 -741.9
1603 Fnatic.eu 14.2 139.9 326.5 -184.7 -403.0 -745.9
1604 Sigma.int 10.2 135.9 322.5 -174.3 -392.2 -735.8
1605 VG 12.6 138.8 325.7 -178.3 -396.2 -739.8
1607 Idol 13.6 140.2 327.4 -182.3 -400.2 -743.8
1608 VP 9.6 136.2 323.4 -172.4 -391.3 -736.3
1610 VP 12.9 139.9 327.3 -176.4 -395.3 -740.3
1611 Sigma.int 13.9 141.2 328.8 -180.4 -399.3 -744.3
1612 Fnatic.eu 15.8 143.1 331.0 -184.4 -403.3 -748.3
1613 Fnatic.eu 17.2 144.5 332.6 -188.4 -407.3 -752.3
1614 Alliance 17.8 145.3 333.5 -192.4 -411.3 -756.3
1615 Speed 20.7 148.1 336.6 -196.4 -415.3 -760.3
1617 Siltherin 22.7 150.4 339.2 -200.4 -419.3 -764.3
1618 FD 24.3 152.1 341.3 -204.4 -423.3 -768.3
1619 XctN 26.6 154.7 344.1 -208.4 -427.3 -772.3
1620 VP 28.1 156.1 345.7 -212.4 -431.3 -776.3
1622 Aspera 24.1 152.1 341.7 -206.3 -424.9 -770.3
1623 SSD 26.0 154.0 343.7 -210.3 -428.9 -774.3
1624 PR 27.6 155.8 345.7 -214.3 -432.9 -778.3
1625 Idol 23.6 151.8 341.7 -205.2 -424.1 -770.6
1626 FD 24.5 153.0 343.1 -209.2 -428.1 -774.6
1627 MVP 26.5 154.7 344.9 -213.2 -432.1 -778.6
1628 Alliance 27.2 155.4 345.8 -217.2 -436.1 -782.6
1629 Fnatic.eu 27.7 156.0 346.6 -221.2 -440.1 -786.6
1630 Na'Vi 30.3 158.3 349.1 -225.2 -444.1 -790.6
1631 VG 30.8 159.0 350.1 -229.2 -448.1 -794.6
1632 Fnatic.eu 26.8 155.0 346.1 -223.5 -442.3 -788.8
1633 Startale 30.3 157.7 348.6 -227.5 -446.3 -792.8
1634 Alliance 31.0 158.6 349.6 -231.5 -450.3 -796.8
1635 VG 27.0 154.6 345.6 -226.4 -443.1 -789.1
1636 Sigma.int 27.7 155.4 346.7 -230.4 -447.1 -793.1
1637 Na'Vi 29.6 157.2 348.6 -234.4 -451.1 -797.1
1638 VG 32.6 161.5 353.3 -238.4 -455.1 -801.1
1639 Fnatic.eu 28.6 157.5 349.3 -232.6 -449.3 -795.9
1640 FD 31.7 161.1 352.9 -236.6 -453.3 -799.9
1641 RRQ 27.7 157.1 348.9 -227.4 -443.3 -790.3
1642 MiTH 29.4 159.2 351.1 -231.4 -447.3 -794.3
1643 VG 31.8 162.3 354.5 -235.4 -451.3 -798.3
1644 iG 27.8 158.3 350.5 -229.4 -445.8 -793.0
1645 RRQ 30.2 160.6 352.9 -233.4 -449.8 -797.0
1646 RRQ 26.2 156.6 348.9 -229.1 -444.9 -791.8
1647 MiTH 22.2 152.6 344.9 -223.4 -439.7 -787.3
1648 Poseidon 18.2 148.6 340.9 -215.0 -431.3 -779.2
1650 VP 20.1 150.8 343.1 -219.0 -435.3 -783.2
1651 rox.KIS 21.8 152.5 345.0 -223.0 -439.3 -787.2
1652 PR 22.9 153.8 346.5 -227.0 -443.3 -791.2
1653 mouz 24.5 155.4 348.3 -231.0 -447.3 -795.2
1654 MVP.P 25.5 156.8 349.9 -235.0 -451.3 -799.2
1655 RRQ 28.0 158.7 351.8 -239.0 -455.3 -803.2
1656 HR 24.0 154.7 347.8 -230.0 -444.7 -793.4
1657 RRQ 24.7 155.6 348.9 -234.0 -448.7 -797.4
1659 Alliance 20.7 151.6 344.9 -229.7 -444.0 -792.8
1660 Poseidon 16.7 147.6 340.9 -213.3 -429.4 -781.2
1661 Alliance 19.4 150.4 343.9 -217.3 -433.4 -785.2
1662 Fnatic.eu 20.2 151.4 345.1 -221.3 -437.4 -789.2
1664 DK 20.9 152.2 346.1 -225.3 -441.4 -793.2
1665 LGD.cn 21.5 152.9 347.1 -229.3 -445.4 -797.2
1666 Lowyat 17.5 148.9 343.1 -222.6 -439.7 -792.1
1667 Fnatic.eu 19.0 150.3 344.7 -226.6 -443.7 -796.1
1668 Duskbin 19.8 151.6 346.3 -230.6 -447.7 -800.1
1669 Neon 15.8 147.6 342.3 -221.9 -439.6 -793.1
1671 Neon 19.2 150.9 345.8 -225.9 -443.6 -797.1
1672 MiTH 21.1 152.8 347.9 -229.9 -447.6 -801.1
1673 rox.KIS 23.9 156.1 351.6 -233.9 -451.6 -805.1
1674 Empire 25.1 157.4 353.0 -237.9 -455.6 -809.1
1675 Empire 28.7 161.2 356.9 -241.9 -459.6 -813.1
1676 TR 24.7 157.2 352.9 -227.7 -448.0 -803.3
1677 Na'Vi 25.9 158.4 354.4 -231.7 -452.0 -807.3
1678 Na'Vi 26.8 159.5 355.6 -235.7 -456.0 -811.3
1679 Speed 28.5 161.2 357.5 -239.7 -460.0 -815.3
1680 Mski 31.8 164.1 360.4 -243.7 -464.0 -819.3
1681 Mski 32.7 165.2 361.7 -247.7 -468.0 -823.3
1682 Lowyat 33.9 166.5 363.3 -251.7 -472.0 -827.3
1683 rox.KIS 35.2 168.1 365.2 -255.7 -476.0 -831.3
1684 Alliance 36.6 169.4 366.6 -259.7 -480.0 -835.3
1685 Alliance 37.1 170.0 367.3 -263.7 -484.0 -839.3
1686 Sigma.int 38.3 171.2 368.7 -267.7 -488.0 -843.3
1688 Fnatic.eu 39.7 172.6 370.2 -271.7 -492.0 -847.3
1689 iG 40.2 173.2 370.9 -275.7 -496.0 -851.3
1690 Mski 42.2 174.7 372.4 -279.7 -500.0 -855.3
1697 mouz 38.2 170.7 368.4 -262.8 -479.9 -835.2
1698 Alliance 39.7 172.0 369.8 -266.8 -483.9 -839.2
1699 OsG 35.7 168.0 365.8 -238.4 -457.6 -815.8
1701 TongFu 36.7 169.0 366.9 -242.4 -461.6 -819.8
1702 DK 40.2 172.4 370.3 -246.4 -465.6 -823.8
1703 DK 36.2 168.4 366.3 -241.1 -460.7 -819.1
1704 Alliance 38.9 171.1 369.2 -245.1 -464.7 -823.1
1705 Next.kz 40.6 173.0 371.4 -249.1 -468.7 -827.1
1706 Sigma.int 41.5 173.8 372.3 -253.1 -472.7 -831.1
1707 mouz 42.7 174.9 373.5 -257.1 -476.7 -835.1
1708 HR 43.8 176.2 375.1 -261.1 -480.7 -839.1
1709 iG 45.2 177.8 377.1 -265.1 -484.7 -843.1
1709 iG 46.6 179.4 379.1 -269.1 -488.7 -847.1
1710 Speed 42.6 175.4 375.1 -263.0 -482.5 -841.2
1710 Speed 38.6 171.4 371.1 -256.5 -476.0 -835.3
1711 Next.kz 39.4 172.4 372.3 -260.5 -480.0 -839.3
1711 Next.kz 40.1 173.3 373.3 -264.5 -484.0 -843.3
1712 VP 41.8 175.0 375.1 -268.5 -488.0 -847.3
1712 VP 43.7 176.6 376.8 -272.5 -492.0 -851.3
1713 Alliance 45.3 178.2 378.5 -276.5 -496.0 -855.3
1713 Sigma.int 47.1 179.6 380.2 -280.5 -500.0 -859.3
1714 rox.KIS 47.8 180.5 381.2 -284.5 -504.0 -863.3
1714 rox.KIS 48.7 181.4 382.4 -288.5 -508.0 -867.3
1715 Poseidon 44.7 177.4 378.4 -282.8 -502.6 -862.0
1715 Poseidon 40.7 173.4 374.4 -278.3 -498.0 -858.0
1716 rox.KIS 43.1 176.1 377.2 -282.3 -502.0 -862.0
1716 rox.KIS 45.7 178.7 380.1 -286.3 -506.0 -866.0
1717 VP 49.4 182.2 383.6 -290.3 -510.0 -870.0
1718 Fnatic.eu 45.4 178.2 379.6 -283.9 -503.1 -864.2
1718 Fnatic.eu 41.4 174.2 375.6 -277.0 -496.5 -858.4
1719 HR 43.2 175.7 377.2 -281.0 -500.5 -862.4
1719 HR 45.0 177.2 378.8 -285.0 -504.5 -866.4
1720 Mski 45.9 178.2 379.9 -289.0 -508.5 -870.4
1721 Lowyat 47.0 179.2 381.4 -293.0 -512.5 -874.4
1722 Mski 47.8 180.0 382.4 -297.0 -516.5 -878.4
1723 Mski 49.5 181.6 384.0 -301.0 -520.5 -882.4
1724 LGD.cn 51.1 183.3 385.9 -305.0 -524.5 -886.4
1725 VG 52.2 184.5 387.3 -309.0 -528.5 -890.4
1726 Lowyat 53.2 185.5 388.5 -313.0 -532.5 -894.4
1727 Mski 54.0 186.4 389.4 -317.0 -536.5 -898.4
1728 sQreen 50.0 182.4 385.4 -304.8 -524.0 -887.4
1730 rox.KIS 51.0 183.8 386.9 -308.8 -528.0 -891.4
1731 Empire 47.0 179.8 382.9 -296.6 -515.1 -880.1
1732 rox.KIS 43.0 175.8 378.9 -290.7 -507.8 -872.8
1733 PR 39.0 171.8 374.9 -279.8 -497.3 -863.1
1734 PR 42.5 175.4 378.6 -283.8 -501.3 -867.1
1735 Mski 43.3 176.2 379.6 -287.8 -505.3 -871.1
1736 Lowyat 39.3 172.2 375.6 -278.6 -496.3 -863.2
1737 MiTH 35.3 168.2 371.6 -273.7 -490.2 -857.4
1738 Lowyat 37.4 170.0 373.5 -277.7 -494.2 -861.4
1739 5inQ 33.4 166.0 369.5 -269.9 -486.4 -855.0
1740 LGD.cn 29.4 162.0 365.5 -263.5 -480.8 -850.2
1742 Na'Vi 30.9 164.0 367.7 -267.5 -484.8 -854.2
1743 Na'Vi 32.6 166.1 370.1 -271.5 -488.8 -858.2
1744 Sigma.int 33.6 167.4 371.6 -275.5 -492.8 -862.2
1745 Na'Vi 34.3 168.3 372.7 -279.5 -496.8 -866.2
1746 Alliance 35.0 169.1 373.8 -283.5 -500.8 -870.2
1748 Idol 31.0 165.1 369.8 -279.2 -495.7 -865.2
1749 FD 27.0 161.1 365.8 -274.9 -490.6 -859.8
1750 Alliance 27.7 161.9 366.8 -278.9 -494.6 -863.8
1751 Na'Vi 28.6 162.9 368.0 -282.9 -498.6 -867.8
1753 Na'Vi 29.9 164.3 369.6 -286.9 -502.6 -871.8
1754 TR 25.9 160.3 365.6 -274.0 -491.2 -862.1
1755 SSD 27.0 161.7 367.3 -278.0 -495.2 -866.1
1756 TongFu 23.0 157.7 363.3 -270.2 -488.3 -860.4
1757 iG 26.5 161.3 367.2 -274.2 -492.3 -864.4
1758 DK 28.1 163.1 369.3 -278.2 -496.3 -868.4
1759 FD 31.2 166.6 373.2 -282.2 -500.3 -872.4
1760 Duskbin 27.2 162.6 369.2 -272.7 -489.7 -862.5
1761 Mski 28.2 163.9 370.6 -276.7 -493.7 -866.5
1762 TR 24.2 159.9 366.6 -267.3 -485.4 -859.3
1763 rox.KIS 25.1 160.9 367.8 -271.3 -489.4 -863.3
1764 Na'Vi 26.2 162.0 369.1 -275.3 -493.4 -867.3
1767 rox.KIS 28.9 165.1 372.6 -279.3 -497.4 -871.3
1768 QPandas 24.9 161.1 368.6 -268.9 -487.6 -862.8
1769 XctN 20.9 157.1 364.6 -263.9 -481.9 -857.3
1770 5inQ 22.6 159.7 367.6 -267.9 -485.9 -861.3
1771 VG 23.5 160.9 369.2 -271.9 -489.9 -865.3
1773 FD 25.6 162.7 371.2 -275.9 -493.9 -869.3
1774 Idol 26.6 164.2 373.1 -279.9 -497.9 -873.3
1775 RRQ 22.6 160.2 369.1 -274.3 -493.0 -868.8
1776 Fnatic.eu 23.7 161.4 370.5 -278.3 -497.0 -872.8
1777 PR 25.2 163.0 372.3 -282.3 -501.0 -876.8
1778 FSid3 21.2 159.0 368.3 -276.3 -494.4 -870.3
1779 Fnatic.eu 23.0 160.5 369.9 -280.3 -498.4 -874.3
1780 Titan 24.4 162.1 371.7 -284.3 -502.4 -878.3
1781 FD 26.1 164.0 373.8 -288.3 -506.4 -882.3
1782 Mski 29.9 167.5 377.3 -292.3 -510.4 -886.3
1783 Titan 30.9 168.5 378.6 -296.3 -514.4 -890.3
1784 LGD.cn 32.5 170.1 380.6 -300.3 -518.4 -894.3
1785 Fnatic.eu 33.6 171.3 381.9 -304.3 -522.4 -898.3
1786 Fnatic.eu 35.0 172.7 383.4 -308.3 -526.4 -902.3
1787 Sigma.int 37.5 175.2 386.0 -312.3 -530.4 -906.3
1788 Sigma.int 38.1 175.9 386.9 -316.3 -534.4 -910.3
1789 Na'Vi 41.0 178.6 389.7 -320.3 -538.4 -914.3
1790 Na'Vi 42.0 179.5 390.7 -324.3 -542.4 -918.3
1791 Revenge 38.0 175.5 386.7 -314.9 -530.9 -906.7
1792 Empire 34.0 171.5 382.7 -307.0 -523.2 -899.8
1793 Fnatic.eu 35.3 172.8 384.2 -311.0 -527.2 -903.8
1794 Mski 31.3 168.8 380.2 -305.9 -521.6 -898.5
1795 Empire 32.9 170.6 382.0 -309.9 -525.6 -902.5
1796 Titan 35.4 173.3 384.6 -313.9 -529.6 -906.5
1797 TR 31.4 169.3 380.6 -304.5 -519.8 -897.0
1798 OsG 33.7 172.0 383.4 -308.5 -523.8 -901.0
1799 VP 29.7 168.0 379.4 -299.8 -517.1 -895.2
1800 Empire 31.3 169.6 381.2 -303.8 -521.1 -899.2
1801 Na'Vi 33.0 171.0 382.8 -307.8 -525.1 -903.2
1802 PR 29.0 167.0 378.8 -294.7 -509.2 -888.4
1803 Sigma.int 30.2 168.4 380.3 -298.7 -513.2 -892.4
1804 DK 30.6 169.0 381.0 -302.7 -517.2 -896.4
1805 VG 31.2 169.7 381.9 -306.7 -521.2 -900.4
1806 DT 32.9 171.3 383.7 -310.7 -525.2 -904.4
1807 LGD.cn 33.4 171.9 384.5 -314.7 -529.2 -908.4
1808 iG 33.8 172.5 385.3 -318.7 -533.2 -912.4
1809 Titan 35.0 173.6 386.6 -322.7 -537.2 -916.4
1810 TR 31.0 169.6 382.6 -317.9 -532.0 -911.2
1811 TongFu 31.9 170.5 383.7 -321.9 -536.0 -915.2
1813 DK 34.2 173.0 386.4 -325.9 -540.0 -919.2
1814 LGD.cn 34.7 173.7 387.3 -329.9 -544.0 -923.2
1815 iG 35.6 175.1 389.0 -333.9 -548.0 -927.2
1816 TongFu 31.6 171.1 385.0 -328.3 -542.9 -922.8
1817 Mski 32.8 172.3 386.4 -332.3 -546.9 -926.8
1818 FD 35.0 174.4 388.5 -336.3 -550.9 -930.8
1819 rox.KIS 37.4 176.7 391.0 -340.3 -554.9 -934.8
1820 Empire 38.3 177.6 392.1 -344.3 -558.9 -938.8
1821 QPandas 34.3 173.6 388.1 -333.5 -547.9 -929.2
1822 Fnatic.eu 34.8 174.2 388.8 -337.5 -551.9 -933.2
1823 SSD 36.5 175.8 390.5 -341.5 -555.9 -937.2
1824 Empire 39.7 179.0 394.0 -345.5 -559.9 -941.2
1825 DK 41.3 180.8 396.1 -349.5 -563.9 -945.2
1826 Titan 42.3 181.8 397.2 -353.5 -567.9 -949.2
1827 MVP.P 43.2 183.0 398.6 -357.5 -571.9 -953.2
1828 TongFu 39.2 179.0 394.6 -343.1 -560.7 -943.4
1829 Sigma.int 40.5 180.7 396.6 -347.1 -564.7 -947.4
1830 mouz 42.7 182.9 398.8 -351.1 -568.7 -951.4
1831 rox.KIS 38.7 178.9 394.8 -342.1 -561.2 -944.4
1832 TR 42.1 182.1 398.2 -346.1 -565.2 -948.4
1833 Fnatic.eu 43.6 183.5 399.6 -350.1 -569.2 -952.4
1836 DK 45.0 185.1 401.4 -354.1 -573.2 -956.4
1837 Titan 46.6 186.6 403.1 -358.1 -577.2 -960.4
1838 Titan 42.6 182.6 399.1 -351.8 -570.5 -953.9
1839 Sigma.int 38.6 178.6 395.1 -343.0 -562.0 -946.0
1840 PR 34.6 174.6 391.1 -330.8 -550.7 -935.5
1841 SSD 36.4 176.6 393.3 -334.8 -554.7 -939.5
1842 DK 37.7 178.2 395.1 -338.8 -558.7 -943.5
1843 iG 39.7 180.6 397.7 -342.8 -562.7 -947.5
1844 VG 35.7 176.6 393.7 -337.0 -557.7 -942.8
1845 DK 37.6 178.8 394.9 -341.0 -561.7 -946.8
1846 DK 38.5 179.9 395.5 -345.0 -565.7 -950.8
1847 DK 39.3 181.0 396.8 -349.0 -569.7 -954.8
1848 TongFu 41.0 183.1 399.2 -353.0 -573.7 -958.8
1849 PBS 42.7 185.3 401.8 -357.0 -577.7 -962.8
1850 rox.KIS 44.0 186.9 402.6 -361.0 -581.7 -966.8
1851 Alliance 44.7 187.8 403.2 -365.0 -585.7 -970.8
1852 SSD 46.4 189.4 404.9 -369.0 -589.7 -974.8
1853 Alliance 47.4 190.2 405.8 -373.0 -593.7 -978.8
1854 SSD 43.4 186.2 401.8 -366.1 -585.5 -971.0
1857 iG 44.1 187.1 402.9 -370.1 -589.5 -975.0
1858 Empire 46.4 189.8 404.3 -374.1 -593.5 -979.0
1860 Fnatic.eu 47.0 190.6 405.2 -378.1 -597.5 -983.0
1861 Sigma.int 48.0 191.8 406.7 -382.1 -601.5 -987.0
1862 Next.kz 44.0 187.8 402.7 -371.2 -590.9 -977.2
1863 Fnatic.eu 45.2 189.1 403.7 -375.2 -594.9 -981.2
1864 Revenge 47.5 191.6 406.5 -379.2 -598.9 -985.2
1865 TongFu 48.3 192.6 407.7 -383.2 -602.9 -989.2
1866 Sigma.int 50.2 194.9 409.3 -387.2 -606.9 -993.2
1867 Fnatic.eu 51.1 195.9 410.0 -391.2 -610.9 -997.2
1868 Na'Vi 51.8 196.7 410.5 -395.2 -614.9 -1001.2
1869 FSid3 47.8 192.7 406.5 -387.4 -607.4 -994.9
1870 FSid3 43.8 188.7 402.5 -377.7 -595.9 -983.6
1871 Relax 45.5 190.5 404.7 -381.7 -599.9 -987.6
1872 rox.KIS 41.5 186.5 400.7 -377.1 -595.1 -982.9
1873 PBS 37.5 182.5 396.7 -370.8 -588.5 -979.4
1874 Revenge 38.9 184.1 397.7 -374.8 -592.5 -983.4
1875 iG 40.5 185.8 399.6 -378.8 -596.5 -987.4
1876 GB 42.3 187.7 401.8 -382.8 -600.5 -991.4
1877 FD 43.9 189.4 403.1 -386.8 -604.5 -995.4
1878 Invasion 39.9 185.4 399.1 -375.2 -594.1 -981.5
1879 Orange 40.7 186.3 400.1 -379.2 -598.1 -985.5
1880 VG 36.7 182.3 396.1 -372.6 -590.7 -978.4
1881 LGD.cn 40.0 186.1 398.0 -376.6 -594.7 -982.4
1882 Swage 43.7 190.0 400.7 -380.6 -598.7 -986.4
1883 iG 39.7 186.0 396.7 -372.2 -591.2 -976.7
1885 Mski 40.9 187.1 397.9 -376.2 -595.2 -980.7
1886 Invasion 42.2 188.5 398.9 -380.2 -599.2 -984.7
1887 Lowyat 43.5 189.9 400.3 -384.2 -603.2 -988.7
1888 SMM 46.7 192.8 403.4 -388.2 -607.2 -992.7
1889 Fnatic.eu 42.7 188.8 399.4 -371.0 -594.1 -980.9
1890 LGD.cn 38.7 184.8 395.4 -364.5 -588.2 -975.4
1891 Lowyat 34.7 180.8 391.4 -359.9 -583.6 -970.9
1892 nAra 30.7 176.8 387.4 -352.1 -576.8 -962.5
1893 Mski 31.9 178.2 388.1 -356.1 -580.8 -966.5
1894 Spirit 27.9 174.2 384.1 -343.6 -569.3 -950.2
1895 Fnatic.eu 23.9 170.2 380.1 -339.0 -565.4 -941.5
1896 XctN 19.9 166.2 376.1 -333.6 -559.5 -936.0
1897 Idol 15.9 162.2 372.1 -327.7 -553.5 -930.3
1898 Titan 17.2 163.9 372.9 -331.7 -557.5 -934.3
1899 LGD.cn 19.7 166.5 374.9 -335.7 -561.5 -938.3
1900 PBS 21.9 168.9 377.5 -339.7 -565.5 -942.3
1902 Idol 17.9 164.9 373.5 -335.0 -560.9 -938.2
1903 Titan 19.9 167.3 374.8 -339.0 -564.9 -942.2
1904 Mastery 15.9 163.3 370.8 -332.5 -558.6 -934.7
1905 Swage 11.9 159.3 366.8 -324.9 -551.9 -928.7
1906 5inQ 13.0 161.0 368.8 -328.9 -555.9 -932.7
1907 EOT 15.9 164.3 371.1 -332.9 -559.9 -936.7
1908 Sigma.int 11.9 160.3 367.1 -328.0 -554.5 -931.1
1909 Mski 15.0 163.9 369.8 -332.0 -558.5 -935.1
1910 FD 16.9 166.1 371.3 -336.0 -562.5 -939.1
1911 Titan 18.0 167.4 372.3 -340.0 -566.5 -943.1
1912 Orange 20.1 169.4 374.3 -344.0 -570.5 -947.1
1913 rox.KIS 21.5 171.0 375.6 -348.0 -574.5 -951.1
1914 rox.KIS 23.3 172.8 377.6 -352.0 -578.5 -955.1
1916 rox.KIS 24.6 174.2 379.1 -356.0 -582.5 -959.1
1917 Orange 26.6 175.8 380.8 -360.0 -586.5 -963.1
1918 Orange 28.7 177.7 382.7 -364.0 -590.5 -967.1
1920 Mski 24.7 173.7 378.7 -355.7 -584.0 -961.1
1921 VP 27.2 176.1 381.0 -359.7 -588.0 -965.1
1922 VP 23.2 172.1 377.0 -354.8 -583.2 -960.7
1923 VP 24.7 173.8 378.8 -358.8 -587.2 -964.7
1924 Sigma.int 27.0 176.5 380.5 -362.8 -591.2 -968.7
1925 PR 28.7 178.1 381.9 -366.8 -595.2 -972.7
1926 PR 31.3 180.2 384.1 -370.8 -599.2 -976.7
1927 Titan 32.9 182.0 385.3 -374.8 -603.2 -980.7
1928 Zephyr 33.9 183.5 387.1 -378.8 -607.2 -984.7
1929 MVP 35.2 185.0 388.9 -382.8 -611.2 -988.7
1930 Alliance 37.3 187.1 391.3 -386.8 -615.2 -992.7
1931 Swage 33.3 183.1 387.3 -378.8 -607.9 -986.1
1933 Alliance 35.5 185.3 389.7 -382.8 -611.9 -990.1
1934 Sigma.int 31.5 181.3 385.7 -371.8 -600.5 -979.5
1935 EOT.Ham. 27.5 177.3 381.7 -356.3 -590.5 -971.4
1936 Alliance 29.3 179.3 383.4 -360.3 -594.5 -975.4
1937 Na'Vi 31.1 181.3 385.6 -364.3 -598.5 -979.4
1938 DK 33.6 184.0 388.5 -368.3 -602.5 -983.4
1939 Na'Vi 35.3 185.9 389.9 -372.3 -606.5 -987.4
1940 Na'Vi 31.3 181.9 385.9 -367.1 -602.2 -983.1
1941 Zephyr 33.4 184.5 387.1 -371.1 -606.2 -987.1
1942 VP 36.8 187.4 390.0 -375.1 -610.2 -991.1
1943 PR 38.7 189.3 392.2 -379.1 -614.2 -995.1
1944 VP 40.6 191.4 393.7 -383.1 -618.2 -999.1
1945 rox.KIS 41.7 192.7 394.5 -387.1 -622.2 -1003.1
1946 PR 37.7 188.7 390.5 -380.5 -615.1 -996.5
1947 Relax 33.7 184.7 386.5 -373.5 -608.2 -990.4
1948 Empire 34.7 185.8 387.9 -377.5 -612.2 -994.4
1949 EOT.Ham. 30.7 181.8 383.9 -366.6 -602.9 -986.4
1951 Empire 31.9 183.3 384.7 -370.6 -606.9 -990.4
1953 Fnatic.eu 32.9 184.5 385.7 -374.6 -610.9 -994.4
1954 Empire 33.8 185.5 386.9 -378.6 -614.9 -998.4
1955 Life 36.6 189.0 388.6 -382.6 -618.9 -1002.4
1956 rox.KIS 38.2 190.4 390.1 -386.6 -622.9 -1006.4
1960 Empire 39.9 192.2 392.3 -390.6 -626.9 -1010.4
1961 Fnatic.eu 40.7 193.1 392.9 -394.6 -630.9 -1014.4
1962 Fnatic.eu 43.0 195.5 395.3 -398.6 -634.9 -1018.4
1963 Life 39.0 191.5 391.3 -389.2 -625.3 -1011.5
1964 Fnatic.eu 40.1 192.9 392.1 -393.2 -629.3 -1015.5
1965 Relax 41.8 194.9 393.7 -397.2 -633.3 -1019.5
1966 Speed 44.6 198.2 397.4 -401.2 -637.3 -1023.5
1967 Liquid 46.0 199.3 398.7 -405.2 -641.3 -1027.5
1968 Denial 48.3 201.9 401.6 -409.2 -645.3 -1031.5
1969 hehe 51.2 205.3 405.3 -413.2 -649.3 -1035.5
1970 hehe 53.3 207.4 407.2 -417.2 -653.3 -1039.5
1971 Relax 49.3 203.4 403.2 -402.5 -640.5 -1028.7
1972 PR 45.3 199.4 399.2 -392.5 -632.0 -1013.2
1973 Sigma.int 46.5 201.0 400.0 -396.5 -636.0 -1017.2
1974 bvd.dotA 42.5 197.0 396.0 -391.3 -631.1 -1013.9
1975 Fnatic.eu 43.2 197.8 396.4 -395.3 -635.1 -1017.9
1976 Relax 39.2 193.8 392.4 -390.1 -630.3 -1010.9
1977 Empire 35.2 189.8 388.4 -385.2 -625.4 -1006.4
1978 eHug 38.1 193.2 389.9 -389.2 -629.4 -1010.4
1979 Empire 40.4 196.0 393.0 -393.2 -633.4 -1014.4
1981 Liquid 41.3 197.2 394.5 -397.2 -637.4 -1018.4
1982 Speed 42.3 198.4 395.4 -401.2 -641.4 -1022.4
1983 SADBOYS 38.3 194.4 391.4 -394.1 -632.8 -1013.8
1984 Empire 39.2 195.4 392.2 -398.1 -636.8 -1017.8
1985 SADBOYS 35.2 191.4 388.2 -388.3 -628.1 -1007.5
1986 eHug 31.2 187.4 384.2 -382.2 -622.0 -1001.6
1987 Empire 27.2 183.4 380.2 -375.9 -616.5 -993.6
1988 Liquid 23.2 179.4 376.2 -368.4 -609.9 -987.0
1991 PR 25.2 181.5 378.4 -372.4 -613.9 -991.0
1992 Speed 26.1 182.6 379.8 -376.4 -617.9 -995.0
1993 Liquid 29.2 186.0 383.5 -380.4 -621.9 -999.0
1995 SADBOYS 30.7 188.0 386.0 -384.4 -625.9 -1003.0
1996 TR 26.7 184.0 382.0 -376.4 -618.4 -996.1
2000 UG 22.7 180.0 378.0 -371.3 -613.5 -990.7
2001 Speed 23.6 181.3 379.5 -375.3 -617.5 -994.7
2002 Swage 26.5 184.4 381.1 -379.3 -621.5 -998.7
2003 Empire 22.5 180.4 377.1 -373.1 -616.1 -990.2
2004 Empire 25.4 183.3 380.5 -377.1 -620.1 -994.2
2005 5inQ 28.0 186.2 382.0 -381.1 -624.1 -998.2
2006 Empire 24.0 182.2 378.0 -377.0 -620.1 -992.2
2008 SADBOYS 20.0 178.2 374.0 -369.7 -613.0 -985.1
2009 Fnatic.eu 21.5 179.9 375.3 -373.7 -617.0 -989.1
2010 Na'Vi 23.0 181.5 376.9 -377.7 -621.0 -993.1
2011 PR 19.0 177.5 372.9 -372.1 -616.3 -988.6
2013 Empire 21.3 179.8 375.2 -376.1 -620.3 -992.6
2014 Speed 22.5 181.1 376.1 -380.1 -624.3 -996.6
2015 Speed 23.3 182.0 377.3 -384.1 -628.3 -1000.6
2016 Revenge 25.2 184.0 379.4 -388.1 -632.3 -1004.6
2018 Fnatic.eu 21.2 180.0 375.4 -379.2 -622.8 -995.8
2019 Na'Vi 22.6 181.4 377.0 -383.2 -626.8 -999.8
2020 PR 24.4 183.3 379.0 -387.2 -630.8 -1003.8
2022 Liquid 25.3 184.3 379.6 -391.2 -634.8 -1007.8
2023 SADBOYS 26.0 185.2 380.7 -395.2 -638.8 -1011.8
2024 SADBOYS 27.4 186.7 381.4 -399.2 -642.8 -1015.8
2025 D4D 30.5 189.9 383.7 -403.2 -646.8 -1019.8
2026 Execration 32.5 192.2 386.3 -407.2 -650.8 -1023.8
2028 Next.kz 28.5 188.2 382.3 -398.8 -643.2 -1016.8
2029 Empire 29.6 189.5 383.0 -402.8 -647.2 -1020.8
2030 Empire 33.1 192.9 386.5 -406.8 -651.2 -1024.8
2031 Sigma.int 29.1 188.9 382.5 -400.4 -644.7 -1018.2
2032 Liquid 30.0 189.9 383.6 -404.4 -648.7 -1022.2
2033 eHug 26.0 185.9 379.6 -397.9 -642.0 -1015.6
2034 Denial 22.0 181.9 375.6 -387.6 -632.1 -1005.2
2035 SADBOYS 23.0 183.0 376.2 -391.6 -636.1 -1009.2
2036 Zephyr 26.0 186.3 379.7 -395.6 -640.1 -1013.2
2039 Speed 22.0 182.3 375.7 -389.2 -633.7 -1006.7
2043 Liquid 24.5 184.9 377.0 -393.2 -637.7 -1010.7
2044 Arrow 26.8 187.7 378.4 -397.2 -641.7 -1014.7
2046 Empire 30.3 191.2 382.0 -401.2 -645.7 -1018.7
2047 Empire 32.0 193.2 383.3 -405.2 -649.7 -1022.7
2048 Arrow 33.7 195.3 384.3 -409.2 -653.7 -1026.7
2049 GL 35.8 197.6 385.9 -413.2 -657.7 -1030.7
2051 Nullis 37.8 199.7 388.2 -417.2 -661.7 -1034.7
2052 Nullis 33.8 195.7 384.2 -409.4 -654.6 -1025.8
2053 SADBOYS 34.6 196.8 384.6 -413.4 -658.6 -1029.8
2054 Empire 35.6 198.1 386.2 -417.4 -662.6 -1033.8
2055 Na'Vi 36.6 199.3 386.9 -421.4 -666.6 -1037.8
2056 bvd.dotA 38.1 201.0 389.0 -425.4 -670.6 -1041.8
2057 Aura 40.3 203.4 391.6 -429.4 -674.6 -1045.8
2058 Cloud9 41.2 204.7 392.0 -433.4 -678.6 -1049.8
2059 Empire 42.1 205.7 393.1 -437.4 -682.6 -1053.8
2060 Fnatic.eu 38.1 201.7 389.1 -432.8 -678.4 -1049.8
2061 rox.KIS 34.1 197.7 385.1 -417.2 -663.7 -1036.7
2062 PR 30.1 193.7 381.1 -410.7 -657.5 -1030.8
2064 Cloud9 31.1 194.9 382.6 -414.7 -661.5 -1034.8
2066 Alliance 32.3 196.1 383.9 -418.7 -665.5 -1038.8
2067 Na'Vi 33.1 197.0 384.9 -422.7 -669.5 -1042.8
2068 Fnatic.eu 34.1 198.1 385.8 -426.7 -673.5 -1046.8
2069 VP 30.1 194.1 381.8 -420.4 -667.7 -1040.8
2070 rox.KIS 26.1 190.1 377.8 -413.3 -661.2 -1031.1
2071 Cloud9 29.2 193.5 379.9 -417.3 -665.2 -1035.1
2072 About 25.2 189.5 375.9 -409.9 -658.1 -1027.4
2073 4FC 27.0 191.6 377.4 -413.9 -662.1 -1031.4
2074 vhoul 23.0 187.6 373.4 -403.5 -652.4 -1024.5
2075 Liquid 19.0 183.6 369.4 -396.3 -646.4 -1015.4
2076 Courage 15.0 179.6 365.4 -383.5 -635.6 -993.3
2078 Empire 17.5 182.2 367.4 -387.5 -639.6 -997.3
2079 Empire 19.1 184.1 369.5 -391.5 -643.6 -1001.3
2080 rox.KIS 15.1 180.1 365.5 -375.2 -627.7 -988.0
2082 rox.KIS 16.1 181.3 366.8 -379.2 -631.7 -992.0
2083 PR 17.0 182.3 367.9 -383.2 -635.7 -996.0
2084 hehe 13.0 178.3 363.9 -378.6 -630.9 -991.5
2085 Next.kz 16.1 181.3 368.6 -382.6 -634.9 -995.5
2086 PssT 12.1 177.3 364.6 -375.3 -629.1 -986.9
2087 Liquid 13.4 178.7 365.5 -379.3 -633.1 -990.9
2088 SADBOYS 16.5 182.4 367.9 -383.3 -637.1 -994.9
2089 SADBOYS 17.4 183.5 369.4 -387.3 -641.1 -998.9
2091 Zephyr 20.2 186.4 372.5 -391.3 -645.1 -1002.9
2092 Empire 16.2 182.4 368.5 -387.0 -640.7 -998.6
2093 rox.KIS 18.0 184.3 369.7 -391.0 -644.7 -1002.6
2094 Insane 14.0 180.3 365.7 -383.2 -637.7 -996.4
2095 Titan 15.4 182.0 366.3 -387.2 -641.7 -1000.4
2096 neXt! 11.4 178.0 362.3 -381.4 -636.3 -996.0
2097 rox.KIS 12.8 179.6 363.1 -385.4 -640.3 -1000.0
2098 Zephyr 13.9 180.7 364.5 -389.4 -644.3 -1004.0
2099 rox.KIS 15.9 182.6 366.4 -393.4 -648.3 -1008.0
2100 PR 17.3 184.1 367.6 -397.4 -652.3 -1012.0
2101 ZR 20.4 187.7 369.7 -401.4 -656.3 -1016.0
2102 MYM 22.0 189.4 371.6 -405.4 -660.3 -1020.0
2103 JnRun 18.0 185.4 367.6 -400.7 -655.5 -1015.1
2104 Arrow 14.0 181.4 363.6 -391.7 -646.6 -1007.2
2105 Mongolz 17.5 185.0 366.1 -395.7 -650.6 -1011.2
2106 Panthers 20.0 187.7 369.2 -399.7 -654.6 -1015.2
2112 DUZA 22.5 190.3 371.8 -403.7 -658.6 -1019.2
2113 TCN 24.1 192.3 372.9 -407.7 -662.6 -1023.2
2114 VP 26.8 195.3 376.1 -411.7 -666.6 -1027.2
2115 Mongolz 22.8 191.3 372.1 -405.3 -659.8 -1020.8
2117 Titan 24.9 193.8 373.6 -409.3 -663.8 -1024.8
2119 Empire 25.6 194.7 374.1 -413.3 -667.8 -1028.8
2121 Relax 26.7 196.0 375.2 -417.3 -671.8 -1032.8
2122 4FC 30.0 199.2 378.1 -421.3 -675.8 -1036.8
2123 rox.KIS 30.9 200.3 378.8 -425.3 -679.8 -1040.8
2124 neXt! 26.9 196.3 374.8 -418.9 -672.9 -1033.6
2126 ZR 29.1 198.6 376.9 -422.9 -676.9 -1037.6
2128 Alliance 30.7 200.3 378.5 -426.9 -680.9 -1041.6
2129 vhoul 33.2 203.0 380.3 -430.9 -684.9 -1045.6
2131 Titan 33.9 203.9 381.4 -434.9 -688.9 -1049.6
2132 Fnatic.eu 35.6 205.6 383.0 -438.9 -692.9 -1053.6
2133 Next.kz 31.6 201.6 379.0 -422.6 -678.1 -1033.5
2135 rox.KIS 33.6 203.8 381.5 -426.6 -682.1 -1037.5
2136 Swage 35.3 205.7 383.3 -430.6 -686.1 -1041.5
2137 Revenge 37.0 207.5 384.5 -434.6 -690.1 -1045.5
2138 Liquid 38.0 208.6 385.2 -438.6 -694.1 -1049.5
2139 eHug 39.7 210.4 386.7 -442.6 -698.1 -1053.5
2140 PssT 35.7 206.4 382.7 -435.2 -690.1 -1046.2
2141 WWD 37.2 207.9 384.5 -439.2 -694.1 -1050.2
2142 MVP.P 40.7 210.7 387.3 -443.2 -698.1 -1054.2
2143 MiTH 42.2 212.2 388.6 -447.2 -702.1 -1058.2
2146 Fnatic.eu 44.1 214.3 390.3 -451.2 -706.1 -1062.2
2147 Na'Vi 45.2 215.5 391.6 -455.2 -710.1 -1066.2
2148 PR 41.2 211.5 387.6 -443.2 -700.3 -1058.0
2149 Sigma.int 42.8 213.2 389.5 -447.2 -704.3 -1062.0
2150 VP 38.8 209.2 385.5 -442.4 -699.8 -1056.9
2151 Insane 34.8 205.2 381.5 -437.6 -694.7 -1051.6
2152 Relax 30.8 201.2 377.5 -427.4 -685.0 -1041.9
2154 ZR 26.8 197.2 373.5 -421.7 -679.5 -1037.0
2155 MYM 28.5 198.8 375.4 -425.7 -683.5 -1041.0
2156 Cloud9 29.5 200.0 376.1 -429.7 -687.5 -1045.0
2158 Denial 25.5 196.0 372.1 -419.9 -678.2 -1033.0
2159 SADBOYS 26.2 196.9 373.2 -423.9 -682.2 -1037.0
2160 Dog 27.6 198.7 375.2 -427.9 -686.2 -1041.0
2161 Osiris 23.6 194.7 371.2 -420.1 -679.2 -1037.1
2162 Orange 24.5 195.8 372.4 -424.1 -683.2 -1041.1
2164 Puck 20.5 191.8 368.4 -417.8 -676.2 -1034.3
2165 TR 16.5 187.8 364.4 -403.7 -663.6 -1014.8
2166 DUZA 12.5 183.8 360.4 -396.3 -656.6 -1008.3
2167 Scythe 15.3 187.0 362.1 -400.3 -660.6 -1012.3
2168 Dignotoss 18.2 190.6 365.9 -404.3 -664.6 -1016.3
2169 WWD 20.5 193.3 367.2 -408.3 -668.6 -1020.3
2170 ZR 16.5 189.3 363.2 -399.2 -658.9 -1011.4
2171 Relax 18.3 191.1 365.0 -403.2 -662.9 -1015.4
2172 Na'Vi 19.4 192.4 365.8 -407.2 -666.9 -1019.4
2175 Liquid 20.3 193.4 367.1 -411.2 -670.9 -1023.4
2176 neXt! 16.3 189.4 363.1 -404.8 -665.1 -1017.9
2177 Dog 17.7 191.2 365.5 -408.8 -669.1 -1021.9
2178 VP 19.0 192.6 366.7 -412.8 -673.1 -1025.9
2179 PR 21.4 195.2 368.5 -416.8 -677.1 -1029.9
2180 Puck 17.4 191.2 364.5 -409.9 -671.0 -1021.5
2181 MiT 13.4 187.2 360.5 -397.3 -658.7 -1010.3
2182 MM 16.1 190.1 362.1 -401.3 -662.7 -1014.3
2183 4N 12.1 186.1 358.1 -396.4 -657.8 -1009.6
2184 Swage 8.1 182.1 354.1 -391.8 -654.1 -1004.5
2185 Scythe 9.4 183.8 354.6 -395.8 -658.1 -1008.5
2186 RRQ 5.4 179.8 350.6 -390.1 -653.1 -1000.7
2187 Titan 6.0 180.6 351.6 -394.1 -657.1 -1004.7
2188 Everlast 2.0 176.6 347.6 -378.5 -644.6 -994.0
2189 Dignotoss -2.0 172.6 343.6 -373.7 -640.0 -988.0
2190 VP -0.8 173.7 344.8 -377.7 -644.0 -992.0
2191 Orange 1.3 175.8 346.9 -381.7 -648.0 -996.0
2192 PR -2.7 171.8 342.9 -374.8 -641.8 -990.8
2193 Na'Vi -0.8 173.5 344.6 -378.8 -645.8 -994.8
2194 Zephyr 1.9 176.3 346.9 -382.8 -649.8 -998.8
2197 Empire 2.7 177.3 348.2 -386.8 -653.8 -1002.8
2200 Alliance 4.0 178.5 349.7 -390.8 -657.8 -1006.8
2201 eN.Legs 6.2 180.7 351.9 -394.8 -661.8 -1010.8
2202 neXt! 8.6 183.2 354.2 -398.8 -665.8 -1014.8
2203 BIP 11.2 186.2 355.9 -402.8 -669.8 -1018.8
2204 Osiris 7.2 182.2 351.9 -393.5 -660.2 -1009.8
2207 PR 3.2 178.2 347.9 -389.0 -655.6 -1005.5
2209 DT.NGC -0.8 174.2 343.9 -383.7 -650.5 -1001.2
2210 Titan -0.1 175.1 345.0 -387.7 -654.5 -1005.2
2213 Arrow 0.6 176.0 346.3 -391.7 -658.5 -1009.2
2214 Orange 1.4 177.0 346.8 -395.7 -662.5 -1013.2
2215 ADN -2.6 173.0 342.8 -386.6 -652.8 -1006.4
2216 Alliance -1.1 174.7 344.5 -390.6 -656.8 -1010.4
2218 VP -5.1 170.7 340.5 -381.1 -648.6 -1002.7
2219 rox.KIS -9.1 166.7 336.5 -375.7 -643.4 -997.6
2225 Empire -13.1 162.7 332.5 -370.0 -636.0 -989.9
2226 Empire -17.1 158.7 328.5 -360.1 -626.1 -983.5
2228 Titan -16.4 159.5 328.9 -364.1 -630.1 -987.5
2229 Scythe -14.9 161.2 329.7 -368.1 -634.1 -991.5
2230 Orange -12.7 163.3 331.9 -372.1 -638.1 -995.5
2231 Arrow -10.7 165.7 333.6 -376.1 -642.1 -999.5
2232 Relax -7.0 168.7 336.4 -380.1 -646.1 -1003.5
2233 CIS -4.3 171.7 339.1 -384.1 -650.1 -1007.5
2234 5inQ -1.7 173.8 341.3 -388.1 -654.1 -1011.5
2237 Execration -0.1 175.4 343.0 -392.1 -658.1 -1015.5
2238 FD 1.4 177.1 344.5 -396.1 -662.1 -1019.5
2239 Orange -2.6 173.1 340.5 -384.0 -653.0 -1011.7
2240 Spirit -6.6 169.1 336.5 -376.2 -645.2 -1002.6
2241 hehe -10.6 165.1 332.5 -358.9 -630.2 -976.0
2242 PR -14.6 161.1 328.5 -348.7 -620.8 -962.5
2244 EG -13.0 163.1 329.4 -352.7 -624.8 -966.5
2245 MYM -10.2 166.1 332.7 -356.7 -628.8 -970.5
2246 Execration -6.3 170.0 335.6 -360.7 -632.8 -974.5
2247 Cloud9 -3.1 173.7 337.6 -364.7 -636.8 -978.5
2248 DT.NGC -1.4 175.7 340.0 -368.7 -640.8 -982.5
2249 Titan -0.3 176.9 341.4 -372.7 -644.8 -986.5
2250 Execration -4.3 172.9 337.4 -367.8 -639.8 -982.0
2251 Zephyr -3.0 174.3 339.1 -371.8 -643.8 -986.0
2252 FD -0.7 176.7 341.0 -375.8 -647.8 -990.0
2254 Fnatic.eu 2.2 179.7 344.2 -379.8 -651.8 -994.0
2255 rox.KIS 4.7 182.1 346.6 -383.8 -655.8 -998.0
2258 Arrow 0.7 178.1 342.6 -375.5 -649.0 -992.3
2259 VG 3.4 180.9 344.4 -379.5 -653.0 -996.3
2260 FL 4.9 182.6 345.4 -383.5 -657.0 -1000.3
2261 CIS 0.9 178.6 341.4 -364.3 -643.2 -990.1
2262 Mski 2.9 180.8 343.1 -368.3 -647.2 -994.1
2263 Cloud9 5.1 183.4 346.0 -372.3 -651.2 -998.1
2269 Na'Vi 6.9 185.3 347.7 -376.3 -655.2 -1002.1
2270 RRQ 2.9 181.3 343.7 -368.9 -647.9 -995.1
2271 Titan 4.7 183.2 345.5 -372.9 -651.9 -999.1
2272 Arrow 7.7 186.8 349.5 -376.9 -655.9 -1003.1
2273 VG 8.4 187.7 350.7 -380.9 -659.9 -1007.1
2274 LGD.cn 10.3 190.0 352.0 -384.9 -663.9 -1011.1
2275 Orange 11.0 190.7 352.7 -388.9 -667.9 -1015.1
2277 FD 12.3 192.2 353.6 -392.9 -671.9 -1019.1
2278 MiTH 13.4 193.3 355.0 -396.9 -675.9 -1023.1
2279 DUZA 14.9 194.9 356.3 -400.9 -679.9 -1027.1
2280 DK 15.5 195.6 357.2 -404.9 -683.9 -1031.1
2281 Titan 18.1 197.7 359.2 -408.9 -687.9 -1035.1
2282 iG 18.8 198.6 359.7 -412.9 -691.9 -1039.1
2283 Fnatic.eu 20.5 200.5 361.6 -416.9 -695.9 -1043.1
2284 Zephyr 21.8 201.9 362.9 -420.9 -699.9 -1047.1
2285 Na'Vi 22.9 203.0 364.1 -424.9 -703.9 -1051.1
2286 Cloud9 25.6 205.6 367.6 -428.9 -707.9 -1055.1
2287 VG 21.6 201.6 363.6 -423.3 -702.3 -1051.4
2288 EG 17.6 197.6 359.6 -413.8 -692.6 -1043.6
2289 DT.NGC 13.6 193.6 355.6 -403.3 -681.1 -1037.7
2290 Orange 9.6 189.6 351.6 -394.1 -672.7 -1029.9
2291 Na'Vi 12.0 192.0 354.7 -398.1 -676.7 -1033.9
2292 Na'Vi 13.5 193.4 356.2 -402.1 -680.7 -1037.9
2293 Alliance 14.6 194.7 357.1 -406.1 -684.7 -1041.9
2295 Arrow 15.6 195.9 358.4 -410.1 -688.7 -1045.9
