0 0 0.0 0.0 0.0 0.0 0.0 0.0
23 mouz 0.8 0.9 1.2 -4.0 -4.0 -4.0
32 Alliance 1.5 2.0 2.4 -8.0 -8.0 -8.0
50 3DMAX -2.5 -2.0 -1.6 17.2 9.5 7.0
73 Zenith -1.7 -1.0 -0.5 13.2 5.5 3.0
167 LGD.int -0.8 0.0 0.8 9.2 1.5 -1.0
171 LGD.int 0.1 1.0 2.0 5.2 -2.5 -5.0
226 Alliance 0.9 2.1 3.4 1.2 -6.5 -9.0
246 Na'Vi 1.9 3.1 4.7 -2.8 -10.5 -13.0
275 EG -2.1 -0.9 0.7 16.5 6.4 1.2
304 VG -1.3 1.11022302463e-16 1.9 12.5 2.4 -2.8
306 LGD.cn -0.5 0.9 3.0 8.5 -1.6 -6.8
316 LGD.cn 0.1 1.7 4.1 4.5 -5.6 -10.8
321 mouz 1.0 2.7 5.4 0.5 -9.6 -14.8
330 TongFu -3.0 -1.3 1.4 20.1 6.1 -3.6
340 mouz -2.2 -0.4 2.5 16.1 2.1 -7.6
373 Na'Vi -1.4 0.5 3.5 12.1 -1.9 -11.6
376 LGD.cn -0.6 1.5 4.7 8.1 -5.9 -15.6
396 Liquid 7.77156117238e-16 2.2 5.7 4.1 -9.9 -19.6
398 Alliance 0.7 3.0 6.7 0.1 -13.9 -23.6
410 Alliance 1.4 3.9 7.8 -3.9 -17.9 -27.6
416 4FC -2.6 -0.1 3.8 14.6 -1.4 -13.7
441 Na'Vi -1.7 0.9 5.0 10.6 -5.4 -17.7
446 Orange -0.8 1.9 6.2 6.6 -9.4 -21.7
451 Kaipi 0.1 2.9 7.4 2.6 -13.4 -25.7
461 Alliance 0.9 3.8 8.6 -1.4 -17.4 -29.7
475 Na'Vi 1.9 4.8 9.8 -5.4 -21.4 -33.7
488 Fnatic.eu -2.1 0.8 5.8 12.3 -6.6 -22.1
494 zRage -6.1 -3.2 1.8 32.8 11.6 -6.4
502 VP -5.4 -2.4 2.8 28.8 7.6 -10.4
503 Dignitas -4.6 -1.4 4.1 24.8 3.6 -14.4
505 Na'Vi -4.1 -0.8 4.9 20.8 -0.4 -18.4
506 EG -3.3 0.1 6.1 16.8 -4.4 -22.4
507 Na'Vi -2.4 1.1 7.4 12.8 -8.4 -26.4
508 Na'Vi -1.9 1.7 8.1 8.8 -12.4 -30.4
512 Quantic -5.9 -2.3 4.1 26.5 2.8 -16.5
514 Dignitas -9.9 -6.3 0.1 48.4 21.4 -0.5
529 EG -9.2 -5.5 1.0 44.4 17.4 -4.5
531 Na'Vi -8.3 -4.5 2.2 40.4 13.4 -8.5
533 rox.KIS -7.2 -3.5 3.2 36.4 9.4 -12.5
536 Liquid -6.5 -2.7 4.2 32.4 5.4 -16.5
537 Liquid -5.9 -2.0 5.1 28.4 1.4 -20.5
538 Alliance -5.1 -1.2 6.1 24.4 -2.6 -24.5
553 TongFu -9.1 -5.2 2.1 40.2 12.3 -11.7
628 EG -8.2 -4.2 3.3 36.2 8.3 -15.7
636 EG -7.5 -3.3 4.4 32.2 4.3 -19.7
651 Denial -11.5 -7.3 0.4 50.2 19.7 -7.7
668 mouz -10.7 -6.3 1.7 46.2 15.7 -11.7
671 Fnatic.eu -9.8 -5.3 2.9 42.2 11.7 -15.7
674 mouz -9.1 -4.4 4.0 38.2 7.7 -19.7
678 Kaipi -13.1 -8.4 -1.33226762955e-15 56.9 24.2 -6.1
702 Na'Vi -12.2 -7.4 1.2 52.9 20.2 -10.1
703 mouz -11.3 -6.4 2.5 48.9 16.2 -14.1
723 Kaipi -10.4 -5.4 3.7 44.9 12.2 -18.1
730 LGD.cn -9.6 -4.4 4.8 40.9 8.2 -22.1
745 Dignitas -13.6 -8.4 0.8 62.4 22.7 -10.4
746 DK -12.9 -7.5 1.8 58.4 18.7 -14.4
751 Alliance -12.1 -6.4 3.2 54.4 14.7 -18.4
754 Na'Vi -11.4 -5.6 4.1 50.4 10.7 -22.4
761 Fnatic.eu -10.7 -4.8 5.0 46.4 6.7 -26.4
766 Alliance -9.8 -3.8 6.1 42.4 2.7 -30.4
769 mouz -8.9 -2.8 7.3 38.4 -1.3 -34.4
773 Alliance -8.2 -2.0 8.2 34.4 -5.3 -38.4
779 Zenith -7.3 -1.0 9.4 30.4 -9.3 -42.4
781 Alliance -6.4 -8.881784197e-16 10.5 26.4 -13.3 -46.4
783 TongFu -5.5 0.9 11.5 22.4 -17.3 -50.4
795 Liquid -4.6 1.9 12.7 18.4 -21.3 -54.4
813 Empire -3.7 2.8 13.9 14.4 -25.3 -58.4
820 4FC -3.0 3.6 14.9 10.4 -29.3 -62.4
832 CDCD -7.0 -0.4 10.9 33.6 -10.9 -46.6
866 Poseidon -6.1 0.5 12.0 29.6 -14.9 -50.6
873 PR -10.1 -3.5 8.0 50.3 2.7 -36.0
905 Dignitas -9.3 -2.6 9.1 46.3 -1.3 -40.0
906 Dignitas -8.4 -1.6 10.3 42.3 -5.3 -44.0
908 iG -7.7 -0.8 11.3 38.3 -9.3 -48.0
915 Fnatic.eu -6.9 0.2 12.5 34.3 -13.3 -52.0
920 TongFu -6.3 0.9 13.4 30.3 -17.3 -56.0
921 Alliance -5.3 1.9 14.7 26.3 -21.3 -60.0
931 Alliance -4.4 2.8 15.7 22.3 -25.3 -64.0
941 Alliance -3.5 3.8 16.8 18.3 -29.3 -68.0
956 Alliance -3.0 4.3 17.5 14.3 -33.3 -72.0
957 Na'Vi -2.2 5.0 18.4 10.3 -37.3 -76.0
958 PR -6.2 1.0 14.4 35.0 -13.3 -55.2
959 Kaipi -5.4 2.0 15.5 31.0 -17.3 -59.2
960 Kaipi -4.7 2.9 16.7 27.0 -21.3 -63.2
972 Aspera -8.7 -1.1 12.7 48.9 -2.3 -47.3
975 Dignitas -7.9 -0.1 14.0 44.9 -6.3 -51.3
982 Fnatic.eu -7.1 0.7 15.0 40.9 -10.3 -55.3
990 Kaipi -6.3 1.6 16.1 36.9 -14.3 -59.3
997 PR -10.3 -2.4 12.1 54.5 0.5 -47.6
1009 Kaipi -9.4 -1.5 13.2 50.5 -3.5 -51.6
1017 Na'Vi -8.6 -0.6 14.2 46.5 -7.5 -55.6
1018 Alliance -7.8 0.3 15.4 42.5 -11.5 -59.6
1025 Dignitas -7.0 1.2 16.6 38.5 -15.5 -63.6
1030 Na'Vi -6.2 2.1 17.6 34.5 -19.5 -67.6
1034 Alliance -5.5 2.9 18.6 30.5 -23.5 -71.6
1035 Alliance -4.8 3.6 19.4 26.5 -27.5 -75.6
1039 Ahead.kz -8.8 -0.4 15.4 47.8 -5.7 -57.7
1050 Alliance -8.0 0.5 16.5 43.8 -9.7 -61.7
1051 iG -7.2 1.5 17.7 39.8 -13.7 -65.7
1055 Alliance -6.6 2.2 18.6 35.8 -17.7 -69.7
1063 Alliance -5.9 3.0 19.5 31.8 -21.7 -73.7
1064 Alliance -5.1 3.9 20.5 27.8 -25.7 -77.7
1081 Na'Vi -4.4 4.7 21.5 23.8 -29.7 -81.7
1082 Fnatic.eu -3.6 5.6 22.5 19.8 -33.7 -85.7
1083 Titan -2.8 6.5 23.7 15.8 -37.7 -89.7
1085 FD -2.0 7.6 25.1 11.8 -41.7 -93.7
1089 Imp -1.3 8.6 26.2 7.8 -45.7 -97.7
1090 MiTH -0.6 9.5 27.3 3.8 -49.7 -101.7
1091 Na'Vi 0.3 10.5 28.6 -0.2 -53.7 -105.7
1095 Arcanys -3.7 6.5 24.6 21.3 -36.4 -92.2
1097 FD -3.0 7.4 25.9 17.3 -40.4 -96.2
1105 Na'Vi -2.2 8.3 27.0 13.3 -44.4 -100.2
1112 DK -1.7 9.0 27.8 9.3 -48.4 -104.2
1114 Na'Vi -1.0 9.8 28.8 5.3 -52.4 -108.2
1117 VG -0.3 10.6 29.8 1.3 -56.4 -112.2
1118 LGD.cn 0.1 11.2 30.6 -2.7 -60.4 -116.2
1123 Na'Vi 0.5 11.8 31.3 -6.7 -64.4 -120.2
1129 iG 1.0 12.5 32.1 -10.7 -68.4 -124.2
1132 Fnatic.eu 1.9 13.6 33.3 -14.7 -72.4 -128.2
1143 DK 2.4 14.3 34.2 -18.7 -76.4 -132.2
1146 iG 2.8 14.9 34.9 -22.7 -80.4 -136.2
1149 Na'Vi 3.7 15.9 36.2 -26.7 -84.4 -140.2
1151 Alliance 4.2 16.6 37.0 -30.7 -88.4 -144.2
1157 Na'Vi 5.0 17.5 38.0 -34.7 -92.4 -148.2
1169 DK 5.4 18.1 38.8 -38.7 -96.4 -152.2
1171 Empire 6.2 19.1 40.0 -42.7 -100.4 -156.2
1172 Speed 2.2 15.1 36.0 -23.8 -79.6 -136.1
1175 TongFu 2.9 16.0 37.2 -27.8 -83.6 -140.1
1178 DK 3.3 16.5 37.9 -31.8 -87.6 -144.1
1181 Alliance 4.0 17.4 39.0 -35.8 -91.6 -148.1
1185 Liquid 8.881784197e-16 13.4 35.0 -15.2 -70.8 -128.8
1188 LGD.int 0.6 14.2 35.9 -19.2 -74.8 -132.8
1190 TongFu 1.4 15.3 37.3 -23.2 -78.8 -136.8
1191 DK 1.8 16.0 38.1 -27.2 -82.8 -140.8
1192 Na'Vi 2.6 16.9 39.4 -31.2 -86.8 -144.8
1195 VG 3.1 17.6 40.2 -35.2 -90.8 -148.8
1196 LGD.cn 3.6 18.3 41.1 -39.2 -94.8 -152.8
1203 TongFu 4.0 18.9 41.8 -43.2 -98.8 -156.8
1204 iG 4.7 19.8 42.8 -47.2 -102.8 -160.8
1215 iG 5.1 20.5 43.6 -51.2 -106.8 -164.8
1232 Alliance 6.0 21.4 44.7 -55.2 -110.8 -168.8
1238 LGD.cn 6.6 22.3 45.9 -59.2 -114.8 -172.8
1243 Alliance 7.3 23.1 47.0 -63.2 -118.8 -176.8
1247 iG 7.7 23.7 47.8 -67.2 -122.8 -180.8
1253 LGD.int 3.7 19.7 43.8 -38.5 -102.4 -164.7
1256 RS 4.6 20.7 45.1 -42.5 -106.4 -168.7
1263 LGD.cn 5.3 21.6 46.2 -46.5 -110.4 -172.7
1264 DK 6.0 22.4 47.2 -50.5 -114.4 -176.7
1266 Alliance 6.7 23.2 48.2 -54.5 -118.4 -180.7
1284 Alliance 7.5 24.0 49.2 -58.5 -122.4 -184.7
1305 Empire 8.1 24.8 50.1 -62.5 -126.4 -188.7
1307 LGD.int 9.0 25.8 51.3 -66.5 -130.4 -192.7
1308 LGD.cn 9.7 26.6 52.3 -70.5 -134.4 -196.7
1310 Sigma.int 10.4 27.4 53.3 -74.5 -138.4 -200.7
1314 TongFu 10.8 28.0 54.0 -78.5 -142.4 -204.7
1315 Empire 11.6 28.9 55.0 -82.5 -146.4 -208.7
1316 VG 12.3 29.8 56.1 -86.5 -150.4 -212.7
1321 Fnatic.eu 13.0 30.5 56.7 -90.5 -154.4 -216.7
1322 DK 13.4 31.0 57.4 -94.5 -158.4 -220.7
1323 VG 14.2 32.0 58.7 -98.5 -162.4 -224.7
1327 Speed 14.8 32.7 59.6 -102.5 -166.4 -228.7
1329 Alliance 15.4 33.4 60.4 -106.5 -170.4 -232.7
1333 Alliance 16.2 34.2 61.4 -110.5 -174.4 -236.7
1336 TongFu 17.2 35.1 62.4 -114.5 -178.4 -240.7
1340 Fnatic.eu 18.1 36.1 63.6 -118.5 -182.4 -244.7
1341 Alliance 18.6 36.7 64.3 -122.5 -186.4 -248.7
1351 VG 19.0 37.4 65.1 -126.5 -190.4 -252.7
1352 DK 19.6 38.0 65.9 -130.5 -194.4 -256.7
1359 LGD.cn 19.9 38.5 66.5 -134.5 -198.4 -260.7
1360 iG 20.3 39.0 67.1 -138.5 -202.4 -264.7
1361 Dignitas 21.0 39.8 68.1 -142.5 -206.4 -268.7
1362 Speed 21.4 40.3 68.8 -146.5 -210.4 -272.7
1365 Alliance 22.1 41.0 69.6 -150.5 -214.4 -276.7
1366 Alliance 22.5 41.5 70.2 -154.5 -218.4 -280.7
1369 Na'Vi 23.2 42.3 71.1 -158.5 -222.4 -284.7
1372 VP 19.2 38.3 67.1 -140.6 -207.2 -272.0
1382 Titan 20.0 39.3 68.4 -144.6 -211.2 -276.0
1384 Empire 20.7 40.1 69.4 -148.6 -215.2 -280.0
1388 iG 21.2 40.8 70.2 -152.6 -219.2 -284.0
1389 RStars 21.9 41.8 71.6 -156.6 -223.2 -288.0
1390 Alliance 22.4 42.4 72.3 -160.6 -227.2 -292.0
1396 rox.KIS 18.4 38.4 68.3 -125.4 -199.5 -268.8
1399 EG 14.4 34.4 64.3 -110.4 -183.7 -255.5
1412 DK 14.8 35.1 65.2 -114.4 -187.7 -259.5
1423 Alliance 15.3 35.7 65.9 -118.4 -191.7 -263.5
1424 DK 15.6 36.1 66.5 -122.4 -195.7 -267.5
1425 VG 16.3 36.9 67.5 -126.4 -199.7 -271.5
1430 Na'Vi 17.2 37.9 68.7 -130.4 -203.7 -275.5
1431 DK 17.6 38.4 69.3 -134.4 -207.7 -279.5
1438 Liquid 18.3 39.3 70.3 -138.4 -211.7 -283.5
1442 LGD.int 18.7 39.9 71.0 -142.4 -215.7 -287.5
1443 TongFu 19.4 40.7 72.0 -146.4 -219.7 -291.5
1450 Na'Vi 20.3 41.8 73.3 -150.4 -223.7 -295.5
1460 Alliance 21.2 42.7 74.3 -154.4 -227.7 -299.5
1473 LGD.cn 21.8 43.5 75.3 -158.4 -231.7 -303.5
1479 Liquid 22.5 44.3 76.3 -162.4 -235.7 -307.5
1482 Fnatic.eu 23.2 45.2 77.5 -166.4 -239.7 -311.5
1490 EG 24.0 46.2 78.6 -170.4 -243.7 -315.5
1494 Na'Vi 24.6 46.9 79.4 -174.4 -247.7 -319.5
1498 Fnatic.eu 20.6 42.9 75.4 -158.3 -232.2 -304.8
1499 DK 21.4 43.9 76.4 -162.3 -236.2 -308.8
1500 Speed 22.1 44.8 77.6 -166.3 -240.2 -312.8
1508 Alliance 22.7 45.6 78.4 -170.3 -244.2 -316.8
1511 Sigma.int 23.2 46.3 79.1 -174.3 -248.2 -320.8
1512 Alliance 24.1 47.3 80.3 -178.3 -252.2 -324.8
1513 DK 24.4 47.8 80.9 -182.3 -256.2 -328.8
1528 TongFu 25.1 48.6 81.9 -186.3 -260.2 -332.8
1529 LGD.int 25.7 49.4 82.9 -190.3 -264.2 -336.8
1549 VG 26.3 50.3 84.1 -194.3 -268.2 -340.8
1550 DK 27.0 51.1 85.1 -198.3 -272.2 -344.8
1585 Fnatic.eu 27.9 52.1 86.3 -202.3 -276.2 -348.8
1590 Orange 28.7 53.1 87.6 -206.3 -280.2 -352.8
1593 FD 29.4 54.1 88.9 -210.3 -284.2 -356.8
1598 Alliance 30.3 55.1 90.0 -214.3 -288.2 -360.8
1614 Alliance 30.9 55.9 90.9 -218.3 -292.2 -364.8
1628 Alliance 31.6 56.6 91.8 -222.3 -296.2 -368.8
1629 Fnatic.eu 32.1 57.2 92.6 -226.3 -300.2 -372.8
1631 VG 32.6 57.9 93.6 -230.3 -304.2 -376.8
1634 Alliance 33.3 58.8 94.6 -234.3 -308.2 -380.8
1636 Sigma.int 34.0 59.6 95.7 -238.3 -312.2 -384.8
1657 RRQ 34.7 60.5 96.8 -242.3 -316.2 -388.8
1662 Fnatic.eu 35.5 61.5 98.0 -246.3 -320.2 -392.8
1664 DK 36.2 62.3 99.0 -250.3 -324.2 -396.8
1665 LGD.cn 36.8 63.0 100.0 -254.3 -328.2 -400.8
1678 Na'Vi 37.7 64.1 101.2 -258.3 -332.2 -404.8
1685 Alliance 38.2 64.7 101.9 -262.3 -336.2 -408.8
1689 iG 38.7 65.3 102.6 -266.3 -340.2 -412.8
1697 mouz 34.7 61.3 98.6 -249.4 -320.1 -392.7
1699 OsG 30.7 57.3 94.6 -221.0 -293.8 -369.3
1701 TongFu 31.7 58.3 95.7 -225.0 -297.8 -373.3
1706 Sigma.int 32.6 59.1 96.6 -229.0 -301.8 -377.3
1711 Next.kz 33.4 60.1 97.8 -233.0 -305.8 -381.3
1711 Next.kz 34.1 61.0 98.8 -237.0 -309.8 -385.3
1714 rox.KIS 34.8 61.9 99.8 -241.0 -313.8 -389.3
1714 rox.KIS 35.7 62.8 101.0 -245.0 -317.8 -393.3
1720 Mski 36.6 63.8 102.1 -249.0 -321.8 -397.3
1722 Mski 37.4 64.6 103.1 -253.0 -325.8 -401.3
1726 Lowyat 38.4 65.6 104.3 -257.0 -329.8 -405.3
1727 Mski 39.2 66.5 105.2 -261.0 -333.8 -409.3
1735 Mski 40.0 67.3 106.2 -265.0 -337.8 -413.3
1745 Na'Vi 40.7 68.2 107.3 -269.0 -341.8 -417.3
1746 Alliance 41.4 69.0 108.4 -273.0 -345.8 -421.3
1750 Alliance 42.1 69.8 109.4 -277.0 -349.8 -425.3
1751 Na'Vi 43.0 70.8 110.6 -281.0 -353.8 -429.3
1763 rox.KIS 43.9 71.8 111.8 -285.0 -357.8 -433.3
1788 Sigma.int 44.5 72.5 112.7 -289.0 -361.8 -437.3
1790 Na'Vi 45.5 73.4 113.7 -293.0 -365.8 -441.3
1804 DK 45.9 74.0 114.4 -297.0 -369.8 -445.3
1805 VG 46.5 74.7 115.3 -301.0 -373.8 -449.3
1807 LGD.cn 47.0 75.3 116.1 -305.0 -377.8 -453.3
1808 iG 47.4 75.9 116.9 -309.0 -381.8 -457.3
1811 TongFu 48.3 76.8 118.0 -313.0 -385.8 -461.3
1814 LGD.cn 48.8 77.5 118.9 -317.0 -389.8 -465.3
1820 Empire 49.7 78.4 120.0 -321.0 -393.8 -469.3
1822 Fnatic.eu 50.2 79.0 120.7 -325.0 -397.8 -473.3
1826 Titan 51.2 80.0 121.8 -329.0 -401.8 -477.3
1846 DK 52.1 81.1 122.4 -333.0 -405.8 -481.3
1847 DK 52.9 82.2 123.7 -337.0 -409.8 -485.3
1851 Alliance 53.6 83.1 124.3 -341.0 -413.8 -489.3
1853 Alliance 54.6 83.9 125.2 -345.0 -417.8 -493.3
1857 iG 55.3 84.8 126.3 -349.0 -421.8 -497.3
1860 Fnatic.eu 55.9 85.6 127.2 -353.0 -425.8 -501.3
1865 TongFu 56.7 86.6 128.4 -357.0 -429.8 -505.3
1867 Fnatic.eu 57.6 87.6 129.1 -361.0 -433.8 -509.3
1868 Na'Vi 58.3 88.4 129.6 -365.0 -437.8 -513.3
1879 Orange 59.1 89.3 130.6 -369.0 -441.8 -517.3
1889 Fnatic.eu 55.1 85.3 126.6 -351.8 -428.7 -505.5
1954 Empire 56.0 86.3 127.8 -355.8 -432.7 -509.5
1961 Fnatic.eu 56.8 87.2 128.4 -359.8 -436.7 -513.5
1975 Fnatic.eu 57.5 88.0 128.8 -363.8 -440.7 -517.5
1982 Speed 58.5 89.2 129.7 -367.8 -444.7 -521.5
1984 Empire 59.4 90.2 130.5 -371.8 -448.7 -525.5
2015 Speed 60.2 91.1 131.7 -375.8 -452.7 -529.5
2022 Liquid 61.1 92.1 132.3 -379.8 -456.7 -533.5
2023 SADBOYS 61.8 93.0 133.4 -383.8 -460.7 -537.5
2029 Empire 62.9 94.3 134.1 -387.8 -464.7 -541.5
2032 Liquid 63.8 95.3 135.2 -391.8 -468.7 -545.5
2035 SADBOYS 64.8 96.4 135.8 -395.8 -472.7 -549.5
2053 SADBOYS 65.6 97.5 136.2 -399.8 -476.7 -553.5
2055 Na'Vi 66.6 98.7 136.9 -403.8 -480.7 -557.5
2058 Cloud9 67.5 100.0 137.3 -407.8 -484.7 -561.5
2059 Empire 68.4 101.0 138.4 -411.8 -488.7 -565.5
2061 rox.KIS 64.4 97.0 134.4 -396.2 -474.0 -552.4
2067 Na'Vi 65.2 97.9 135.4 -400.2 -478.0 -556.4
2068 Fnatic.eu 66.2 99.0 136.3 -404.2 -482.0 -560.4
2080 rox.KIS 62.2 95.0 132.3 -387.9 -466.1 -547.1
2083 PR 63.1 96.0 133.4 -391.9 -470.1 -551.1
2089 SADBOYS 64.0 97.1 134.9 -395.9 -474.1 -555.1
2119 Empire 64.7 98.0 135.4 -399.9 -478.1 -559.1
2123 rox.KIS 65.6 99.1 136.1 -403.9 -482.1 -563.1
2131 Titan 66.3 100.0 137.2 -407.9 -486.1 -567.1
2133 Next.kz 62.3 96.0 133.2 -391.6 -471.3 -547.0
2138 Liquid 63.3 97.1 133.9 -395.6 -475.3 -551.0
2156 Cloud9 64.3 98.3 134.6 -399.6 -479.3 -555.0
2159 SADBOYS 65.0 99.2 135.7 -403.6 -483.3 -559.0
2162 Orange 65.9 100.3 136.9 -407.6 -487.3 -563.0
2172 Na'Vi 67.0 101.6 137.7 -411.6 -491.3 -567.0
2175 Liquid 67.9 102.6 139.0 -415.6 -495.3 -571.0
2185 Scythe 69.2 104.3 139.5 -419.6 -499.3 -575.0
2187 Titan 69.8 105.1 140.5 -423.6 -503.3 -579.0
2197 Empire 70.6 106.1 141.8 -427.6 -507.3 -583.0
2210 Titan 71.3 107.0 142.9 -431.6 -511.3 -587.0
2213 Arrow 72.0 107.9 144.2 -435.6 -515.3 -591.0
2214 Orange 72.8 108.9 144.7 -439.6 -519.3 -595.0
2228 Titan 73.5 109.7 145.1 -443.6 -523.3 -599.0
2241 hehe 69.5 105.7 141.1 -426.3 -508.3 -572.4
2261 CIS 65.5 101.7 137.1 -407.1 -494.5 -562.2
2273 VG 66.2 102.6 138.3 -411.1 -498.5 -566.2
2275 Orange 66.9 103.3 139.0 -415.1 -502.5 -570.2
2280 DK 67.5 104.0 139.9 -419.1 -506.5 -574.2
2282 iG 68.2 104.9 140.4 -423.1 -510.5 -578.2
