0 0 0.0 0.0 0.0 0.0 0.0 0.0
18 Na'Vi 0.8 1.1 1.5 -4.0 -4.0 -4.0
19 Empire 2.3 3.0 3.4 -8.0 -8.0 -8.0
23 mouz 3.1 3.9 4.6 -12.0 -12.0 -12.0
26 Empire -0.9 -0.1 0.6 -1.6 -3.5 -4.2
29 GU.pe -4.9 -4.1 -3.4 10.5 6.4 5.3
31 Liquid -3.2 -2.2 -1.3 6.5 2.4 1.3
32 Alliance -2.5 -1.1 -0.1 2.5 -1.6 -2.7
34 EG -6.5 -5.1 -4.1 10.7 5.3 3.8
40 Fnatic.eu -5.1 -3.1 -2.1 6.7 1.3 -0.2
41 Empire -4.0 -1.8 -0.4 2.7 -2.7 -4.2
43 mouz -2.4 0.1 1.5 -1.3 -6.7 -8.2
44 Quantic -1.0 2.0 3.6 -5.3 -10.7 -12.2
48 VP 0.4 3.6 5.7 -9.3 -14.7 -16.2
49 Liquid 1.2 4.8 7.1 -13.3 -18.7 -20.2
50 3DMAX -2.8 0.8 3.1 11.9 -1.2 -5.2
51 Liquid -6.8 -3.2 -0.9 23.0 8.4 2.4
53 VP -10.8 -7.2 -4.9 33.6 17.1 10.5
57 Dignitas -9.1 -5.0 -2.5 29.6 13.1 6.5
58 Na'Vi -7.8 -3.4 -0.8 25.6 9.1 2.5
59 VP -11.8 -7.4 -4.8 37.0 18.0 10.8
60 Na'Vi -10.8 -6.2 -3.4 33.0 14.0 6.8
71 Liquid -9.4 -4.6 -1.5 29.0 10.0 2.8
73 Zenith -8.6 -3.6 -0.4 25.0 6.0 -1.2
75 Fnatic.eu -7.3 -2.1 1.4 21.0 2.0 -5.2
80 Liquid -11.3 -6.1 -2.6 28.5 9.9 0.9
81 Neo.int -8.8 -4.1 -0.3 24.5 5.9 -3.1
82 Orange -12.8 -8.1 -4.3 32.2 13.5 4.1
89 Liquid -11.3 -6.4 -2.5 28.2 9.5 0.1
93 Na'Vi -9.7 -4.6 -0.5 24.2 5.5 -3.9
95 Na'Vi -8.0 -2.7 1.6 20.2 1.5 -7.9
98 Fnatic.eu -12.0 -6.7 -2.4 33.8 11.9 2.1
100 Liquid -9.9 -4.5 -8.881784197e-16 29.8 7.9 -1.9
104 PtD.Alpha -8.2 -2.6 2.0 25.8 3.9 -5.9
108 ASF.R5 -6.8 -0.9 3.7 21.8 -0.1 -9.9
110 Empire -5.4 0.7 5.3 17.8 -4.1 -13.9
112 eN.Legs -4.5 2.2 6.8 13.8 -8.1 -17.9
113 Fnatic.eu -2.9 3.9 9.1 9.8 -12.1 -21.9
117 VP -1.6 5.4 10.8 5.8 -16.1 -25.9
118 mouz -5.6 1.4 6.8 19.2 -4.3 -16.5
119 Fnatic.eu -4.3 3.1 8.7 15.2 -8.3 -20.5
121 eN.Legs -2.8 4.9 11.0 11.2 -12.3 -24.5
123 eLPride -1.6 6.4 12.7 7.2 -16.3 -28.5
124 VP -0.6 7.7 14.2 3.2 -20.3 -32.5
128 ASF.R5 -4.6 3.7 10.2 13.1 -11.7 -25.1
130 Alliance -8.6 -0.3 6.2 22.8 -3.6 -17.4
132 Alliance -12.6 -4.3 2.2 31.4 3.1 -10.9
135 Fnatic.eu -11.3 -2.8 3.9 27.4 -0.9 -14.9
136 Alliance -10.4 -1.7 5.2 23.4 -4.9 -18.9
138 TCM -14.4 -5.7 1.2 36.0 6.4 -9.3
143 Na'Vi -13.3 -4.3 2.8 32.0 2.4 -13.3
151 EG -17.3 -8.3 -1.2 41.5 10.7 -5.3
153 Liquid -21.3 -12.3 -5.2 48.3 18.2 2.3
159 VP -25.3 -16.3 -9.2 56.3 25.3 8.3
162 rox.KIS -23.4 -14.4 -7.2 52.3 21.3 4.3
164 Dignitas -22.2 -12.9 -5.5 48.3 17.3 0.3
165 eN.Legs -20.4 -11.0 -3.2 44.3 13.3 -3.7
166 Fnatic.eu -18.4 -8.9 -0.9 40.3 9.3 -7.7
167 LGD.int -17.5 -7.9 0.4 36.3 5.3 -11.7
171 LGD.int -16.6 -6.9 1.6 32.3 1.3 -15.7
172 Liquid -15.0 -5.3 3.3 28.3 -2.7 -19.7
173 VP -13.0 -3.0 5.8 24.3 -6.7 -23.7
175 Na'Vi -12.0 -1.8 7.4 20.3 -10.7 -27.7
177 QPandas -16.0 -5.8 3.4 33.6 0.4 -18.3
179 Liquid -20.0 -9.8 -0.6 43.4 9.2 -10.2
180 Empire -24.0 -13.8 -4.6 55.7 18.8 -1.9
181 iCCup -28.0 -17.8 -8.6 71.3 30.1 8.0
185 LGD.int -26.7 -16.3 -6.9 67.3 26.1 4.0
186 Alliance -25.0 -14.4 -4.9 63.3 22.1 -3.5527136788e-15
194 Alliance -23.3 -12.5 -2.9 59.3 18.1 -4.0
196 Orange -27.3 -16.5 -6.9 68.5 26.7 4.1
198 iG -26.0 -14.9 -5.0 64.5 22.7 0.1
206 LGD.cn -24.2 -13.1 -3.1 60.5 18.7 -3.9
207 Alliance -22.4 -11.1 -0.8 56.5 14.7 -7.9
208 iG -21.4 -9.8 0.8 52.5 10.7 -11.9
209 Liquid -19.8 -7.9 3.0 48.5 6.7 -15.9
213 DK -23.8 -11.9 -1.0 57.4 15.6 -7.4
216 Liquid -27.8 -15.9 -5.0 64.8 22.4 -0.7
218 Fnatic.eu -25.6 -13.8 -2.8 60.8 18.4 -4.7
219 Dignitas -23.9 -12.0 -0.8 56.8 14.4 -8.7
220 Fnatic.eu -22.2 -10.2 1.2 52.8 10.4 -12.7
221 Alliance -20.6 -8.4 3.2 48.8 6.4 -16.7
224 mouz -24.6 -12.4 -0.8 58.1 15.5 -8.5
226 Alliance -23.8 -11.3 0.6 54.1 11.5 -12.5
227 Kaipi -27.8 -15.3 -3.4 63.2 19.7 -5.4
229 Liquid -31.8 -19.3 -7.4 73.4 28.5 2.5
231 Na'Vi -30.3 -17.7 -5.6 69.4 24.5 -1.5
233 mouz -28.7 -16.0 -3.7 65.4 20.5 -5.5
234 rox.KIS -27.2 -14.3 -1.9 61.4 16.5 -9.5
235 aL -26.1 -13.0 -0.4 57.4 12.5 -13.5
236 mouz -30.1 -17.0 -4.4 73.1 24.9 -3.4
237 Na'Vi -28.4 -15.2 -2.5 69.1 20.9 -7.4
239 Na'Vi -27.0 -13.6 -0.7 65.1 16.9 -11.4
240 Na'Vi -26.1 -12.5 0.6 61.1 12.9 -15.4
242 EG -30.1 -16.5 -3.4 69.5 21.0 -7.7
244 Alliance -28.2 -14.3 -0.7 65.5 17.0 -11.7
246 Na'Vi -27.2 -13.3 0.6 61.5 13.0 -15.7
248 Liquid -25.6 -11.6 2.4 57.5 9.0 -19.7
250 Alliance -29.6 -15.6 -1.6 64.7 16.3 -13.0
251 Alliance -28.1 -13.9 0.2 60.7 12.3 -17.0
253 Liquid -32.1 -17.9 -3.8 77.4 26.1 -5.6
254 EG -36.1 -21.9 -7.8 85.2 33.4 0.9
255 Na'Vi -34.4 -20.0 -5.6 81.2 29.4 -3.1
256 Alliance -32.8 -18.1 -3.6 77.2 25.4 -7.1
258 Alliance -31.3 -16.4 -1.7 73.2 21.4 -11.1
260 Alliance -29.7 -14.6 0.2 69.2 17.4 -15.1
268 Na'Vi -28.7 -13.4 1.7 65.2 13.4 -19.1
270 Liquid -27.2 -11.7 3.6 61.2 9.4 -23.1
271 Na'Vi -26.1 -10.3 5.2 57.2 5.4 -27.1
273 mouz -24.7 -8.9 6.8 53.2 1.4 -31.1
274 Liquid -23.3 -7.2 8.7 49.2 -2.6 -35.1
275 EG -27.3 -11.2 4.7 68.5 14.3 -20.9
276 Alliance -26.3 -10.0 6.0 64.5 10.3 -24.9
277 Na'Vi -24.6 -8.0 8.4 60.5 6.3 -28.9
279 Dignitas -23.2 -6.3 10.4 56.5 2.3 -32.9
280 Zenith -22.1 -5.0 12.0 52.5 -1.7 -36.9
281 EG -26.1 -9.0 8.0 60.6 5.3 -30.7
282 Alliance -25.2 -7.9 9.4 56.6 1.3 -34.7
283 VG -29.2 -11.9 5.4 71.7 13.9 -24.6
286 Dignitas -27.7 -10.3 7.1 67.7 9.9 -28.6
289 Dignitas -25.8 -8.0 9.5 63.7 5.9 -32.6
291 Alliance -24.4 -6.4 11.4 59.7 1.9 -36.6
292 rox.KIS -28.4 -10.4 7.4 68.1 9.3 -29.8
293 aL -32.4 -14.4 3.4 82.0 22.1 -18.8
294 Alliance -31.4 -13.2 4.9 78.0 18.1 -22.8
297 rox.KIS -29.9 -11.4 6.9 74.0 14.1 -26.8
298 Zenith -28.0 -9.4 9.1 70.0 10.1 -30.8
299 rox.KIS -26.0 -7.3 11.3 66.0 6.1 -34.8
300 mouz -24.8 -5.9 13.0 62.0 2.1 -38.8
301 EG -23.7 -4.5 14.6 58.0 -1.9 -42.8
302 EG -21.8 -2.3 17.1 54.0 -5.9 -46.8
304 VG -21.0 -1.4 18.3 50.0 -9.9 -50.8
305 mouz -19.0 0.8 20.7 46.0 -13.9 -54.8
306 LGD.cn -18.2 1.7 21.8 42.0 -17.9 -58.8
310 iG -17.3 2.9 23.4 38.0 -21.9 -62.8
314 VP -15.9 4.5 25.2 34.0 -25.9 -66.8
315 Liquid -14.2 6.3 27.1 30.0 -29.9 -70.8
316 LGD.cn -13.6 7.1 28.2 26.0 -33.9 -74.8
317 FD -17.6 3.1 24.2 38.8 -23.9 -66.3
319 Na'Vi -16.5 4.3 25.6 34.8 -27.9 -70.3
321 mouz -15.6 5.3 26.9 30.8 -31.9 -74.3
322 RS -14.1 7.1 29.0 26.8 -35.9 -78.3
324 QPandas -18.1 3.1 25.0 40.3 -24.4 -68.7
326 PR -22.1 -0.9 21.0 50.4 -15.0 -60.1
327 rox.KIS -26.1 -4.9 17.0 60.4 -6.3 -52.2
330 TongFu -30.1 -8.9 13.0 80.0 9.4 -41.0
331 EG -34.1 -12.9 9.0 88.7 17.6 -33.4
333 VG -32.7 -11.2 11.0 84.7 13.6 -37.4
334 VP -31.3 -9.4 13.1 80.7 9.6 -41.4
337 TongFu -30.4 -8.2 14.7 76.7 5.6 -45.4
338 Na'Vi -29.5 -7.1 16.1 72.7 1.6 -49.4
340 mouz -28.7 -6.2 17.2 68.7 -2.4 -53.4
344 LGD.cn -32.7 -10.2 13.2 79.3 7.4 -44.7
345 LGD.cn -30.9 -8.4 15.1 75.3 3.4 -48.7
346 Alliance -29.8 -7.2 16.5 71.3 -0.6 -52.7
348 Na'Vi -28.4 -5.5 18.3 67.3 -4.6 -56.7
351 Alliance -26.4 -3.3 20.6 63.3 -8.6 -60.7
352 LGD.cn -25.3 -2.0 22.1 59.3 -12.6 -64.7
353 iG -23.6 -0.1 24.2 55.3 -16.6 -68.7
355 DK -27.6 -4.1 20.2 64.2 -6.9 -59.6
356 Liquid -31.6 -8.1 16.2 78.3 5.0 -49.8
357 LGD.cn -29.9 -6.3 18.1 74.3 1.0 -53.8
358 Alliance -27.9 -4.2 20.3 70.3 -3.0 -57.8
360 mouz -26.1 -2.3 22.5 66.3 -7.0 -61.8
362 LGD.cn -24.7 -1.0 24.0 62.3 -11.0 -65.8
363 Alliance -22.6 1.1 26.1 58.3 -15.0 -69.8
364 Zenith -21.5 2.4 27.6 54.3 -19.0 -73.8
365 rox.KIS -25.5 -1.6 23.6 62.6 -11.7 -67.5
366 Dignitas -29.5 -5.6 19.6 71.3 -2.8 -59.4
368 mouz -28.1 -4.0 21.5 67.3 -6.8 -63.4
369 iCCup -32.1 -8.0 17.5 78.2 3.6 -53.8
372 Quantic -36.1 -12.0 13.5 86.7 11.5 -47.0
373 Na'Vi -35.3 -11.1 14.5 82.7 7.5 -51.0
375 VG -33.6 -9.1 16.6 78.7 3.5 -55.0
376 LGD.cn -32.8 -8.1 17.8 74.7 -0.5 -59.0
377 LGD.cn -31.6 -7.0 19.1 70.7 -4.5 -63.0
378 VP -30.1 -5.4 20.9 66.7 -8.5 -67.0
379 Na'Vi -29.2 -4.3 22.2 62.7 -12.5 -71.0
382 Fnatic.eu -33.2 -8.3 18.2 71.1 -5.4 -64.6
383 RS -37.2 -12.3 14.2 80.4 3.8 -55.9
384 Alliance -36.2 -11.0 15.8 76.4 -0.2 -59.9
387 LGD.cn -35.0 -9.6 17.4 72.4 -4.2 -63.9
388 Dignitas -34.0 -8.4 19.2 68.4 -8.2 -67.9
389 iG -33.1 -7.4 20.5 64.4 -12.2 -71.9
390 Na'Vi -31.7 -5.8 22.3 60.4 -16.2 -75.9
392 Alliance -30.6 -4.5 23.8 56.4 -20.2 -79.9
393 Kaipi -34.6 -8.5 19.8 65.6 -10.3 -71.4
396 Liquid -34.0 -7.8 20.8 61.6 -14.3 -75.4
398 Alliance -33.3 -7.0 21.8 57.6 -18.3 -79.4
399 VP -37.3 -11.0 17.8 66.0 -10.3 -71.7
403 RStars -41.3 -15.0 13.8 77.4 0.3 -62.7
404 MiTH -39.6 -13.1 15.9 73.4 -3.7 -66.7
408 TM -37.9 -11.2 18.1 69.4 -7.7 -70.7
409 Orange -36.8 -9.8 19.8 65.4 -11.7 -74.7
410 Alliance -36.1 -8.9 20.9 61.4 -15.7 -78.7
412 mouz -34.2 -6.8 23.2 57.4 -19.7 -82.7
414 Alliance -33.3 -5.7 24.6 53.4 -23.7 -86.7
416 4FC -37.3 -9.7 20.6 71.9 -7.2 -72.8
417 mouz -41.3 -13.7 16.6 85.8 4.7 -62.8
418 VP -39.5 -11.9 18.7 81.8 0.7 -66.8
421 Na'Vi -38.0 -10.3 20.5 77.8 -3.3 -70.8
424 Kaipi -42.0 -14.3 16.5 88.6 7.5 -61.0
425 mouz -40.1 -12.2 18.8 84.6 3.5 -65.0
427 rox.KIS -38.8 -10.8 20.4 80.6 -0.5 -69.0
428 Kaipi -37.2 -8.8 22.8 76.6 -4.5 -73.0
430 rox.KIS -36.0 -7.5 24.2 72.6 -8.5 -77.0
431 Quantic -35.0 -6.2 25.8 68.6 -12.5 -81.0
432 Kaipi -33.4 -4.8 27.4 64.6 -16.5 -85.0
433 DK -32.2 -3.4 29.1 60.6 -20.5 -89.0
437 Quantic -31.2 -2.4 30.4 56.6 -24.5 -93.0
438 Na'Vi -29.2 -0.5 32.4 52.6 -28.5 -97.0
439 Artyk -28.3 0.5 33.9 48.6 -32.5 -101.0
441 Na'Vi -27.4 1.5 35.1 44.6 -36.5 -105.0
442 Kaipi -25.3 3.4 37.1 40.6 -40.5 -109.0
443 Kaipi -29.3 -0.6 33.1 53.3 -27.1 -97.1
444 Artyk -33.3 -4.6 29.1 64.2 -16.9 -87.8
445 TM -32.2 -3.2 30.7 60.2 -20.9 -91.8
446 Orange -31.3 -2.2 31.9 56.2 -24.9 -95.8
447 DK -30.1 -0.9 33.5 52.2 -28.9 -99.8
448 VP -34.1 -4.9 29.5 63.3 -19.2 -91.4
449 VP -32.6 -3.0 31.7 59.3 -23.2 -95.4
451 Kaipi -31.7 -2.0 32.9 55.3 -27.2 -99.4
452 EG -30.1 -0.2 34.9 51.3 -31.2 -103.4
453 Fnatic.eu -34.1 -4.2 30.9 64.4 -20.0 -94.4
457 Alliance -32.3 -2.2 33.0 60.4 -24.0 -98.4
459 Alliance -30.7 -0.4 35.0 56.4 -28.0 -102.4
461 Alliance -29.9 0.5 36.2 52.4 -32.0 -106.4
464 Fnatic.eu -28.4 2.0 37.8 48.4 -36.0 -110.4
465 Alliance -27.0 3.4 39.4 44.4 -40.0 -114.4
466 iCCup -25.1 5.4 41.7 40.4 -44.0 -118.4
467 Na'Vi -23.3 7.5 44.0 36.4 -48.0 -122.4
468 Quantic -21.8 9.0 45.7 32.4 -52.0 -126.4
469 Alliance -20.2 10.6 47.5 28.4 -56.0 -130.4
471 4FC -24.2 6.6 43.5 41.6 -43.3 -119.5
475 Na'Vi -23.2 7.6 44.7 37.6 -47.3 -123.5
476 Na'Vi -21.7 9.2 46.5 33.6 -51.3 -127.5
479 4FC -20.6 10.4 48.0 29.6 -55.3 -131.5
480 Orange -19.6 11.6 49.5 25.6 -59.3 -135.5
481 TM -18.3 13.3 51.5 21.6 -63.3 -139.5
482 Smeagol -16.5 15.6 53.9 17.6 -67.3 -143.5
483 paiN -20.5 11.6 49.9 26.2 -58.8 -136.4
484 Empire -24.5 7.6 45.9 42.9 -43.6 -124.5
486 Na'Vi -23.3 8.8 47.2 38.9 -47.6 -128.5
488 Fnatic.eu -27.3 4.8 43.2 56.6 -32.8 -116.9
489 LGD.int -25.7 6.4 45.1 52.6 -36.8 -120.9
491 TM -24.4 8.1 47.0 48.6 -40.8 -124.9
492 iCCup -23.1 9.7 48.8 44.6 -44.8 -128.9
493 iCCup -22.1 10.9 50.2 40.6 -48.8 -132.9
494 zRage -26.1 6.9 46.2 61.1 -30.6 -117.2
495 Artyk -24.9 8.5 48.2 57.1 -34.6 -121.2
498 mouz -23.7 9.8 49.8 53.1 -38.6 -125.2
499 Liquid -22.5 11.2 51.2 49.1 -42.6 -129.2
502 VP -21.8 12.0 52.2 45.1 -46.6 -133.2
503 Dignitas -21.0 13.0 53.5 41.1 -50.6 -137.2
504 VP -19.3 14.8 55.6 37.1 -54.6 -141.2
505 Na'Vi -18.8 15.4 56.4 33.1 -58.6 -145.2
506 EG -18.0 16.3 57.6 29.1 -62.6 -149.2
507 Na'Vi -17.1 17.3 58.9 25.1 -66.6 -153.2
508 Na'Vi -16.6 17.9 59.6 21.1 -70.6 -157.2
512 Quantic -20.6 13.9 55.6 38.8 -55.4 -143.3
513 EG -24.6 9.9 51.6 52.1 -44.0 -133.1
514 Dignitas -28.6 5.9 47.6 74.0 -25.4 -117.1
515 Alliance -27.1 7.8 49.8 70.0 -29.4 -121.1
517 Alliance -25.6 9.6 51.9 66.0 -33.4 -125.1
520 Quantic -24.5 10.9 53.5 62.0 -37.4 -129.1
521 LGD.int -28.5 6.9 49.5 71.9 -29.1 -121.7
522 Na'Vi -27.3 8.3 51.1 67.9 -33.1 -125.7
523 Na'Vi -25.6 10.1 53.1 63.9 -37.1 -129.7
524 Na'Vi -24.3 11.5 54.7 59.9 -41.1 -133.7
525 LGD.cn -22.4 13.5 57.0 55.9 -45.1 -137.7
527 Na'Vi -21.4 14.6 58.4 51.9 -49.1 -141.7
528 Liquid -20.5 15.7 59.7 47.9 -53.1 -145.7
529 EG -19.8 16.5 60.6 43.9 -57.1 -149.7
531 Na'Vi -18.9 17.5 61.8 39.9 -61.1 -153.7
532 Empire -17.9 18.5 63.0 35.9 -65.1 -157.7
533 rox.KIS -16.8 19.5 64.0 31.9 -69.1 -161.7
536 Liquid -16.1 20.3 65.0 27.9 -73.1 -165.7
537 Liquid -15.5 21.0 65.9 23.9 -77.1 -169.7
538 Alliance -14.7 21.8 66.9 19.9 -81.1 -173.7
541 VP -13.7 23.1 68.3 15.9 -85.1 -177.7
542 Alliance -12.2 24.7 70.1 11.9 -89.1 -181.7
544 EG -16.2 20.7 66.1 22.1 -79.4 -172.6
545 Alliance -14.7 22.6 68.3 18.1 -83.4 -176.6
546 Orange -12.2 24.7 70.4 14.1 -87.4 -180.6
547 iG -10.3 26.5 72.3 10.1 -91.4 -184.6
549 Fnatic.eu -14.3 22.5 68.3 22.6 -80.4 -175.3
550 Kaipi -18.3 18.5 64.3 32.8 -69.9 -165.6
551 Kaipi -22.3 14.5 60.3 42.9 -59.0 -154.9
553 TongFu -26.3 10.5 56.3 58.7 -44.1 -142.1
557 Liquid -30.3 6.5 52.3 69.2 -35.1 -134.0
558 rox.KIS -28.6 8.3 54.3 65.2 -39.1 -138.0
562 TongFu -26.9 10.1 56.2 61.2 -43.1 -142.0
571 DK -30.9 6.1 52.2 68.6 -36.0 -135.2
573 VP -34.9 2.1 48.2 81.0 -25.8 -126.5
574 Fnatic.eu -38.9 -1.9 44.2 92.9 -15.4 -117.7
576 iCCup -42.9 -5.9 40.2 105.3 -5.5 -109.2
577 rox.KIS -40.9 -3.8 42.7 101.3 -9.5 -113.2
580 VP -39.9 -2.6 44.1 97.3 -13.5 -117.2
585 VP -38.4 -0.8 46.0 93.3 -17.5 -121.2
587 Alliance -37.0 0.5 47.4 89.3 -21.5 -125.2
588 Zenith -41.0 -3.5 43.4 96.7 -13.9 -118.3
589 Alliance -39.0 -1.4 45.8 92.7 -17.9 -122.3
590 Na'Vi -37.1 0.4 47.7 88.7 -21.9 -126.3
592 Fnatic.eu -35.3 2.4 49.8 84.7 -25.9 -130.3
595 Alliance -33.7 4.1 51.7 80.7 -29.9 -134.3
597 Alliance -31.9 6.0 53.7 76.7 -33.9 -138.3
598 LGD.cn -30.4 7.7 55.6 72.7 -37.9 -142.3
600 mouz -34.4 3.7 51.6 85.1 -26.1 -131.8
602 Alliance -32.8 5.5 53.5 81.1 -30.1 -135.8
604 Orange -31.7 6.7 55.0 77.1 -34.1 -139.8
605 LGD.int -29.9 8.4 56.9 73.1 -38.1 -143.8
607 Kaipi -33.9 4.4 52.9 82.0 -29.5 -136.2
608 Alliance -32.6 5.9 54.6 78.0 -33.5 -140.2
615 Orange -31.3 7.3 56.2 74.0 -37.5 -144.2
616 TongFu -29.5 9.5 58.8 70.0 -41.5 -148.2
617 VP -28.1 11.1 60.6 66.0 -45.5 -152.2
618 Alliance -26.9 12.5 62.2 62.0 -49.5 -156.2
621 iCCup -30.9 8.5 58.2 75.6 -36.4 -145.7
622 Fnatic.eu -28.6 10.6 60.3 71.6 -40.4 -149.7
623 Alliance -27.0 12.4 62.3 67.6 -44.4 -153.7
624 Liquid -25.5 14.1 64.2 63.6 -48.4 -157.7
626 iCCup -29.5 10.1 60.2 74.4 -38.9 -149.5
627 EG -27.7 11.8 62.1 70.4 -42.9 -153.5
628 EG -26.8 12.8 63.3 66.4 -46.9 -157.5
629 LGD.cn -30.8 8.8 59.3 73.3 -39.6 -150.7
630 iG -28.8 10.9 61.6 69.3 -43.6 -154.7
631 Alliance -27.9 12.1 63.1 65.3 -47.6 -158.7
632 mouz -26.4 13.8 65.0 61.3 -51.6 -162.7
635 Dignitas -25.0 15.3 66.8 57.3 -55.6 -166.7
636 EG -24.3 16.2 67.9 53.3 -59.6 -170.7
642 Alliance -23.3 17.4 69.4 49.3 -63.6 -174.7
643 iG -21.0 19.5 71.7 45.3 -67.6 -178.7
644 rox.KIS -25.0 15.5 67.7 56.1 -57.5 -169.9
645 VP -29.0 11.5 63.7 64.6 -49.2 -162.4
646 Fnatic.eu -26.6 13.6 65.9 60.6 -53.2 -166.4
648 VP -24.9 15.7 68.3 56.6 -57.2 -170.4
651 Denial -28.9 11.7 64.3 74.6 -41.8 -158.4
653 VG -32.9 7.7 60.3 89.6 -28.7 -147.6
656 Na'Vi -31.8 8.9 61.8 85.6 -32.7 -151.6
657 mouz -30.2 10.8 63.9 81.6 -36.7 -155.6
658 mouz -34.2 6.8 59.9 93.1 -26.6 -145.8
659 Na'Vi -32.6 8.4 61.6 89.1 -30.6 -149.8
660 RS -36.6 4.4 57.6 101.6 -19.3 -140.2
662 DK -34.9 6.3 59.8 97.6 -23.3 -144.2
664 RStars -38.9 2.3 55.8 113.7 -9.9 -133.0
667 DK -37.1 4.2 58.0 109.7 -13.9 -137.0
668 mouz -36.3 5.2 59.3 105.7 -17.9 -141.0
670 EG -35.3 6.3 60.7 101.7 -21.9 -145.0
671 Fnatic.eu -34.4 7.3 61.9 97.7 -25.9 -149.0
672 Orange -32.8 9.0 63.8 93.7 -29.9 -153.0
674 mouz -32.1 9.9 64.9 89.7 -33.9 -157.0
676 LGD.cn -30.3 11.8 67.1 85.7 -37.9 -161.0
677 mouz -28.3 13.8 69.1 81.7 -41.9 -165.0
678 Kaipi -32.3 9.8 65.1 100.4 -25.4 -151.4
679 Fnatic.eu -36.3 5.8 61.1 110.1 -16.8 -143.6
686 VP -34.5 7.7 63.2 106.1 -20.8 -147.6
688 VP -32.5 9.8 65.6 102.1 -24.8 -151.6
692 Na'Vi -30.9 11.4 67.4 98.1 -28.8 -155.6
693 Alliance -29.3 13.1 69.3 94.1 -32.8 -159.6
695 Alliance -27.3 15.3 71.7 90.1 -36.8 -163.6
696 Fnatic.eu -25.7 16.9 73.5 86.1 -40.8 -167.6
697 Kaipi -24.1 18.5 75.3 82.1 -44.8 -171.6
699 Alliance -23.0 19.8 76.8 78.1 -48.8 -175.6
700 Orange -21.6 21.2 78.5 74.1 -52.8 -179.6
702 Na'Vi -20.7 22.2 79.7 70.1 -56.8 -183.6
703 mouz -19.8 23.2 81.0 66.1 -60.8 -187.6
704 EG -23.8 19.2 77.0 74.1 -53.8 -181.3
707 Orange -21.9 21.1 79.1 70.1 -57.8 -185.3
708 iCCup -25.9 17.1 75.1 80.0 -48.9 -177.3
712 Na'Vi -25.0 18.2 76.4 76.0 -52.9 -181.3
713 MiTH -23.3 20.1 78.6 72.0 -56.9 -185.3
715 mouz -21.8 21.8 80.5 68.0 -60.9 -189.3
718 Dreamz -20.7 23.0 82.0 64.0 -64.9 -193.3
719 Mski -18.6 24.8 83.9 60.0 -68.9 -197.3
720 MiTH -16.8 26.6 85.9 56.0 -72.9 -201.3
721 Mski -20.8 22.6 81.9 65.4 -62.8 -192.1
722 iCCup -18.9 24.6 84.2 61.4 -66.8 -196.1
723 Kaipi -18.0 25.6 85.4 57.4 -70.8 -200.1
725 Romania -16.3 27.6 87.7 53.4 -74.8 -204.1
727 Fnatic.eu -20.3 23.6 83.7 70.2 -60.3 -192.6
729 DK -19.3 25.1 85.5 66.2 -64.3 -196.6
730 LGD.cn -18.5 26.1 86.6 62.2 -68.3 -200.6
731 iG -16.9 28.0 88.7 58.2 -72.3 -204.6
732 Alliance -15.8 29.3 90.3 54.2 -76.3 -208.6
741 TongFu -14.3 31.1 92.8 50.2 -80.3 -212.6
745 Dignitas -18.3 27.1 88.8 71.7 -65.8 -200.9
746 DK -17.6 28.0 89.8 67.7 -69.8 -204.9
748 Na'Vi -16.4 29.3 91.4 63.7 -73.8 -208.9
749 Liquid -20.4 25.3 87.4 76.2 -63.8 -199.0
751 Alliance -19.6 26.4 88.8 72.2 -67.8 -203.0
754 Na'Vi -18.9 27.2 89.7 68.2 -71.8 -207.0
757 Alliance -17.3 28.7 91.2 64.2 -75.8 -211.0
758 iG -15.8 30.5 93.0 60.2 -79.8 -215.0
759 Orange -14.2 32.3 95.0 56.2 -83.8 -219.0
761 Fnatic.eu -13.5 33.1 95.9 52.2 -87.8 -223.0
762 Na'Vi -11.4 35.1 98.1 48.2 -91.8 -227.0
766 Alliance -10.5 36.1 99.2 44.2 -95.8 -231.0
767 LGD.int -14.5 32.1 95.2 60.2 -81.9 -219.1
769 mouz -13.6 33.1 96.4 56.2 -85.9 -223.1
770 LGD.cn -12.0 34.8 98.2 52.2 -89.9 -227.1
771 Na'Vi -10.8 36.1 99.6 48.2 -93.9 -231.1
773 Alliance -10.1 36.9 100.5 44.2 -97.9 -235.1
776 Orange -8.8 38.3 102.1 40.2 -101.9 -239.1
778 DK -7.4 40.1 104.1 36.2 -105.9 -243.1
779 Zenith -6.5 41.1 105.3 32.2 -109.9 -247.1
781 Alliance -5.6 42.1 106.4 28.2 -113.9 -251.1
783 TongFu -4.7 43.0 107.4 24.2 -117.9 -255.1
785 LGD.cn -2.7 45.3 109.9 20.2 -121.9 -259.1
786 Na'Vi -1.7 46.4 111.2 16.2 -125.9 -263.1
791 Orange -2.59792187762e-14 48.3 113.2 12.2 -129.9 -267.1
793 Alliance 1.2 49.6 114.8 8.2 -133.9 -271.1
795 Liquid 2.1 50.6 116.0 4.2 -137.9 -275.1
796 Zenith 4.0 52.6 118.3 0.2 -141.9 -279.1
797 Liquid -2.62012633812e-14 48.6 114.3 14.0 -130.5 -269.5
798 iG 1.9 50.6 116.5 10.0 -134.5 -273.5
799 Alliance 3.0 51.8 118.0 6.0 -138.5 -277.5
800 Na'Vi 4.4 53.2 119.5 2.0 -142.5 -281.5
803 Orange 0.4 49.2 115.5 13.9 -132.9 -273.3
807 Na'Vi 2.0 50.9 117.4 9.9 -136.9 -277.3
811 RStars 3.2 52.4 119.2 5.9 -140.9 -281.3
812 Empire 4.2 53.6 120.8 1.9 -144.9 -285.3
813 Empire 5.1 54.5 122.0 -2.1 -148.9 -289.3
814 Kaipi 6.6 56.3 124.1 -6.1 -152.9 -293.3
815 TTD 7.9 57.7 125.8 -10.1 -156.9 -297.3
816 Kaipi 9.2 59.1 127.3 -14.1 -160.9 -301.3
817 Lounge 11.2 61.1 129.6 -18.1 -164.9 -305.3
818 FD 12.4 62.3 131.1 -22.1 -168.9 -309.3
820 4FC 13.1 63.1 132.1 -26.1 -172.9 -313.3
821 4++ 9.1 59.1 128.1 -11.8 -157.7 -301.4
822 MiTH 10.1 60.4 129.6 -15.8 -161.7 -305.4
823 GL.eu 11.5 62.0 131.5 -19.8 -165.7 -309.4
825 WARDGS 13.2 63.7 133.5 -23.8 -169.7 -313.4
826 EVOPLAY 14.9 65.2 135.4 -27.8 -173.7 -317.4
828 EVOPLAY 16.8 67.1 137.5 -31.8 -177.7 -321.4
829 TLP 12.8 63.1 133.5 -17.9 -165.8 -312.0
830 DUZA 8.8 59.1 129.5 -10.2 -158.2 -304.6
831 Awake 10.7 61.0 131.5 -14.2 -162.2 -308.6
832 CDCD 6.7 57.0 127.5 9.0 -143.8 -292.8
833 Menace 2.7 53.0 123.5 21.9 -132.7 -283.8
836 Poseidon 4.5 55.1 125.9 17.9 -136.7 -287.8
838 Kaipi 6.1 56.9 128.2 13.9 -140.7 -291.8
841 VP 7.1 58.0 129.6 9.9 -144.7 -295.8
842 Menace 3.1 54.0 125.6 19.3 -135.7 -287.1
843 Empire 5.0 55.7 127.4 15.3 -139.7 -291.1
844 Kaipi 6.3 57.0 129.0 11.3 -143.7 -295.1
845 DUZA 2.3 53.0 125.0 20.4 -135.2 -287.5
851 VP 3.3 54.2 126.5 16.4 -139.2 -291.5
856 Empire 4.8 55.7 128.2 12.4 -143.2 -295.5
857 Next.kz 6.6 57.5 130.1 8.4 -147.2 -299.5
858 FSid3 8.5 59.5 132.5 4.4 -151.2 -303.5
859 FSid3 4.5 55.5 128.5 14.2 -140.5 -293.7
860 Bambang 0.5 51.5 124.5 21.8 -132.3 -286.3
861 Aspera 2.8 53.5 126.6 17.8 -136.3 -290.3
862 rox.KIS 4.3 54.8 128.1 13.8 -140.3 -294.3
864 Poseidon 5.4 56.1 129.6 9.8 -144.3 -298.3
865 Mski 6.4 57.2 131.0 5.8 -148.3 -302.3
866 Poseidon 7.3 58.1 132.1 1.8 -152.3 -306.3
867 Dreamz 8.4 59.4 133.7 -2.2 -156.3 -310.3
871 Next.kz 9.5 60.6 135.1 -6.2 -160.3 -314.3
872 Aspera 5.5 56.6 131.1 2.5 -152.3 -307.0
873 PR 1.5 52.6 127.1 23.2 -134.7 -292.4
877 Mski 2.5 54.0 128.8 19.2 -138.7 -296.4
878 Lowyat -1.5 50.0 124.8 32.9 -127.3 -286.9
880 Empire -5.5 46.0 120.8 41.8 -118.6 -279.0
881 Quantic -9.5 42.0 116.8 50.4 -111.0 -272.3
883 Kaipi -8.3 43.4 118.4 46.4 -115.0 -276.3
885 Aspera -6.6 45.1 120.3 42.4 -119.0 -280.3
886 Fnatic.eu -5.2 46.6 122.1 38.4 -123.0 -284.3
888 Mski -3.3 48.6 124.4 34.4 -127.0 -288.3
889 Next.kz -2.0 49.9 125.9 30.4 -131.0 -292.3
891 Menace -0.1 51.7 127.9 26.4 -135.0 -296.3
892 Kaipi 1.9 54.0 130.5 22.4 -139.0 -300.3
893 Menace -2.1 50.0 126.5 32.6 -128.9 -291.4
896 Life -6.1 46.0 122.5 40.8 -119.9 -282.5
897 Kaipi -4.5 47.9 124.7 36.8 -123.9 -286.5
898 Mski -2.9 49.6 126.6 32.8 -127.9 -290.5
899 Menace -1.6 50.8 128.0 28.8 -131.9 -294.5
901 Fnatic.eu -0.2 52.1 129.5 24.8 -135.9 -298.5
903 Kaipi 1.0 53.4 131.0 20.8 -139.9 -302.5
905 Dignitas 1.8 54.3 132.1 16.8 -143.9 -306.5
906 Dignitas 2.7 55.3 133.3 12.8 -147.9 -310.5
908 iG 3.4 56.1 134.3 8.8 -151.9 -314.5
909 VG 4.9 58.0 136.6 4.8 -155.9 -318.5
911 4FC 0.9 54.0 132.6 18.1 -142.3 -307.1
915 Fnatic.eu 1.7 55.0 133.8 14.1 -146.3 -311.1
916 Property -2.3 51.0 129.8 26.8 -135.7 -301.8
917 Menace -6.3 47.0 125.8 37.7 -124.8 -292.3
919 LGD.cn -5.0 48.5 127.5 33.7 -128.8 -296.3
920 TongFu -4.4 49.2 128.4 29.7 -132.8 -300.3
921 Alliance -3.4 50.2 129.7 25.7 -136.8 -304.3
922 PR -7.4 46.2 125.7 33.3 -129.9 -297.7
923 DUZA -5.6 48.0 127.8 29.3 -133.9 -301.7
925 Empire -4.3 49.3 129.3 25.3 -137.9 -305.7
926 Empire -2.9 50.9 131.0 21.3 -141.9 -309.7
927 iG -1.4 52.3 132.5 17.3 -145.9 -313.7
931 Alliance -0.5 53.2 133.5 13.3 -149.9 -317.7
937 OguraYui -4.5 49.2 129.5 24.4 -137.3 -306.9
938 Mski -2.7 50.7 131.2 20.4 -141.3 -310.9
941 Alliance -1.8 51.7 132.3 16.4 -145.3 -314.9
944 Imp -5.8 47.7 128.3 27.6 -134.5 -305.0
949 VP -4.5 49.0 129.8 23.6 -138.5 -309.0
950 Kaipi -3.5 50.2 131.3 19.6 -142.5 -313.0
951 Mski -2.5 51.3 132.6 15.6 -146.5 -317.0
953 Kaipi -0.8 53.4 135.1 11.6 -150.5 -321.0
954 Cascade -4.8 49.4 131.1 25.0 -138.9 -311.0
956 Alliance -4.3 49.9 131.8 21.0 -142.9 -315.0
957 Na'Vi -3.5 50.6 132.7 17.0 -146.9 -319.0
958 PR -7.5 46.6 128.7 41.7 -122.9 -298.2
959 Kaipi -6.7 47.6 129.8 37.7 -126.9 -302.2
960 Kaipi -6.0 48.5 131.0 33.7 -130.9 -306.2
963 Na'Vi -4.6 49.9 132.6 29.7 -134.9 -310.2
964 Alliance -3.4 51.2 134.1 25.7 -138.9 -314.2
967 mouz -2.0 52.7 135.8 21.7 -142.9 -318.2
972 Aspera -6.0 48.7 131.8 43.6 -123.9 -302.3
975 Dignitas -5.2 49.7 133.1 39.6 -127.9 -306.3
976 StayFree -3.8 51.4 135.1 35.6 -131.9 -310.3
977 Na'Vi -2.3 53.1 137.1 31.6 -135.9 -314.3
978 rox.KIS -6.3 49.1 133.1 38.7 -127.4 -306.5
981 PR -4.3 51.1 135.3 34.7 -131.4 -310.5
982 Fnatic.eu -3.5 51.9 136.3 30.7 -135.4 -314.5
983 Fnatic.eu -1.7 53.6 138.1 26.7 -139.4 -318.5
985 Inv.kwnku 0.1 55.7 140.5 22.7 -143.4 -322.5
986 Na'Vi 1.1 56.9 141.9 18.7 -147.4 -326.5
987 Fnatic.eu 2.7 58.7 143.9 14.7 -151.4 -330.5
988 4FC -1.3 54.7 139.9 24.3 -141.3 -321.5
990 Kaipi -0.5 55.6 141.0 20.3 -145.3 -325.5
991 Empire -4.5 51.6 137.0 31.2 -135.9 -317.6
992 PBS -8.5 47.6 133.0 41.5 -127.6 -309.8
993 SFEC -12.5 43.6 129.0 50.2 -119.4 -302.5
995 Inv.kwnku -10.8 45.7 131.6 46.2 -123.4 -306.5
997 PR -14.8 41.7 127.6 63.8 -108.6 -294.8
999 Empire -12.9 44.1 130.3 59.8 -112.6 -298.8
1000 Inv.kwnku -11.2 46.0 132.4 55.8 -116.6 -302.8
1001 FD -9.5 48.0 134.9 51.8 -120.6 -306.8
1002 Empire -8.0 49.8 137.1 47.8 -124.6 -310.8
1004 EG -6.4 51.5 139.0 43.8 -128.6 -314.8
1005 Dignitas -10.4 47.5 135.0 55.9 -118.7 -306.4
1008 Menace -14.4 43.5 131.0 68.0 -106.4 -295.5
1009 Kaipi -13.5 44.4 132.1 64.0 -110.4 -299.5
1010 Aspera -17.5 40.4 128.1 71.4 -103.4 -292.9
1012 DK -16.2 41.9 129.9 67.4 -107.4 -296.9
1015 StayFree -14.5 44.3 132.6 63.4 -111.4 -300.9
1017 Na'Vi -13.7 45.2 133.6 59.4 -115.4 -304.9
1018 Alliance -12.9 46.1 134.8 55.4 -119.4 -308.9
1020 Na'Vi -11.2 47.8 136.7 51.4 -123.4 -312.9
1021 Na'Vi -10.0 49.0 138.1 47.4 -127.4 -316.9
1022 LGD.cn -8.9 50.3 139.5 43.4 -131.4 -320.9
1023 VG -6.9 52.5 141.7 39.4 -135.4 -324.9
1024 LGD.cn -4.6 54.5 143.7 35.4 -139.4 -328.9
1025 Dignitas -3.8 55.4 144.9 31.4 -143.4 -332.9
1028 4FC -7.8 51.4 140.9 41.9 -131.9 -322.9
1030 Na'Vi -7.0 52.3 141.9 37.9 -135.9 -326.9
1032 Na'Vi -6.1 53.4 143.2 33.9 -139.9 -330.9
1034 Alliance -5.4 54.2 144.2 29.9 -143.9 -334.9
1035 Alliance -4.7 54.9 145.0 25.9 -147.9 -338.9
1037 VP -8.7 50.9 141.0 37.9 -138.7 -331.0
1039 Ahead.kz -12.7 46.9 137.0 59.2 -116.9 -313.1
1040 PBS -11.3 48.9 139.3 55.2 -120.9 -317.1
1041 Alliance -10.3 50.2 140.8 51.2 -124.9 -321.1
1042 Empire -8.8 51.9 142.7 47.2 -128.9 -325.1
1045 iG -7.9 53.3 144.4 43.2 -132.9 -329.1
1046 Liquid -6.8 54.5 145.8 39.2 -136.9 -333.1
1047 EG -10.8 50.5 141.8 48.1 -128.9 -326.6
1048 MiTH -9.2 52.2 143.8 44.1 -132.9 -330.6
1049 Dreamz -7.3 54.4 146.3 40.1 -136.9 -334.6
1050 Alliance -6.5 55.3 147.4 36.1 -140.9 -338.6
1051 iG -5.7 56.3 148.6 32.1 -144.9 -342.6
1052 DK -4.1 58.2 150.7 28.1 -148.9 -346.6
1055 Alliance -3.5 58.9 151.6 24.1 -152.9 -350.6
1059 TongFu -1.7 60.4 153.2 20.1 -156.9 -354.6
1061 RS.int -0.2 62.2 155.3 16.1 -160.9 -358.6
1062 MiTH 1.5 63.9 157.2 12.1 -164.9 -362.6
1063 Alliance 2.2 64.7 158.1 8.1 -168.9 -366.6
1064 Alliance 3.0 65.6 159.1 4.1 -172.9 -370.6
1065 SSD 4.0 67.1 160.8 0.1 -176.9 -374.6
1067 Hearts 5.5 68.7 162.6 -3.9 -180.9 -378.6
1068 rox.KIS 7.4 70.7 164.9 -7.9 -184.9 -382.6
1069 Poseidon 3.4 66.7 160.9 -1.1 -177.4 -375.1
1070 Quantic -0.6 62.7 156.9 9.2 -168.1 -366.7
1071 Quantic 1.2 64.3 158.7 5.2 -172.1 -370.7
1073 Titan 2.7 65.8 160.3 1.2 -176.1 -374.7
1077 StayFree 3.8 67.3 162.1 -2.8 -180.1 -378.7
1080 SYF 6.3 69.3 164.2 -6.8 -184.1 -382.7
1081 Na'Vi 7.0 70.1 165.2 -10.8 -188.1 -386.7
1082 Fnatic.eu 7.8 71.0 166.2 -14.8 -192.1 -390.7
1083 Titan 8.6 71.9 167.4 -18.8 -196.1 -394.7
1085 FD 9.4 73.0 168.8 -22.8 -200.1 -398.7
1087 UR 11.3 75.0 170.9 -26.8 -204.1 -402.7
1088 FXopen 12.2 76.3 172.4 -30.8 -208.1 -406.7
1089 Imp 12.9 77.3 173.5 -34.8 -212.1 -410.7
1090 MiTH 13.6 78.2 174.6 -38.8 -216.1 -414.7
1091 Na'Vi 14.5 79.2 175.9 -42.8 -220.1 -418.7
1092 ONE.dota 10.5 75.2 171.9 -31.6 -208.5 -408.5
1095 Arcanys 6.5 71.2 167.9 -10.1 -191.2 -395.0
1096 VG 7.5 72.6 169.6 -14.1 -195.2 -399.0
1097 FD 8.2 73.5 170.9 -18.1 -199.2 -403.0
1098 Lowyat 4.2 69.5 166.9 -7.5 -189.0 -394.3
1101 Fnatic.eu 5.2 70.7 168.4 -11.5 -193.0 -398.3
1104 Poseidon 1.2 66.7 164.4 4.5 -178.8 -387.1
1105 Na'Vi 2.0 67.6 165.5 0.5 -182.8 -391.1
1108 eN.Legs 3.5 69.6 167.9 -3.5 -186.8 -395.1
1111 LGD.int 4.5 70.7 169.3 -7.5 -190.8 -399.1
1112 DK 5.0 71.4 170.1 -11.5 -194.8 -403.1
1114 Na'Vi 5.7 72.2 171.1 -15.5 -198.8 -407.1
1117 VG 6.4 73.0 172.1 -19.5 -202.8 -411.1
1118 LGD.cn 6.8 73.6 172.9 -23.5 -206.8 -415.1
1120 Ahead.kz 8.1 75.1 174.7 -27.5 -210.8 -419.1
1122 PR 9.6 76.3 176.0 -31.5 -214.8 -423.1
1123 Na'Vi 10.0 76.9 176.7 -35.5 -218.8 -427.1
1124 bvd.dotA 12.0 78.7 178.5 -39.5 -222.8 -431.1
1125 Empire 13.6 80.3 180.1 -43.5 -226.8 -435.1
1126 Life 9.6 76.3 176.1 -33.1 -212.7 -422.2
1129 iG 10.1 77.0 176.9 -37.1 -216.7 -426.2
1130 TongFu 11.7 78.8 178.9 -41.1 -220.7 -430.2
1131 Na'Vi 12.7 79.8 180.1 -45.1 -224.7 -434.2
1132 Fnatic.eu 13.6 80.9 181.3 -49.1 -228.7 -438.2
1133 MUFC 9.6 76.9 177.3 -38.8 -219.3 -429.7
1135 Empire 10.6 78.0 178.6 -42.8 -223.3 -433.7
1136 Empire 12.0 79.6 180.4 -46.8 -227.3 -437.7
1137 TakeFive 8.0 75.6 176.4 -36.0 -214.2 -426.4
1141 EOT 9.3 77.8 179.0 -40.0 -218.2 -430.4
1143 DK 9.8 78.5 179.9 -44.0 -222.2 -434.4
1144 VG 5.8 74.5 175.9 -29.4 -208.9 -424.0
1146 iG 6.2 75.1 176.6 -33.4 -212.9 -428.0
1147 LGD.cn 7.4 76.5 178.3 -37.4 -216.9 -432.0
1148 HR 9.1 78.7 180.9 -41.4 -220.9 -436.0
1149 Na'Vi 10.0 79.7 182.2 -45.4 -224.9 -440.0
1151 Alliance 10.5 80.4 183.0 -49.4 -228.9 -444.0
1155 Empire 11.6 81.9 184.7 -53.4 -232.9 -448.0
1156 iG 12.7 83.5 186.6 -57.4 -236.9 -452.0
1157 Na'Vi 13.5 84.4 187.6 -61.4 -240.9 -456.0
1159 SAfrica 14.6 85.8 189.4 -65.4 -244.9 -460.0
1161 FD 16.4 87.8 191.4 -69.4 -248.9 -464.0
1164 Titan 12.4 83.8 187.4 -62.5 -240.8 -456.1
1165 Titan 8.4 79.8 183.4 -52.0 -229.4 -446.0
1167 EOT 10.3 81.7 185.6 -56.0 -233.4 -450.0
1168 LGD.cn 12.1 83.5 187.6 -60.0 -237.4 -454.0
1169 DK 12.5 84.1 188.4 -64.0 -241.4 -458.0
1170 VG 14.6 86.2 190.7 -68.0 -245.4 -462.0
1171 Empire 15.4 87.2 191.9 -72.0 -249.4 -466.0
1172 Speed 11.4 83.2 187.9 -53.1 -228.6 -445.9
1173 Empire 13.1 84.9 189.8 -57.1 -232.6 -449.9
1174 Fnatic 14.4 86.2 191.2 -61.1 -236.6 -453.9
1175 TongFu 15.1 87.1 192.4 -65.1 -240.6 -457.9
1176 LGD.cn 11.1 83.1 188.4 -53.4 -231.0 -449.7
1177 TongFu 12.6 84.5 190.0 -57.4 -235.0 -453.7
1178 DK 13.0 85.0 190.7 -61.4 -239.0 -457.7
1179 RStars 9.0 81.0 186.7 -52.3 -230.4 -450.0
1181 Alliance 9.7 81.9 187.8 -56.3 -234.4 -454.0
1183 Speed 11.1 83.2 189.3 -60.3 -238.4 -458.0
1185 Liquid 7.1 79.2 185.3 -39.7 -217.6 -438.7
1188 LGD.int 7.7 80.0 186.2 -43.7 -221.6 -442.7
1189 EG 8.8 81.4 188.0 -47.7 -225.6 -446.7
1190 TongFu 9.6 82.5 189.4 -51.7 -229.6 -450.7
1191 DK 10.0 83.2 190.2 -55.7 -233.6 -454.7
1192 Na'Vi 10.8 84.1 191.5 -59.7 -237.6 -458.7
1194 Dignitas 12.3 85.6 193.2 -63.7 -241.6 -462.7
1195 VG 12.8 86.3 194.0 -67.7 -245.6 -466.7
1196 LGD.cn 13.3 87.0 194.9 -71.7 -249.6 -470.7
1197 CSW 14.7 88.7 196.7 -75.7 -253.6 -474.7
1199 Menace 16.4 90.6 198.9 -79.7 -257.6 -478.7
1200 Liquid 18.0 92.0 200.4 -83.7 -261.6 -482.7
1202 SSD 19.3 93.5 202.2 -87.7 -265.6 -486.7
1203 TongFu 19.7 94.1 202.9 -91.7 -269.6 -490.7
1204 iG 20.4 95.0 203.9 -95.7 -273.6 -494.7
1205 HR 16.4 91.0 199.9 -83.3 -258.5 -481.3
1206 EG 17.9 92.1 201.1 -87.3 -262.5 -485.3
1208 Imp 13.9 88.1 197.1 -78.8 -253.0 -476.3
1210 Liquid 9.9 84.1 193.1 -66.5 -240.5 -465.5
1212 Fnatic.eu 11.8 86.3 195.6 -70.5 -244.5 -469.5
1213 Poseidon 7.8 82.3 191.6 -63.2 -236.4 -461.7
1215 iG 8.2 83.0 192.4 -67.2 -240.4 -465.7
1216 LGD.cn 9.6 84.8 194.6 -71.2 -244.4 -469.7
1217 Speed 5.6 80.8 190.6 -61.2 -235.1 -461.4
1220 Empire 6.9 82.4 192.5 -65.2 -239.1 -465.4
1221 iG 2.9 78.4 188.5 -53.9 -230.2 -458.4
1222 LGD.cn 4.8 80.0 190.2 -57.9 -234.2 -462.4
1223 DK 5.7 81.2 191.7 -61.9 -238.2 -466.4
1227 Empire 7.5 83.4 194.1 -65.9 -242.2 -470.4
1230 Property 3.5 79.4 190.1 -53.2 -231.8 -461.8
1231 TTD -0.5 75.4 186.1 -45.9 -223.1 -453.9
1232 Alliance 0.4 76.3 187.2 -49.9 -227.1 -457.9
1234 VG 2.3 78.5 189.8 -53.9 -231.1 -461.9
1235 TongFu -1.7 74.5 185.8 -36.0 -217.1 -451.2
1237 FSid3 -5.7 70.5 181.8 -25.6 -207.6 -442.8
1238 LGD.cn -5.1 71.4 183.0 -29.6 -211.6 -446.8
1239 RStars -3.7 73.4 185.5 -33.6 -215.6 -450.8
1240 Na'Vi -2.0 75.2 187.5 -37.6 -219.6 -454.8
1242 mouz -0.4 77.2 189.8 -41.6 -223.6 -458.8
1243 Alliance 0.3 78.0 190.9 -45.6 -227.6 -462.8
1245 Speed 1.3 79.3 192.5 -49.6 -231.6 -466.8
1247 iG 1.7 79.9 193.3 -53.6 -235.6 -470.8
1251 UR 3.2 81.8 195.4 -57.6 -239.6 -474.8
1253 LGD.int -0.8 77.8 191.4 -28.9 -219.2 -458.7
1255 Empire 1.2 79.9 193.7 -32.9 -223.2 -462.7
1256 RS 2.1 80.9 195.0 -36.9 -227.2 -466.7
1257 mouz -1.9 76.9 191.0 -25.1 -217.4 -458.3
1262 iG -0.8 78.3 192.6 -29.1 -221.4 -462.3
1263 LGD.cn -0.1 79.2 193.7 -33.1 -225.4 -466.3
1264 DK 0.6 80.0 194.7 -37.1 -229.4 -470.3
1265 Fnatic.eu -3.4 76.0 190.7 -29.0 -221.9 -463.7
1266 Alliance -2.7 76.8 191.7 -33.0 -225.9 -467.7
1267 Na'Vi -1.3 78.4 193.5 -37.0 -229.9 -471.7
1268 Mski -0.2 79.8 195.1 -41.0 -233.9 -475.7
1269 Orange 0.8 80.8 196.4 -45.0 -237.9 -479.7
1273 RS -3.2 76.8 192.4 -32.3 -226.7 -469.6
1274 LGD.cn -1.7 78.3 194.0 -36.3 -230.7 -473.6
1275 FXopen -3.04201108747e-14 80.3 196.1 -40.3 -234.7 -477.6
1276 CSW 1.5 82.0 198.0 -44.3 -238.7 -481.6
1278 Lowyat -2.5 78.0 194.0 -32.1 -223.3 -467.6
1279 Titan -1.4 79.1 195.3 -36.1 -227.3 -471.6
1283 Speed -0.2 80.3 196.5 -40.1 -231.3 -475.6
1284 Alliance 0.6 81.1 197.5 -44.1 -235.3 -479.6
1288 Alliance 2.4 83.0 199.4 -48.1 -239.3 -483.6
1292 SSD -1.6 79.0 195.4 -39.7 -229.9 -474.6
1293 TongFu -0.6 80.1 196.8 -43.7 -233.9 -478.6
1294 VG -4.6 76.1 192.8 -29.9 -220.7 -467.9
1296 mouz -2.9 77.9 194.8 -33.9 -224.7 -471.9
1299 EG -1.8 79.1 196.1 -37.9 -228.7 -475.9
1300 4FC 0.2 81.2 198.5 -41.9 -232.7 -479.9
1301 Hearts 1.5 82.8 200.3 -45.9 -236.7 -483.9
1303 Sigma.int 2.4 84.0 201.8 -49.9 -240.7 -487.9
1305 Empire 3.0 84.8 202.7 -53.9 -244.7 -491.9
1306 FXopen 4.1 86.2 204.3 -57.9 -248.7 -495.9
1307 LGD.int 5.0 87.2 205.5 -61.9 -252.7 -499.9
1308 LGD.cn 5.7 88.0 206.5 -65.9 -256.7 -503.9
1309 4FC 7.9 89.9 208.6 -69.9 -260.7 -507.9
1310 Sigma.int 8.6 90.7 209.6 -73.9 -264.7 -511.9
1312 Arteezy 10.6 92.7 211.8 -77.9 -268.7 -515.9
1314 TongFu 11.0 93.3 212.5 -81.9 -272.7 -519.9
1315 Empire 11.8 94.2 213.5 -85.9 -276.7 -523.9
1316 VG 12.5 95.1 214.6 -89.9 -280.7 -527.9
1317 Na'Vi 13.5 96.2 216.0 -93.9 -284.7 -531.9
1318 QPandas 9.5 92.2 212.0 -80.3 -271.2 -519.0
1319 Empire 11.6 93.8 213.6 -84.3 -275.2 -523.0
1321 Fnatic.eu 12.3 94.5 214.2 -88.3 -279.2 -527.0
1322 DK 12.7 95.0 214.9 -92.3 -283.2 -531.0
1323 VG 13.5 96.0 216.2 -96.3 -287.2 -535.0
1324 VG 9.5 92.0 212.2 -82.1 -272.7 -522.8
1325 Kawai 5.5 88.0 208.2 -70.0 -262.8 -513.5
1326 Dignitas 1.5 84.0 204.2 -57.0 -250.8 -503.4
1327 Speed 2.1 84.7 205.1 -61.0 -254.8 -507.4
1328 Dignitas 3.8 86.4 206.9 -65.0 -258.8 -511.4
1329 Alliance 4.4 87.1 207.7 -69.0 -262.8 -515.4
1330 Na'Vi 6.4 88.9 209.7 -73.0 -266.8 -519.4
1331 Na'Vi 7.6 89.9 210.9 -77.0 -270.8 -523.4
1332 Fnatic.eu 3.6 85.9 206.9 -66.9 -259.1 -513.1
1333 Alliance 4.4 86.7 207.9 -70.9 -263.1 -517.1
1334 iG 5.9 88.5 210.1 -74.9 -267.1 -521.1
1335 LGD.int 7.1 89.9 211.7 -78.9 -271.1 -525.1
1336 TongFu 8.1 90.8 212.7 -82.9 -275.1 -529.1
1338 Liquid 9.5 92.3 214.4 -86.9 -279.1 -533.1
1340 Fnatic.eu 10.4 93.3 215.6 -90.9 -283.1 -537.1
1341 Alliance 10.9 93.9 216.3 -94.9 -287.1 -541.1
1343 Fnatic.eu 6.9 89.9 212.3 -86.9 -278.0 -532.6
1345 Sigma.int 8.1 91.4 214.1 -90.9 -282.0 -536.6
1351 VG 8.5 92.1 214.9 -94.9 -286.0 -540.6
1352 DK 9.1 92.7 215.7 -98.9 -290.0 -544.6
1353 Alliance 10.8 94.4 217.6 -102.9 -294.0 -548.6
1354 VP 6.8 90.4 213.6 -90.0 -281.8 -537.7
1355 Alliance 8.0 91.7 215.2 -94.0 -285.8 -541.7
1356 Alliance 9.3 92.9 216.5 -98.0 -289.8 -545.7
1357 Na'Vi 10.4 93.9 217.6 -102.0 -293.8 -549.7
1359 LGD.cn 10.7 94.4 218.2 -106.0 -297.8 -553.7
1360 iG 11.1 94.9 218.8 -110.0 -301.8 -557.7
1361 Dignitas 11.8 95.7 219.8 -114.0 -305.8 -561.7
1362 Speed 12.2 96.2 220.5 -118.0 -309.8 -565.7
1363 Speed 14.3 98.2 222.9 -122.0 -313.8 -569.7
1364 Na'Vi 16.1 100.1 224.9 -126.0 -317.8 -573.7
1365 Alliance 16.8 100.8 225.7 -130.0 -321.8 -577.7
1366 Alliance 17.2 101.3 226.3 -134.0 -325.8 -581.7
1367 Liquid 18.8 103.2 228.5 -138.0 -329.8 -585.7
1368 Fnatic.eu 20.0 104.4 229.8 -142.0 -333.8 -589.7
1369 Na'Vi 20.7 105.2 230.7 -146.0 -337.8 -593.7
1370 LGD.int 16.7 101.2 226.7 -136.8 -327.4 -584.2
1372 VP 12.7 97.2 222.7 -118.9 -312.2 -571.5
1373 Liquid 14.0 98.5 224.2 -122.9 -316.2 -575.5
1375 Startale 10.0 94.5 220.2 -112.4 -309.6 -570.0
1377 LGD.cn 11.5 96.1 222.0 -116.4 -313.6 -574.0
1379 Fnatic.eu 12.6 97.3 223.4 -120.4 -317.6 -578.0
1380 Liquid 13.7 98.5 224.8 -124.4 -321.6 -582.0
1381 Liquid 9.7 94.5 220.8 -109.5 -307.6 -570.1
1382 Titan 10.5 95.5 222.1 -113.5 -311.6 -574.1
1383 LGD.cn 12.0 97.3 224.1 -117.5 -315.6 -578.1
1384 Empire 12.7 98.1 225.1 -121.5 -319.6 -582.1
1386 StayFree 8.7 94.1 221.1 -111.1 -309.5 -573.1
1388 iG 9.2 94.8 221.9 -115.1 -313.5 -577.1
1389 RStars 9.9 95.8 223.3 -119.1 -317.5 -581.1
1390 Alliance 10.4 96.4 224.0 -123.1 -321.5 -585.1
1391 Fnatic.eu 11.6 97.7 225.6 -127.1 -325.5 -589.1
1396 rox.KIS 7.6 93.7 221.6 -91.9 -297.8 -565.9
1399 EG 3.6 89.7 217.6 -76.9 -282.0 -552.6
1400 VP 5.5 91.9 220.2 -80.9 -286.0 -556.6
1401 Alliance 7.3 93.6 222.1 -84.9 -290.0 -560.6
1402 Liquid 9.4 95.8 224.4 -88.9 -294.0 -564.6
1404 VG 10.3 96.9 225.8 -92.9 -298.0 -568.6
1405 Speed 11.1 98.0 227.2 -96.9 -302.0 -572.6
1406 EG 7.1 94.0 223.2 -88.4 -294.7 -566.5
1408 Liquid 8.8 95.9 225.3 -92.4 -298.7 -570.5
1412 DK 9.2 96.6 226.2 -96.4 -302.7 -574.5
1415 VP 5.2 92.6 222.2 -84.5 -290.0 -563.3
1416 Liquid 7.0 94.4 224.1 -88.5 -294.0 -567.3
1421 Na'Vi 8.5 96.0 226.0 -92.5 -298.0 -571.3
1423 Alliance 9.0 96.6 226.7 -96.5 -302.0 -575.3
1424 DK 9.3 97.0 227.3 -100.5 -306.0 -579.3
1425 VG 10.0 97.8 228.3 -104.5 -310.0 -583.3
1426 Speed 11.4 99.3 230.0 -108.5 -314.0 -587.3
1428 EG 7.4 95.3 226.0 -101.0 -305.6 -579.1
1429 Empire 8.6 96.5 227.4 -105.0 -309.6 -583.1
1430 Na'Vi 9.5 97.5 228.6 -109.0 -313.6 -587.1
1431 DK 9.9 98.0 229.2 -113.0 -317.6 -591.1
1437 Liquid 11.9 100.2 231.6 -117.0 -321.6 -595.1
1438 Liquid 12.6 101.1 232.6 -121.0 -325.6 -599.1
1439 Empire 8.6 97.1 228.6 -107.5 -311.0 -584.6
1441 PR 4.6 93.1 224.6 -99.6 -303.0 -576.8
1442 LGD.int 5.0 93.7 225.3 -103.6 -307.0 -580.8
1443 TongFu 5.7 94.5 226.3 -107.6 -311.0 -584.8
1445 Speed 7.5 96.9 229.0 -111.6 -315.0 -588.8
1447 FD 3.5 92.9 225.0 -103.4 -307.3 -581.6
1449 Titan 5.4 94.6 226.8 -107.4 -311.3 -585.6
1450 Na'Vi 6.3 95.7 228.1 -111.4 -315.3 -589.6
1451 Na'Vi 7.7 97.1 229.5 -115.4 -319.3 -593.6
1456 Liquid 9.2 98.9 231.5 -119.4 -323.3 -597.6
1458 Fnatic.eu 5.2 94.9 227.5 -106.6 -310.9 -586.3
1459 Na'Vi 6.9 96.4 229.2 -110.6 -314.9 -590.3
1460 Alliance 7.8 97.3 230.2 -114.6 -318.9 -594.3
1461 rox.KIS 3.8 93.3 226.2 -105.0 -310.1 -586.2
1462 rox.KIS 5.3 94.8 227.9 -109.0 -314.1 -590.2
1463 Na'Vi 7.4 96.7 229.9 -113.0 -318.1 -594.2
1465 DK 8.9 98.2 231.5 -117.0 -322.1 -598.2
1466 4FC 4.9 94.2 227.5 -104.1 -309.3 -586.4
1468 Alliance 6.7 96.1 229.5 -108.1 -313.3 -590.4
1471 Mts 2.7 92.1 225.5 -99.3 -306.7 -585.0
1473 LGD.cn 3.3 92.9 226.5 -103.3 -310.7 -589.0
1475 TongFu3 5.1 94.6 228.4 -107.3 -314.7 -593.0
1478 Alliance 6.3 95.9 229.8 -111.3 -318.7 -597.0
1479 Liquid 7.0 96.7 230.8 -115.3 -322.7 -601.0
1480 Na'Vi 8.7 98.2 232.4 -119.3 -326.7 -605.0
1481 DK 4.7 94.2 228.4 -110.0 -318.5 -598.3
1482 Fnatic.eu 5.4 95.1 229.6 -114.0 -322.5 -602.3
1483 Sigma.int 1.4 91.1 225.6 -103.0 -310.1 -590.7
1484 DK 3.3 93.3 228.1 -107.0 -314.1 -594.7
1488 Imp 5.1 95.3 230.6 -111.0 -318.1 -598.7
1489 Na'Vi 6.8 97.0 232.5 -115.0 -322.1 -602.7
1490 EG 7.6 98.0 233.6 -119.0 -326.1 -606.7
1492 Alliance 8.9 99.4 235.1 -123.0 -330.1 -610.7
1494 Na'Vi 9.5 100.1 235.9 -127.0 -334.1 -614.7
1495 DK 10.6 101.4 237.4 -131.0 -338.1 -618.7
1496 Sigma.int 12.5 103.7 240.1 -135.0 -342.1 -622.7
1497 Speed 8.5 99.7 236.1 -121.4 -330.2 -611.8
1498 Fnatic.eu 4.5 95.7 232.1 -105.3 -314.7 -597.1
1499 DK 5.3 96.7 233.1 -109.3 -318.7 -601.1
1500 Speed 6.0 97.6 234.3 -113.3 -322.7 -605.1
1501 Liquid 2.0 93.6 230.3 -99.9 -309.6 -593.3
1506 Liquid 3.3 95.0 231.8 -103.9 -313.6 -597.3
1507 DK 5.0 96.7 233.5 -107.9 -317.6 -601.3
1508 Alliance 5.6 97.5 234.3 -111.9 -321.6 -605.3
1510 Na'Vi 7.1 99.1 236.1 -115.9 -325.6 -609.3
1511 Sigma.int 7.6 99.8 236.8 -119.9 -329.6 -613.3
1512 Alliance 8.5 100.8 238.0 -123.9 -333.6 -617.3
1513 DK 8.8 101.3 238.6 -127.9 -337.6 -621.3
1515 Speed 4.8 97.3 234.6 -116.9 -326.8 -611.5
1518 Speed 0.8 93.3 230.6 -107.2 -318.4 -603.9
1521 Next.kz 2.6 95.4 233.1 -111.2 -322.4 -607.9
1523 SSD -1.4 91.4 229.1 -97.8 -309.1 -596.6
1524 Aspera -2.79776202206e-14 93.2 231.1 -101.8 -313.1 -600.6
1527 VP 1.1 94.6 232.7 -105.8 -317.1 -604.6
1528 TongFu 1.8 95.4 233.7 -109.8 -321.1 -608.6
1529 LGD.int 2.4 96.2 234.7 -113.8 -325.1 -612.6
1530 Empire 3.9 97.9 236.6 -117.8 -329.1 -616.6
1531 Aspera 5.3 99.4 238.3 -121.8 -333.1 -620.6
1533 OsG 1.3 95.4 234.3 -108.6 -320.6 -610.3
1534 Poseidon 3.2 97.3 236.4 -112.6 -324.6 -614.3
1537 FL -0.8 93.3 232.4 -102.8 -313.4 -604.7
1538 NoX -4.8 89.3 228.4 -95.3 -305.0 -596.9
1544 SSD -3.1 91.2 230.5 -99.3 -309.0 -600.9
1545 LGD.cn -1.6 93.0 232.7 -103.3 -313.0 -604.9
1546 iG -0.4 94.4 234.4 -107.3 -317.0 -608.9
1547 Fnatic.eu -4.4 90.4 230.4 -97.4 -306.8 -599.3
1548 Na'Vi -2.8 92.0 232.2 -101.4 -310.8 -603.3
1549 VG -2.2 92.9 233.4 -105.4 -314.8 -607.3
1550 DK -1.5 93.7 234.4 -109.4 -318.8 -611.3
1553 Fnatic.eu -5.5 89.7 230.4 -100.1 -310.0 -603.7
1554 Alliance -3.6 91.5 232.3 -104.1 -314.0 -607.7
1557 LGD.int -7.6 87.5 228.3 -95.4 -304.5 -599.2
1560 EOT -5.6 89.5 230.5 -99.4 -308.5 -603.2
1562 VG -9.6 85.5 226.5 -92.4 -298.8 -594.1
1568 Next.kz -8.4 87.0 228.2 -96.4 -302.8 -598.1
1572 Fnatic.eu -7.0 88.3 229.6 -100.4 -306.8 -602.1
1573 iG -5.2 90.2 231.9 -104.4 -310.8 -606.1
1574 DK -4.1 91.4 233.2 -108.4 -314.8 -610.1
1576 5inQ -2.6 93.3 235.5 -112.4 -318.8 -614.1
1578 VG -6.6 89.3 231.5 -103.2 -309.9 -605.8
1579 DK -5.5 90.8 233.2 -107.2 -313.9 -609.8
1580 Alliance -4.4 92.1 234.7 -111.2 -317.9 -613.8
1582 PR -3.0 93.4 236.1 -115.2 -321.9 -617.8
1583 Sigma.int -1.6 95.1 238.1 -119.2 -325.9 -621.8
1585 Fnatic.eu -0.7 96.1 239.3 -123.2 -329.9 -625.8
1586 Fnatic.eu -4.7 92.1 235.3 -113.6 -320.5 -616.5
1587 Idol -3.2 93.9 237.6 -117.6 -324.5 -620.5
1589 FD -2.2 95.0 238.9 -121.6 -328.5 -624.5
1590 Orange -1.4 96.0 240.2 -125.6 -332.5 -628.5
1593 FD -0.7 97.0 241.5 -129.6 -336.5 -632.5
1594 FD -4.7 93.0 237.5 -120.8 -326.5 -623.3
1597 Empire -2.9 94.8 239.3 -124.8 -330.5 -627.3
1598 Alliance -2.0 95.8 240.4 -128.8 -334.5 -631.3
1599 OsG -6.0 91.8 236.4 -120.0 -326.7 -624.2
1600 TR -10.0 87.8 232.4 -109.1 -318.3 -617.1
1602 VP -8.3 89.7 234.4 -113.1 -322.3 -621.1
1603 Fnatic.eu -6.8 91.2 235.9 -117.1 -326.3 -625.1
1604 Sigma.int -10.8 87.2 231.9 -106.7 -315.5 -615.0
1607 Idol -9.8 88.6 233.6 -110.7 -319.5 -619.0
1608 VP -13.8 84.6 229.6 -100.8 -310.6 -611.5
1611 Sigma.int -12.8 85.9 231.1 -104.8 -314.6 -615.5
1612 Fnatic.eu -10.9 87.8 233.3 -108.8 -318.6 -619.5
1613 Fnatic.eu -9.5 89.2 234.9 -112.8 -322.6 -623.5
1614 Alliance -8.9 90.0 235.8 -116.8 -326.6 -627.5
1617 Siltherin -6.9 92.3 238.4 -120.8 -330.6 -631.5
1618 FD -5.3 94.0 240.5 -124.8 -334.6 -635.5
1620 VP -3.8 95.4 242.1 -128.8 -338.6 -639.5
1623 SSD -1.9 97.3 244.1 -132.8 -342.6 -643.5
1624 PR -0.3 99.1 246.1 -136.8 -346.6 -647.5
1625 Idol -4.3 95.1 242.1 -127.7 -337.8 -639.8
1626 FD -3.4 96.3 243.5 -131.7 -341.8 -643.8
1627 MVP -1.4 98.0 245.3 -135.7 -345.8 -647.8
1628 Alliance -0.7 98.7 246.2 -139.7 -349.8 -651.8
1629 Fnatic.eu -0.2 99.3 247.0 -143.7 -353.8 -655.8
1631 VG 0.3 100.0 248.0 -147.7 -357.8 -659.8
1634 Alliance 1.0 100.9 249.0 -151.7 -361.8 -663.8
1636 Sigma.int 1.7 101.7 250.1 -155.7 -365.8 -667.8
1637 Na'Vi 3.6 103.5 252.0 -159.7 -369.8 -671.8
1641 RRQ -0.4 99.5 248.0 -150.5 -359.8 -662.2
1642 MiTH 1.3 101.6 250.2 -154.5 -363.8 -666.2
1648 Poseidon -2.7 97.6 246.2 -146.1 -355.4 -658.1
1650 VP -0.8 99.8 248.4 -150.1 -359.4 -662.1
1651 rox.KIS 0.9 101.5 250.3 -154.1 -363.4 -666.1
1652 PR 2.0 102.8 251.8 -158.1 -367.4 -670.1
1653 mouz 3.6 104.4 253.6 -162.1 -371.4 -674.1
1654 MVP.P 4.6 105.8 255.2 -166.1 -375.4 -678.1
1655 RRQ 7.1 107.7 257.1 -170.1 -379.4 -682.1
1656 HR 3.1 103.7 253.1 -161.1 -368.8 -672.3
1657 RRQ 3.8 104.6 254.2 -165.1 -372.8 -676.3
1660 Poseidon -0.2 100.6 250.2 -148.7 -358.2 -664.7
1662 Fnatic.eu 0.6 101.6 251.4 -152.7 -362.2 -668.7
1664 DK 1.3 102.4 252.4 -156.7 -366.2 -672.7
1665 LGD.cn 1.9 103.1 253.4 -160.7 -370.2 -676.7
1667 Fnatic.eu 3.4 104.5 255.0 -164.7 -374.2 -680.7
1668 Duskbin 4.2 105.8 256.6 -168.7 -378.2 -684.7
1669 Neon 0.2 101.8 252.6 -160.0 -370.1 -677.7
1672 MiTH 2.1 103.7 254.7 -164.0 -374.1 -681.7
1674 Empire 3.3 105.0 256.1 -168.0 -378.1 -685.7
1676 TR -0.7 101.0 252.1 -153.8 -366.5 -675.9
1677 Na'Vi 0.5 102.2 253.6 -157.8 -370.5 -679.9
1678 Na'Vi 1.4 103.3 254.8 -161.8 -374.5 -683.9
1679 Speed 3.1 105.0 256.7 -165.8 -378.5 -687.9
1681 Mski 4.0 106.1 258.0 -169.8 -382.5 -691.9
1682 Lowyat 5.2 107.4 259.6 -173.8 -386.5 -695.9
1683 rox.KIS 6.5 109.0 261.5 -177.8 -390.5 -699.9
1684 Alliance 7.9 110.3 262.9 -181.8 -394.5 -703.9
1685 Alliance 8.4 110.9 263.6 -185.8 -398.5 -707.9
1686 Sigma.int 9.6 112.1 265.0 -189.8 -402.5 -711.9
1688 Fnatic.eu 11.0 113.5 266.5 -193.8 -406.5 -715.9
1689 iG 11.5 114.1 267.2 -197.8 -410.5 -719.9
1690 Mski 13.5 115.6 268.7 -201.8 -414.5 -723.9
1697 mouz 9.5 111.6 264.7 -184.9 -394.4 -703.8
1698 Alliance 11.0 112.9 266.1 -188.9 -398.4 -707.8
1699 OsG 7.0 108.9 262.1 -160.5 -372.1 -684.4
1701 TongFu 8.0 109.9 263.2 -164.5 -376.1 -688.4
1705 Next.kz 9.7 111.8 265.4 -168.5 -380.1 -692.4
1706 Sigma.int 10.6 112.6 266.3 -172.5 -384.1 -696.4
1707 mouz 11.8 113.7 267.5 -176.5 -388.1 -700.4
1708 HR 12.9 115.0 269.1 -180.5 -392.1 -704.4
1709 iG 14.3 116.6 271.1 -184.5 -396.1 -708.4
1709 iG 15.7 118.2 273.1 -188.5 -400.1 -712.4
1711 Next.kz 16.5 119.2 274.3 -192.5 -404.1 -716.4
1711 Next.kz 17.2 120.1 275.3 -196.5 -408.1 -720.4
1712 VP 18.9 121.8 277.1 -200.5 -412.1 -724.4
1712 VP 20.8 123.4 278.8 -204.5 -416.1 -728.4
1713 Alliance 22.4 125.0 280.5 -208.5 -420.1 -732.4
1713 Sigma.int 24.2 126.4 282.2 -212.5 -424.1 -736.4
1714 rox.KIS 24.9 127.3 283.2 -216.5 -428.1 -740.4
1714 rox.KIS 25.8 128.2 284.4 -220.5 -432.1 -744.4
1719 HR 27.6 129.7 286.0 -224.5 -436.1 -748.4
1719 HR 29.4 131.2 287.6 -228.5 -440.1 -752.4
1720 Mski 30.3 132.2 288.7 -232.5 -444.1 -756.4
1721 Lowyat 31.4 133.2 290.2 -236.5 -448.1 -760.4
1722 Mski 32.2 134.0 291.2 -240.5 -452.1 -764.4
1723 Mski 33.9 135.6 292.8 -244.5 -456.1 -768.4
1724 LGD.cn 35.5 137.3 294.7 -248.5 -460.1 -772.4
1725 VG 36.6 138.5 296.1 -252.5 -464.1 -776.4
1726 Lowyat 37.6 139.5 297.3 -256.5 -468.1 -780.4
1727 Mski 38.4 140.4 298.2 -260.5 -472.1 -784.4
1728 sQreen 34.4 136.4 294.2 -248.3 -459.6 -773.4
1730 rox.KIS 35.4 137.8 295.7 -252.3 -463.6 -777.4
1731 Empire 31.4 133.8 291.7 -240.1 -450.7 -766.1
1733 PR 27.4 129.8 287.7 -229.2 -440.2 -756.4
1735 Mski 28.2 130.6 288.7 -233.2 -444.2 -760.4
1736 Lowyat 24.2 126.6 284.7 -224.0 -435.2 -752.5
1738 Lowyat 26.3 128.4 286.6 -228.0 -439.2 -756.5
1739 5inQ 22.3 124.4 282.6 -220.2 -431.4 -750.1
1742 Na'Vi 23.8 126.4 284.8 -224.2 -435.4 -754.1
1743 Na'Vi 25.5 128.5 287.2 -228.2 -439.4 -758.1
1744 Sigma.int 26.5 129.8 288.7 -232.2 -443.4 -762.1
1745 Na'Vi 27.2 130.7 289.8 -236.2 -447.4 -766.1
1746 Alliance 27.9 131.5 290.9 -240.2 -451.4 -770.1
1750 Alliance 28.6 132.3 291.9 -244.2 -455.4 -774.1
1751 Na'Vi 29.5 133.3 293.1 -248.2 -459.4 -778.1
1753 Na'Vi 30.8 134.7 294.7 -252.2 -463.4 -782.1
1754 TR 26.8 130.7 290.7 -239.3 -452.0 -772.4
1755 SSD 27.9 132.1 292.4 -243.3 -456.0 -776.4
1756 TongFu 23.9 128.1 288.4 -235.5 -449.1 -770.7
1758 DK 25.5 129.9 290.5 -239.5 -453.1 -774.7
1760 Duskbin 21.5 125.9 286.5 -230.0 -442.5 -764.8
1761 Mski 22.5 127.2 287.9 -234.0 -446.5 -768.8
1762 TR 18.5 123.2 283.9 -224.6 -438.2 -761.6
1763 rox.KIS 19.4 124.2 285.1 -228.6 -442.2 -765.6
1764 Na'Vi 20.5 125.3 286.4 -232.6 -446.2 -769.6
1768 QPandas 16.5 121.3 282.4 -222.2 -436.4 -761.1
1770 5inQ 18.2 123.9 285.4 -226.2 -440.4 -765.1
1771 VG 19.1 125.1 287.0 -230.2 -444.4 -769.1
1773 FD 21.2 126.9 289.0 -234.2 -448.4 -773.1
1774 Idol 22.2 128.4 290.9 -238.2 -452.4 -777.1
1776 Fnatic.eu 23.3 129.6 292.3 -242.2 -456.4 -781.1
1777 PR 24.8 131.2 294.1 -246.2 -460.4 -785.1
1779 Fnatic.eu 26.6 132.7 295.7 -250.2 -464.4 -789.1
1780 Titan 28.0 134.3 297.5 -254.2 -468.4 -793.1
1781 FD 29.7 136.2 299.6 -258.2 -472.4 -797.1
1783 Titan 30.7 137.2 300.9 -262.2 -476.4 -801.1
1784 LGD.cn 32.3 138.8 302.9 -266.2 -480.4 -805.1
1785 Fnatic.eu 33.4 140.0 304.2 -270.2 -484.4 -809.1
1786 Fnatic.eu 34.8 141.4 305.7 -274.2 -488.4 -813.1
1788 Sigma.int 35.4 142.1 306.6 -278.2 -492.4 -817.1
1790 Na'Vi 36.4 143.0 307.6 -282.2 -496.4 -821.1
1791 Revenge 32.4 139.0 303.6 -272.8 -484.9 -809.5
1792 Empire 28.4 135.0 299.6 -264.9 -477.2 -802.6
1793 Fnatic.eu 29.7 136.3 301.1 -268.9 -481.2 -806.6
1795 Empire 31.3 138.1 302.9 -272.9 -485.2 -810.6
1797 TR 27.3 134.1 298.9 -263.5 -475.4 -801.1
1799 VP 23.3 130.1 294.9 -254.8 -468.7 -795.3
1800 Empire 24.9 131.7 296.7 -258.8 -472.7 -799.3
1801 Na'Vi 26.6 133.1 298.3 -262.8 -476.7 -803.3
1802 PR 22.6 129.1 294.3 -249.7 -460.8 -788.5
1803 Sigma.int 23.8 130.5 295.8 -253.7 -464.8 -792.5
1804 DK 24.2 131.1 296.5 -257.7 -468.8 -796.5
1805 VG 24.8 131.8 297.4 -261.7 -472.8 -800.5
1806 DT 26.5 133.4 299.2 -265.7 -476.8 -804.5
1807 LGD.cn 27.0 134.0 300.0 -269.7 -480.8 -808.5
1808 iG 27.4 134.6 300.8 -273.7 -484.8 -812.5
1809 Titan 28.6 135.7 302.1 -277.7 -488.8 -816.5
1811 TongFu 29.5 136.6 303.2 -281.7 -492.8 -820.5
1814 LGD.cn 30.0 137.3 304.1 -285.7 -496.8 -824.5
1815 iG 30.9 138.7 305.8 -289.7 -500.8 -828.5
1817 Mski 32.1 139.9 307.2 -293.7 -504.8 -832.5
1818 FD 34.3 142.0 309.3 -297.7 -508.8 -836.5
1820 Empire 35.2 142.9 310.4 -301.7 -512.8 -840.5
1821 QPandas 31.2 138.9 306.4 -290.9 -501.8 -830.9
1822 Fnatic.eu 31.7 139.5 307.1 -294.9 -505.8 -834.9
1823 SSD 33.4 141.1 308.8 -298.9 -509.8 -838.9
1825 DK 35.0 142.9 310.9 -302.9 -513.8 -842.9
1826 Titan 36.0 143.9 312.0 -306.9 -517.8 -846.9
1827 MVP.P 36.9 145.1 313.4 -310.9 -521.8 -850.9
1828 TongFu 32.9 141.1 309.4 -296.5 -510.6 -841.1
1829 Sigma.int 34.2 142.8 311.4 -300.5 -514.6 -845.1
1830 mouz 36.4 145.0 313.6 -304.5 -518.6 -849.1
1831 rox.KIS 32.4 141.0 309.6 -295.5 -511.1 -842.1
1833 Fnatic.eu 33.9 142.4 311.0 -299.5 -515.1 -846.1
1836 DK 35.3 144.0 312.8 -303.5 -519.1 -850.1
1837 Titan 36.9 145.5 314.5 -307.5 -523.1 -854.1
1839 Sigma.int 32.9 141.5 310.5 -298.7 -514.6 -846.2
1840 PR 28.9 137.5 306.5 -286.5 -503.3 -835.7
1841 SSD 30.7 139.5 308.7 -290.5 -507.3 -839.7
1842 DK 32.0 141.1 310.5 -294.5 -511.3 -843.7
1843 iG 34.0 143.5 313.1 -298.5 -515.3 -847.7
1845 DK 35.9 145.7 314.3 -302.5 -519.3 -851.7
1846 DK 36.8 146.8 314.9 -306.5 -523.3 -855.7
1847 DK 37.6 147.9 316.2 -310.5 -527.3 -859.7
1848 TongFu 39.3 150.0 318.6 -314.5 -531.3 -863.7
1849 PBS 41.0 152.2 321.2 -318.5 -535.3 -867.7
1850 rox.KIS 42.3 153.8 322.0 -322.5 -539.3 -871.7
1851 Alliance 43.0 154.7 322.6 -326.5 -543.3 -875.7
1852 SSD 44.7 156.3 324.3 -330.5 -547.3 -879.7
1853 Alliance 45.7 157.1 325.2 -334.5 -551.3 -883.7
1854 SSD 41.7 153.1 321.2 -327.6 -543.1 -875.9
1857 iG 42.4 154.0 322.3 -331.6 -547.1 -879.9
1858 Empire 44.7 156.7 323.7 -335.6 -551.1 -883.9
1860 Fnatic.eu 45.3 157.5 324.6 -339.6 -555.1 -887.9
1861 Sigma.int 46.3 158.7 326.1 -343.6 -559.1 -891.9
1862 Next.kz 42.3 154.7 322.1 -332.7 -548.5 -882.1
1863 Fnatic.eu 43.5 156.0 323.1 -336.7 -552.5 -886.1
1865 TongFu 44.3 157.0 324.3 -340.7 -556.5 -890.1
1866 Sigma.int 46.2 159.3 325.9 -344.7 -560.5 -894.1
1867 Fnatic.eu 47.1 160.3 326.6 -348.7 -564.5 -898.1
1868 Na'Vi 47.8 161.1 327.1 -352.7 -568.5 -902.1
1869 FSid3 43.8 157.1 323.1 -344.9 -561.0 -895.8
1870 FSid3 39.8 153.1 319.1 -335.2 -549.5 -884.5
1871 Relax 41.5 154.9 321.3 -339.2 -553.5 -888.5
1874 Revenge 42.9 156.5 322.3 -343.2 -557.5 -892.5
1875 iG 44.5 158.2 324.2 -347.2 -561.5 -896.5
1876 GB 46.3 160.1 326.4 -351.2 -565.5 -900.5
1877 FD 47.9 161.8 327.7 -355.2 -569.5 -904.5
1878 Invasion 43.9 157.8 323.7 -343.6 -559.1 -890.6
1879 Orange 44.7 158.7 324.7 -347.6 -563.1 -894.6
1883 iG 40.7 154.7 320.7 -339.2 -555.6 -884.9
1885 Mski 41.9 155.8 321.9 -343.2 -559.6 -888.9
1886 Invasion 43.2 157.2 322.9 -347.2 -563.6 -892.9
1887 Lowyat 44.5 158.6 324.3 -351.2 -567.6 -896.9
1889 Fnatic.eu 40.5 154.6 320.3 -334.0 -554.5 -885.1
1892 nAra 36.5 150.6 316.3 -326.2 -547.7 -876.7
1893 Mski 37.7 152.0 317.0 -330.2 -551.7 -880.7
1894 Spirit 33.7 148.0 313.0 -317.7 -540.2 -864.4
1898 Titan 35.0 149.7 313.8 -321.7 -544.2 -868.4
1899 LGD.cn 37.5 152.3 315.8 -325.7 -548.2 -872.4
1903 Titan 39.5 154.7 317.1 -329.7 -552.2 -876.4
1905 Swage 35.5 150.7 313.1 -322.1 -545.5 -870.4
1906 5inQ 36.6 152.4 315.1 -326.1 -549.5 -874.4
1910 FD 38.5 154.6 316.6 -330.1 -553.5 -878.4
1911 Titan 39.6 155.9 317.6 -334.1 -557.5 -882.4
1912 Orange 41.7 157.9 319.6 -338.1 -561.5 -886.4
1913 rox.KIS 43.1 159.5 320.9 -342.1 -565.5 -890.4
1914 rox.KIS 44.9 161.3 322.9 -346.1 -569.5 -894.4
1916 rox.KIS 46.2 162.7 324.4 -350.1 -573.5 -898.4
1917 Orange 48.2 164.3 326.1 -354.1 -577.5 -902.4
1918 Orange 50.3 166.2 328.0 -358.1 -581.5 -906.4
1920 Mski 46.3 162.2 324.0 -349.8 -575.0 -900.4
1923 VP 47.8 163.9 325.8 -353.8 -579.0 -904.4
1924 Sigma.int 50.1 166.6 327.5 -357.8 -583.0 -908.4
1925 PR 51.8 168.2 328.9 -361.8 -587.0 -912.4
1927 Titan 53.4 170.0 330.1 -365.8 -591.0 -916.4
1928 Zephyr 54.4 171.5 331.9 -369.8 -595.0 -920.4
1929 MVP 55.7 173.0 333.7 -373.8 -599.0 -924.4
1930 Alliance 57.8 175.1 336.1 -377.8 -603.0 -928.4
1931 Swage 53.8 171.1 332.1 -369.8 -595.7 -921.8
1933 Alliance 56.0 173.3 334.5 -373.8 -599.7 -925.8
1934 Sigma.int 52.0 169.3 330.5 -362.8 -588.3 -915.2
1935 EOT.Ham. 48.0 165.3 326.5 -347.3 -578.3 -907.1
1936 Alliance 49.8 167.3 328.2 -351.3 -582.3 -911.1
1937 Na'Vi 51.6 169.3 330.4 -355.3 -586.3 -915.1
1939 Na'Vi 53.3 171.2 331.8 -359.3 -590.3 -919.1
1941 Zephyr 55.4 173.8 333.0 -363.3 -594.3 -923.1
1943 PR 57.3 175.7 335.2 -367.3 -598.3 -927.1
1944 VP 59.2 177.8 336.7 -371.3 -602.3 -931.1
1945 rox.KIS 60.3 179.1 337.5 -375.3 -606.3 -935.1
1948 Empire 61.3 180.2 338.9 -379.3 -610.3 -939.1
1949 EOT.Ham. 57.3 176.2 334.9 -368.4 -601.0 -931.1
1951 Empire 58.5 177.7 335.7 -372.4 -605.0 -935.1
1953 Fnatic.eu 59.5 178.9 336.7 -376.4 -609.0 -939.1
1954 Empire 60.4 179.9 337.9 -380.4 -613.0 -943.1
1956 rox.KIS 62.0 181.3 339.4 -384.4 -617.0 -947.1
1960 Empire 63.7 183.1 341.6 -388.4 -621.0 -951.1
1961 Fnatic.eu 64.5 184.0 342.2 -392.4 -625.0 -955.1
1963 Life 60.5 180.0 338.2 -383.0 -615.4 -948.2
1964 Fnatic.eu 61.6 181.4 339.0 -387.0 -619.4 -952.2
1965 Relax 63.3 183.4 340.6 -391.0 -623.4 -956.2
1967 Liquid 64.7 184.5 341.9 -395.0 -627.4 -960.2
1970 hehe 66.8 186.6 343.8 -399.0 -631.4 -964.2
1971 Relax 62.8 182.6 339.8 -384.3 -618.6 -953.4
1972 PR 58.8 178.6 335.8 -374.3 -610.1 -937.9
1973 Sigma.int 60.0 180.2 336.6 -378.3 -614.1 -941.9
1975 Fnatic.eu 60.7 181.0 337.0 -382.3 -618.1 -945.9
1981 Liquid 61.6 182.2 338.5 -386.3 -622.1 -949.9
1982 Speed 62.6 183.4 339.4 -390.3 -626.1 -953.9
1983 SADBOYS 58.6 179.4 335.4 -383.2 -617.5 -945.3
1984 Empire 59.5 180.4 336.2 -387.2 -621.5 -949.3
1985 SADBOYS 55.5 176.4 332.2 -377.4 -612.8 -939.0
1988 Liquid 51.5 172.4 328.2 -369.9 -606.2 -932.4
1991 PR 53.5 174.5 330.4 -373.9 -610.2 -936.4
1992 Speed 54.4 175.6 331.8 -377.9 -614.2 -940.4
1995 SADBOYS 55.9 177.6 334.3 -381.9 -618.2 -944.4
1996 TR 51.9 173.6 330.3 -373.9 -610.7 -937.5
2001 Speed 52.8 174.9 331.8 -377.9 -614.7 -941.5
2003 Empire 48.8 170.9 327.8 -371.7 -609.3 -933.0
2005 5inQ 51.4 173.8 329.3 -375.7 -613.3 -937.0
2008 SADBOYS 47.4 169.8 325.3 -368.4 -606.2 -929.9
2009 Fnatic.eu 48.9 171.5 326.6 -372.4 -610.2 -933.9
2010 Na'Vi 50.4 173.1 328.2 -376.4 -614.2 -937.9
2014 Speed 51.6 174.4 329.1 -380.4 -618.2 -941.9
2015 Speed 52.4 175.3 330.3 -384.4 -622.2 -945.9
2016 Revenge 54.3 177.3 332.4 -388.4 -626.2 -949.9
2018 Fnatic.eu 50.3 173.3 328.4 -379.5 -616.7 -941.1
2019 Na'Vi 51.7 174.7 330.0 -383.5 -620.7 -945.1
2020 PR 53.5 176.6 332.0 -387.5 -624.7 -949.1
2022 Liquid 54.4 177.6 332.6 -391.5 -628.7 -953.1
2023 SADBOYS 55.1 178.5 333.7 -395.5 -632.7 -957.1
2024 SADBOYS 56.5 180.0 334.4 -399.5 -636.7 -961.1
2026 Execration 58.5 182.3 337.0 -403.5 -640.7 -965.1
2028 Next.kz 54.5 178.3 333.0 -395.1 -633.1 -958.1
2029 Empire 55.6 179.6 333.7 -399.1 -637.1 -962.1
2032 Liquid 56.5 180.6 334.8 -403.1 -641.1 -966.1
2034 Denial 52.5 176.6 330.8 -392.8 -631.2 -955.7
2035 SADBOYS 53.5 177.7 331.4 -396.8 -635.2 -959.7
2043 Liquid 56.0 180.3 332.7 -400.8 -639.2 -963.7
2044 Arrow 58.3 183.1 334.1 -404.8 -643.2 -967.7
2047 Empire 60.0 185.1 335.4 -408.8 -647.2 -971.7
2048 Arrow 61.7 187.2 336.4 -412.8 -651.2 -975.7
2049 GL 63.8 189.5 338.0 -416.8 -655.2 -979.7
2051 Nullis 65.8 191.6 340.3 -420.8 -659.2 -983.7
2052 Nullis 61.8 187.6 336.3 -413.0 -652.1 -974.8
2053 SADBOYS 62.6 188.7 336.7 -417.0 -656.1 -978.8
2054 Empire 63.6 190.0 338.3 -421.0 -660.1 -982.8
2055 Na'Vi 64.6 191.2 339.0 -425.0 -664.1 -986.8
2056 bvd.dotA 66.1 192.9 341.1 -429.0 -668.1 -990.8
2058 Cloud9 67.0 194.2 341.5 -433.0 -672.1 -994.8
2059 Empire 67.9 195.2 342.6 -437.0 -676.1 -998.8
2061 rox.KIS 63.9 191.2 338.6 -421.4 -661.4 -985.7
2064 Cloud9 64.9 192.4 340.1 -425.4 -665.4 -989.7
2066 Alliance 66.1 193.6 341.4 -429.4 -669.4 -993.7
2067 Na'Vi 66.9 194.5 342.4 -433.4 -673.4 -997.7
2068 Fnatic.eu 67.9 195.6 343.3 -437.4 -677.4 -1001.7
2070 rox.KIS 63.9 191.6 339.3 -430.3 -670.9 -992.0
2072 About 59.9 187.6 335.3 -422.9 -663.8 -984.3
2073 4FC 61.7 189.7 336.8 -426.9 -667.8 -988.3
2074 vhoul 57.7 185.7 332.8 -416.5 -658.1 -981.4
2075 Liquid 53.7 181.7 328.8 -409.3 -652.1 -972.3
2076 Courage 49.7 177.7 324.8 -396.5 -641.3 -950.2
2079 Empire 51.3 179.6 326.9 -400.5 -645.3 -954.2
2080 rox.KIS 47.3 175.6 322.9 -384.2 -629.4 -940.9
2082 rox.KIS 48.3 176.8 324.2 -388.2 -633.4 -944.9
2083 PR 49.2 177.8 325.3 -392.2 -637.4 -948.9
2086 PssT 45.2 173.8 321.3 -384.9 -631.6 -940.3
2087 Liquid 46.5 175.2 322.2 -388.9 -635.6 -944.3
2089 SADBOYS 47.4 176.3 323.7 -392.9 -639.6 -948.3
2093 rox.KIS 49.2 178.2 324.9 -396.9 -643.6 -952.3
2094 Insane 45.2 174.2 320.9 -389.1 -636.6 -946.1
2095 Titan 46.6 175.9 321.5 -393.1 -640.6 -950.1
2097 rox.KIS 48.0 177.5 322.3 -397.1 -644.6 -954.1
2098 Zephyr 49.1 178.6 323.7 -401.1 -648.6 -958.1
2099 rox.KIS 51.1 180.5 325.6 -405.1 -652.6 -962.1
2100 PR 52.5 182.0 326.8 -409.1 -656.6 -966.1
2102 MYM 54.1 183.7 328.7 -413.1 -660.6 -970.1
2104 Arrow 50.1 179.7 324.7 -404.1 -651.7 -962.2
2113 TCN 51.7 181.7 325.8 -408.1 -655.7 -966.2
2117 Titan 53.8 184.2 327.3 -412.1 -659.7 -970.2
2119 Empire 54.5 185.1 327.8 -416.1 -663.7 -974.2
2121 Relax 55.6 186.4 328.9 -420.1 -667.7 -978.2
2123 rox.KIS 56.5 187.5 329.6 -424.1 -671.7 -982.2
2128 Alliance 58.1 189.2 331.2 -428.1 -675.7 -986.2
2131 Titan 58.8 190.1 332.3 -432.1 -679.7 -990.2
2132 Fnatic.eu 60.5 191.8 333.9 -436.1 -683.7 -994.2
2133 Next.kz 56.5 187.8 329.9 -419.8 -668.9 -974.1
2135 rox.KIS 58.5 190.0 332.4 -423.8 -672.9 -978.1
2136 Swage 60.2 191.9 334.2 -427.8 -676.9 -982.1
2137 Revenge 61.9 193.7 335.4 -431.8 -680.9 -986.1
2138 Liquid 62.9 194.8 336.1 -435.8 -684.9 -990.1
2139 eHug 64.6 196.6 337.6 -439.8 -688.9 -994.1
2140 PssT 60.6 192.6 333.6 -432.4 -680.9 -986.8
2141 WWD 62.1 194.1 335.4 -436.4 -684.9 -990.8
2143 MiTH 63.6 195.6 336.7 -440.4 -688.9 -994.8
2146 Fnatic.eu 65.5 197.7 338.4 -444.4 -692.9 -998.8
2147 Na'Vi 66.6 198.9 339.7 -448.4 -696.9 -1002.8
2148 PR 62.6 194.9 335.7 -436.4 -687.1 -994.6
2149 Sigma.int 64.2 196.6 337.6 -440.4 -691.1 -998.6
2152 Relax 60.2 192.6 333.6 -430.2 -681.4 -988.9
2155 MYM 61.9 194.2 335.5 -434.2 -685.4 -992.9
2156 Cloud9 62.9 195.4 336.2 -438.2 -689.4 -996.9
2158 Denial 58.9 191.4 332.2 -428.4 -680.1 -984.9
2159 SADBOYS 59.6 192.3 333.3 -432.4 -684.1 -988.9
2160 Dog 61.0 194.1 335.3 -436.4 -688.1 -992.9
2162 Orange 61.9 195.2 336.5 -440.4 -692.1 -996.9
2165 TR 57.9 191.2 332.5 -426.3 -679.5 -977.4
2169 WWD 60.2 193.9 333.8 -430.3 -683.5 -981.4
2170 ZR 56.2 189.9 329.8 -421.2 -673.8 -972.5
2171 Relax 58.0 191.7 331.6 -425.2 -677.8 -976.5
2172 Na'Vi 59.1 193.0 332.4 -429.2 -681.8 -980.5
2175 Liquid 60.0 194.0 333.7 -433.2 -685.8 -984.5
2177 Dog 61.4 195.8 336.1 -437.2 -689.8 -988.5
2178 VP 62.7 197.2 337.3 -441.2 -693.8 -992.5
2180 Puck 58.7 193.2 333.3 -434.3 -687.7 -984.1
2181 MiT 54.7 189.2 329.3 -421.7 -675.4 -972.9
2185 Scythe 56.0 190.9 329.8 -425.7 -679.4 -976.9
2187 Titan 56.6 191.7 330.8 -429.7 -683.4 -980.9
2188 Everlast 52.6 187.7 326.8 -414.1 -670.9 -970.2
2190 VP 53.8 188.8 328.0 -418.1 -674.9 -974.2
2193 Na'Vi 55.7 190.5 329.7 -422.1 -678.9 -978.2
2197 Empire 56.5 191.5 331.0 -426.1 -682.9 -982.2
2200 Alliance 57.8 192.7 332.5 -430.1 -686.9 -986.2
2201 eN.Legs 60.0 194.9 334.7 -434.1 -690.9 -990.2
2204 Osiris 56.0 190.9 330.7 -424.8 -681.3 -981.2
2210 Titan 56.7 191.8 331.8 -428.8 -685.3 -985.2
2213 Arrow 57.4 192.7 333.1 -432.8 -689.3 -989.2
2214 Orange 58.2 193.7 333.6 -436.8 -693.3 -993.2
2215 ADN 54.2 189.7 329.6 -427.7 -683.6 -986.4
2216 Alliance 55.7 191.4 331.3 -431.7 -687.6 -990.4
2218 VP 51.7 187.4 327.3 -422.2 -679.4 -982.7
2226 Empire 47.7 183.4 323.3 -412.3 -669.5 -976.3
2228 Titan 48.4 184.2 323.7 -416.3 -673.5 -980.3
2229 Scythe 49.9 185.9 324.5 -420.3 -677.5 -984.3
2231 Arrow 51.9 188.3 326.2 -424.3 -681.5 -988.3
2237 Execration 53.5 189.9 327.9 -428.3 -685.5 -992.3
2238 FD 55.0 191.6 329.4 -432.3 -689.5 -996.3
2239 Orange 51.0 187.6 325.4 -420.2 -680.4 -988.5
2240 Spirit 47.0 183.6 321.4 -412.4 -672.6 -979.4
2241 hehe 43.0 179.6 317.4 -395.1 -657.6 -952.8
2242 PR 39.0 175.6 313.4 -384.9 -648.2 -939.3
2244 EG 40.6 177.6 314.3 -388.9 -652.2 -943.3
2248 DT.NGC 42.3 179.6 316.7 -392.9 -656.2 -947.3
2249 Titan 43.4 180.8 318.1 -396.9 -660.2 -951.3
2251 Zephyr 44.7 182.2 319.8 -400.9 -664.2 -955.3
2252 FD 47.0 184.6 321.7 -404.9 -668.2 -959.3
2258 Arrow 43.0 180.6 317.7 -396.6 -661.4 -953.6
2260 FL 44.5 182.3 318.7 -400.6 -665.4 -957.6
2261 CIS 40.5 178.3 314.7 -381.4 -651.6 -947.4
2262 Mski 42.5 180.5 316.4 -385.4 -655.6 -951.4
2269 Na'Vi 44.3 182.4 318.1 -389.4 -659.6 -955.4
2270 RRQ 40.3 178.4 314.1 -382.0 -652.3 -948.4
2271 Titan 42.1 180.3 315.9 -386.0 -656.3 -952.4
2273 VG 42.8 181.2 317.1 -390.0 -660.3 -956.4
2274 LGD.cn 44.7 183.5 318.4 -394.0 -664.3 -960.4
2275 Orange 45.4 184.2 319.1 -398.0 -668.3 -964.4
2277 FD 46.7 185.7 320.0 -402.0 -672.3 -968.4
2278 MiTH 47.8 186.8 321.4 -406.0 -676.3 -972.4
2279 DUZA 49.3 188.4 322.7 -410.0 -680.3 -976.4
2280 DK 49.9 189.1 323.6 -414.0 -684.3 -980.4
2282 iG 50.6 190.0 324.1 -418.0 -688.3 -984.4
2283 Fnatic.eu 52.3 191.9 326.0 -422.0 -692.3 -988.4
2284 Zephyr 53.6 193.3 327.3 -426.0 -696.3 -992.4
2285 Na'Vi 54.7 194.4 328.5 -430.0 -700.3 -996.4
2288 EG 50.7 190.4 324.5 -420.5 -690.6 -988.6
2289 DT.NGC 46.7 186.4 320.5 -410.0 -679.1 -982.7
2290 Orange 42.7 182.4 316.5 -400.8 -670.7 -974.9
2292 Na'Vi 44.2 183.8 318.0 -404.8 -674.7 -978.9
2293 Alliance 45.3 185.1 318.9 -408.8 -678.7 -982.9
2295 Arrow 46.3 186.3 320.2 -412.8 -682.7 -986.9
