0 0 0.0 0.0 0.0 0.0 0.0 0.0
18 Na'Vi 0.8 1.1 1.5 -4.0 -4.0 -4.0
23 mouz 1.6 2.0 2.7 -8.0 -8.0 -8.0
29 GU.pe -2.4 -2.0 -1.3 4.1 1.9 1.5
32 Alliance -1.7 -0.9 -0.1 0.1 -2.1 -2.5
41 Empire -0.6 0.4 1.6 -3.9 -6.1 -6.5
49 Liquid 0.2 1.6 3.0 -7.9 -10.1 -10.5
50 3DMAX -3.8 -2.4 -1.0 17.3 7.4 4.5
51 Liquid -7.8 -6.4 -5.0 28.4 17.0 12.1
58 Na'Vi -6.5 -4.8 -3.3 24.4 13.0 8.1
59 VP -10.5 -8.8 -7.3 35.8 21.9 16.4
60 Na'Vi -9.5 -7.6 -5.9 31.8 17.9 12.4
71 Liquid -8.1 -6.0 -4.0 27.8 13.9 8.4
73 Zenith -7.3 -5.0 -2.9 23.8 9.9 4.4
75 Fnatic.eu -6.0 -3.5 -1.1 19.8 5.9 0.4
89 Liquid -4.5 -1.8 0.7 15.8 1.9 -3.6
98 Fnatic.eu -8.5 -5.8 -3.3 29.4 12.3 6.4
108 ASF.R5 -7.1 -4.1 -1.6 25.4 8.3 2.4
110 Empire -5.7 -2.5 2.22044604925e-16 21.4 4.3 -1.6
112 eN.Legs -4.8 -1.0 1.5 17.4 0.3 -5.6
117 VP -3.5 0.5 3.2 13.4 -3.7 -9.6
118 mouz -7.5 -3.5 -0.8 26.8 8.1 -0.2
119 Fnatic.eu -6.2 -1.8 1.1 22.8 4.1 -4.2
123 eLPride -5.0 -0.3 2.8 18.8 0.1 -8.2
124 VP -4.0 1.0 4.3 14.8 -3.9 -12.2
135 Fnatic.eu -2.7 2.5 6.0 10.8 -7.9 -16.2
136 Alliance -1.8 3.6 7.3 6.8 -11.9 -20.2
138 TCM -5.8 -0.4 3.3 19.4 -0.6 -10.6
143 Na'Vi -4.7 1.0 4.9 15.4 -4.6 -14.6
164 Dignitas -3.5 2.5 6.6 11.4 -8.6 -18.6
167 LGD.int -2.6 3.5 7.9 7.4 -12.6 -22.6
171 LGD.int -1.7 4.5 9.1 3.4 -16.6 -26.6
172 Liquid -0.1 6.1 10.8 -0.6 -20.6 -30.6
175 Na'Vi 0.9 7.3 12.4 -4.6 -24.6 -34.6
177 QPandas -3.1 3.3 8.4 8.7 -13.5 -25.2
180 Empire -7.1 -0.7 4.4 21.0 -3.9 -16.9
181 iCCup -11.1 -4.7 0.4 36.6 7.4 -7.0
185 LGD.int -9.8 -3.2 2.1 32.6 3.4 -11.0
198 iG -8.5 -1.6 4.0 28.6 -0.6 -15.0
208 iG -7.5 -0.3 5.6 24.6 -4.6 -19.0
226 Alliance -6.7 0.8 7.0 20.6 -8.6 -23.0
231 Na'Vi -5.2 2.4 8.8 16.6 -12.6 -27.0
234 rox.KIS -3.7 4.1 10.6 12.6 -16.6 -31.0
235 aL -2.6 5.4 12.1 8.6 -20.6 -35.0
236 mouz -6.6 1.4 8.1 24.3 -8.2 -24.9
239 Na'Vi -5.2 3.0 9.9 20.3 -12.2 -28.9
240 Na'Vi -4.3 4.1 11.2 16.3 -16.2 -32.9
246 Na'Vi -3.3 5.1 12.5 12.3 -20.2 -36.9
248 Liquid -1.7 6.8 14.3 8.3 -24.2 -40.9
251 Alliance -0.2 8.5 16.1 4.3 -28.2 -44.9
253 Liquid -4.2 4.5 12.1 21.0 -14.4 -33.5
258 Alliance -2.7 6.2 14.0 17.0 -18.4 -37.5
268 Na'Vi -1.7 7.4 15.5 13.0 -22.4 -41.5
270 Liquid -0.2 9.1 17.4 9.0 -26.4 -45.5
271 Na'Vi 0.9 10.5 19.0 5.0 -30.4 -49.5
273 mouz 2.3 11.9 20.6 1.0 -34.4 -53.5
274 Liquid 3.7 13.6 22.5 -3.0 -38.4 -57.5
275 EG -0.3 9.6 18.5 16.3 -21.5 -43.3
276 Alliance 0.7 10.8 19.8 12.3 -25.5 -47.3
279 Dignitas 2.1 12.5 21.8 8.3 -29.5 -51.3
280 Zenith 3.2 13.8 23.4 4.3 -33.5 -55.3
282 Alliance 4.1 14.9 24.8 0.3 -37.5 -59.3
283 VG 0.1 10.9 20.8 15.4 -24.9 -49.2
286 Dignitas 1.6 12.5 22.5 11.4 -28.9 -53.2
291 Alliance 3.0 14.1 24.4 7.4 -32.9 -57.2
293 aL -1.0 10.1 20.4 21.3 -20.1 -46.2
294 Alliance 2.22044604925e-15 11.3 21.9 17.3 -24.1 -50.2
300 mouz 1.2 12.7 23.6 13.3 -28.1 -54.2
301 EG 2.3 14.1 25.2 9.3 -32.1 -58.2
304 VG 3.1 15.0 26.4 5.3 -36.1 -62.2
306 LGD.cn 3.9 15.9 27.5 1.3 -40.1 -66.2
310 iG 4.8 17.1 29.1 -2.7 -44.1 -70.2
314 VP 6.2 18.7 30.9 -6.7 -48.1 -74.2
316 LGD.cn 6.8 19.5 32.0 -10.7 -52.1 -78.2
317 FD 2.8 15.5 28.0 2.1 -42.1 -69.7
319 Na'Vi 3.9 16.7 29.4 -1.9 -46.1 -73.7
321 mouz 4.8 17.7 30.7 -5.9 -50.1 -77.7
324 QPandas 0.8 13.7 26.7 7.6 -38.6 -68.1
326 PR -3.2 9.7 22.7 17.7 -29.2 -59.5
330 TongFu -7.2 5.7 18.7 37.3 -13.5 -48.3
333 VG -5.8 7.4 20.7 33.3 -17.5 -52.3
337 TongFu -4.9 8.6 22.3 29.3 -21.5 -56.3
338 Na'Vi -4.0 9.7 23.7 25.3 -25.5 -60.3
340 mouz -3.2 10.6 24.8 21.3 -29.5 -64.3
344 LGD.cn -7.2 6.6 20.8 31.9 -19.7 -55.6
346 Alliance -6.1 7.8 22.2 27.9 -23.7 -59.6
348 Na'Vi -4.7 9.5 24.0 23.9 -27.7 -63.6
352 LGD.cn -3.6 10.8 25.5 19.9 -31.7 -67.6
355 DK -7.6 6.8 21.5 28.8 -22.0 -58.5
356 Liquid -11.6 2.8 17.5 42.9 -10.1 -48.7
362 LGD.cn -10.2 4.1 19.0 38.9 -14.1 -52.7
364 Zenith -9.1 5.4 20.5 34.9 -18.1 -56.7
368 mouz -7.7 7.0 22.4 30.9 -22.1 -60.7
369 iCCup -11.7 3.0 18.4 41.8 -11.7 -51.1
373 Na'Vi -10.9 3.9 19.4 37.8 -15.7 -55.1
376 LGD.cn -10.1 4.9 20.6 33.8 -19.7 -59.1
377 LGD.cn -8.9 6.0 21.9 29.8 -23.7 -63.1
378 VP -7.4 7.6 23.7 25.8 -27.7 -67.1
379 Na'Vi -6.5 8.7 25.0 21.8 -31.7 -71.1
384 Alliance -5.5 10.0 26.6 17.8 -35.7 -75.1
387 LGD.cn -4.3 11.4 28.2 13.8 -39.7 -79.1
388 Dignitas -3.3 12.6 30.0 9.8 -43.7 -83.1
389 iG -2.4 13.6 31.3 5.8 -47.7 -87.1
390 Na'Vi -1.0 15.2 33.1 1.8 -51.7 -91.1
392 Alliance 0.1 16.5 34.6 -2.2 -55.7 -95.1
393 Kaipi -3.9 12.5 30.6 7.0 -45.8 -86.6
396 Liquid -3.3 13.2 31.6 3.0 -49.8 -90.6
398 Alliance -2.6 14.0 32.6 -1.0 -53.8 -94.6
403 RStars -6.6 10.0 28.6 10.4 -43.2 -85.6
409 Orange -5.5 11.4 30.3 6.4 -47.2 -89.6
410 Alliance -4.8 12.3 31.4 2.4 -51.2 -93.6
414 Alliance -3.9 13.4 32.8 -1.6 -55.2 -97.6
416 4FC -7.9 9.4 28.8 16.9 -38.7 -83.7
417 mouz -11.9 5.4 24.8 30.8 -26.8 -73.7
421 Na'Vi -10.4 7.0 26.6 26.8 -30.8 -77.7
424 Kaipi -14.4 3.0 22.6 37.6 -20.0 -67.9
427 rox.KIS -13.1 4.4 24.2 33.6 -24.0 -71.9
430 rox.KIS -11.9 5.7 25.6 29.6 -28.0 -75.9
431 Quantic -10.9 7.0 27.2 25.6 -32.0 -79.9
432 Kaipi -9.3 8.4 28.8 21.6 -36.0 -83.9
433 DK -8.1 9.8 30.5 17.6 -40.0 -87.9
437 Quantic -7.1 10.8 31.8 13.6 -44.0 -91.9
439 Artyk -6.2 11.8 33.3 9.6 -48.0 -95.9
441 Na'Vi -5.3 12.8 34.5 5.6 -52.0 -99.9
443 Kaipi -9.3 8.8 30.5 18.3 -38.6 -88.0
444 Artyk -13.3 4.8 26.5 29.2 -28.4 -78.7
445 TM -12.2 6.2 28.1 25.2 -32.4 -82.7
446 Orange -11.3 7.2 29.3 21.2 -36.4 -86.7
447 DK -10.1 8.5 30.9 17.2 -40.4 -90.7
448 VP -14.1 4.5 26.9 28.3 -30.7 -82.3
451 Kaipi -13.2 5.5 28.1 24.3 -34.7 -86.3
453 Fnatic.eu -17.2 1.5 24.1 37.4 -23.5 -77.3
461 Alliance -16.4 2.4 25.3 33.4 -27.5 -81.3
464 Fnatic.eu -14.9 3.9 26.9 29.4 -31.5 -85.3
465 Alliance -13.5 5.3 28.5 25.4 -35.5 -89.3
468 Quantic -12.0 6.8 30.2 21.4 -39.5 -93.3
469 Alliance -10.4 8.4 32.0 17.4 -43.5 -97.3
471 4FC -14.4 4.4 28.0 30.6 -30.8 -86.4
475 Na'Vi -13.4 5.4 29.2 26.6 -34.8 -90.4
476 Na'Vi -11.9 7.0 31.0 22.6 -38.8 -94.4
479 4FC -10.8 8.2 32.5 18.6 -42.8 -98.4
480 Orange -9.8 9.4 34.0 14.6 -46.8 -102.4
481 TM -8.5 11.1 36.0 10.6 -50.8 -106.4
484 Empire -12.5 7.1 32.0 27.3 -35.6 -94.5
486 Na'Vi -11.3 8.3 33.3 23.3 -39.6 -98.5
488 Fnatic.eu -15.3 4.3 29.3 41.0 -24.8 -86.9
489 LGD.int -13.7 5.9 31.2 37.0 -28.8 -90.9
491 TM -12.4 7.6 33.1 33.0 -32.8 -94.9
492 iCCup -11.1 9.2 34.9 29.0 -36.8 -98.9
493 iCCup -10.1 10.4 36.3 25.0 -40.8 -102.9
494 zRage -14.1 6.4 32.3 45.5 -22.6 -87.2
495 Artyk -12.9 8.0 34.3 41.5 -26.6 -91.2
498 mouz -11.7 9.3 35.9 37.5 -30.6 -95.2
499 Liquid -10.5 10.7 37.3 33.5 -34.6 -99.2
502 VP -9.8 11.5 38.3 29.5 -38.6 -103.2
503 Dignitas -9.0 12.5 39.6 25.5 -42.6 -107.2
505 Na'Vi -8.5 13.1 40.4 21.5 -46.6 -111.2
506 EG -7.7 14.0 41.6 17.5 -50.6 -115.2
507 Na'Vi -6.8 15.0 42.9 13.5 -54.6 -119.2
508 Na'Vi -6.3 15.6 43.6 9.5 -58.6 -123.2
512 Quantic -10.3 11.6 39.6 27.2 -43.4 -109.3
513 EG -14.3 7.6 35.6 40.5 -32.0 -99.1
514 Dignitas -18.3 3.6 31.6 62.4 -13.4 -83.1
520 Quantic -17.2 4.9 33.2 58.4 -17.4 -87.1
522 Na'Vi -16.0 6.3 34.8 54.4 -21.4 -91.1
524 Na'Vi -14.7 7.7 36.4 50.4 -25.4 -95.1
527 Na'Vi -13.7 8.8 37.8 46.4 -29.4 -99.1
528 Liquid -12.8 9.9 39.1 42.4 -33.4 -103.1
529 EG -12.1 10.7 40.0 38.4 -37.4 -107.1
531 Na'Vi -11.2 11.7 41.2 34.4 -41.4 -111.1
532 Empire -10.2 12.7 42.4 30.4 -45.4 -115.1
533 rox.KIS -9.1 13.7 43.4 26.4 -49.4 -119.1
536 Liquid -8.4 14.5 44.4 22.4 -53.4 -123.1
537 Liquid -7.8 15.2 45.3 18.4 -57.4 -127.1
538 Alliance -7.0 16.0 46.3 14.4 -61.4 -131.1
541 VP -6.0 17.3 47.7 10.4 -65.4 -135.1
542 Alliance -4.5 18.9 49.5 6.4 -69.4 -139.1
544 EG -8.5 14.9 45.5 16.6 -59.7 -130.0
549 Fnatic.eu -12.5 10.9 41.5 29.1 -48.7 -120.7
550 Kaipi -16.5 6.9 37.5 39.3 -38.2 -111.0
551 Kaipi -20.5 2.9 33.5 49.4 -27.3 -100.3
553 TongFu -24.5 -1.1 29.5 65.2 -12.4 -87.5
557 Liquid -28.5 -5.1 25.5 75.7 -3.4 -79.4
573 VP -32.5 -9.1 21.5 88.1 6.8 -70.7
574 Fnatic.eu -36.5 -13.1 17.5 100.0 17.2 -61.9
576 iCCup -40.5 -17.1 13.5 112.4 27.1 -53.4
580 VP -39.5 -15.9 14.9 108.4 23.1 -57.4
585 VP -38.0 -14.1 16.8 104.4 19.1 -61.4
587 Alliance -36.6 -12.8 18.2 100.4 15.1 -65.4
598 LGD.cn -35.1 -11.1 20.1 96.4 11.1 -69.4
600 mouz -39.1 -15.1 16.1 108.8 22.9 -58.9
604 Orange -38.0 -13.9 17.6 104.8 18.9 -62.9
608 Alliance -36.7 -12.4 19.3 100.8 14.9 -66.9
615 Orange -35.4 -11.0 20.9 96.8 10.9 -70.9
617 VP -34.0 -9.4 22.7 92.8 6.9 -74.9
618 Alliance -32.8 -8.0 24.3 88.8 2.9 -78.9
621 iCCup -36.8 -12.0 20.3 102.4 16.0 -68.4
624 Liquid -35.3 -10.3 22.2 98.4 12.0 -72.4
626 iCCup -39.3 -14.3 18.2 109.2 21.5 -64.2
628 EG -38.4 -13.3 19.4 105.2 17.5 -68.2
631 Alliance -37.5 -12.1 20.9 101.2 13.5 -72.2
632 mouz -36.0 -10.4 22.8 97.2 9.5 -76.2
635 Dignitas -34.6 -8.9 24.6 93.2 5.5 -80.2
636 EG -33.9 -8.0 25.7 89.2 1.5 -84.2
642 Alliance -32.9 -6.8 27.2 85.2 -2.5 -88.2
644 rox.KIS -36.9 -10.8 23.2 96.0 7.6 -79.4
651 Denial -40.9 -14.8 19.2 114.0 23.0 -67.4
653 VG -44.9 -18.8 15.2 129.0 36.1 -56.6
656 Na'Vi -43.8 -17.6 16.7 125.0 32.1 -60.6
658 mouz -47.8 -21.6 12.7 136.5 42.2 -50.8
659 Na'Vi -46.2 -20.0 14.4 132.5 38.2 -54.8
660 RS -50.2 -24.0 10.4 145.0 49.5 -45.2
664 RStars -54.2 -28.0 6.4 161.1 62.9 -34.0
668 mouz -53.4 -27.0 7.7 157.1 58.9 -38.0
670 EG -52.4 -25.9 9.1 153.1 54.9 -42.0
671 Fnatic.eu -51.5 -24.9 10.3 149.1 50.9 -46.0
672 Orange -49.9 -23.2 12.2 145.1 46.9 -50.0
674 mouz -49.2 -22.3 13.3 141.1 42.9 -54.0
678 Kaipi -53.2 -26.3 9.3 159.8 59.4 -40.4
692 Na'Vi -51.6 -24.7 11.1 155.8 55.4 -44.4
696 Fnatic.eu -50.0 -23.1 12.9 151.8 51.4 -48.4
697 Kaipi -48.4 -21.5 14.7 147.8 47.4 -52.4
699 Alliance -47.3 -20.2 16.2 143.8 43.4 -56.4
700 Orange -45.9 -18.8 17.9 139.8 39.4 -60.4
702 Na'Vi -45.0 -17.8 19.1 135.8 35.4 -64.4
703 mouz -44.1 -16.8 20.4 131.8 31.4 -68.4
712 Na'Vi -43.2 -15.7 21.7 127.8 27.4 -72.4
715 mouz -41.7 -14.0 23.6 123.8 23.4 -76.4
718 Dreamz -40.6 -12.8 25.1 119.8 19.4 -80.4
721 Mski -44.6 -16.8 21.1 129.2 29.5 -71.2
723 Kaipi -43.7 -15.8 22.3 125.2 25.5 -75.2
727 Fnatic.eu -47.7 -19.8 18.3 142.0 40.0 -63.7
729 DK -46.7 -18.3 20.1 138.0 36.0 -67.7
730 LGD.cn -45.9 -17.3 21.2 134.0 32.0 -71.7
732 Alliance -44.8 -16.0 22.8 130.0 28.0 -75.7
745 Dignitas -48.8 -20.0 18.8 151.5 42.5 -64.0
746 DK -48.1 -19.1 19.8 147.5 38.5 -68.0
748 Na'Vi -46.9 -17.8 21.4 143.5 34.5 -72.0
749 Liquid -50.9 -21.8 17.4 156.0 44.5 -62.1
751 Alliance -50.1 -20.7 18.8 152.0 40.5 -66.1
754 Na'Vi -49.4 -19.9 19.7 148.0 36.5 -70.1
757 Alliance -47.8 -18.4 21.2 144.0 32.5 -74.1
758 iG -46.3 -16.6 23.0 140.0 28.5 -78.1
759 Orange -44.7 -14.8 25.0 136.0 24.5 -82.1
761 Fnatic.eu -44.0 -14.0 25.9 132.0 20.5 -86.1
766 Alliance -43.1 -13.0 27.0 128.0 16.5 -90.1
767 LGD.int -47.1 -17.0 23.0 144.0 30.4 -78.2
769 mouz -46.2 -16.0 24.2 140.0 26.4 -82.2
770 LGD.cn -44.6 -14.3 26.0 136.0 22.4 -86.2
771 Na'Vi -43.4 -13.0 27.4 132.0 18.4 -90.2
773 Alliance -42.7 -12.2 28.3 128.0 14.4 -94.2
776 Orange -41.4 -10.8 29.9 124.0 10.4 -98.2
778 DK -40.0 -9.0 31.9 120.0 6.4 -102.2
779 Zenith -39.1 -8.0 33.1 116.0 2.4 -106.2
781 Alliance -38.2 -7.0 34.2 112.0 -1.6 -110.2
783 TongFu -37.3 -6.1 35.2 108.0 -5.6 -114.2
786 Na'Vi -36.3 -5.0 36.5 104.0 -9.6 -118.2
793 Alliance -35.1 -3.7 38.1 100.0 -13.6 -122.2
795 Liquid -34.2 -2.7 39.3 96.0 -17.6 -126.2
797 Liquid -38.2 -6.7 35.3 109.8 -6.2 -116.6
799 Alliance -37.1 -5.5 36.8 105.8 -10.2 -120.6
800 Na'Vi -35.7 -4.1 38.3 101.8 -14.2 -124.6
803 Orange -39.7 -8.1 34.3 113.7 -4.6 -116.4
811 RStars -38.5 -6.6 36.1 109.7 -8.6 -120.4
812 Empire -37.5 -5.4 37.7 105.7 -12.6 -124.4
813 Empire -36.6 -4.5 38.9 101.7 -16.6 -128.4
815 TTD -35.3 -3.1 40.6 97.7 -20.6 -132.4
816 Kaipi -34.0 -1.7 42.1 93.7 -24.6 -136.4
818 FD -32.8 -0.5 43.6 89.7 -28.6 -140.4
820 4FC -32.1 0.3 44.6 85.7 -32.6 -144.4
821 4++ -36.1 -3.7 40.6 100.0 -17.4 -132.5
822 MiTH -35.1 -2.4 42.1 96.0 -21.4 -136.5
823 GL.eu -33.7 -0.8 44.0 92.0 -25.4 -140.5
826 EVOPLAY -32.0 0.7 45.9 88.0 -29.4 -144.5
829 TLP -36.0 -3.3 41.9 101.9 -17.5 -135.1
832 CDCD -40.0 -7.3 37.9 125.1 0.9 -119.3
833 Menace -44.0 -11.3 33.9 138.0 12.0 -110.3
841 VP -43.0 -10.2 35.3 134.0 8.0 -114.3
844 Kaipi -41.7 -8.9 36.9 130.0 4.0 -118.3
851 VP -40.7 -7.7 38.4 126.0 -1.7763568394e-15 -122.3
856 Empire -39.2 -6.2 40.1 122.0 -4.0 -126.3
859 FSid3 -43.2 -10.2 36.1 131.8 6.7 -116.5
862 rox.KIS -41.7 -8.9 37.6 127.8 2.7 -120.5
864 Poseidon -40.6 -7.6 39.1 123.8 -1.3 -124.5
865 Mski -39.6 -6.5 40.5 119.8 -5.3 -128.5
866 Poseidon -38.7 -5.6 41.6 115.8 -9.3 -132.5
867 Dreamz -37.6 -4.3 43.2 111.8 -13.3 -136.5
871 Next.kz -36.5 -3.1 44.6 107.8 -17.3 -140.5
873 PR -40.5 -7.1 40.6 128.5 0.3 -125.9
877 Mski -39.5 -5.7 42.3 124.5 -3.7 -129.9
878 Lowyat -43.5 -9.7 38.3 138.2 7.7 -120.4
883 Kaipi -42.3 -8.3 39.9 134.2 3.7 -124.4
886 Fnatic.eu -40.9 -6.8 41.7 130.2 -0.3 -128.4
889 Next.kz -39.6 -5.5 43.2 126.2 -4.3 -132.4
893 Menace -43.6 -9.5 39.2 136.4 5.8 -123.5
899 Menace -42.3 -8.3 40.6 132.4 1.8 -127.5
901 Fnatic.eu -40.9 -7.0 42.1 128.4 -2.2 -131.5
903 Kaipi -39.7 -5.7 43.6 124.4 -6.2 -135.5
905 Dignitas -38.9 -4.8 44.7 120.4 -10.2 -139.5
906 Dignitas -38.0 -3.8 45.9 116.4 -14.2 -143.5
908 iG -37.3 -3.0 46.9 112.4 -18.2 -147.5
911 4FC -41.3 -7.0 42.9 125.7 -4.6 -136.1
915 Fnatic.eu -40.5 -6.0 44.1 121.7 -8.6 -140.1
916 Property -44.5 -10.0 40.1 134.4 2.0 -130.8
917 Menace -48.5 -14.0 36.1 145.3 12.9 -121.3
919 LGD.cn -47.2 -12.5 37.8 141.3 8.9 -125.3
920 TongFu -46.6 -11.8 38.7 137.3 4.9 -129.3
921 Alliance -45.6 -10.8 40.0 133.3 0.9 -133.3
925 Empire -44.3 -9.5 41.5 129.3 -3.1 -137.3
926 Empire -42.9 -7.9 43.2 125.3 -7.1 -141.3
927 iG -41.4 -6.5 44.7 121.3 -11.1 -145.3
931 Alliance -40.5 -5.6 45.7 117.3 -15.1 -149.3
937 OguraYui -44.5 -9.6 41.7 128.4 -2.5 -138.5
938 Mski -42.7 -8.1 43.4 124.4 -6.5 -142.5
941 Alliance -41.8 -7.1 44.5 120.4 -10.5 -146.5
944 Imp -45.8 -11.1 40.5 131.6 0.3 -136.6
949 VP -44.5 -9.8 42.0 127.6 -3.7 -140.6
950 Kaipi -43.5 -8.6 43.5 123.6 -7.7 -144.6
951 Mski -42.5 -7.5 44.8 119.6 -11.7 -148.6
954 Cascade -46.5 -11.5 40.8 133.0 -0.1 -138.6
956 Alliance -46.0 -11.0 41.5 129.0 -4.1 -142.6
957 Na'Vi -45.2 -10.3 42.4 125.0 -8.1 -146.6
958 PR -49.2 -14.3 38.4 149.7 15.9 -125.8
959 Kaipi -48.4 -13.3 39.5 145.7 11.9 -129.8
960 Kaipi -47.7 -12.4 40.7 141.7 7.9 -133.8
963 Na'Vi -46.3 -11.0 42.3 137.7 3.9 -137.8
964 Alliance -45.1 -9.7 43.8 133.7 -0.1 -141.8
967 mouz -43.7 -8.2 45.5 129.7 -4.1 -145.8
972 Aspera -47.7 -12.2 41.5 151.6 14.9 -129.9
975 Dignitas -46.9 -11.2 42.8 147.6 10.9 -133.9
976 StayFree -45.5 -9.5 44.8 143.6 6.9 -137.9
977 Na'Vi -44.0 -7.8 46.8 139.6 2.9 -141.9
982 Fnatic.eu -43.2 -7.0 47.8 135.6 -1.1 -145.9
986 Na'Vi -42.2 -5.8 49.2 131.6 -5.1 -149.9
988 4FC -46.2 -9.8 45.2 141.2 5.0 -140.9
990 Kaipi -45.4 -8.9 46.3 137.2 1.0 -144.9
991 Empire -49.4 -12.9 42.3 148.1 10.4 -137.0
997 PR -53.4 -16.9 38.3 165.7 25.2 -125.3
1005 Dignitas -57.4 -20.9 34.3 177.8 35.1 -116.9
1008 Menace -61.4 -24.9 30.3 189.9 47.4 -106.0
1009 Kaipi -60.5 -24.0 31.4 185.9 43.4 -110.0
1012 DK -59.2 -22.5 33.2 181.9 39.4 -114.0
1017 Na'Vi -58.4 -21.6 34.2 177.9 35.4 -118.0
1018 Alliance -57.6 -20.7 35.4 173.9 31.4 -122.0
1021 Na'Vi -56.4 -19.5 36.8 169.9 27.4 -126.0
1022 LGD.cn -55.3 -18.2 38.2 165.9 23.4 -130.0
1025 Dignitas -54.5 -17.3 39.4 161.9 19.4 -134.0
1028 4FC -58.5 -21.3 35.4 172.4 30.9 -124.0
1030 Na'Vi -57.7 -20.4 36.4 168.4 26.9 -128.0
1032 Na'Vi -56.8 -19.3 37.7 164.4 22.9 -132.0
1034 Alliance -56.1 -18.5 38.7 160.4 18.9 -136.0
1035 Alliance -55.4 -17.8 39.5 156.4 14.9 -140.0
1037 VP -59.4 -21.8 35.5 168.4 24.1 -132.1
1039 Ahead.kz -63.4 -25.8 31.5 189.7 45.9 -114.2
1041 Alliance -62.4 -24.5 33.0 185.7 41.9 -118.2
1042 Empire -60.9 -22.8 34.9 181.7 37.9 -122.2
1045 iG -60.0 -21.4 36.6 177.7 33.9 -126.2
1046 Liquid -58.9 -20.2 38.0 173.7 29.9 -130.2
1050 Alliance -58.1 -19.3 39.1 169.7 25.9 -134.2
1051 iG -57.3 -18.3 40.3 165.7 21.9 -138.2
1055 Alliance -56.7 -17.6 41.2 161.7 17.9 -142.2
1059 TongFu -54.9 -16.1 42.8 157.7 13.9 -146.2
1063 Alliance -54.2 -15.3 43.7 153.7 9.9 -150.2
1064 Alliance -53.4 -14.4 44.7 149.7 5.9 -154.2
1065 SSD -52.4 -12.9 46.4 145.7 1.9 -158.2
1067 Hearts -50.9 -11.3 48.2 141.7 -2.1 -162.2
1070 Quantic -54.9 -15.3 44.2 152.0 7.2 -153.8
1073 Titan -53.4 -13.8 45.8 148.0 3.2 -157.8
1077 StayFree -52.3 -12.3 47.6 144.0 -0.8 -161.8
1081 Na'Vi -51.6 -11.5 48.6 140.0 -4.8 -165.8
1082 Fnatic.eu -50.8 -10.6 49.6 136.0 -8.8 -169.8
1083 Titan -50.0 -9.7 50.8 132.0 -12.8 -173.8
1085 FD -49.2 -8.6 52.2 128.0 -16.8 -177.8
1088 FXopen -48.3 -7.3 53.7 124.0 -20.8 -181.8
1089 Imp -47.6 -6.3 54.8 120.0 -24.8 -185.8
1090 MiTH -46.9 -5.4 55.9 116.0 -28.8 -189.8
1091 Na'Vi -46.0 -4.4 57.2 112.0 -32.8 -193.8
1092 ONE.dota -50.0 -8.4 53.2 123.2 -21.2 -183.6
1095 Arcanys -54.0 -12.4 49.2 144.7 -3.9 -170.1
1096 VG -53.0 -11.0 50.9 140.7 -7.9 -174.1
1097 FD -52.3 -10.1 52.2 136.7 -11.9 -178.1
1098 Lowyat -56.3 -14.1 48.2 147.3 -1.7 -169.4
1101 Fnatic.eu -55.3 -12.9 49.7 143.3 -5.7 -173.4
1104 Poseidon -59.3 -16.9 45.7 159.3 8.5 -162.2
1105 Na'Vi -58.5 -16.0 46.8 155.3 4.5 -166.2
1111 LGD.int -57.5 -14.9 48.2 151.3 0.5 -170.2
1112 DK -57.0 -14.2 49.0 147.3 -3.5 -174.2
1114 Na'Vi -56.3 -13.4 50.0 143.3 -7.5 -178.2
1117 VG -55.6 -12.6 51.0 139.3 -11.5 -182.2
1118 LGD.cn -55.2 -12.0 51.8 135.3 -15.5 -186.2
1120 Ahead.kz -53.9 -10.5 53.6 131.3 -19.5 -190.2
1122 PR -52.4 -9.3 54.9 127.3 -23.5 -194.2
1123 Na'Vi -52.0 -8.7 55.6 123.3 -27.5 -198.2
1125 Empire -50.4 -7.1 57.2 119.3 -31.5 -202.2
1126 Life -54.4 -11.1 53.2 129.7 -17.4 -189.3
1129 iG -53.9 -10.4 54.0 125.7 -21.4 -193.3
1131 Na'Vi -52.9 -9.4 55.2 121.7 -25.4 -197.3
1132 Fnatic.eu -52.0 -8.3 56.4 117.7 -29.4 -201.3
1133 MUFC -56.0 -12.3 52.4 128.0 -20.0 -192.8
1135 Empire -55.0 -11.2 53.7 124.0 -24.0 -196.8
1136 Empire -53.6 -9.6 55.5 120.0 -28.0 -200.8
1137 TakeFive -57.6 -13.6 51.5 130.8 -14.9 -189.5
1143 DK -57.1 -12.9 52.4 126.8 -18.9 -193.5
1144 VG -61.1 -16.9 48.4 141.4 -5.6 -183.1
1146 iG -60.7 -16.3 49.1 137.4 -9.6 -187.1
1147 LGD.cn -59.5 -14.9 50.8 133.4 -13.6 -191.1
1149 Na'Vi -58.6 -13.9 52.1 129.4 -17.6 -195.1
1151 Alliance -58.1 -13.2 52.9 125.4 -21.6 -199.1
1155 Empire -57.0 -11.7 54.6 121.4 -25.6 -203.1
1156 iG -55.9 -10.1 56.5 117.4 -29.6 -207.1
1157 Na'Vi -55.1 -9.2 57.5 113.4 -33.6 -211.1
1159 SAfrica -54.0 -7.8 59.3 109.4 -37.6 -215.1
1165 Titan -58.0 -11.8 55.3 119.9 -26.2 -205.0
1169 DK -57.6 -11.2 56.1 115.9 -30.2 -209.0
1171 Empire -56.8 -10.2 57.3 111.9 -34.2 -213.0
1172 Speed -60.8 -14.2 53.3 130.8 -13.4 -192.9
1174 Fnatic -59.5 -12.9 54.7 126.8 -17.4 -196.9
1175 TongFu -58.8 -12.0 55.9 122.8 -21.4 -200.9
1176 LGD.cn -62.8 -16.0 51.9 134.5 -11.8 -192.7
1177 TongFu -61.3 -14.6 53.5 130.5 -15.8 -196.7
1178 DK -60.9 -14.1 54.2 126.5 -19.8 -200.7
1181 Alliance -60.2 -13.2 55.3 122.5 -23.8 -204.7
1183 Speed -58.8 -11.9 56.8 118.5 -27.8 -208.7
1185 Liquid -62.8 -15.9 52.8 139.1 -7.0 -189.4
1188 LGD.int -62.2 -15.1 53.7 135.1 -11.0 -193.4
1189 EG -61.1 -13.7 55.5 131.1 -15.0 -197.4
1190 TongFu -60.3 -12.6 56.9 127.1 -19.0 -201.4
1191 DK -59.9 -11.9 57.7 123.1 -23.0 -205.4
1192 Na'Vi -59.1 -11.0 59.0 119.1 -27.0 -209.4
1194 Dignitas -57.6 -9.5 60.7 115.1 -31.0 -213.4
1195 VG -57.1 -8.8 61.5 111.1 -35.0 -217.4
1196 LGD.cn -56.6 -8.1 62.4 107.1 -39.0 -221.4
1197 CSW -55.2 -6.4 64.2 103.1 -43.0 -225.4
1200 Liquid -53.6 -5.0 65.7 99.1 -47.0 -229.4
1202 SSD -52.3 -3.5 67.5 95.1 -51.0 -233.4
1203 TongFu -51.9 -2.9 68.2 91.1 -55.0 -237.4
1204 iG -51.2 -2.0 69.2 87.1 -59.0 -241.4
1205 HR -55.2 -6.0 65.2 99.5 -43.9 -228.0
1206 EG -53.7 -4.9 66.4 95.5 -47.9 -232.0
1210 Liquid -57.7 -8.9 62.4 107.8 -35.4 -221.2
1215 iG -57.3 -8.2 63.2 103.8 -39.4 -225.2
1217 Speed -61.3 -12.2 59.2 113.8 -30.1 -216.9
1220 Empire -60.0 -10.6 61.1 109.8 -34.1 -220.9
1222 LGD.cn -58.1 -9.0 62.8 105.8 -38.1 -224.9
1223 DK -57.2 -7.8 64.3 101.8 -42.1 -228.9
1230 Property -61.2 -11.8 60.3 114.5 -31.7 -220.3
1232 Alliance -60.3 -10.9 61.4 110.5 -35.7 -224.3
1235 TongFu -64.3 -14.9 57.4 128.4 -21.7 -213.6
1237 FSid3 -68.3 -18.9 53.4 138.8 -12.2 -205.2
1238 LGD.cn -67.7 -18.0 54.6 134.8 -16.2 -209.2
1243 Alliance -67.0 -17.2 55.7 130.8 -20.2 -213.2
1245 Speed -66.0 -15.9 57.3 126.8 -24.2 -217.2
1247 iG -65.6 -15.3 58.1 122.8 -28.2 -221.2
1253 LGD.int -69.6 -19.3 54.1 151.5 -7.8 -205.1
1256 RS -68.7 -18.3 55.4 147.5 -11.8 -209.1
1257 mouz -72.7 -22.3 51.4 159.3 -2.0 -200.7
1262 iG -71.6 -20.9 53.0 155.3 -6.0 -204.7
1263 LGD.cn -70.9 -20.0 54.1 151.3 -10.0 -208.7
1264 DK -70.2 -19.2 55.1 147.3 -14.0 -212.7
1266 Alliance -69.5 -18.4 56.1 143.3 -18.0 -216.7
1267 Na'Vi -68.1 -16.8 57.9 139.3 -22.0 -220.7
1268 Mski -67.0 -15.4 59.5 135.3 -26.0 -224.7
1269 Orange -66.0 -14.4 60.8 131.3 -30.0 -228.7
1273 RS -70.0 -18.4 56.8 144.0 -18.8 -218.6
1274 LGD.cn -68.5 -16.9 58.4 140.0 -22.8 -222.6
1276 CSW -67.0 -15.2 60.3 136.0 -26.8 -226.6
1278 Lowyat -71.0 -19.2 56.3 148.2 -11.4 -212.6
1279 Titan -69.9 -18.1 57.6 144.2 -15.4 -216.6
1283 Speed -68.7 -16.9 58.8 140.2 -19.4 -220.6
1284 Alliance -67.9 -16.1 59.8 136.2 -23.4 -224.6
1293 TongFu -66.9 -15.0 61.2 132.2 -27.4 -228.6
1294 VG -70.9 -19.0 57.2 146.0 -14.2 -217.9
1299 EG -69.8 -17.8 58.5 142.0 -18.2 -221.9
1301 Hearts -68.5 -16.2 60.3 138.0 -22.2 -225.9
1303 Sigma.int -67.6 -15.0 61.8 134.0 -26.2 -229.9
1305 Empire -67.0 -14.2 62.7 130.0 -30.2 -233.9
1306 FXopen -65.9 -12.8 64.3 126.0 -34.2 -237.9
1307 LGD.int -65.0 -11.8 65.5 122.0 -38.2 -241.9
1308 LGD.cn -64.3 -11.0 66.5 118.0 -42.2 -245.9
1310 Sigma.int -63.6 -10.2 67.5 114.0 -46.2 -249.9
1314 TongFu -63.2 -9.6 68.2 110.0 -50.2 -253.9
1315 Empire -62.4 -8.7 69.2 106.0 -54.2 -257.9
1316 VG -61.7 -7.8 70.3 102.0 -58.2 -261.9
1317 Na'Vi -60.7 -6.7 71.7 98.0 -62.2 -265.9
1318 QPandas -64.7 -10.7 67.7 111.6 -48.7 -253.0
1321 Fnatic.eu -64.0 -10.0 68.3 107.6 -52.7 -257.0
1322 DK -63.6 -9.5 69.0 103.6 -56.7 -261.0
1323 VG -62.8 -8.5 70.3 99.6 -60.7 -265.0
1324 VG -66.8 -12.5 66.3 113.8 -46.2 -252.8
1325 Kawai -70.8 -16.5 62.3 125.9 -36.3 -243.5
1326 Dignitas -74.8 -20.5 58.3 138.9 -24.3 -233.4
1327 Speed -74.2 -19.8 59.2 134.9 -28.3 -237.4
1328 Dignitas -72.5 -18.1 61.0 130.9 -32.3 -241.4
1329 Alliance -71.9 -17.4 61.8 126.9 -36.3 -245.4
1331 Na'Vi -70.7 -16.4 63.0 122.9 -40.3 -249.4
1332 Fnatic.eu -74.7 -20.4 59.0 133.0 -28.6 -239.1
1333 Alliance -73.9 -19.6 60.0 129.0 -32.6 -243.1
1335 LGD.int -72.7 -18.2 61.6 125.0 -36.6 -247.1
1336 TongFu -71.7 -17.3 62.6 121.0 -40.6 -251.1
1338 Liquid -70.3 -15.8 64.3 117.0 -44.6 -255.1
1340 Fnatic.eu -69.4 -14.8 65.5 113.0 -48.6 -259.1
1341 Alliance -68.9 -14.2 66.2 109.0 -52.6 -263.1
1345 Sigma.int -67.7 -12.7 68.0 105.0 -56.6 -267.1
1351 VG -67.3 -12.0 68.8 101.0 -60.6 -271.1
1352 DK -66.7 -11.4 69.6 97.0 -64.6 -275.1
1354 VP -70.7 -15.4 65.6 109.9 -52.4 -264.2
1355 Alliance -69.5 -14.1 67.2 105.9 -56.4 -268.2
1356 Alliance -68.2 -12.9 68.5 101.9 -60.4 -272.2
1357 Na'Vi -67.1 -11.9 69.6 97.9 -64.4 -276.2
1359 LGD.cn -66.8 -11.4 70.2 93.9 -68.4 -280.2
1360 iG -66.4 -10.9 70.8 89.9 -72.4 -284.2
1361 Dignitas -65.7 -10.1 71.8 85.9 -76.4 -288.2
1362 Speed -65.3 -9.6 72.5 81.9 -80.4 -292.2
1365 Alliance -64.6 -8.9 73.3 77.9 -84.4 -296.2
1366 Alliance -64.2 -8.4 73.9 73.9 -88.4 -300.2
1368 Fnatic.eu -63.0 -7.2 75.2 69.9 -92.4 -304.2
1369 Na'Vi -62.3 -6.4 76.1 65.9 -96.4 -308.2
1370 LGD.int -66.3 -10.4 72.1 75.1 -86.0 -298.7
1372 VP -70.3 -14.4 68.1 93.0 -70.8 -286.0
1373 Liquid -69.0 -13.1 69.6 89.0 -74.8 -290.0
1377 LGD.cn -67.5 -11.5 71.4 85.0 -78.8 -294.0
1379 Fnatic.eu -66.4 -10.3 72.8 81.0 -82.8 -298.0
1380 Liquid -65.3 -9.1 74.2 77.0 -86.8 -302.0
1381 Liquid -69.3 -13.1 70.2 91.9 -72.8 -290.1
1382 Titan -68.5 -12.1 71.5 87.9 -76.8 -294.1
1383 LGD.cn -67.0 -10.3 73.5 83.9 -80.8 -298.1
1384 Empire -66.3 -9.5 74.5 79.9 -84.8 -302.1
1386 StayFree -70.3 -13.5 70.5 90.3 -74.7 -293.1
1388 iG -69.8 -12.8 71.3 86.3 -78.7 -297.1
1389 RStars -69.1 -11.8 72.7 82.3 -82.7 -301.1
1390 Alliance -68.6 -11.2 73.4 78.3 -86.7 -305.1
1391 Fnatic.eu -67.4 -9.9 75.0 74.3 -90.7 -309.1
1396 rox.KIS -71.4 -13.9 71.0 109.5 -63.0 -285.9
1399 EG -75.4 -17.9 67.0 124.5 -47.2 -272.6
1404 VG -74.5 -16.8 68.4 120.5 -51.2 -276.6
1405 Speed -73.7 -15.7 69.8 116.5 -55.2 -280.6
1412 DK -73.3 -15.0 70.7 112.5 -59.2 -284.6
1415 VP -77.3 -19.0 66.7 124.4 -46.5 -273.4
1421 Na'Vi -75.8 -17.4 68.6 120.4 -50.5 -277.4
1423 Alliance -75.3 -16.8 69.3 116.4 -54.5 -281.4
1424 DK -75.0 -16.4 69.9 112.4 -58.5 -285.4
1425 VG -74.3 -15.6 70.9 108.4 -62.5 -289.4
1426 Speed -72.9 -14.1 72.6 104.4 -66.5 -293.4
1429 Empire -71.7 -12.9 74.0 100.4 -70.5 -297.4
1430 Na'Vi -70.8 -11.9 75.2 96.4 -74.5 -301.4
1431 DK -70.4 -11.4 75.8 92.4 -78.5 -305.4
1438 Liquid -69.7 -10.5 76.8 88.4 -82.5 -309.4
1439 Empire -73.7 -14.5 72.8 101.9 -67.9 -294.9
1442 LGD.int -73.3 -13.9 73.5 97.9 -71.9 -298.9
1443 TongFu -72.6 -13.1 74.5 93.9 -75.9 -302.9
1450 Na'Vi -71.7 -12.0 75.8 89.9 -79.9 -306.9
1451 Na'Vi -70.3 -10.6 77.2 85.9 -83.9 -310.9
1458 Fnatic.eu -74.3 -14.6 73.2 98.7 -71.5 -299.6
1459 Na'Vi -72.6 -13.1 74.9 94.7 -75.5 -303.6
1460 Alliance -71.7 -12.2 75.9 90.7 -79.5 -307.6
1462 rox.KIS -70.2 -10.7 77.6 86.7 -83.5 -311.6
1465 DK -68.7 -9.2 79.2 82.7 -87.5 -315.6
1466 4FC -72.7 -13.2 75.2 95.6 -74.7 -303.8
1473 LGD.cn -72.1 -12.4 76.2 91.6 -78.7 -307.8
1478 Alliance -70.9 -11.1 77.6 87.6 -82.7 -311.8
1479 Liquid -70.2 -10.3 78.6 83.6 -86.7 -315.8
1480 Na'Vi -68.5 -8.8 80.2 79.6 -90.7 -319.8
1482 Fnatic.eu -67.8 -7.9 81.4 75.6 -94.7 -323.8
1483 Sigma.int -71.8 -11.9 77.4 86.6 -82.3 -312.2
1489 Na'Vi -70.1 -10.2 79.3 82.6 -86.3 -316.2
1490 EG -69.3 -9.2 80.4 78.6 -90.3 -320.2
1492 Alliance -68.0 -7.8 81.9 74.6 -94.3 -324.2
1494 Na'Vi -67.4 -7.1 82.7 70.6 -98.3 -328.2
1495 DK -66.3 -5.8 84.2 66.6 -102.3 -332.2
1497 Speed -70.3 -9.8 80.2 80.2 -90.4 -321.3
1498 Fnatic.eu -74.3 -13.8 76.2 96.3 -74.9 -306.6
1499 DK -73.5 -12.8 77.2 92.3 -78.9 -310.6
1500 Speed -72.8 -11.9 78.4 88.3 -82.9 -314.6
1501 Liquid -76.8 -15.9 74.4 101.7 -69.8 -302.8
1506 Liquid -75.5 -14.5 75.9 97.7 -73.8 -306.8
1507 DK -73.8 -12.8 77.6 93.7 -77.8 -310.8
1508 Alliance -73.2 -12.0 78.4 89.7 -81.8 -314.8
1510 Na'Vi -71.7 -10.4 80.2 85.7 -85.8 -318.8
1511 Sigma.int -71.2 -9.7 80.9 81.7 -89.8 -322.8
1512 Alliance -70.3 -8.7 82.1 77.7 -93.8 -326.8
1513 DK -70.0 -8.2 82.7 73.7 -97.8 -330.8
1515 Speed -74.0 -12.2 78.7 84.7 -87.0 -321.0
1523 SSD -78.0 -16.2 74.7 98.1 -73.7 -309.7
1524 Aspera -76.6 -14.4 76.7 94.1 -77.7 -313.7
1527 VP -75.5 -13.0 78.3 90.1 -81.7 -317.7
1528 TongFu -74.8 -12.2 79.3 86.1 -85.7 -321.7
1529 LGD.int -74.2 -11.4 80.3 82.1 -89.7 -325.7
1530 Empire -72.7 -9.7 82.2 78.1 -93.7 -329.7
1531 Aspera -71.3 -8.2 83.9 74.1 -97.7 -333.7
1533 OsG -75.3 -12.2 79.9 87.3 -85.2 -323.4
1537 FL -79.3 -16.2 75.9 97.1 -74.0 -313.8
1546 iG -78.1 -14.8 77.6 93.1 -78.0 -317.8
1547 Fnatic.eu -82.1 -18.8 73.6 103.0 -67.8 -308.2
1548 Na'Vi -80.5 -17.2 75.4 99.0 -71.8 -312.2
1549 VG -79.9 -16.3 76.6 95.0 -75.8 -316.2
1550 DK -79.2 -15.5 77.6 91.0 -79.8 -320.2
1568 Next.kz -78.0 -14.0 79.3 87.0 -83.8 -324.2
1572 Fnatic.eu -76.6 -12.7 80.7 83.0 -87.8 -328.2
1574 DK -75.5 -11.5 82.0 79.0 -91.8 -332.2
1579 DK -74.4 -10.0 83.7 75.0 -95.8 -336.2
1580 Alliance -73.3 -8.7 85.2 71.0 -99.8 -340.2
1582 PR -71.9 -7.4 86.6 67.0 -103.8 -344.2
1583 Sigma.int -70.5 -5.7 88.6 63.0 -107.8 -348.2
1585 Fnatic.eu -69.6 -4.7 89.8 59.0 -111.8 -352.2
1586 Fnatic.eu -73.6 -8.7 85.8 68.6 -102.4 -342.9
1589 FD -72.6 -7.6 87.1 64.6 -106.4 -346.9
1590 Orange -71.8 -6.6 88.4 60.6 -110.4 -350.9
1593 FD -71.1 -5.6 89.7 56.6 -114.4 -354.9
1594 FD -75.1 -9.6 85.7 65.4 -104.4 -345.7
1598 Alliance -74.2 -8.6 86.8 61.4 -108.4 -349.7
1603 Fnatic.eu -72.7 -7.1 88.3 57.4 -112.4 -353.7
1604 Sigma.int -76.7 -11.1 84.3 67.8 -101.6 -343.6
1607 Idol -75.7 -9.7 86.0 63.8 -105.6 -347.6
1611 Sigma.int -74.7 -8.4 87.5 59.8 -109.6 -351.6
1613 Fnatic.eu -73.3 -7.0 89.1 55.8 -113.6 -355.6
1614 Alliance -72.7 -6.2 90.0 51.8 -117.6 -359.6
1620 VP -71.2 -4.8 91.6 47.8 -121.6 -363.6
1626 FD -70.3 -3.6 93.0 43.8 -125.6 -367.6
1628 Alliance -69.6 -2.9 93.9 39.8 -129.6 -371.6
1629 Fnatic.eu -69.1 -2.3 94.7 35.8 -133.6 -375.6
1631 VG -68.6 -1.6 95.7 31.8 -137.6 -379.6
1634 Alliance -67.9 -0.7 96.7 27.8 -141.6 -383.6
1636 Sigma.int -67.2 0.1 97.8 23.8 -145.6 -387.6
1641 RRQ -71.2 -3.9 93.8 33.0 -135.6 -378.0
1652 PR -70.1 -2.6 95.3 29.0 -139.6 -382.0
1653 mouz -68.5 -1.0 97.1 25.0 -143.6 -386.0
1654 MVP.P -67.5 0.4 98.7 21.0 -147.6 -390.0
1656 HR -71.5 -3.6 94.7 30.0 -137.0 -380.2
1657 RRQ -70.8 -2.7 95.8 26.0 -141.0 -384.2
1660 Poseidon -74.8 -6.7 91.8 42.4 -126.4 -372.6
1662 Fnatic.eu -74.0 -5.7 93.0 38.4 -130.4 -376.6
1664 DK -73.3 -4.9 94.0 34.4 -134.4 -380.6
1665 LGD.cn -72.7 -4.2 95.0 30.4 -138.4 -384.6
1667 Fnatic.eu -71.2 -2.8 96.6 26.4 -142.4 -388.6
1668 Duskbin -70.4 -1.5 98.2 22.4 -146.4 -392.6
1674 Empire -69.2 -0.2 99.6 18.4 -150.4 -396.6
1676 TR -73.2 -4.2 95.6 32.6 -138.8 -386.8
1677 Na'Vi -72.0 -3.0 97.1 28.6 -142.8 -390.8
1678 Na'Vi -71.1 -1.9 98.3 24.6 -146.8 -394.8
1681 Mski -70.2 -0.8 99.6 20.6 -150.8 -398.8
1682 Lowyat -69.0 0.5 101.2 16.6 -154.8 -402.8
1683 rox.KIS -67.7 2.1 103.1 12.6 -158.8 -406.8
1684 Alliance -66.3 3.4 104.5 8.6 -162.8 -410.8
1685 Alliance -65.8 4.0 105.2 4.6 -166.8 -414.8
1686 Sigma.int -64.6 5.2 106.6 0.6 -170.8 -418.8
1688 Fnatic.eu -63.2 6.6 108.1 -3.4 -174.8 -422.8
1689 iG -62.7 7.2 108.8 -7.4 -178.8 -426.8
1697 mouz -66.7 3.2 104.8 9.5 -158.7 -406.7
1698 Alliance -65.2 4.5 106.2 5.5 -162.7 -410.7
1699 OsG -69.2 0.5 102.2 33.9 -136.4 -387.3
1701 TongFu -68.2 1.5 103.3 29.9 -140.4 -391.3
1706 Sigma.int -67.3 2.3 104.2 25.9 -144.4 -395.3
1707 mouz -66.1 3.4 105.4 21.9 -148.4 -399.3
1708 HR -65.0 4.7 107.0 17.9 -152.4 -403.3
1709 iG -63.6 6.3 109.0 13.9 -156.4 -407.3
1709 iG -62.2 7.9 111.0 9.9 -160.4 -411.3
1711 Next.kz -61.4 8.9 112.2 5.9 -164.4 -415.3
1711 Next.kz -60.7 9.8 113.2 1.9 -168.4 -419.3
1712 VP -59.0 11.5 115.0 -2.1 -172.4 -423.3
1713 Alliance -57.4 13.1 116.7 -6.1 -176.4 -427.3
1713 Sigma.int -55.6 14.5 118.4 -10.1 -180.4 -431.3
1714 rox.KIS -54.9 15.4 119.4 -14.1 -184.4 -435.3
1714 rox.KIS -54.0 16.3 120.6 -18.1 -188.4 -439.3
1719 HR -52.2 17.8 122.2 -22.1 -192.4 -443.3
1719 HR -50.4 19.3 123.8 -26.1 -196.4 -447.3
1720 Mski -49.5 20.3 124.9 -30.1 -200.4 -451.3
1721 Lowyat -48.4 21.3 126.4 -34.1 -204.4 -455.3
1722 Mski -47.6 22.1 127.4 -38.1 -208.4 -459.3
1723 Mski -45.9 23.7 129.0 -42.1 -212.4 -463.3
1724 LGD.cn -44.3 25.4 130.9 -46.1 -216.4 -467.3
1725 VG -43.2 26.6 132.3 -50.1 -220.4 -471.3
1726 Lowyat -42.2 27.6 133.5 -54.1 -224.4 -475.3
1727 Mski -41.4 28.5 134.4 -58.1 -228.4 -479.3
1728 sQreen -45.4 24.5 130.4 -45.9 -215.9 -468.3
1730 rox.KIS -44.4 25.9 131.9 -49.9 -219.9 -472.3
1731 Empire -48.4 21.9 127.9 -37.7 -207.0 -461.0
1733 PR -52.4 17.9 123.9 -26.8 -196.5 -451.3
1735 Mski -51.6 18.7 124.9 -30.8 -200.5 -455.3
1744 Sigma.int -50.6 20.0 126.4 -34.8 -204.5 -459.3
1745 Na'Vi -49.9 20.9 127.5 -38.8 -208.5 -463.3
1746 Alliance -49.2 21.7 128.6 -42.8 -212.5 -467.3
1750 Alliance -48.5 22.5 129.6 -46.8 -216.5 -471.3
1751 Na'Vi -47.6 23.5 130.8 -50.8 -220.5 -475.3
1753 Na'Vi -46.3 24.9 132.4 -54.8 -224.5 -479.3
1754 TR -50.3 20.9 128.4 -41.9 -213.1 -469.6
1755 SSD -49.2 22.3 130.1 -45.9 -217.1 -473.6
1760 Duskbin -53.2 18.3 126.1 -36.4 -206.5 -463.7
1761 Mski -52.2 19.6 127.5 -40.4 -210.5 -467.7
1763 rox.KIS -51.3 20.6 128.7 -44.4 -214.5 -471.7
1764 Na'Vi -50.2 21.7 130.0 -48.4 -218.5 -475.7
1768 QPandas -54.2 17.7 126.0 -38.0 -208.7 -467.2
1771 VG -53.3 18.9 127.6 -42.0 -212.7 -471.2
1774 Idol -52.3 20.4 129.5 -46.0 -216.7 -475.2
1776 Fnatic.eu -51.2 21.6 130.9 -50.0 -220.7 -479.2
1777 PR -49.7 23.2 132.7 -54.0 -224.7 -483.2
1779 Fnatic.eu -47.9 24.7 134.3 -58.0 -228.7 -487.2
1780 Titan -46.5 26.3 136.1 -62.0 -232.7 -491.2
1783 Titan -45.5 27.3 137.4 -66.0 -236.7 -495.2
1784 LGD.cn -43.9 28.9 139.4 -70.0 -240.7 -499.2
1785 Fnatic.eu -42.8 30.1 140.7 -74.0 -244.7 -503.2
1786 Fnatic.eu -41.4 31.5 142.2 -78.0 -248.7 -507.2
1788 Sigma.int -40.8 32.2 143.1 -82.0 -252.7 -511.2
1790 Na'Vi -39.8 33.1 144.1 -86.0 -256.7 -515.2
1791 Revenge -43.8 29.1 140.1 -76.6 -245.2 -503.6
1793 Fnatic.eu -42.5 30.4 141.6 -80.6 -249.2 -507.6
1795 Empire -40.9 32.2 143.4 -84.6 -253.2 -511.6
1797 TR -44.9 28.2 139.4 -75.2 -243.4 -502.1
1800 Empire -43.3 29.8 141.2 -79.2 -247.4 -506.1
1801 Na'Vi -41.6 31.2 142.8 -83.2 -251.4 -510.1
1802 PR -45.6 27.2 138.8 -70.1 -235.5 -495.3
1803 Sigma.int -44.4 28.6 140.3 -74.1 -239.5 -499.3
1804 DK -44.0 29.2 141.0 -78.1 -243.5 -503.3
1805 VG -43.4 29.9 141.9 -82.1 -247.5 -507.3
1806 DT -41.7 31.5 143.7 -86.1 -251.5 -511.3
1807 LGD.cn -41.2 32.1 144.5 -90.1 -255.5 -515.3
1808 iG -40.8 32.7 145.3 -94.1 -259.5 -519.3
1809 Titan -39.6 33.8 146.6 -98.1 -263.5 -523.3
1811 TongFu -38.7 34.7 147.7 -102.1 -267.5 -527.3
1814 LGD.cn -38.2 35.4 148.6 -106.1 -271.5 -531.3
1815 iG -37.3 36.8 150.3 -110.1 -275.5 -535.3
1817 Mski -36.1 38.0 151.7 -114.1 -279.5 -539.3
1820 Empire -35.2 38.9 152.8 -118.1 -283.5 -543.3
1821 QPandas -39.2 34.9 148.8 -107.3 -272.5 -533.7
1822 Fnatic.eu -38.7 35.5 149.5 -111.3 -276.5 -537.7
1823 SSD -37.0 37.1 151.2 -115.3 -280.5 -541.7
1826 Titan -36.0 38.1 152.3 -119.3 -284.5 -545.7
1827 MVP.P -35.1 39.3 153.7 -123.3 -288.5 -549.7
1828 TongFu -39.1 35.3 149.7 -108.9 -277.3 -539.9
1829 Sigma.int -37.8 37.0 151.7 -112.9 -281.3 -543.9
1833 Fnatic.eu -36.3 38.4 153.1 -116.9 -285.3 -547.9
1836 DK -34.9 40.0 154.9 -120.9 -289.3 -551.9
1837 Titan -33.3 41.5 156.6 -124.9 -293.3 -555.9
1840 PR -37.3 37.5 152.6 -112.7 -282.0 -545.4
1842 DK -36.0 39.1 154.4 -116.7 -286.0 -549.4
1846 DK -35.1 40.2 155.0 -120.7 -290.0 -553.4
1847 DK -34.3 41.3 156.3 -124.7 -294.0 -557.4
1850 rox.KIS -33.0 42.9 157.1 -128.7 -298.0 -561.4
1851 Alliance -32.3 43.8 157.7 -132.7 -302.0 -565.4
1852 SSD -30.6 45.4 159.4 -136.7 -306.0 -569.4
1853 Alliance -29.6 46.2 160.3 -140.7 -310.0 -573.4
1857 iG -28.9 47.1 161.4 -144.7 -314.0 -577.4
1860 Fnatic.eu -28.3 47.9 162.3 -148.7 -318.0 -581.4
1861 Sigma.int -27.3 49.1 163.8 -152.7 -322.0 -585.4
1862 Next.kz -31.3 45.1 159.8 -141.8 -311.4 -575.6
1863 Fnatic.eu -30.1 46.4 160.8 -145.8 -315.4 -579.6
1865 TongFu -29.3 47.4 162.0 -149.8 -319.4 -583.6
1867 Fnatic.eu -28.4 48.4 162.7 -153.8 -323.4 -587.6
1868 Na'Vi -27.7 49.2 163.2 -157.8 -327.4 -591.6
1870 FSid3 -31.7 45.2 159.2 -148.1 -315.9 -580.3
1874 Revenge -30.3 46.8 160.2 -152.1 -319.9 -584.3
1877 FD -28.7 48.5 161.5 -156.1 -323.9 -588.3
1878 Invasion -32.7 44.5 157.5 -144.5 -313.5 -574.4
1879 Orange -31.9 45.4 158.5 -148.5 -317.5 -578.4
1885 Mski -30.7 46.5 159.7 -152.5 -321.5 -582.4
1886 Invasion -29.4 47.9 160.7 -156.5 -325.5 -586.4
1887 Lowyat -28.1 49.3 162.1 -160.5 -329.5 -590.4
1889 Fnatic.eu -32.1 45.3 158.1 -143.3 -316.4 -578.6
1893 Mski -30.9 46.7 158.8 -147.3 -320.4 -582.6
1894 Spirit -34.9 42.7 154.8 -134.8 -308.9 -566.3
1898 Titan -33.6 44.4 155.6 -138.8 -312.9 -570.3
1906 5inQ -32.5 46.1 157.6 -142.8 -316.9 -574.3
1911 Titan -31.4 47.4 158.6 -146.8 -320.9 -578.3
1913 rox.KIS -30.0 49.0 159.9 -150.8 -324.9 -582.3
1916 rox.KIS -28.7 50.4 161.4 -154.8 -328.9 -586.3
1923 VP -27.2 52.1 163.2 -158.8 -332.9 -590.3
1925 PR -25.5 53.7 164.6 -162.8 -336.9 -594.3
1927 Titan -23.9 55.5 165.8 -166.8 -340.9 -598.3
1928 Zephyr -22.9 57.0 167.6 -170.8 -344.9 -602.3
1929 MVP -21.6 58.5 169.4 -174.8 -348.9 -606.3
1934 Sigma.int -25.6 54.5 165.4 -163.8 -337.5 -595.7
1935 EOT.Ham. -29.6 50.5 161.4 -148.3 -327.5 -587.6
1939 Na'Vi -27.9 52.4 162.8 -152.3 -331.5 -591.6
1945 rox.KIS -26.8 53.7 163.6 -156.3 -335.5 -595.6
1948 Empire -25.8 54.8 165.0 -160.3 -339.5 -599.6
1949 EOT.Ham. -29.8 50.8 161.0 -149.4 -330.2 -591.6
1951 Empire -28.6 52.3 161.8 -153.4 -334.2 -595.6
1953 Fnatic.eu -27.6 53.5 162.8 -157.4 -338.2 -599.6
1954 Empire -26.7 54.5 164.0 -161.4 -342.2 -603.6
1956 rox.KIS -25.1 55.9 165.5 -165.4 -346.2 -607.6
1961 Fnatic.eu -24.3 56.8 166.1 -169.4 -350.2 -611.6
1964 Fnatic.eu -23.2 58.2 166.9 -173.4 -354.2 -615.6
1967 Liquid -21.8 59.3 168.2 -177.4 -358.2 -619.6
1971 Relax -25.8 55.3 164.2 -162.7 -345.4 -608.8
1972 PR -29.8 51.3 160.2 -152.7 -336.9 -593.3
1973 Sigma.int -28.6 52.9 161.0 -156.7 -340.9 -597.3
1975 Fnatic.eu -27.9 53.7 161.4 -160.7 -344.9 -601.3
1981 Liquid -27.0 54.9 162.9 -164.7 -348.9 -605.3
1982 Speed -26.0 56.1 163.8 -168.7 -352.9 -609.3
1984 Empire -25.1 57.1 164.6 -172.7 -356.9 -613.3
1985 SADBOYS -29.1 53.1 160.6 -162.9 -348.2 -603.0
1992 Speed -28.2 54.2 162.0 -166.9 -352.2 -607.0
2001 Speed -27.3 55.5 163.5 -170.9 -356.2 -611.0
2009 Fnatic.eu -25.8 57.2 164.8 -174.9 -360.2 -615.0
2010 Na'Vi -24.3 58.8 166.4 -178.9 -364.2 -619.0
2014 Speed -23.1 60.1 167.3 -182.9 -368.2 -623.0
2015 Speed -22.3 61.0 168.5 -186.9 -372.2 -627.0
2019 Na'Vi -20.9 62.4 170.1 -190.9 -376.2 -631.0
2022 Liquid -20.0 63.4 170.7 -194.9 -380.2 -635.0
2023 SADBOYS -19.3 64.3 171.8 -198.9 -384.2 -639.0
2024 SADBOYS -17.9 65.8 172.5 -202.9 -388.2 -643.0
2029 Empire -16.8 67.1 173.2 -206.9 -392.2 -647.0
2032 Liquid -15.9 68.1 174.3 -210.9 -396.2 -651.0
2034 Denial -19.9 64.1 170.3 -200.6 -386.3 -640.6
2035 SADBOYS -18.9 65.2 170.9 -204.6 -390.3 -644.6
2047 Empire -17.2 67.2 172.2 -208.6 -394.3 -648.6
2048 Arrow -15.5 69.3 173.2 -212.6 -398.3 -652.6
2053 SADBOYS -14.7 70.4 173.6 -216.6 -402.3 -656.6
2054 Empire -13.7 71.7 175.2 -220.6 -406.3 -660.6
2055 Na'Vi -12.7 72.9 175.9 -224.6 -410.3 -664.6
2056 bvd.dotA -11.2 74.6 178.0 -228.6 -414.3 -668.6
2058 Cloud9 -10.3 75.9 178.4 -232.6 -418.3 -672.6
2059 Empire -9.4 76.9 179.5 -236.6 -422.3 -676.6
2061 rox.KIS -13.4 72.9 175.5 -221.0 -407.6 -663.5
2064 Cloud9 -12.4 74.1 177.0 -225.0 -411.6 -667.5
2066 Alliance -11.2 75.3 178.3 -229.0 -415.6 -671.5
2067 Na'Vi -10.4 76.2 179.3 -233.0 -419.6 -675.5
2068 Fnatic.eu -9.4 77.3 180.2 -237.0 -423.6 -679.5
2076 Courage -13.4 73.3 176.2 -224.2 -412.8 -657.4
2080 rox.KIS -17.4 69.3 172.2 -207.9 -396.9 -644.1
2082 rox.KIS -16.4 70.5 173.5 -211.9 -400.9 -648.1
2083 PR -15.5 71.5 174.6 -215.9 -404.9 -652.1
2087 Liquid -14.2 72.9 175.5 -219.9 -408.9 -656.1
2089 SADBOYS -13.3 74.0 177.0 -223.9 -412.9 -660.1
2095 Titan -11.9 75.7 177.6 -227.9 -416.9 -664.1
2097 rox.KIS -10.5 77.3 178.4 -231.9 -420.9 -668.1
2098 Zephyr -9.4 78.4 179.8 -235.9 -424.9 -672.1
2100 PR -8.0 79.9 181.0 -239.9 -428.9 -676.1
2102 MYM -6.4 81.6 182.9 -243.9 -432.9 -680.1
2113 TCN -4.8 83.6 184.0 -247.9 -436.9 -684.1
2119 Empire -4.1 84.5 184.5 -251.9 -440.9 -688.1
2121 Relax -3.0 85.8 185.6 -255.9 -444.9 -692.1
2123 rox.KIS -2.1 86.9 186.3 -259.9 -448.9 -696.1
2128 Alliance -0.5 88.6 187.9 -263.9 -452.9 -700.1
2131 Titan 0.2 89.5 189.0 -267.9 -456.9 -704.1
2132 Fnatic.eu 1.9 91.2 190.6 -271.9 -460.9 -708.1
2133 Next.kz -2.1 87.2 186.6 -255.6 -446.1 -688.0
2137 Revenge -0.4 89.0 187.8 -259.6 -450.1 -692.0
2138 Liquid 0.6 90.1 188.5 -263.6 -454.1 -696.0
2139 eHug 2.3 91.9 190.0 -267.6 -458.1 -700.0
2141 WWD 3.8 93.4 191.8 -271.6 -462.1 -704.0
2143 MiTH 5.3 94.9 193.1 -275.6 -466.1 -708.0
2147 Na'Vi 6.4 96.1 194.4 -279.6 -470.1 -712.0
2148 PR 2.4 92.1 190.4 -267.6 -460.3 -703.8
2149 Sigma.int 4.0 93.8 192.3 -271.6 -464.3 -707.8
2152 Relax 3.01980662698e-14 89.8 188.3 -261.4 -454.6 -698.1
2156 Cloud9 1.0 91.0 189.0 -265.4 -458.6 -702.1
2158 Denial -3.0 87.0 185.0 -255.6 -449.3 -690.1
2159 SADBOYS -2.3 87.9 186.1 -259.6 -453.3 -694.1
2160 Dog -0.9 89.7 188.1 -263.6 -457.3 -698.1
2162 Orange 3.03090885723e-14 90.8 189.3 -267.6 -461.3 -702.1
2165 TR -4.0 86.8 185.3 -253.5 -448.7 -682.6
2170 ZR -8.0 82.8 181.3 -244.4 -439.0 -673.7
2172 Na'Vi -6.9 84.1 182.1 -248.4 -443.0 -677.7
2175 Liquid -6.0 85.1 183.4 -252.4 -447.0 -681.7
2177 Dog -4.6 86.9 185.8 -256.4 -451.0 -685.7
2178 VP -3.3 88.3 187.0 -260.4 -455.0 -689.7
2181 MiT -7.3 84.3 183.0 -247.8 -442.7 -678.5
2185 Scythe -6.0 86.0 183.5 -251.8 -446.7 -682.5
2187 Titan -5.4 86.8 184.5 -255.8 -450.7 -686.5
2188 Everlast -9.4 82.8 180.5 -240.2 -438.2 -675.8
2190 VP -8.2 83.9 181.7 -244.2 -442.2 -679.8
2197 Empire -7.4 84.9 183.0 -248.2 -446.2 -683.8
2200 Alliance -6.1 86.1 184.5 -252.2 -450.2 -687.8
2204 Osiris -10.1 82.1 180.5 -242.9 -440.6 -678.8
2210 Titan -9.4 83.0 181.6 -246.9 -444.6 -682.8
2213 Arrow -8.7 83.9 182.9 -250.9 -448.6 -686.8
2214 Orange -7.9 84.9 183.4 -254.9 -452.6 -690.8
2215 ADN -11.9 80.9 179.4 -245.8 -442.9 -684.0
2216 Alliance -10.4 82.6 181.1 -249.8 -446.9 -688.0
2226 Empire -14.4 78.6 177.1 -239.9 -437.0 -681.6
2228 Titan -13.7 79.4 177.5 -243.9 -441.0 -685.6
2229 Scythe -12.2 81.1 178.3 -247.9 -445.0 -689.6
2237 Execration -10.6 82.7 180.0 -251.9 -449.0 -693.6
2238 FD -9.1 84.4 181.5 -255.9 -453.0 -697.6
2239 Orange -13.1 80.4 177.5 -243.8 -443.9 -689.8
2241 hehe -17.1 76.4 173.5 -226.5 -428.9 -663.2
2242 PR -21.1 72.4 169.5 -216.3 -419.5 -649.7
2244 EG -19.5 74.4 170.4 -220.3 -423.5 -653.7
2249 Titan -18.4 75.6 171.8 -224.3 -427.5 -657.7
2251 Zephyr -17.1 77.0 173.5 -228.3 -431.5 -661.7
2260 FL -15.6 78.7 174.5 -232.3 -435.5 -665.7
2261 CIS -19.6 74.7 170.5 -213.1 -421.7 -655.5
2273 VG -18.9 75.6 171.7 -217.1 -425.7 -659.5
2275 Orange -18.2 76.3 172.4 -221.1 -429.7 -663.5
2277 FD -16.9 77.8 173.3 -225.1 -433.7 -667.5
2278 MiTH -15.8 78.9 174.7 -229.1 -437.7 -671.5
2279 DUZA -14.3 80.5 176.0 -233.1 -441.7 -675.5
2280 DK -13.7 81.2 176.9 -237.1 -445.7 -679.5
2282 iG -13.0 82.1 177.4 -241.1 -449.7 -683.5
2284 Zephyr -11.7 83.5 178.7 -245.1 -453.7 -687.5
2285 Na'Vi -10.6 84.6 179.9 -249.1 -457.7 -691.5
2288 EG -14.6 80.6 175.9 -239.6 -448.0 -683.7
2292 Na'Vi -13.1 82.0 177.4 -243.6 -452.0 -687.7
2293 Alliance -12.0 83.3 178.3 -247.6 -456.0 -691.7
2295 Arrow -11.0 84.5 179.6 -251.6 -460.0 -695.7
