0 0 0.0 0.0 0.0 0.0 0.0 0.0
50 3DMAX -4.0 -4.0 -4.0 25.2 17.5 15.0
275 EG -8.0 -8.0 -8.0 44.5 34.4 29.2
316 LGD.cn -7.4 -7.2 -6.9 40.5 30.4 25.2
373 Na'Vi -6.6 -6.3 -5.9 36.5 26.4 21.2
396 Liquid -6.0 -5.6 -4.9 32.5 22.4 17.2
398 Alliance -5.3 -4.8 -3.9 28.5 18.4 13.2
410 Alliance -4.6 -3.9 -2.8 24.5 14.4 9.2
494 zRage -8.6 -7.9 -6.8 45.0 32.6 24.9
502 VP -7.9 -7.1 -5.8 41.0 28.6 20.9
505 Na'Vi -7.4 -6.5 -5.0 37.0 24.6 16.9
508 Na'Vi -6.9 -5.9 -4.3 33.0 20.6 12.9
514 Dignitas -10.9 -9.9 -8.3 54.9 39.2 28.9
529 EG -10.2 -9.1 -7.4 50.9 35.2 24.9
536 Liquid -9.5 -8.3 -6.4 46.9 31.2 20.9
537 Liquid -8.9 -7.6 -5.5 42.9 27.2 16.9
538 Alliance -8.1 -6.8 -4.5 38.9 23.2 12.9
636 EG -7.4 -5.9 -3.4 34.9 19.2 8.9
674 mouz -6.7 -5.0 -2.3 30.9 15.2 4.9
730 LGD.cn -5.9 -4.0 -1.2 26.9 11.2 0.9
746 DK -5.2 -3.1 -0.2 22.9 7.2 -3.1
754 Na'Vi -4.5 -2.3 0.7 18.9 3.2 -7.1
761 Fnatic.eu -3.8 -1.5 1.6 14.9 -0.8 -11.1
773 Alliance -3.1 -0.7 2.5 10.9 -4.8 -15.1
783 TongFu -2.2 0.2 3.5 6.9 -8.8 -19.1
820 4FC -1.5 1.0 4.5 2.9 -12.8 -23.1
832 CDCD -5.5 -3.0 0.5 26.1 5.6 -7.3
873 PR -9.5 -7.0 -3.5 46.8 23.2 7.3
908 iG -8.8 -6.2 -2.5 42.8 19.2 3.3
920 TongFu -8.2 -5.5 -1.6 38.8 15.2 -0.7
931 Alliance -7.3 -4.6 -0.6 34.8 11.2 -4.7
956 Alliance -6.8 -4.1 0.1 30.8 7.2 -8.7
957 Na'Vi -6.0 -3.4 1.0 26.8 3.2 -12.7
958 PR -10.0 -7.4 -3.0 51.5 27.2 8.1
960 Kaipi -9.3 -6.5 -1.8 47.5 23.2 4.1
972 Aspera -13.3 -10.5 -5.8 69.4 42.2 20.0
982 Fnatic.eu -12.5 -9.7 -4.8 65.4 38.2 16.0
990 Kaipi -11.7 -8.8 -3.7 61.4 34.2 12.0
1017 Na'Vi -10.9 -7.9 -2.7 57.4 30.2 8.0
1030 Na'Vi -10.1 -7.0 -1.7 53.4 26.2 4.0
1034 Alliance -9.4 -6.2 -0.7 49.4 22.2 0.0
1035 Alliance -8.7 -5.5 0.1 45.4 18.2 -4.0
1039 Ahead.kz -12.7 -9.5 -3.9 66.7 40.0 13.9
1050 Alliance -11.9 -8.6 -2.8 62.7 36.0 9.9
1055 Alliance -11.3 -7.9 -1.9 58.7 32.0 5.9
1063 Alliance -10.6 -7.1 -1.0 54.7 28.0 1.9
1064 Alliance -9.8 -6.2 5.55111512313e-16 50.7 24.0 -2.1
1081 Na'Vi -9.1 -5.4 1.0 46.7 20.0 -6.1
1082 Fnatic.eu -8.3 -4.5 2.0 42.7 16.0 -10.1
1090 MiTH -7.6 -3.6 3.1 38.7 12.0 -14.1
1095 Arcanys -11.6 -7.6 -0.9 60.2 29.3 -0.6
1097 FD -10.9 -6.7 0.4 56.2 25.3 -4.6
1112 DK -10.4 -6.0 1.2 52.2 21.3 -8.6
1114 Na'Vi -9.7 -5.2 2.2 48.2 17.3 -12.6
1117 VG -9.0 -4.4 3.2 44.2 13.3 -16.6
1118 LGD.cn -8.6 -3.8 4.0 40.2 9.3 -20.6
1123 Na'Vi -8.2 -3.2 4.7 36.2 5.3 -24.6
1129 iG -7.7 -2.5 5.5 32.2 1.3 -28.6
1143 DK -7.2 -1.8 6.4 28.2 -2.7 -32.6
1146 iG -6.8 -1.2 7.1 24.2 -6.7 -36.6
1151 Alliance -6.3 -0.5 7.9 20.2 -10.7 -40.6
1157 Na'Vi -5.5 0.4 8.9 16.2 -14.7 -44.6
1169 DK -5.1 1.0 9.7 12.2 -18.7 -48.6
1172 Speed -9.1 -3.0 5.7 31.1 2.1 -28.5
1175 TongFu -8.4 -2.1 6.9 27.1 -1.9 -32.5
1178 DK -8.0 -1.6 7.6 23.1 -5.9 -36.5
1181 Alliance -7.3 -0.7 8.7 19.1 -9.9 -40.5
1185 Liquid -11.3 -4.7 4.7 39.7 10.9 -21.2
1188 LGD.int -10.7 -3.9 5.6 35.7 6.9 -25.2
1191 DK -10.3 -3.2 6.4 31.7 2.9 -29.2
1195 VG -9.8 -2.5 7.2 27.7 -1.1 -33.2
1196 LGD.cn -9.3 -1.8 8.1 23.7 -5.1 -37.2
1203 TongFu -8.9 -1.2 8.8 19.7 -9.1 -41.2
1204 iG -8.2 -0.3 9.8 15.7 -13.1 -45.2
1215 iG -7.8 0.4 10.6 11.7 -17.1 -49.2
1238 LGD.cn -7.2 1.3 11.8 7.7 -21.1 -53.2
1243 Alliance -6.5 2.1 12.9 3.7 -25.1 -57.2
1247 iG -6.1 2.7 13.7 -0.3 -29.1 -61.2
1253 LGD.int -10.1 -1.3 9.7 28.4 -8.7 -45.1
1263 LGD.cn -9.4 -0.4 10.8 24.4 -12.7 -49.1
1264 DK -8.7 0.4 11.8 20.4 -16.7 -53.1
1266 Alliance -8.0 1.2 12.8 16.4 -20.7 -57.1
1284 Alliance -7.2 2.0 13.8 12.4 -24.7 -61.1
1305 Empire -6.6 2.8 14.7 8.4 -28.7 -65.1
1308 LGD.cn -5.9 3.6 15.7 4.4 -32.7 -69.1
1310 Sigma.int -5.2 4.4 16.7 0.4 -36.7 -73.1
1314 TongFu -4.8 5.0 17.4 -3.6 -40.7 -77.1
1315 Empire -4.0 5.9 18.4 -7.6 -44.7 -81.1
1316 VG -3.3 6.8 19.5 -11.6 -48.7 -85.1
1321 Fnatic.eu -2.6 7.5 20.1 -15.6 -52.7 -89.1
1322 DK -2.2 8.0 20.8 -19.6 -56.7 -93.1
1327 Speed -1.6 8.7 21.7 -23.6 -60.7 -97.1
1329 Alliance -1.0 9.4 22.5 -27.6 -64.7 -101.1
1333 Alliance -0.2 10.2 23.5 -31.6 -68.7 -105.1
1341 Alliance 0.3 10.8 24.2 -35.6 -72.7 -109.1
1351 VG 0.7 11.5 25.0 -39.6 -76.7 -113.1
1352 DK 1.3 12.1 25.8 -43.6 -80.7 -117.1
1359 LGD.cn 1.6 12.6 26.4 -47.6 -84.7 -121.1
1360 iG 2.0 13.1 27.0 -51.6 -88.7 -125.1
1361 Dignitas 2.7 13.9 28.0 -55.6 -92.7 -129.1
1362 Speed 3.1 14.4 28.7 -59.6 -96.7 -133.1
1365 Alliance 3.8 15.1 29.5 -63.6 -100.7 -137.1
1366 Alliance 4.2 15.6 30.1 -67.6 -104.7 -141.1
1369 Na'Vi 4.9 16.4 31.0 -71.6 -108.7 -145.1
1384 Empire 5.6 17.2 32.0 -75.6 -112.7 -149.1
1388 iG 6.1 17.9 32.8 -79.6 -116.7 -153.1
1390 Alliance 6.6 18.5 33.5 -83.6 -120.7 -157.1
1396 rox.KIS 2.6 14.5 29.5 -48.4 -93.0 -133.9
1412 DK 3.0 15.2 30.4 -52.4 -97.0 -137.9
1423 Alliance 3.5 15.8 31.1 -56.4 -101.0 -141.9
1424 DK 3.8 16.2 31.7 -60.4 -105.0 -145.9
1425 VG 4.5 17.0 32.7 -64.4 -109.0 -149.9
1431 DK 4.9 17.5 33.3 -68.4 -113.0 -153.9
1438 Liquid 5.6 18.4 34.3 -72.4 -117.0 -157.9
1442 LGD.int 6.0 19.0 35.0 -76.4 -121.0 -161.9
1443 TongFu 6.7 19.8 36.0 -80.4 -125.0 -165.9
1460 Alliance 7.6 20.7 37.0 -84.4 -129.0 -169.9
1473 LGD.cn 8.2 21.5 38.0 -88.4 -133.0 -173.9
1479 Liquid 8.9 22.3 39.0 -92.4 -137.0 -177.9
1482 Fnatic.eu 9.6 23.2 40.2 -96.4 -141.0 -181.9
1490 EG 10.4 24.2 41.3 -100.4 -145.0 -185.9
1494 Na'Vi 11.0 24.9 42.1 -104.4 -149.0 -189.9
1499 DK 11.8 25.9 43.1 -108.4 -153.0 -193.9
1500 Speed 12.5 26.8 44.3 -112.4 -157.0 -197.9
1508 Alliance 13.1 27.6 45.1 -116.4 -161.0 -201.9
1511 Sigma.int 13.6 28.3 45.8 -120.4 -165.0 -205.9
1513 DK 13.9 28.8 46.4 -124.4 -169.0 -209.9
1528 TongFu 14.6 29.6 47.4 -128.4 -173.0 -213.9
1529 LGD.int 15.2 30.4 48.4 -132.4 -177.0 -217.9
1549 VG 15.8 31.3 49.6 -136.4 -181.0 -221.9
1550 DK 16.5 32.1 50.6 -140.4 -185.0 -225.9
1614 Alliance 17.1 32.9 51.5 -144.4 -189.0 -229.9
1628 Alliance 17.8 33.6 52.4 -148.4 -193.0 -233.9
1629 Fnatic.eu 18.3 34.2 53.2 -152.4 -197.0 -237.9
1631 VG 18.8 34.9 54.2 -156.4 -201.0 -241.9
1634 Alliance 19.5 35.8 55.2 -160.4 -205.0 -245.9
1636 Sigma.int 20.2 36.6 56.3 -164.4 -209.0 -249.9
1657 RRQ 20.9 37.5 57.4 -168.4 -213.0 -253.9
1664 DK 21.6 38.3 58.4 -172.4 -217.0 -257.9
1665 LGD.cn 22.2 39.0 59.4 -176.4 -221.0 -261.9
1685 Alliance 22.7 39.6 60.1 -180.4 -225.0 -265.9
1689 iG 23.2 40.2 60.8 -184.4 -229.0 -269.9
1697 mouz 19.2 36.2 56.8 -167.5 -208.9 -249.8
1699 OsG 15.2 32.2 52.8 -139.1 -182.6 -226.4
1706 Sigma.int 16.1 33.0 53.7 -143.1 -186.6 -230.4
1711 Next.kz 16.8 33.9 54.7 -147.1 -190.6 -234.4
1714 rox.KIS 17.5 34.8 55.7 -151.1 -194.6 -238.4
1722 Mski 18.3 35.6 56.7 -155.1 -198.6 -242.4
1727 Mski 19.1 36.5 57.6 -159.1 -202.6 -246.4
1735 Mski 19.9 37.3 58.6 -163.1 -206.6 -250.4
1745 Na'Vi 20.6 38.2 59.7 -167.1 -210.6 -254.4
1746 Alliance 21.3 39.0 60.8 -171.1 -214.6 -258.4
1750 Alliance 22.0 39.8 61.8 -175.1 -218.6 -262.4
1788 Sigma.int 22.6 40.5 62.7 -179.1 -222.6 -266.4
1804 DK 23.0 41.1 63.4 -183.1 -226.6 -270.4
1805 VG 23.6 41.8 64.3 -187.1 -230.6 -274.4
1807 LGD.cn 24.1 42.4 65.1 -191.1 -234.6 -278.4
1808 iG 24.5 43.0 65.9 -195.1 -238.6 -282.4
1814 LGD.cn 25.0 43.7 66.8 -199.1 -242.6 -286.4
1820 Empire 25.9 44.6 67.9 -203.1 -246.6 -290.4
1822 Fnatic.eu 26.4 45.2 68.6 -207.1 -250.6 -294.4
1846 DK 27.3 46.3 69.2 -211.1 -254.6 -298.4
1851 Alliance 28.0 47.2 69.8 -215.1 -258.6 -302.4
1853 Alliance 29.0 48.0 70.7 -219.1 -262.6 -306.4
1857 iG 29.7 48.9 71.8 -223.1 -266.6 -310.4
1860 Fnatic.eu 30.3 49.7 72.7 -227.1 -270.6 -314.4
1867 Fnatic.eu 31.2 50.7 73.4 -231.1 -274.6 -318.4
1868 Na'Vi 31.9 51.5 73.9 -235.1 -278.6 -322.4
1879 Orange 32.7 52.4 74.9 -239.1 -282.6 -326.4
1961 Fnatic.eu 33.5 53.3 75.5 -243.1 -286.6 -330.4
1975 Fnatic.eu 34.2 54.1 75.9 -247.1 -290.6 -334.4
1984 Empire 35.1 55.1 76.7 -251.1 -294.6 -338.4
2015 Speed 35.9 56.0 77.9 -255.1 -298.6 -342.4
2022 Liquid 36.8 57.0 78.5 -259.1 -302.6 -346.4
2023 SADBOYS 37.5 57.9 79.6 -263.1 -306.6 -350.4
2035 SADBOYS 38.5 59.0 80.2 -267.1 -310.6 -354.4
2053 SADBOYS 39.3 60.1 80.6 -271.1 -314.6 -358.4
2058 Cloud9 40.2 61.4 81.0 -275.1 -318.6 -362.4
2059 Empire 41.1 62.4 82.1 -279.1 -322.6 -366.4
2067 Na'Vi 41.9 63.3 83.1 -283.1 -326.6 -370.4
2119 Empire 42.6 64.2 83.6 -287.1 -330.6 -374.4
2123 rox.KIS 43.5 65.3 84.3 -291.1 -334.6 -378.4
2131 Titan 44.2 66.2 85.4 -295.1 -338.6 -382.4
2156 Cloud9 45.2 67.4 86.1 -299.1 -342.6 -386.4
2159 SADBOYS 45.9 68.3 87.2 -303.1 -346.6 -390.4
2187 Titan 46.5 69.1 88.2 -307.1 -350.6 -394.4
2197 Empire 47.3 70.1 89.5 -311.1 -354.6 -398.4
2210 Titan 48.0 71.0 90.6 -315.1 -358.6 -402.4
2213 Arrow 48.7 71.9 91.9 -319.1 -362.6 -406.4
2214 Orange 49.5 72.9 92.4 -323.1 -366.6 -410.4
2228 Titan 50.2 73.7 92.8 -327.1 -370.6 -414.4
2241 hehe 46.2 69.7 88.8 -309.8 -355.6 -387.8
2273 VG 46.9 70.6 90.0 -313.8 -359.6 -391.8
2275 Orange 47.6 71.3 90.7 -317.8 -363.6 -395.8
2280 DK 48.2 72.0 91.6 -321.8 -367.6 -399.8
2282 iG 48.9 72.9 92.1 -325.8 -371.6 -403.8
