0 0 0.0 0.0 0.0 0.0 0.0 0.0
15 Fnatic 3.5 3.5 2.5 -4.0 -4.0 -4.0
16 Empire -0.5 -0.5 -1.5 0.6 0.9 1.0
17 Turtle 2.1 2.0 1.3 -3.4 -3.1 -3.0
18 Na'Vi 2.9 3.1 2.8 -7.4 -7.1 -7.0
19 Empire 4.4 5.0 4.7 -11.4 -11.1 -11.0
23 mouz 5.2 5.9 5.9 -15.4 -15.1 -15.0
26 Empire 1.2 1.9 1.9 -5.0 -6.6 -7.2
28 Quantic -2.8 -2.1 -2.1 1.6 0.5 -0.6
29 GU.pe -6.8 -6.1 -6.1 13.7 10.4 8.9
31 Liquid -5.1 -4.2 -4.0 9.7 6.4 4.9
32 Alliance -4.4 -3.1 -2.8 5.7 2.4 0.9
34 EG -8.4 -7.1 -6.8 13.9 9.3 7.4
39 VP -12.4 -11.1 -10.8 19.8 15.4 12.9
40 Fnatic.eu -11.0 -9.1 -8.8 15.8 11.4 8.9
41 Empire -9.9 -7.8 -7.1 11.8 7.4 4.9
42 Liquid -13.9 -11.8 -11.1 17.5 13.0 9.8
43 mouz -12.3 -9.9 -9.2 13.5 9.0 5.8
44 Quantic -10.9 -8.0 -7.1 9.5 5.0 1.8
45 Quantic -8.9 -5.6 -4.8 5.5 1.0 -2.2
48 VP -7.5 -4.0 -2.7 1.5 -3.0 -6.2
49 Liquid -6.7 -2.8 -1.3 -2.5 -7.0 -10.2
50 3DMAX -10.7 -6.8 -5.3 22.7 10.5 4.8
51 Liquid -14.7 -10.8 -9.3 33.8 20.1 12.4
53 VP -18.7 -14.8 -13.3 44.4 28.8 20.5
54 4FC -16.1 -11.6 -9.8 40.4 24.8 16.5
57 Dignitas -14.4 -9.4 -7.4 36.4 20.8 12.5
58 Na'Vi -13.1 -7.8 -5.7 32.4 16.8 8.5
59 VP -17.1 -11.8 -9.7 43.8 25.7 16.8
60 Na'Vi -16.1 -10.6 -8.3 39.8 21.7 12.8
63 EG -20.1 -14.6 -12.3 45.4 26.6 17.7
67 Ptd.Bravo -24.1 -18.6 -16.3 50.1 31.8 22.3
69 Dignitas -21.4 -15.8 -13.5 46.1 27.8 18.3
70 Quantic -18.3 -13.0 -10.3 42.1 23.8 14.3
71 Liquid -16.9 -11.4 -8.4 38.1 19.8 10.3
72 Neo.int -20.9 -15.4 -12.4 43.0 25.2 15.2
73 Zenith -20.1 -14.4 -11.3 39.0 21.2 11.2
74 Dignitas -24.1 -18.4 -15.3 45.7 27.3 17.3
75 Fnatic.eu -22.8 -16.9 -13.5 41.7 23.3 13.3
76 eN.Legs -20.4 -13.7 -10.1 37.7 19.3 9.3
77 VnR.Alpha -17.8 -11.8 -7.4 33.7 15.3 5.3
79 Na'Vi -14.8 -8.8 -4.5 29.7 11.3 1.3
80 Liquid -18.8 -12.8 -8.5 37.2 19.2 7.4
81 Neo.int -16.3 -10.8 -6.2 33.2 15.2 3.4
82 Orange -20.3 -14.8 -10.2 40.9 22.8 10.6
83 s4 -24.3 -18.8 -14.2 44.7 28.0 16.0
88 Liquid -28.3 -22.8 -18.2 50.4 33.6 21.2
89 Liquid -26.8 -21.1 -16.4 46.4 29.6 17.2
91 Liquid -23.5 -18.2 -13.6 42.4 25.6 13.2
93 Na'Vi -21.9 -16.4 -11.6 38.4 21.6 9.2
95 Na'Vi -20.2 -14.5 -9.5 34.4 17.6 5.2
96 Empire -18.0 -12.2 -7.0 30.4 13.6 1.2
98 Fnatic.eu -22.0 -16.2 -11.0 44.0 24.0 11.2
99 VP -19.3 -13.3 -7.8 40.0 20.0 7.2
100 Liquid -17.2 -11.1 -5.4 36.0 16.0 3.2
101 3D -14.8 -8.1 -2.3 32.0 12.0 -0.8
102 Dignitas -18.8 -12.1 -6.3 37.4 17.5 4.8
104 PtD.Alpha -17.1 -10.2 -4.3 33.4 13.5 0.8
105 Liquid -14.4 -7.5 -1.4 29.4 9.5 -3.2
106 Dignitas -12.1 -5.0 1.4 25.4 5.5 -7.2
107 iM`Bashers -9.9 -2.1 4.3 21.4 1.5 -11.2
108 ASF.R5 -8.5 -0.4 6.0 17.4 -2.5 -15.2
110 Empire -7.1 1.2 7.6 13.4 -6.5 -19.2
111 Fnatic.eu -5.1 3.7 10.2 9.4 -10.5 -23.2
112 eN.Legs -4.2 5.2 11.7 5.4 -14.5 -27.2
113 Fnatic.eu -2.6 6.9 14.0 1.4 -18.5 -31.2
114 Fnatic.eu -6.6 2.9 10.0 7.4 -12.9 -25.4
117 VP -5.3 4.4 11.7 3.4 -16.9 -29.4
118 mouz -9.3 0.4 7.7 16.8 -5.1 -20.0
119 Fnatic.eu -8.0 2.1 9.6 12.8 -9.1 -24.0
121 eN.Legs -6.5 3.9 11.9 8.8 -13.1 -28.0
123 eLPride -5.3 5.4 13.6 4.8 -17.1 -32.0
124 VP -4.3 6.7 15.1 0.8 -21.1 -36.0
125 Empire -1.8 9.3 17.9 -3.2 -25.1 -40.0
126 rox.KIS -5.8 5.3 13.9 4.0 -18.0 -34.0
128 ASF.R5 -9.8 1.3 9.9 13.9 -9.4 -26.6
130 Alliance -13.8 -2.7 5.9 23.6 -1.3 -18.9
132 Alliance -17.8 -6.7 1.9 32.2 5.4 -12.4
135 Fnatic.eu -16.5 -5.2 3.6 28.2 1.4 -16.4
136 Alliance -15.6 -4.1 4.9 24.2 -2.6 -20.4
137 Na'Vi -12.9 -1.2 7.7 20.2 -6.6 -24.4
138 TCM -16.9 -5.2 3.7 32.8 4.7 -14.8
140 CastersEN -20.9 -9.2 -0.3 37.6 10.3 -9.0
141 mouz -18.5 -6.6 2.4 33.6 6.3 -13.0
142 Alliance -22.5 -10.6 -1.6 38.8 11.1 -8.3
143 Na'Vi -21.4 -9.2 2.22044604925e-15 34.8 7.1 -12.3
144 mouz -25.4 -13.2 -4.0 40.2 12.1 -7.4
145 Alliance -22.2 -9.9 -0.8 36.2 8.1 -11.4
146 Liquid -19.8 -7.4 2.0 32.2 4.1 -15.4
147 4FC -23.8 -11.4 -2.0 37.7 9.6 -9.7
148 Empire -21.1 -8.5 1.1 33.7 5.6 -13.7
151 EG -25.1 -12.5 -2.9 43.2 13.9 -5.7
152 Alliance -22.1 -9.3 0.3 39.2 9.9 -9.7
153 Liquid -26.1 -13.3 -3.7 46.0 17.4 -2.1
154 VP -23.6 -10.9 -1.3 42.0 13.4 -6.1
155 iG -21.6 -8.6 1.2 38.0 9.4 -10.1
157 Fnatic.eu -19.3 -6.3 3.5 34.0 5.4 -14.1
159 VP -23.3 -10.3 -0.5 42.0 12.5 -8.1
161 Empire -27.3 -14.3 -4.5 47.6 18.0 -2.7
162 rox.KIS -25.4 -12.4 -2.5 43.6 14.0 -6.7
163 Lounge -22.8 -9.7 0.4 39.6 10.0 -10.7
164 Dignitas -21.6 -8.2 2.1 35.6 6.0 -14.7
165 eN.Legs -19.8 -6.3 4.4 31.6 2.0 -18.7
166 Fnatic.eu -17.8 -4.2 6.7 27.6 -2.0 -22.7
167 LGD.int -16.9 -3.2 8.0 23.6 -6.0 -26.7
171 LGD.int -16.0 -2.2 9.2 19.6 -10.0 -30.7
172 Liquid -14.4 -0.6 10.9 15.6 -14.0 -34.7
173 VP -12.4 1.7 13.4 11.6 -18.0 -38.7
175 Na'Vi -11.4 2.9 15.0 7.6 -22.0 -42.7
176 Alliance -9.0 5.8 18.1 3.6 -26.0 -46.7
177 QPandas -13.0 1.8 14.1 16.9 -14.9 -37.3
178 Dignitas -10.4 5.1 17.5 12.9 -18.9 -41.3
179 Liquid -14.4 1.1 13.5 22.7 -10.1 -33.2
180 Empire -18.4 -2.9 9.5 35.0 -0.5 -24.9
181 iCCup -22.4 -6.9 5.5 50.6 10.8 -15.0
182 Empire -20.0 -4.2 8.4 46.6 6.8 -19.0
183 Fnatic.eu -24.0 -8.2 4.4 54.1 13.3 -12.7
185 LGD.int -22.7 -6.7 6.1 50.1 9.3 -16.7
186 Alliance -21.0 -4.8 8.1 46.1 5.3 -20.7
187 VP -25.0 -8.8 4.1 53.1 11.8 -14.8
188 LGD.cn -29.0 -12.8 0.1 58.1 17.1 -9.5
189 Dignitas -33.0 -16.8 -3.9 64.8 23.4 -3.7
190 Alliance -37.0 -20.8 -7.9 70.6 28.9 1.8
191 Liquid -41.0 -24.8 -11.9 75.7 34.4 7.2
193 VP -45.0 -28.8 -15.9 81.2 39.7 12.3
194 Alliance -43.3 -26.9 -13.9 77.2 35.7 8.3
195 Dignitas -47.3 -30.9 -17.9 82.8 42.0 16.0
196 Orange -51.3 -34.9 -21.9 92.0 50.6 24.1
198 iG -50.0 -33.3 -20.0 88.0 46.6 20.1
199 Dignitas -54.0 -37.3 -24.0 93.1 51.7 25.2
201 Orange -51.0 -34.0 -20.5 89.1 47.7 21.2
202 Alliance -48.4 -31.3 -17.7 85.1 43.7 17.2
205 Fnatic.eu -52.4 -35.3 -21.7 90.9 49.5 22.9
206 LGD.cn -50.6 -33.5 -19.8 86.9 45.5 18.9
207 Alliance -48.8 -31.5 -17.5 82.9 41.5 14.9
208 iG -47.8 -30.2 -15.9 78.9 37.5 10.9
209 Liquid -46.2 -28.3 -13.7 74.9 33.5 6.9
210 LGD.cn -43.3 -25.7 -11.1 70.9 29.5 2.9
211 Liquid -40.7 -22.7 -7.9 66.9 25.5 -1.1
212 Dignitas -44.7 -26.7 -11.9 73.0 31.7 4.9
213 DK -48.7 -30.7 -15.9 81.9 40.6 13.4
215 Liquid -46.4 -28.2 -13.4 77.9 36.6 9.4
216 Liquid -50.4 -32.2 -17.4 85.3 43.4 16.1
217 DK -47.0 -29.3 -14.6 81.3 39.4 12.1
218 Fnatic.eu -44.8 -27.2 -12.4 77.3 35.4 8.1
219 Dignitas -43.1 -25.4 -10.4 73.3 31.4 4.1
220 Fnatic.eu -41.4 -23.6 -8.4 69.3 27.4 0.1
221 Alliance -39.8 -21.8 -6.4 65.3 23.4 -3.9
224 mouz -43.8 -25.8 -10.4 74.6 32.5 4.3
226 Alliance -43.0 -24.7 -9.0 70.6 28.5 0.3
227 Kaipi -47.0 -28.7 -13.0 79.7 36.7 7.4
229 Liquid -51.0 -32.7 -17.0 89.9 45.5 15.3
230 VP -48.8 -30.2 -14.3 85.9 41.5 11.3
231 Na'Vi -47.3 -28.6 -12.5 81.9 37.5 7.3
232 Alliance -44.6 -25.7 -9.4 77.9 33.5 3.3
233 mouz -43.0 -24.0 -7.5 73.9 29.5 -0.7
234 rox.KIS -41.5 -22.3 -5.7 69.9 25.5 -4.7
235 aL -40.4 -21.0 -4.2 65.9 21.5 -8.7
236 mouz -44.4 -25.0 -8.2 81.6 33.9 1.4
237 Na'Vi -42.7 -23.2 -6.3 77.6 29.9 -2.6
238 rox.KIS -40.1 -20.5 -3.4 73.6 25.9 -6.6
239 Na'Vi -38.7 -18.9 -1.6 69.6 21.9 -10.6
240 Na'Vi -37.8 -17.8 -0.3 65.6 17.9 -14.6
242 EG -41.8 -21.8 -4.3 74.0 26.0 -6.9
243 Alliance -39.4 -19.2 -1.5 70.0 22.0 -10.9
244 Alliance -37.5 -17.0 1.2 66.0 18.0 -14.9
246 Na'Vi -36.5 -16.0 2.5 62.0 14.0 -18.9
247 Dignitas -33.8 -12.6 6.1 58.0 10.0 -22.9
248 Liquid -32.2 -10.9 7.9 54.0 6.0 -26.9
249 Fnatic.eu -29.2 -8.1 10.8 50.0 2.0 -30.9
250 Alliance -33.2 -12.1 6.8 57.2 9.3 -24.2
251 Alliance -31.7 -10.4 8.6 53.2 5.3 -28.2
252 VP -35.7 -14.4 4.6 60.0 11.2 -22.7
253 Liquid -39.7 -18.4 0.6 76.7 25.0 -11.3
254 EG -43.7 -22.4 -3.4 84.5 32.3 -4.8
255 Na'Vi -42.0 -20.5 -1.2 80.5 28.3 -8.8
256 Alliance -40.4 -18.6 0.8 76.5 24.3 -12.8
258 Alliance -38.9 -16.9 2.7 72.5 20.3 -16.8
259 Liquid -35.8 -13.6 6.2 68.5 16.3 -20.8
260 Alliance -34.2 -11.8 8.1 64.5 12.3 -24.8
261 Liquid -31.9 -9.2 10.8 60.5 8.3 -28.8
264 Lounge -35.9 -13.2 6.8 66.1 13.7 -23.5
268 Na'Vi -34.9 -12.0 8.3 62.1 9.7 -27.5
269 EG -38.9 -16.0 4.3 68.2 15.3 -22.1
270 Liquid -37.4 -14.3 6.2 64.2 11.3 -26.1
271 Na'Vi -36.3 -12.9 7.8 60.2 7.3 -30.1
273 mouz -34.9 -11.5 9.4 56.2 3.3 -34.1
274 Liquid -33.5 -9.8 11.3 52.2 -0.7 -38.1
275 EG -37.5 -13.8 7.3 71.5 16.2 -23.9
276 Alliance -36.5 -12.6 8.6 67.5 12.2 -27.9
277 Na'Vi -34.8 -10.6 11.0 63.5 8.2 -31.9
279 Dignitas -33.4 -8.9 13.0 59.5 4.2 -35.9
280 Zenith -32.3 -7.6 14.6 55.5 0.2 -39.9
281 EG -36.3 -11.6 10.6 63.6 7.2 -33.7
282 Alliance -35.4 -10.5 12.0 59.6 3.2 -37.7
283 VG -39.4 -14.5 8.0 74.7 15.8 -27.6
284 Liquid -37.3 -12.1 10.6 70.7 11.8 -31.6
285 rox.KIS -34.3 -8.9 14.0 66.7 7.8 -35.6
286 Dignitas -32.8 -7.3 15.7 62.7 3.8 -39.6
289 Dignitas -30.9 -5.0 18.1 58.7 -0.2 -43.6
290 Na'Vi -28.7 -2.7 20.6 54.7 -4.2 -47.6
291 Alliance -27.3 -1.1 22.5 50.7 -8.2 -51.6
292 rox.KIS -31.3 -5.1 18.5 59.1 -0.8 -44.8
293 aL -35.3 -9.1 14.5 73.0 12.0 -33.8
294 Alliance -34.3 -7.9 16.0 69.0 8.0 -37.8
295 Quantic -38.3 -11.9 12.0 73.9 13.5 -32.3
296 Quantic -35.4 -8.8 15.2 69.9 9.5 -36.3
297 rox.KIS -33.9 -7.0 17.2 65.9 5.5 -40.3
298 Zenith -32.0 -5.0 19.4 61.9 1.5 -44.3
299 rox.KIS -30.0 -2.9 21.6 57.9 -2.5 -48.3
300 mouz -28.8 -1.5 23.3 53.9 -6.5 -52.3
301 EG -27.7 -0.1 24.9 49.9 -10.5 -56.3
302 EG -25.8 2.1 27.4 45.9 -14.5 -60.3
303 QPandas -29.8 -1.9 23.4 52.1 -8.8 -55.1
304 VG -29.0 -1.0 24.6 48.1 -12.8 -59.1
305 mouz -27.0 1.2 27.0 44.1 -16.8 -63.1
306 LGD.cn -26.2 2.1 28.1 40.1 -20.8 -67.1
307 rox.KIS -30.2 -1.9 24.1 48.4 -14.2 -61.4
308 Quantic -34.2 -5.9 20.1 54.2 -9.2 -56.7
310 iG -33.3 -4.7 21.7 50.2 -13.2 -60.7
312 mouz -37.3 -8.7 17.7 55.8 -7.7 -55.1
313 mouz -41.3 -12.7 13.7 62.3 -1.4 -49.2
314 VP -39.9 -11.1 15.5 58.3 -5.4 -53.2
315 Liquid -38.2 -9.3 17.4 54.3 -9.4 -57.2
316 LGD.cn -37.6 -8.5 18.5 50.3 -13.4 -61.2
317 FD -41.6 -12.5 14.5 63.1 -3.4 -52.7
318 mouz -38.7 -9.3 17.8 59.1 -7.4 -56.7
319 Na'Vi -37.6 -8.1 19.2 55.1 -11.4 -60.7
321 mouz -36.7 -7.1 20.5 51.1 -15.4 -64.7
322 RS -35.2 -5.3 22.6 47.1 -19.4 -68.7
323 TongFu -39.2 -9.3 18.6 52.6 -13.9 -63.2
324 QPandas -43.2 -13.3 14.6 66.1 -2.4 -53.6
325 RS -40.7 -10.4 17.6 62.1 -6.4 -57.6
326 PR -44.7 -14.4 13.6 72.2 3.0 -49.0
327 rox.KIS -48.7 -18.4 9.6 82.2 11.7 -41.1
328 4FC -52.7 -22.4 5.6 88.5 17.8 -35.3
330 TongFu -56.7 -26.4 1.6 108.1 33.5 -24.1
331 EG -60.7 -30.4 -2.4 116.8 41.7 -16.5
332 RStars -58.1 -27.3 1.2 112.8 37.7 -20.5
333 VG -56.7 -25.6 3.2 108.8 33.7 -24.5
334 VP -55.3 -23.8 5.3 104.8 29.7 -28.5
337 TongFu -54.4 -22.6 6.9 100.8 25.7 -32.5
338 Na'Vi -53.5 -21.5 8.3 96.8 21.7 -36.5
339 RStars -51.2 -18.4 11.5 92.8 17.7 -40.5
340 mouz -50.4 -17.5 12.6 88.8 13.7 -44.5
342 Alliance -47.6 -15.0 15.2 84.8 9.7 -48.5
344 LGD.cn -51.6 -19.0 11.2 95.4 19.5 -39.8
345 LGD.cn -49.8 -17.2 13.1 91.4 15.5 -43.8
346 Alliance -48.7 -16.0 14.5 87.4 11.5 -47.8
347 Orange -52.7 -20.0 10.5 95.7 17.9 -42.0
348 Na'Vi -51.3 -18.3 12.3 91.7 13.9 -46.0
349 Quantic -48.3 -15.0 16.0 87.7 9.9 -50.0
351 Alliance -46.3 -12.8 18.3 83.7 5.9 -54.0
352 LGD.cn -45.2 -11.5 19.8 79.7 1.9 -58.0
353 iG -43.5 -9.6 21.9 75.7 -2.1 -62.0
355 DK -47.5 -13.6 17.9 84.6 7.6 -52.9
356 Liquid -51.5 -17.6 13.9 98.7 19.5 -43.1
357 LGD.cn -49.8 -15.8 15.8 94.7 15.5 -47.1
358 Alliance -47.8 -13.7 18.0 90.7 11.5 -51.1
360 mouz -46.0 -11.8 20.2 86.7 7.5 -55.1
362 LGD.cn -44.6 -10.5 21.7 82.7 3.5 -59.1
363 Alliance -42.5 -8.4 23.8 78.7 -0.5 -63.1
364 Zenith -41.4 -7.1 25.3 74.7 -4.5 -67.1
365 rox.KIS -45.4 -11.1 21.3 83.0 2.8 -60.8
366 Dignitas -49.4 -15.1 17.3 91.7 11.7 -52.7
368 mouz -48.0 -13.5 19.2 87.7 7.7 -56.7
369 iCCup -52.0 -17.5 15.2 98.6 18.1 -47.1
370 iCCup -49.7 -14.8 18.2 94.6 14.1 -51.1
372 Quantic -53.7 -18.8 14.2 103.1 22.0 -44.3
373 Na'Vi -52.9 -17.9 15.2 99.1 18.0 -48.3
374 Dignitas -56.9 -21.9 11.2 104.6 23.4 -43.4
375 VG -55.2 -19.9 13.3 100.6 19.4 -47.4
376 LGD.cn -54.4 -18.9 14.5 96.6 15.4 -51.4
377 LGD.cn -53.2 -17.8 15.8 92.6 11.4 -55.4
378 VP -51.7 -16.2 17.6 88.6 7.4 -59.4
379 Na'Vi -50.8 -15.1 18.9 84.6 3.4 -63.4
380 4FC -48.1 -12.1 22.1 80.6 -0.6 -67.4
381 RS -45.1 -9.0 25.3 76.6 -4.6 -71.4
382 Fnatic.eu -49.1 -13.0 21.3 85.0 2.5 -65.0
383 RS -53.1 -17.0 17.3 94.3 11.7 -56.3
384 Alliance -52.1 -15.7 18.9 90.3 7.7 -60.3
385 Alliance -49.8 -12.7 22.5 86.3 3.7 -64.3
387 LGD.cn -48.6 -11.3 24.1 82.3 -0.3 -68.3
388 Dignitas -47.6 -10.1 25.9 78.3 -4.3 -72.3
389 iG -46.7 -9.1 27.2 74.3 -8.3 -76.3
390 Na'Vi -45.3 -7.5 29.0 70.3 -12.3 -80.3
392 Alliance -44.2 -6.2 30.5 66.3 -16.3 -84.3
393 Kaipi -48.2 -10.2 26.5 75.5 -6.4 -75.8
394 MX -46.0 -7.8 29.2 71.5 -10.4 -79.8
395 LGD.cn -42.7 -4.6 32.5 67.5 -14.4 -83.8
396 Liquid -42.1 -3.9 33.5 63.5 -18.4 -87.8
397 rox.KIS -39.6 -1.8 35.7 59.5 -22.4 -91.8
398 Alliance -38.9 -1.0 36.7 55.5 -26.4 -95.8
399 VP -42.9 -5.0 32.7 63.9 -18.4 -88.1
402 DK -46.9 -9.0 28.7 70.0 -11.1 -81.0
403 RStars -50.9 -13.0 24.7 81.4 -0.5 -72.0
404 MiTH -49.2 -11.1 26.8 77.4 -4.5 -76.0
405 mouz -53.2 -15.1 22.8 82.0 0.4 -71.1
407 PR -51.4 -12.8 25.6 78.0 -3.6 -75.1
408 TM -49.7 -10.9 27.8 74.0 -7.6 -79.1
409 Orange -48.6 -9.5 29.5 70.0 -11.6 -83.1
410 Alliance -47.9 -8.6 30.6 66.0 -15.6 -87.1
411 Quantic -51.9 -12.6 26.6 71.4 -10.6 -82.4
412 mouz -50.0 -10.5 28.9 67.4 -14.6 -86.4
414 Alliance -49.1 -9.4 30.3 63.4 -18.6 -90.4
416 4FC -53.1 -13.4 26.3 81.9 -2.1 -76.5
417 mouz -57.1 -17.4 22.3 95.8 9.8 -66.5
418 VP -55.3 -15.6 24.4 91.8 5.8 -70.5
420 Na'Vi -59.3 -19.6 20.4 98.8 11.2 -65.6
421 Na'Vi -57.8 -18.0 22.2 94.8 7.2 -69.6
423 Quantic -55.2 -15.4 25.0 90.8 3.2 -73.6
424 Kaipi -59.2 -19.4 21.0 101.6 14.0 -63.8
425 mouz -57.3 -17.3 23.3 97.6 10.0 -67.8
426 Artyk -55.4 -14.9 26.1 93.6 6.0 -71.8
427 rox.KIS -54.1 -13.5 27.7 89.6 2.0 -75.8
428 Kaipi -52.5 -11.5 30.1 85.6 -2.0 -79.8
429 Liquid -49.9 -9.0 32.7 81.6 -6.0 -83.8
430 rox.KIS -48.7 -7.7 34.1 77.6 -10.0 -87.8
431 Quantic -47.7 -6.4 35.7 73.6 -14.0 -91.8
432 Kaipi -46.1 -5.0 37.3 69.6 -18.0 -95.8
433 DK -44.9 -3.6 39.0 65.6 -22.0 -99.8
437 Quantic -43.9 -2.6 40.3 61.6 -26.0 -103.8
438 Na'Vi -41.9 -0.7 42.3 57.6 -30.0 -107.8
439 Artyk -41.0 0.3 43.8 53.6 -34.0 -111.8
440 Orange -39.0 2.8 46.5 49.6 -38.0 -115.8
441 Na'Vi -38.1 3.8 47.7 45.6 -42.0 -119.8
442 Kaipi -36.0 5.7 49.7 41.6 -46.0 -123.8
443 Kaipi -40.0 1.7 45.7 54.3 -32.6 -111.9
444 Artyk -44.0 -2.3 41.7 65.2 -22.4 -102.6
445 TM -42.9 -0.9 43.3 61.2 -26.4 -106.6
446 Orange -42.0 0.1 44.5 57.2 -30.4 -110.6
447 DK -40.8 1.4 46.1 53.2 -34.4 -114.6
448 VP -44.8 -2.6 42.1 64.3 -24.7 -106.2
449 VP -43.3 -0.7 44.3 60.3 -28.7 -110.2
451 Kaipi -42.4 0.3 45.5 56.3 -32.7 -114.2
452 EG -40.8 2.1 47.5 52.3 -36.7 -118.2
453 Fnatic.eu -44.8 -1.9 43.5 65.4 -25.5 -109.2
454 Kaipi -48.8 -5.9 39.5 72.0 -19.9 -104.1
455 EG -46.0 -2.9 42.5 68.0 -23.9 -108.1
456 Fnatic.eu -50.0 -6.9 38.5 74.0 -17.8 -102.4
457 Alliance -48.2 -4.9 40.6 70.0 -21.8 -106.4
459 Alliance -46.6 -3.1 42.6 66.0 -25.8 -110.4
460 Kaipi -50.6 -7.1 38.6 72.4 -20.0 -104.9
461 Alliance -49.8 -6.2 39.8 68.4 -24.0 -108.9
463 VP -47.1 -3.7 42.5 64.4 -28.0 -112.9
464 Fnatic.eu -45.6 -2.2 44.1 60.4 -32.0 -116.9
465 Alliance -44.2 -0.8 45.7 56.4 -36.0 -120.9
466 iCCup -42.3 1.2 48.0 52.4 -40.0 -124.9
467 Na'Vi -40.5 3.3 50.3 48.4 -44.0 -128.9
468 Quantic -39.0 4.8 52.0 44.4 -48.0 -132.9
469 Alliance -37.4 6.4 53.8 40.4 -52.0 -136.9
470 mouz -34.7 9.1 56.7 36.4 -56.0 -140.9
471 4FC -38.7 5.1 52.7 49.6 -43.3 -130.0
475 Na'Vi -37.7 6.1 53.9 45.6 -47.3 -134.0
476 Na'Vi -36.2 7.7 55.7 41.6 -51.3 -138.0
477 mouz -33.5 10.7 58.8 37.6 -55.3 -142.0
478 rox.KIS -30.0 13.7 61.9 33.6 -59.3 -146.0
479 4FC -28.9 14.9 63.4 29.6 -63.3 -150.0
480 Orange -27.9 16.1 64.9 25.6 -67.3 -154.0
481 TM -26.6 17.8 66.9 21.6 -71.3 -158.0
482 Smeagol -24.8 20.1 69.3 17.6 -75.3 -162.0
483 paiN -28.8 16.1 65.3 26.2 -66.8 -154.9
484 Empire -32.8 12.1 61.3 42.9 -51.6 -143.0
486 Na'Vi -31.6 13.3 62.6 38.9 -55.6 -147.0
487 Kaipi -29.4 15.9 65.5 34.9 -59.6 -151.0
488 Fnatic.eu -33.4 11.9 61.5 52.6 -44.8 -139.4
489 LGD.int -31.8 13.5 63.4 48.6 -48.8 -143.4
490 paiN.int -29.1 16.6 66.8 44.6 -52.8 -147.4
491 TM -27.8 18.3 68.7 40.6 -56.8 -151.4
492 iCCup -26.5 19.9 70.5 36.6 -60.8 -155.4
493 iCCup -25.5 21.1 71.9 32.6 -64.8 -159.4
494 zRage -29.5 17.1 67.9 53.1 -46.6 -143.7
495 Artyk -28.3 18.7 69.9 49.1 -50.6 -147.7
496 TongFu -26.3 21.1 72.5 45.1 -54.6 -151.7
497 DK -30.3 17.1 68.5 50.6 -49.4 -146.7
498 mouz -29.1 18.4 70.1 46.6 -53.4 -150.7
499 Liquid -27.9 19.8 71.5 42.6 -57.4 -154.7
500 Liquid -31.9 15.8 67.5 48.8 -50.4 -148.0
501 eLPride -35.9 11.8 63.5 54.4 -44.0 -141.5
502 VP -35.2 12.6 64.5 50.4 -48.0 -145.5
503 Dignitas -34.4 13.6 65.8 46.4 -52.0 -149.5
504 VP -32.7 15.4 67.9 42.4 -56.0 -153.5
505 Na'Vi -32.2 16.0 68.7 38.4 -60.0 -157.5
506 EG -31.4 16.9 69.9 34.4 -64.0 -161.5
507 Na'Vi -30.5 17.9 71.2 30.4 -68.0 -165.5
508 Na'Vi -30.0 18.5 71.9 26.4 -72.0 -169.5
509 Keita -27.0 20.9 74.2 22.4 -76.0 -173.5
511 Alliance -24.9 23.2 76.7 18.4 -80.0 -177.5
512 Quantic -28.9 19.2 72.7 36.1 -64.8 -163.6
513 EG -32.9 15.2 68.7 49.4 -53.4 -153.4
514 Dignitas -36.9 11.2 64.7 71.3 -34.8 -137.4
515 Alliance -35.4 13.1 66.9 67.3 -38.8 -141.4
517 Alliance -33.9 14.9 69.0 63.3 -42.8 -145.4
518 Alliance -31.9 17.3 71.6 59.3 -46.8 -149.4
519 FSid3 -29.9 19.7 74.3 55.3 -50.8 -153.4
520 Quantic -28.8 21.0 75.9 51.3 -54.8 -157.4
521 LGD.int -32.8 17.0 71.9 61.2 -46.5 -150.0
522 Na'Vi -31.6 18.4 73.5 57.2 -50.5 -154.0
523 Na'Vi -29.9 20.2 75.5 53.2 -54.5 -158.0
524 Na'Vi -28.6 21.6 77.1 49.2 -58.5 -162.0
525 LGD.cn -26.7 23.6 79.4 45.2 -62.5 -166.0
527 Na'Vi -25.7 24.7 80.8 41.2 -66.5 -170.0
528 Liquid -24.8 25.8 82.1 37.2 -70.5 -174.0
529 EG -24.1 26.6 83.0 33.2 -74.5 -178.0
531 Na'Vi -23.2 27.6 84.2 29.2 -78.5 -182.0
532 Empire -22.2 28.6 85.4 25.2 -82.5 -186.0
533 rox.KIS -21.1 29.6 86.4 21.2 -86.5 -190.0
534 EG -18.3 32.4 89.1 17.2 -90.5 -194.0
536 Liquid -17.6 33.2 90.1 13.2 -94.5 -198.0
537 Liquid -17.0 33.9 91.0 9.2 -98.5 -202.0
538 Alliance -16.2 34.7 92.0 5.2 -102.5 -206.0
540 EG -13.6 37.2 94.6 1.2 -106.5 -210.0
541 VP -12.6 38.5 96.0 -2.8 -110.5 -214.0
542 Alliance -11.1 40.1 97.8 -6.8 -114.5 -218.0
543 VP -8.5 42.4 100.4 -10.8 -118.5 -222.0
544 EG -12.5 38.4 96.4 -0.6 -108.8 -212.9
545 Alliance -11.0 40.3 98.6 -4.6 -112.8 -216.9
546 Orange -8.5 42.4 100.7 -8.6 -116.8 -220.9
547 iG -6.6 44.2 102.6 -12.6 -120.8 -224.9
548 Liquid -3.5 47.3 105.9 -16.6 -124.8 -228.9
549 Fnatic.eu -7.5 43.3 101.9 -4.1 -113.8 -219.6
550 Kaipi -11.5 39.3 97.9 6.1 -103.3 -209.9
551 Kaipi -15.5 35.3 93.9 16.2 -92.4 -199.2
553 TongFu -19.5 31.3 89.9 32.0 -77.5 -186.4
557 Liquid -23.5 27.3 85.9 42.5 -68.5 -178.3
558 rox.KIS -21.8 29.1 87.9 38.5 -72.5 -182.3
561 Orange -25.8 25.1 83.9 43.1 -67.2 -177.0
562 TongFu -24.1 26.9 85.8 39.1 -71.2 -181.0
564 EG -28.1 22.9 81.8 46.0 -64.6 -174.9
567 mouz -25.1 26.1 85.2 42.0 -68.6 -178.9
568 Liquid -22.4 28.7 87.9 38.0 -72.6 -182.9
571 DK -26.4 24.7 83.9 45.4 -65.5 -176.1
573 VP -30.4 20.7 79.9 57.8 -55.3 -167.4
574 Fnatic.eu -34.4 16.7 75.9 69.7 -44.9 -158.6
575 TongFu -38.4 12.7 71.9 75.2 -39.6 -153.6
576 iCCup -42.4 8.7 67.9 87.6 -29.7 -145.1
577 rox.KIS -40.4 10.8 70.4 83.6 -33.7 -149.1
579 Alliance -37.7 13.6 73.4 79.6 -37.7 -153.1
580 VP -36.7 14.8 74.8 75.6 -41.7 -157.1
581 LGD.cn -34.3 17.6 77.9 71.6 -45.7 -161.1
584 Alliance -32.3 20.1 80.6 67.6 -49.7 -165.1
585 VP -30.8 21.9 82.5 63.6 -53.7 -169.1
587 Alliance -29.4 23.2 83.9 59.6 -57.7 -173.1
588 Zenith -33.4 19.2 79.9 67.0 -50.1 -166.2
589 Alliance -31.4 21.3 82.3 63.0 -54.1 -170.2
590 Na'Vi -29.5 23.1 84.2 59.0 -58.1 -174.2
591 LGD.cn -26.8 26.0 87.2 55.0 -62.1 -178.2
592 Fnatic.eu -25.0 28.0 89.3 51.0 -66.1 -182.2
593 Quantic -22.5 30.5 91.9 47.0 -70.1 -186.2
595 Alliance -20.9 32.2 93.8 43.0 -74.1 -190.2
596 mouz -18.1 35.2 96.7 39.0 -78.1 -194.2
597 Alliance -16.3 37.1 98.7 35.0 -82.1 -198.2
598 LGD.cn -14.8 38.8 100.6 31.0 -86.1 -202.2
599 Na'Vi -11.3 41.8 103.5 27.0 -90.1 -206.2
600 mouz -15.3 37.8 99.5 39.4 -78.3 -195.7
602 Alliance -13.7 39.6 101.4 35.4 -82.3 -199.7
604 Orange -12.6 40.8 102.9 31.4 -86.3 -203.7
605 LGD.int -10.8 42.5 104.8 27.4 -90.3 -207.7
607 Kaipi -14.8 38.5 100.8 36.3 -81.7 -200.1
608 Alliance -13.5 40.0 102.5 32.3 -85.7 -204.1
611 Denial -11.5 42.4 105.2 28.3 -89.7 -208.1
612 Na'Vi -8.3 45.3 108.0 24.3 -93.7 -212.1
613 Fnatic.eu -5.5 48.1 110.8 20.3 -97.7 -216.1
615 Orange -4.2 49.5 112.4 16.3 -101.7 -220.1
616 TongFu -2.4 51.7 115.0 12.3 -105.7 -224.1
617 VP -1.0 53.3 116.8 8.3 -109.7 -228.1
618 Alliance 0.2 54.7 118.4 4.3 -113.7 -232.1
619 iG -3.8 50.7 114.4 9.6 -108.6 -227.1
620 DK -7.8 46.7 110.4 14.2 -103.0 -221.0
621 iCCup -11.8 42.7 106.4 27.8 -89.9 -210.5
622 Fnatic.eu -9.5 44.8 108.5 23.8 -93.9 -214.5
623 Alliance -7.9 46.6 110.5 19.8 -97.9 -218.5
624 Liquid -6.4 48.3 112.4 15.8 -101.9 -222.5
625 TongFu -10.4 44.3 108.4 21.5 -96.8 -217.8
626 iCCup -14.4 40.3 104.4 32.3 -87.3 -209.6
627 EG -12.6 42.0 106.3 28.3 -91.3 -213.6
628 EG -11.7 43.0 107.5 24.3 -95.3 -217.6
629 LGD.cn -15.7 39.0 103.5 31.2 -88.0 -210.8
630 iG -13.7 41.1 105.8 27.2 -92.0 -214.8
631 Alliance -12.8 42.3 107.3 23.2 -96.0 -218.8
632 mouz -11.3 44.0 109.2 19.2 -100.0 -222.8
634 Na'Vi -8.4 46.8 112.0 15.2 -104.0 -226.8
635 Dignitas -7.0 48.3 113.8 11.2 -108.0 -230.8
636 EG -6.3 49.2 114.9 7.2 -112.0 -234.8
638 Na'Vi -3.6 51.8 117.6 3.2 -116.0 -238.8
639 4FC -0.3 54.6 120.4 -0.8 -120.0 -242.8
641 mouz 1.8 57.2 123.2 -4.8 -124.0 -246.8
642 Alliance 2.8 58.4 124.7 -8.8 -128.0 -250.8
643 iG 5.1 60.5 127.0 -12.8 -132.0 -254.8
644 rox.KIS 1.1 56.5 123.0 -2.0 -121.9 -246.0
645 VP -2.9 52.5 119.0 6.5 -113.6 -238.5
646 Fnatic.eu -0.5 54.6 121.2 2.5 -117.6 -242.5
648 VP 1.2 56.7 123.6 -1.5 -121.6 -246.5
651 Denial -2.8 52.7 119.6 16.5 -106.2 -234.5
652 DK -6.8 48.7 115.6 22.4 -100.6 -229.1
653 VG -10.8 44.7 111.6 37.4 -87.5 -218.3
654 DK -8.8 47.3 114.8 33.4 -91.5 -222.3
656 Na'Vi -7.7 48.5 116.3 29.4 -95.5 -226.3
657 mouz -6.1 50.4 118.4 25.4 -99.5 -230.3
658 mouz -10.1 46.4 114.4 36.9 -89.4 -220.5
659 Na'Vi -8.5 48.0 116.1 32.9 -93.4 -224.5
660 RS -12.5 44.0 112.1 45.4 -82.1 -214.9
661 iG -16.5 40.0 108.1 50.9 -77.1 -210.2
662 DK -14.8 41.9 110.3 46.9 -81.1 -214.2
664 RStars -18.8 37.9 106.3 63.0 -67.7 -203.0
665 Orange -16.4 40.5 109.3 59.0 -71.7 -207.0
666 LGD.cn -14.1 43.2 112.2 55.0 -75.7 -211.0
667 DK -12.3 45.1 114.4 51.0 -79.7 -215.0
668 mouz -11.5 46.1 115.7 47.0 -83.7 -219.0
669 iNfernity -9.2 48.7 118.9 43.0 -87.7 -223.0
670 EG -8.2 49.8 120.3 39.0 -91.7 -227.0
671 Fnatic.eu -7.3 50.8 121.5 35.0 -95.7 -231.0
672 Orange -5.7 52.5 123.4 31.0 -99.7 -235.0
673 LGD.cn -2.7 55.8 126.9 27.0 -103.7 -239.0
674 mouz -2.0 56.7 128.0 23.0 -107.7 -243.0
675 EG -6.0 52.7 124.0 29.4 -101.5 -237.1
676 LGD.cn -4.2 54.6 126.2 25.4 -105.5 -241.1
677 mouz -2.2 56.6 128.2 21.4 -109.5 -245.1
678 Kaipi -6.2 52.6 124.2 40.1 -93.0 -231.5
679 Fnatic.eu -10.2 48.6 120.2 49.8 -84.4 -223.7
680 Liquid -14.2 44.6 116.2 56.4 -77.7 -218.0
681 Quantic -18.2 40.6 112.2 63.1 -71.8 -212.6
682 mouz -22.2 36.6 108.2 69.4 -65.9 -207.3
683 rox.KIS -26.2 32.6 104.2 75.8 -60.2 -202.1
685 mouz -23.6 35.6 107.5 71.8 -64.2 -206.1
686 VP -21.8 37.5 109.6 67.8 -68.2 -210.1
687 VP -25.8 33.5 105.6 73.4 -63.0 -205.0
688 VP -23.8 35.6 108.0 69.4 -67.0 -209.0
690 EG -21.9 38.0 110.6 65.4 -71.0 -213.0
691 Liquid -19.7 40.4 113.2 61.4 -75.0 -217.0
692 Na'Vi -18.1 42.0 115.0 57.4 -79.0 -221.0
693 Alliance -16.5 43.7 116.9 53.4 -83.0 -225.0
695 Alliance -14.5 45.9 119.3 49.4 -87.0 -229.0
696 Fnatic.eu -12.9 47.5 121.1 45.4 -91.0 -233.0
697 Kaipi -11.3 49.1 122.9 41.4 -95.0 -237.0
699 Alliance -10.2 50.4 124.4 37.4 -99.0 -241.0
700 Orange -8.8 51.8 126.1 33.4 -103.0 -245.0
701 VG -12.8 47.8 122.1 39.5 -96.8 -239.2
702 Na'Vi -11.9 48.8 123.3 35.5 -100.8 -243.2
703 mouz -11.0 49.8 124.6 31.5 -104.8 -247.2
704 EG -15.0 45.8 120.6 39.5 -97.8 -240.9
706 RS -19.0 41.8 116.6 45.0 -92.5 -235.7
707 Orange -17.1 43.7 118.7 41.0 -96.5 -239.7
708 iCCup -21.1 39.7 114.7 50.9 -87.6 -231.7
709 Kaipi -18.1 42.8 118.0 46.9 -91.6 -235.7
710 VP -14.9 45.9 121.2 42.9 -95.6 -239.7
711 mouz -12.2 49.1 124.6 38.9 -99.6 -243.7
712 Na'Vi -11.3 50.2 125.9 34.9 -103.6 -247.7
713 MiTH -9.6 52.1 128.1 30.9 -107.6 -251.7
714 Dreamz -6.7 54.8 131.0 26.9 -111.6 -255.7
715 mouz -5.2 56.5 132.9 22.9 -115.6 -259.7
716 mouz -3.1 58.9 135.6 18.9 -119.6 -263.7
717 mouz -0.2 61.9 138.7 14.9 -123.6 -267.7
718 Dreamz 0.9 63.1 140.2 10.9 -127.6 -271.7
719 Mski 3.0 64.9 142.1 6.9 -131.6 -275.7
720 MiTH 4.8 66.7 144.1 2.9 -135.6 -279.7
721 Mski 0.8 62.7 140.1 12.3 -125.5 -270.5
722 iCCup 2.7 64.7 142.4 8.3 -129.5 -274.5
723 Kaipi 3.6 65.7 143.6 4.3 -133.5 -278.5
725 Romania 5.3 67.7 145.9 0.3 -137.5 -282.5
726 RS 1.3 63.7 141.9 7.2 -130.5 -276.2
727 Fnatic.eu -2.7 59.7 137.9 24.0 -116.0 -264.7
729 DK -1.7 61.2 139.7 20.0 -120.0 -268.7
730 LGD.cn -0.9 62.2 140.8 16.0 -124.0 -272.7
731 iG 0.7 64.1 142.9 12.0 -128.0 -276.7
732 Alliance 1.8 65.4 144.5 8.0 -132.0 -280.7
734 TongFu 4.8 68.7 147.9 4.0 -136.0 -284.7
735 Dignitas 8.2 71.8 150.9 7.1054273576e-15 -140.0 -288.7
737 Na'Vi 10.4 74.2 153.5 -4.0 -144.0 -292.7
741 TongFu 11.9 76.0 156.0 -8.0 -148.0 -296.7
744 Alliance 14.4 78.6 158.8 -12.0 -152.0 -300.7
745 Dignitas 10.4 74.6 154.8 9.5 -137.5 -289.0
746 DK 11.1 75.5 155.8 5.5 -141.5 -293.0
748 Na'Vi 12.3 76.8 157.4 1.5 -145.5 -297.0
749 Liquid 8.3 72.8 153.4 14.0 -135.5 -287.1
750 Orange 10.9 75.9 156.6 10.0 -139.5 -291.1
751 Alliance 11.7 77.0 158.0 6.0 -143.5 -295.1
754 Na'Vi 12.4 77.8 158.9 2.0 -147.5 -299.1
756 Dignitas 8.4 73.8 154.9 7.4 -142.7 -294.6
757 Alliance 10.0 75.3 156.4 3.4 -146.7 -298.6
758 iG 11.5 77.1 158.2 -0.6 -150.7 -302.6
759 Orange 13.1 78.9 160.2 -4.6 -154.7 -306.6
761 Fnatic.eu 13.8 79.7 161.1 -8.6 -158.7 -310.6
762 Na'Vi 15.9 81.7 163.3 -12.6 -162.7 -314.6
766 Alliance 16.8 82.7 164.4 -16.6 -166.7 -318.6
767 LGD.int 12.8 78.7 160.4 -0.6 -152.8 -306.7
769 mouz 13.7 79.7 161.6 -4.6 -156.8 -310.7
770 LGD.cn 15.3 81.4 163.4 -8.6 -160.8 -314.7
771 Na'Vi 16.5 82.7 164.8 -12.6 -164.8 -318.7
772 DK 12.5 78.7 160.8 -7.1 -158.9 -313.3
773 Alliance 13.2 79.5 161.7 -11.1 -162.9 -317.3
774 TongFu 9.2 75.5 157.7 -4.5 -156.7 -311.6
775 Liquid 12.1 78.4 160.7 -8.5 -160.7 -315.6
776 Orange 13.4 79.8 162.3 -12.5 -164.7 -319.6
778 DK 14.8 81.6 164.3 -16.5 -168.7 -323.6
779 Zenith 15.7 82.6 165.5 -20.5 -172.7 -327.6
781 Alliance 16.6 83.6 166.6 -24.5 -176.7 -331.6
782 iG 19.1 86.3 169.5 -28.5 -180.7 -335.6
783 TongFu 20.0 87.2 170.5 -32.5 -184.7 -339.6
785 LGD.cn 22.0 89.5 173.0 -36.5 -188.7 -343.6
786 Na'Vi 23.0 90.6 174.3 -40.5 -192.7 -347.6
788 Dignitas 25.4 93.0 176.9 -44.5 -196.7 -351.6
790 AllStarsA 21.4 89.0 172.9 -39.8 -191.4 -346.6
791 Orange 23.1 90.9 174.9 -43.8 -195.4 -350.6
792 Fnatic.eu 25.7 93.4 177.6 -47.8 -199.4 -354.6
793 Alliance 26.9 94.7 179.2 -51.8 -203.4 -358.6
795 Liquid 27.8 95.7 180.4 -55.8 -207.4 -362.6
796 Zenith 29.7 97.7 182.7 -59.8 -211.4 -366.6
797 Liquid 25.7 93.7 178.7 -46.0 -200.0 -357.0
798 iG 27.6 95.7 180.9 -50.0 -204.0 -361.0
799 Alliance 28.7 96.9 182.4 -54.0 -208.0 -365.0
800 Na'Vi 30.1 98.3 183.9 -58.0 -212.0 -369.0
801 Orange 32.8 101.3 187.1 -62.0 -216.0 -373.0
802 iG 34.9 103.6 189.7 -66.0 -220.0 -377.0
803 Orange 30.9 99.6 185.7 -54.1 -210.4 -368.8
806 Orange 26.9 95.6 181.7 -47.0 -204.2 -363.1
807 Na'Vi 28.5 97.3 183.6 -51.0 -208.2 -367.1
808 Alliance 30.9 100.1 186.5 -55.0 -212.2 -371.1
811 RStars 32.1 101.6 188.3 -59.0 -216.2 -375.1
812 Empire 33.1 102.8 189.9 -63.0 -220.2 -379.1
813 Empire 34.0 103.7 191.1 -67.0 -224.2 -383.1
814 Kaipi 35.5 105.5 193.2 -71.0 -228.2 -387.1
815 TTD 36.8 106.9 194.9 -75.0 -232.2 -391.1
816 Kaipi 38.1 108.3 196.4 -79.0 -236.2 -395.1
817 Lounge 40.1 110.3 198.7 -83.0 -240.2 -399.1
818 FD 41.3 111.5 200.2 -87.0 -244.2 -403.1
820 4FC 42.0 112.3 201.2 -91.0 -248.2 -407.1
821 4++ 38.0 108.3 197.2 -76.7 -233.0 -395.2
822 MiTH 39.0 109.6 198.7 -80.7 -237.0 -399.2
823 GL.eu 40.4 111.2 200.6 -84.7 -241.0 -403.2
825 WARDGS 42.1 112.9 202.6 -88.7 -245.0 -407.2
826 EVOPLAY 43.8 114.4 204.5 -92.7 -249.0 -411.2
827 TS 39.8 110.4 200.5 -87.6 -242.1 -404.7
828 EVOPLAY 41.7 112.3 202.6 -91.6 -246.1 -408.7
829 TLP 37.7 108.3 198.6 -77.7 -234.2 -399.3
830 DUZA 33.7 104.3 194.6 -70.0 -226.6 -391.9
831 Awake 35.6 106.2 196.6 -74.0 -230.6 -395.9
832 CDCD 31.6 102.2 192.6 -50.8 -212.2 -380.1
833 Menace 27.6 98.2 188.6 -37.9 -201.1 -371.1
835 Poseidon 30.5 100.7 191.0 -41.9 -205.1 -375.1
836 Poseidon 32.3 102.8 193.4 -45.9 -209.1 -379.1
837 Next.kz 28.3 98.8 189.4 -40.1 -202.8 -373.1
838 Kaipi 29.9 100.6 191.7 -44.1 -206.8 -377.1
840 TS 33.1 103.8 195.0 -48.1 -210.8 -381.1
841 VP 34.1 104.9 196.4 -52.1 -214.8 -385.1
842 Menace 30.1 100.9 192.4 -42.7 -205.8 -376.4
843 Empire 32.0 102.6 194.2 -46.7 -209.8 -380.4
844 Kaipi 33.3 103.9 195.8 -50.7 -213.8 -384.4
845 DUZA 29.3 99.9 191.8 -41.6 -205.3 -376.8
846 Next.kz 32.4 103.2 195.2 -45.6 -209.3 -380.8
847 4FC 28.4 99.2 191.2 -41.0 -204.2 -375.5
848 DUZA 24.4 95.2 187.2 -34.1 -197.7 -369.7
851 VP 25.4 96.4 188.7 -38.1 -201.7 -373.7
854 Life 21.4 92.4 184.7 -33.5 -196.0 -368.2
855 Imp 23.6 94.7 187.2 -37.5 -200.0 -372.2
856 Empire 25.1 96.2 188.9 -41.5 -204.0 -376.2
857 Next.kz 26.9 98.0 190.8 -45.5 -208.0 -380.2
858 FSid3 28.8 100.0 193.2 -49.5 -212.0 -384.2
859 FSid3 24.8 96.0 189.2 -39.7 -201.3 -374.4
860 Bambang 20.8 92.0 185.2 -32.1 -193.1 -367.0
861 Aspera 23.1 94.0 187.3 -36.1 -197.1 -371.0
862 rox.KIS 24.6 95.3 188.8 -40.1 -201.1 -375.0
864 Poseidon 25.7 96.6 190.3 -44.1 -205.1 -379.0
865 Mski 26.7 97.7 191.7 -48.1 -209.1 -383.0
866 Poseidon 27.6 98.6 192.8 -52.1 -213.1 -387.0
867 Dreamz 28.7 99.9 194.4 -56.1 -217.1 -391.0
868 GxGaming 24.7 95.9 190.4 -51.1 -211.3 -385.6
869 SFEC 20.7 91.9 186.4 -45.7 -206.4 -381.1
871 Next.kz 21.8 93.1 187.8 -49.7 -210.4 -385.1
872 Aspera 17.8 89.1 183.8 -41.0 -202.4 -377.8
873 PR 13.8 85.1 179.8 -20.3 -184.8 -363.2
876 MSIEvoGT 15.8 87.4 182.5 -24.3 -188.8 -367.2
877 Mski 16.8 88.8 184.2 -28.3 -192.8 -371.2
878 Lowyat 12.8 84.8 180.2 -14.6 -181.4 -361.7
879 Empire 15.6 87.9 183.5 -18.6 -185.4 -365.7
880 Empire 11.6 83.9 179.5 -9.7 -176.7 -357.8
881 Quantic 7.6 79.9 175.5 -1.1 -169.1 -351.1
883 Kaipi 8.8 81.3 177.1 -5.1 -173.1 -355.1
885 Aspera 10.5 83.0 179.0 -9.1 -177.1 -359.1
886 Fnatic.eu 11.9 84.5 180.8 -13.1 -181.1 -363.1
887 MSIEvoGT 7.9 80.5 176.8 -6.7 -175.5 -357.9
888 Mski 9.8 82.5 179.1 -10.7 -179.5 -361.9
889 Next.kz 11.1 83.8 180.6 -14.7 -183.5 -365.9
890 GL.eu 13.4 86.5 183.5 -18.7 -187.5 -369.9
891 Menace 15.3 88.3 185.5 -22.7 -191.5 -373.9
892 Kaipi 17.3 90.6 188.1 -26.7 -195.5 -377.9
893 Menace 13.3 86.6 184.1 -16.5 -185.4 -369.0
894 Life 15.8 89.6 187.5 -20.5 -189.4 -373.0
896 Life 11.8 85.6 183.5 -12.3 -180.4 -364.1
897 Kaipi 13.4 87.5 185.7 -16.3 -184.4 -368.1
898 Mski 15.0 89.2 187.6 -20.3 -188.4 -372.1
899 Menace 16.3 90.4 189.0 -24.3 -192.4 -376.1
900 VP 12.3 86.4 185.0 -17.3 -185.8 -370.1
901 Fnatic.eu 13.7 87.7 186.5 -21.3 -189.8 -374.1
902 Kaipi 15.9 89.9 188.9 -25.3 -193.8 -378.1
903 Kaipi 17.1 91.2 190.4 -29.3 -197.8 -382.1
904 SAfrica 13.1 87.2 186.4 -23.8 -192.3 -376.9
905 Dignitas 13.9 88.1 187.5 -27.8 -196.3 -380.9
906 Dignitas 14.8 89.1 188.7 -31.8 -200.3 -384.9
908 iG 15.5 89.9 189.7 -35.8 -204.3 -388.9
909 VG 17.0 91.8 192.0 -39.8 -208.3 -392.9
911 4FC 13.0 87.8 188.0 -26.5 -194.7 -381.5
913 Joiker 9.0 83.8 184.0 -18.9 -187.7 -375.4
914 StayFree 11.3 86.2 186.8 -22.9 -191.7 -379.4
915 Fnatic.eu 12.1 87.2 188.0 -26.9 -195.7 -383.4
916 Property 8.1 83.2 184.0 -14.2 -185.1 -374.1
917 Menace 4.1 79.2 180.0 -3.3 -174.2 -364.6
919 LGD.cn 5.4 80.7 181.7 -7.3 -178.2 -368.6
920 TongFu 6.0 81.4 182.6 -11.3 -182.2 -372.6
921 Alliance 7.0 82.4 183.9 -15.3 -186.2 -376.6
922 PR 3.0 78.4 179.9 -7.7 -179.3 -370.0
923 DUZA 4.8 80.2 182.0 -11.7 -183.3 -374.0
925 Empire 6.1 81.5 183.5 -15.7 -187.3 -378.0
926 Empire 7.5 83.1 185.2 -19.7 -191.3 -382.0
927 iG 9.0 84.5 186.7 -23.7 -195.3 -386.0
930 MiTH 11.7 86.8 189.1 -27.7 -199.3 -390.0
931 Alliance 12.6 87.7 190.1 -31.7 -203.3 -394.0
932 Fnatic.eu 14.6 90.1 192.7 -35.7 -207.3 -398.0
933 Empire 16.9 92.4 195.2 -39.7 -211.3 -402.0
937 OguraYui 12.9 88.4 191.2 -28.6 -198.7 -391.2
938 Mski 14.7 89.9 192.9 -32.6 -202.7 -395.2
939 Poseidon 17.5 93.3 196.6 -36.6 -206.7 -399.2
940 Next.kz 13.5 89.3 192.6 -31.2 -201.6 -394.3
941 Alliance 14.4 90.3 193.7 -35.2 -205.6 -398.3
942 Quantic 10.4 86.3 189.7 -30.7 -200.4 -393.4
944 Imp 6.4 82.3 185.7 -19.5 -189.6 -383.5
948 Empire 8.6 84.6 188.2 -23.5 -193.6 -387.5
949 VP 9.9 85.9 189.7 -27.5 -197.6 -391.5
950 Kaipi 10.9 87.1 191.2 -31.5 -201.6 -395.5
951 Mski 11.9 88.2 192.5 -35.5 -205.6 -399.5
953 Kaipi 13.6 90.3 195.0 -39.5 -209.6 -403.5
954 Cascade 9.6 86.3 191.0 -26.1 -198.0 -393.5
956 Alliance 10.1 86.8 191.7 -30.1 -202.0 -397.5
957 Na'Vi 10.9 87.5 192.6 -34.1 -206.0 -401.5
958 PR 6.9 83.5 188.6 -9.4 -182.0 -380.7
959 Kaipi 7.7 84.5 189.7 -13.4 -186.0 -384.7
960 Kaipi 8.4 85.4 190.9 -17.4 -190.0 -388.7
961 Life 10.6 88.3 194.2 -21.4 -194.0 -392.7
963 Na'Vi 12.0 89.7 195.8 -25.4 -198.0 -396.7
964 Alliance 13.2 91.0 197.3 -29.4 -202.0 -400.7
966 TongFu 16.7 93.8 200.0 -33.4 -206.0 -404.7
967 mouz 18.1 95.3 201.7 -37.4 -210.0 -408.7
970 Joiker 20.9 98.2 204.8 -41.4 -214.0 -412.7
971 iG 22.9 100.7 207.6 -45.4 -218.0 -416.7
972 Aspera 18.9 96.7 203.6 -23.5 -199.0 -400.8
973 DUZA 14.9 92.7 199.6 -18.6 -193.8 -395.7
974 Fnatic.eu 17.7 95.1 202.1 -22.6 -197.8 -399.7
975 Dignitas 18.5 96.1 203.4 -26.6 -201.8 -403.7
976 StayFree 19.9 97.8 205.4 -30.6 -205.8 -407.7
977 Na'Vi 21.4 99.5 207.4 -34.6 -209.8 -411.7
978 rox.KIS 17.4 95.5 203.4 -27.5 -201.3 -403.9
979 PR 20.0 97.8 205.8 -31.5 -205.3 -407.9
981 PR 22.0 99.8 208.0 -35.5 -209.3 -411.9
982 Fnatic.eu 22.8 100.6 209.0 -39.5 -213.3 -415.9
983 Fnatic.eu 24.6 102.3 210.8 -43.5 -217.3 -419.9
984 nAra 20.6 98.3 206.8 -38.1 -212.0 -415.2
985 Inv.kwnku 22.4 100.4 209.2 -42.1 -216.0 -419.2
986 Na'Vi 23.4 101.6 210.6 -46.1 -220.0 -423.2
987 Fnatic.eu 25.0 103.4 212.6 -50.1 -224.0 -427.2
988 4FC 21.0 99.4 208.6 -40.5 -213.9 -418.2
990 Kaipi 21.8 100.3 209.7 -44.5 -217.9 -422.2
991 Empire 17.8 96.3 205.7 -33.6 -208.5 -414.3
992 PBS 13.8 92.3 201.7 -23.3 -200.2 -406.5
993 SFEC 9.8 88.3 197.7 -14.6 -192.0 -399.2
994 Next.kz 5.8 84.3 193.7 -8.6 -186.3 -393.8
995 Inv.kwnku 7.5 86.4 196.3 -12.6 -190.3 -397.8
996 rox.KIS 10.2 88.8 198.8 -16.6 -194.3 -401.8
997 PR 6.2 84.8 194.8 1.0 -179.5 -390.1
998 Mski 9.3 87.6 197.8 -3.0 -183.5 -394.1
999 Empire 11.2 90.0 200.5 -7.0 -187.5 -398.1
1000 Inv.kwnku 12.9 91.9 202.6 -11.0 -191.5 -402.1
1001 FD 14.6 93.9 205.1 -15.0 -195.5 -406.1
1002 Empire 16.1 95.7 207.3 -19.0 -199.5 -410.1
1004 EG 17.7 97.4 209.2 -23.0 -203.5 -414.1
1005 Dignitas 13.7 93.4 205.2 -10.9 -193.6 -405.7
1007 rox.KIS 16.8 96.3 208.3 -14.9 -197.6 -409.7
1008 Menace 12.8 92.3 204.3 -2.8 -185.3 -398.8
1009 Kaipi 13.7 93.2 205.4 -6.8 -189.3 -402.8
1010 Aspera 9.7 89.2 201.4 0.6 -182.3 -396.2
1012 DK 11.0 90.7 203.2 -3.4 -186.3 -400.2
1015 StayFree 12.7 93.1 205.9 -7.4 -190.3 -404.2
1017 Na'Vi 13.5 94.0 206.9 -11.4 -194.3 -408.2
1018 Alliance 14.3 94.9 208.1 -15.4 -198.3 -412.2
1019 Empire 16.2 97.3 210.8 -19.4 -202.3 -416.2
1020 Na'Vi 17.9 99.0 212.7 -23.4 -206.3 -420.2
1021 Na'Vi 19.1 100.2 214.1 -27.4 -210.3 -424.2
1022 LGD.cn 20.2 101.5 215.5 -31.4 -214.3 -428.2
1023 VG 22.2 103.7 217.7 -35.4 -218.3 -432.2
1024 LGD.cn 24.5 105.7 219.7 -39.4 -222.3 -436.2
1025 Dignitas 25.3 106.6 220.9 -43.4 -226.3 -440.2
1027 Next.kz 21.3 102.6 216.9 -37.3 -218.7 -432.9
1028 4FC 17.3 98.6 212.9 -26.8 -207.2 -422.9
1029 rox.KIS 19.9 101.7 216.2 -30.8 -211.2 -426.9
1030 Na'Vi 20.7 102.6 217.2 -34.8 -215.2 -430.9
1031 Empire 23.5 105.3 220.0 -38.8 -219.2 -434.9
1032 Na'Vi 24.4 106.4 221.3 -42.8 -223.2 -438.9
1034 Alliance 25.1 107.2 222.3 -46.8 -227.2 -442.9
1035 Alliance 25.8 107.9 223.1 -50.8 -231.2 -446.9
1036 4FC 21.8 103.9 219.1 -44.7 -225.2 -441.5
1037 VP 17.8 99.9 215.1 -32.7 -216.0 -433.6
1039 Ahead.kz 13.8 95.9 211.1 -11.4 -194.2 -415.7
1040 PBS 15.2 97.9 213.4 -15.4 -198.2 -419.7
1041 Alliance 16.2 99.2 214.9 -19.4 -202.2 -423.7
1042 Empire 17.7 100.9 216.8 -23.4 -206.2 -427.7
1044 Quantic 19.7 103.5 219.5 -27.4 -210.2 -431.7
1045 iG 20.6 104.9 221.2 -31.4 -214.2 -435.7
1046 Liquid 21.7 106.1 222.6 -35.4 -218.2 -439.7
1047 EG 17.7 102.1 218.6 -26.5 -210.2 -433.2
1048 MiTH 19.3 103.8 220.6 -30.5 -214.2 -437.2
1049 Dreamz 21.2 106.0 223.1 -34.5 -218.2 -441.2
1050 Alliance 22.0 106.9 224.2 -38.5 -222.2 -445.2
1051 iG 22.8 107.9 225.4 -42.5 -226.2 -449.2
1052 DK 24.4 109.8 227.5 -46.5 -230.2 -453.2
1053 Kaipi 20.4 105.8 223.5 -40.9 -224.8 -447.9
1055 Alliance 21.0 106.5 224.4 -44.9 -228.8 -451.9
1059 TongFu 22.8 108.0 226.0 -48.9 -232.8 -455.9
1060 LGD.int 25.0 110.3 228.5 -52.9 -236.8 -459.9
1061 RS.int 26.5 112.1 230.6 -56.9 -240.8 -463.9
1062 MiTH 28.2 113.8 232.5 -60.9 -244.8 -467.9
1063 Alliance 28.9 114.6 233.4 -64.9 -248.8 -471.9
1064 Alliance 29.7 115.5 234.4 -68.9 -252.8 -475.9
1065 SSD 30.7 117.0 236.1 -72.9 -256.8 -479.9
1067 Hearts 32.2 118.6 237.9 -76.9 -260.8 -483.9
1068 rox.KIS 34.1 120.6 240.2 -80.9 -264.8 -487.9
1069 Poseidon 30.1 116.6 236.2 -74.1 -257.3 -480.4
1070 Quantic 26.1 112.6 232.2 -63.8 -248.0 -472.0
1071 Quantic 27.9 114.2 234.0 -67.8 -252.0 -476.0
1073 Titan 29.4 115.7 235.6 -71.8 -256.0 -480.0
1077 StayFree 30.5 117.2 237.4 -75.8 -260.0 -484.0
1078 VP 32.8 119.5 239.9 -79.8 -264.0 -488.0
1080 SYF 35.3 121.5 242.0 -83.8 -268.0 -492.0
1081 Na'Vi 36.0 122.3 243.0 -87.8 -272.0 -496.0
1082 Fnatic.eu 36.8 123.2 244.0 -91.8 -276.0 -500.0
1083 Titan 37.6 124.1 245.2 -95.8 -280.0 -504.0
1084 Arcanys 33.6 120.1 241.2 -91.4 -274.2 -498.4
1085 FD 34.4 121.2 242.6 -95.4 -278.2 -502.4
1086 MVP 30.4 117.2 238.6 -90.1 -272.6 -496.9
1087 UR 32.3 119.2 240.7 -94.1 -276.6 -500.9
1088 FXopen 33.2 120.5 242.2 -98.1 -280.6 -504.9
1089 Imp 33.9 121.5 243.3 -102.1 -284.6 -508.9
1090 MiTH 34.6 122.4 244.4 -106.1 -288.6 -512.9
1091 Na'Vi 35.5 123.4 245.7 -110.1 -292.6 -516.9
1092 ONE.dota 31.5 119.4 241.7 -98.9 -281.0 -506.7
1093 Lowyat 27.5 115.4 237.7 -93.1 -275.2 -501.2
1094 DK 29.8 118.0 240.7 -97.1 -279.2 -505.2
1095 Arcanys 25.8 114.0 236.7 -75.6 -261.9 -491.7
1096 VG 26.8 115.4 238.4 -79.6 -265.9 -495.7
1097 FD 27.5 116.3 239.7 -83.6 -269.9 -499.7
1098 Lowyat 23.5 112.3 235.7 -73.0 -259.7 -491.0
1099 rox.KIS 25.7 114.6 238.2 -77.0 -263.7 -495.0
1101 Fnatic.eu 26.7 115.8 239.7 -81.0 -267.7 -499.0
1104 Poseidon 22.7 111.8 235.7 -65.0 -253.5 -487.8
1105 Na'Vi 23.5 112.7 236.8 -69.0 -257.5 -491.8
1107 Rain 19.5 108.7 232.8 -63.8 -252.7 -487.2
1108 eN.Legs 21.0 110.7 235.2 -67.8 -256.7 -491.2
1110 bvd.dotA 23.1 113.1 238.0 -71.8 -260.7 -495.2
1111 LGD.int 24.1 114.2 239.4 -75.8 -264.7 -499.2
1112 DK 24.6 114.9 240.2 -79.8 -268.7 -503.2
1113 Imp 26.5 117.6 243.3 -83.8 -272.7 -507.2
1114 Na'Vi 27.2 118.4 244.3 -87.8 -276.7 -511.2
1116 NJ&Kids 23.2 114.4 240.3 -82.7 -270.4 -505.0
1117 VG 23.9 115.2 241.3 -86.7 -274.4 -509.0
1118 LGD.cn 24.3 115.8 242.1 -90.7 -278.4 -513.0
1119 FD 20.3 111.8 238.1 -83.9 -272.0 -507.1
1120 Ahead.kz 21.6 113.3 239.9 -87.9 -276.0 -511.1
1122 PR 23.1 114.5 241.2 -91.9 -280.0 -515.1
1123 Na'Vi 23.5 115.1 241.9 -95.9 -284.0 -519.1
1124 bvd.dotA 25.5 116.9 243.7 -99.9 -288.0 -523.1
1125 Empire 27.1 118.5 245.3 -103.9 -292.0 -527.1
1126 Life 23.1 114.5 241.3 -93.5 -277.9 -514.2
1127 EG 25.4 117.0 244.1 -97.5 -281.9 -518.2
1129 iG 25.9 117.7 244.9 -101.5 -285.9 -522.2
1130 TongFu 27.5 119.5 246.9 -105.5 -289.9 -526.2
1131 Na'Vi 28.5 120.5 248.1 -109.5 -293.9 -530.2
1132 Fnatic.eu 29.4 121.6 249.3 -113.5 -297.9 -534.2
1133 MUFC 25.4 117.6 245.3 -103.2 -288.5 -525.7
1135 Empire 26.4 118.7 246.6 -107.2 -292.5 -529.7
1136 Empire 27.8 120.3 248.4 -111.2 -296.5 -533.7
1137 TakeFive 23.8 116.3 244.4 -100.4 -283.4 -522.4
1138 CSW 26.5 119.3 247.7 -104.4 -287.4 -526.4
1139 VT 28.5 121.7 250.4 -108.4 -291.4 -530.4
1140 SYM 24.5 117.7 246.4 -102.3 -284.8 -523.9
1141 EOT 25.8 119.9 249.0 -106.3 -288.8 -527.9
1142 SYF 29.3 123.1 252.1 -110.3 -292.8 -531.9
1143 DK 29.8 123.8 253.0 -114.3 -296.8 -535.9
1144 VG 25.8 119.8 249.0 -99.7 -283.5 -525.5
1145 Fnatic.eu 28.5 122.1 251.4 -103.7 -287.5 -529.5
1146 iG 28.9 122.7 252.1 -107.7 -291.5 -533.5
1147 LGD.cn 30.1 124.1 253.8 -111.7 -295.5 -537.5
1148 HR 31.8 126.3 256.4 -115.7 -299.5 -541.5
1149 Na'Vi 32.7 127.3 257.7 -119.7 -303.5 -545.5
1150 Speed 34.7 130.5 261.4 -123.7 -307.5 -549.5
1151 Alliance 35.2 131.2 262.2 -127.7 -311.5 -553.5
1155 Empire 36.3 132.7 263.9 -131.7 -315.5 -557.5
1156 iG 37.4 134.3 265.8 -135.7 -319.5 -561.5
1157 Na'Vi 38.2 135.2 266.8 -139.7 -323.5 -565.5
1159 SAfrica 39.3 136.6 268.6 -143.7 -327.5 -569.5
1160 Na'Vi 35.3 132.6 264.6 -135.7 -322.0 -564.5
1161 FD 37.1 134.6 266.6 -139.7 -326.0 -568.5
1164 Titan 33.1 130.6 262.6 -132.8 -317.9 -560.6
1165 Titan 29.1 126.6 258.6 -122.3 -306.5 -550.5
1166 CSW 32.6 129.5 261.5 -126.3 -310.5 -554.5
1167 EOT 34.5 131.4 263.7 -130.3 -314.5 -558.5
1168 LGD.cn 36.3 133.2 265.7 -134.3 -318.5 -562.5
1169 DK 36.7 133.8 266.5 -138.3 -322.5 -566.5
1170 VG 38.8 135.9 268.8 -142.3 -326.5 -570.5
1171 Empire 39.6 136.9 270.0 -146.3 -330.5 -574.5
1172 Speed 35.6 132.9 266.0 -127.4 -309.7 -554.4
1173 Empire 37.3 134.6 267.9 -131.4 -313.7 -558.4
1174 Fnatic 38.6 135.9 269.3 -135.4 -317.7 -562.4
1175 TongFu 39.3 136.8 270.5 -139.4 -321.7 -566.4
1176 LGD.cn 35.3 132.8 266.5 -127.7 -312.1 -558.2
1177 TongFu 36.8 134.2 268.1 -131.7 -316.1 -562.2
1178 DK 37.2 134.7 268.8 -135.7 -320.1 -566.2
1179 RStars 33.2 130.7 264.8 -126.6 -311.5 -558.5
1181 Alliance 33.9 131.6 265.9 -130.6 -315.5 -562.5
1183 Speed 35.3 132.9 267.4 -134.6 -319.5 -566.5
1185 Liquid 31.3 128.9 263.4 -114.0 -298.7 -547.2
1186 iG 33.5 131.7 266.2 -118.0 -302.7 -551.2
1187 StayFree 29.5 127.7 262.2 -113.1 -297.5 -545.7
1188 LGD.int 30.1 128.5 263.1 -117.1 -301.5 -549.7
1189 EG 31.2 129.9 264.9 -121.1 -305.5 -553.7
1190 TongFu 32.0 131.0 266.3 -125.1 -309.5 -557.7
1191 DK 32.4 131.7 267.1 -129.1 -313.5 -561.7
1192 Na'Vi 33.2 132.6 268.4 -133.1 -317.5 -565.7
1193 Speed 29.2 128.6 264.4 -128.6 -312.4 -560.6
1194 Dignitas 30.7 130.1 266.1 -132.6 -316.4 -564.6
1195 VG 31.2 130.8 266.9 -136.6 -320.4 -568.6
1196 LGD.cn 31.7 131.5 267.8 -140.6 -324.4 -572.6
1197 CSW 33.1 133.2 269.6 -144.6 -328.4 -576.6
1198 Aspera 36.1 136.1 272.7 -148.6 -332.4 -580.6
1199 Menace 37.8 138.0 274.9 -152.6 -336.4 -584.6
1200 Liquid 39.4 139.4 276.4 -156.6 -340.4 -588.6
1202 SSD 40.7 140.9 278.2 -160.6 -344.4 -592.6
1203 TongFu 41.1 141.5 278.9 -164.6 -348.4 -596.6
1204 iG 41.8 142.4 279.9 -168.6 -352.4 -600.6
1205 HR 37.8 138.4 275.9 -156.2 -337.3 -587.2
1206 EG 39.3 139.5 277.1 -160.2 -341.3 -591.2
1207 mouz 35.3 135.5 273.1 -153.9 -335.0 -585.3
1208 Imp 31.3 131.5 269.1 -145.4 -325.5 -576.3
1209 MiTH 27.3 127.5 265.1 -138.4 -319.2 -570.5
1210 Liquid 23.3 123.5 261.1 -126.1 -306.7 -559.7
1211 mouz 19.3 119.5 257.1 -120.4 -301.4 -554.6
1212 Fnatic.eu 21.2 121.7 259.6 -124.4 -305.4 -558.6
1213 Poseidon 17.2 117.7 255.6 -117.1 -297.3 -550.8
1214 VG 13.2 113.7 251.6 -110.9 -290.0 -544.0
1215 iG 13.6 114.4 252.4 -114.9 -294.0 -548.0
1216 LGD.cn 15.0 116.2 254.6 -118.9 -298.0 -552.0
1217 Speed 11.0 112.2 250.6 -108.9 -288.7 -543.7
1218 CSW 7.0 108.2 246.6 -102.5 -282.9 -538.5
1220 Empire 8.3 109.8 248.5 -106.5 -286.9 -542.5
1221 iG 4.3 105.8 244.5 -95.2 -278.0 -535.5
1222 LGD.cn 6.2 107.4 246.2 -99.2 -282.0 -539.5
1223 DK 7.1 108.6 247.7 -103.2 -286.0 -543.5
1227 Empire 8.9 110.8 250.1 -107.2 -290.0 -547.5
1229 StayFree 4.9 106.8 246.1 -100.5 -284.4 -542.7
1230 Property 0.9 102.8 242.1 -87.8 -274.0 -534.1
1231 TTD -3.1 98.8 238.1 -80.5 -265.3 -526.2
1232 Alliance -2.2 99.7 239.2 -84.5 -269.3 -530.2
1234 VG -0.3 101.9 241.8 -88.5 -273.3 -534.2
1235 TongFu -4.3 97.9 237.8 -70.6 -259.3 -523.5
1237 FSid3 -8.3 93.9 233.8 -60.2 -249.8 -515.1
1238 LGD.cn -7.7 94.8 235.0 -64.2 -253.8 -519.1
1239 RStars -6.3 96.8 237.5 -68.2 -257.8 -523.1
1240 Na'Vi -4.6 98.6 239.5 -72.2 -261.8 -527.1
1242 mouz -3.0 100.6 241.8 -76.2 -265.8 -531.1
1243 Alliance -2.3 101.4 242.9 -80.2 -269.8 -535.1
1244 Sigma.int -0.6 104.0 246.2 -84.2 -273.8 -539.1
1245 Speed 0.4 105.3 247.8 -88.2 -277.8 -543.1
1246 Liquid 3.0 108.1 250.8 -92.2 -281.8 -547.1
1247 iG 3.4 108.7 251.6 -96.2 -285.8 -551.1
1251 UR 4.9 110.6 253.7 -100.2 -289.8 -555.1
1253 LGD.int 0.9 106.6 249.7 -71.5 -269.4 -539.0
1255 Empire 2.9 108.7 252.0 -75.5 -273.4 -543.0
1256 RS 3.8 109.7 253.3 -79.5 -277.4 -547.0
1257 mouz -0.2 105.7 249.3 -67.7 -267.6 -538.6
1259 Sigma.int 1.8 108.4 252.3 -71.7 -271.6 -542.6
1261 mouz -2.2 104.4 248.3 -63.7 -265.7 -537.1
1262 iG -1.1 105.8 249.9 -67.7 -269.7 -541.1
1263 LGD.cn -0.4 106.7 251.0 -71.7 -273.7 -545.1
1264 DK 0.3 107.5 252.0 -75.7 -277.7 -549.1
1265 Fnatic.eu -3.7 103.5 248.0 -67.6 -270.2 -542.5
1266 Alliance -3.0 104.3 249.0 -71.6 -274.2 -546.5
1267 Na'Vi -1.6 105.9 250.8 -75.6 -278.2 -550.5
1268 Mski -0.5 107.3 252.4 -79.6 -282.2 -554.5
1269 Orange 0.5 108.3 253.7 -83.6 -286.2 -558.5
1270 MiTH 3.2 110.6 256.3 -87.6 -290.2 -562.5
1271 SYF 5.5 113.2 259.4 -91.6 -294.2 -566.5
1272 iG 7.5 115.7 262.2 -95.6 -298.2 -570.5
1273 RS 3.5 111.7 258.2 -82.9 -287.0 -560.4
1274 LGD.cn 5.0 113.2 259.8 -86.9 -291.0 -564.4
1275 FXopen 6.7 115.2 261.9 -90.9 -295.0 -568.4
1276 CSW 8.2 116.9 263.8 -94.9 -299.0 -572.4
1278 Lowyat 4.2 112.9 259.8 -82.7 -283.6 -558.4
1279 Titan 5.3 114.0 261.1 -86.7 -287.6 -562.4
1281 Speed 8.1 117.0 264.3 -90.7 -291.6 -566.4
1283 Speed 9.3 118.2 265.5 -94.7 -295.6 -570.4
1284 Alliance 10.1 119.0 266.5 -98.7 -299.6 -574.4
1286 LGD.int 12.2 121.6 269.2 -102.7 -303.6 -578.4
1288 Alliance 14.0 123.5 271.1 -106.7 -307.6 -582.4
1289 Titan 10.0 119.5 267.1 -101.6 -302.6 -577.5
1290 Lowyat 6.0 115.5 263.1 -95.5 -297.0 -572.1
1291 PR 9.4 118.1 265.8 -99.5 -301.0 -576.1
1292 SSD 5.4 114.1 261.8 -91.1 -291.6 -567.1
1293 TongFu 6.4 115.2 263.2 -95.1 -295.6 -571.1
1294 VG 2.4 111.2 259.2 -81.3 -282.4 -560.4
1296 mouz 4.1 113.0 261.2 -85.3 -286.4 -564.4
1297 EG 6.5 115.3 263.8 -89.3 -290.4 -568.4
1298 Titan 9.2 118.3 267.2 -93.3 -294.4 -572.4
1299 EG 10.3 119.5 268.5 -97.3 -298.4 -576.4
1300 4FC 12.3 121.6 270.9 -101.3 -302.4 -580.4
1301 Hearts 13.6 123.2 272.7 -105.3 -306.4 -584.4
1302 DK 15.8 125.7 275.4 -109.3 -310.4 -588.4
1303 Sigma.int 16.7 126.9 276.9 -113.3 -314.4 -592.4
1304 Empire 20.1 129.8 279.6 -117.3 -318.4 -596.4
1305 Empire 20.7 130.6 280.5 -121.3 -322.4 -600.4
1306 FXopen 21.8 132.0 282.1 -125.3 -326.4 -604.4
1307 LGD.int 22.7 133.0 283.3 -129.3 -330.4 -608.4
1308 LGD.cn 23.4 133.8 284.3 -133.3 -334.4 -612.4
1309 4FC 25.6 135.7 286.4 -137.3 -338.4 -616.4
1310 Sigma.int 26.3 136.5 287.4 -141.3 -342.4 -620.4
1312 Arteezy 28.3 138.5 289.6 -145.3 -346.4 -624.4
1313 EG 24.3 134.5 285.6 -139.7 -340.5 -619.0
1314 TongFu 24.7 135.1 286.3 -143.7 -344.5 -623.0
1315 Empire 25.5 136.0 287.3 -147.7 -348.5 -627.0
1316 VG 26.2 136.9 288.4 -151.7 -352.5 -631.0
1317 Na'Vi 27.2 138.0 289.8 -155.7 -356.5 -635.0
1318 QPandas 23.2 134.0 285.8 -142.1 -343.0 -622.1
1319 Empire 25.3 135.6 287.4 -146.1 -347.0 -626.1
1320 Orange 29.0 138.4 290.0 -150.1 -351.0 -630.1
1321 Fnatic.eu 29.7 139.1 290.6 -154.1 -355.0 -634.1
1322 DK 30.1 139.6 291.3 -158.1 -359.0 -638.1
1323 VG 30.9 140.6 292.6 -162.1 -363.0 -642.1
1324 VG 26.9 136.6 288.6 -147.9 -348.5 -629.9
1325 Kawai 22.9 132.6 284.6 -135.8 -338.6 -620.6
1326 Dignitas 18.9 128.6 280.6 -122.8 -326.6 -610.5
1327 Speed 19.5 129.3 281.5 -126.8 -330.6 -614.5
1328 Dignitas 21.2 131.0 283.3 -130.8 -334.6 -618.5
1329 Alliance 21.8 131.7 284.1 -134.8 -338.6 -622.5
1330 Na'Vi 23.8 133.5 286.1 -138.8 -342.6 -626.5
1331 Na'Vi 25.0 134.5 287.3 -142.8 -346.6 -630.5
1332 Fnatic.eu 21.0 130.5 283.3 -132.7 -334.9 -620.2
1333 Alliance 21.8 131.3 284.3 -136.7 -338.9 -624.2
1334 iG 23.3 133.1 286.5 -140.7 -342.9 -628.2
1335 LGD.int 24.5 134.5 288.1 -144.7 -346.9 -632.2
1336 TongFu 25.5 135.4 289.1 -148.7 -350.9 -636.2
1337 Startale 28.0 137.8 291.8 -152.7 -354.9 -640.2
1338 Liquid 29.4 139.3 293.5 -156.7 -358.9 -644.2
1340 Fnatic.eu 30.3 140.3 294.7 -160.7 -362.9 -648.2
1341 Alliance 30.8 140.9 295.4 -164.7 -366.9 -652.2
1343 Fnatic.eu 26.8 136.9 291.4 -156.7 -357.8 -643.7
1345 Sigma.int 28.0 138.4 293.2 -160.7 -361.8 -647.7
1350 Fnatic.eu 24.0 134.4 289.2 -155.1 -355.9 -641.7
1351 VG 24.4 135.1 290.0 -159.1 -359.9 -645.7
1352 DK 25.0 135.7 290.8 -163.1 -363.9 -649.7
1353 Alliance 26.7 137.4 292.7 -167.1 -367.9 -653.7
1354 VP 22.7 133.4 288.7 -154.2 -355.7 -642.8
1355 Alliance 23.9 134.7 290.3 -158.2 -359.7 -646.8
1356 Alliance 25.2 135.9 291.6 -162.2 -363.7 -650.8
1357 Na'Vi 26.3 136.9 292.7 -166.2 -367.7 -654.8
1358 VP 22.3 132.9 288.7 -160.3 -362.1 -649.5
1359 LGD.cn 22.6 133.4 289.3 -164.3 -366.1 -653.5
1360 iG 23.0 133.9 289.9 -168.3 -370.1 -657.5
1361 Dignitas 23.7 134.7 290.9 -172.3 -374.1 -661.5
1362 Speed 24.1 135.2 291.6 -176.3 -378.1 -665.5
1363 Speed 26.2 137.2 294.0 -180.3 -382.1 -669.5
1364 Na'Vi 28.0 139.1 296.0 -184.3 -386.1 -673.5
1365 Alliance 28.7 139.8 296.8 -188.3 -390.1 -677.5
1366 Alliance 29.1 140.3 297.4 -192.3 -394.1 -681.5
1367 Liquid 30.7 142.2 299.6 -196.3 -398.1 -685.5
1368 Fnatic.eu 31.9 143.4 300.9 -200.3 -402.1 -689.5
1369 Na'Vi 32.6 144.2 301.8 -204.3 -406.1 -693.5
1370 LGD.int 28.6 140.2 297.8 -195.1 -395.7 -684.0
1372 VP 24.6 136.2 293.8 -177.2 -380.5 -671.3
1373 Liquid 25.9 137.5 295.3 -181.2 -384.5 -675.3
1375 Startale 21.9 133.5 291.3 -170.7 -377.9 -669.8
1377 LGD.cn 23.4 135.1 293.1 -174.7 -381.9 -673.8
1378 Imp 26.2 138.6 296.8 -178.7 -385.9 -677.8
1379 Fnatic.eu 27.3 139.8 298.2 -182.7 -389.9 -681.8
1380 Liquid 28.4 141.0 299.6 -186.7 -393.9 -685.8
1381 Liquid 24.4 137.0 295.6 -171.8 -379.9 -673.9
1382 Titan 25.2 138.0 296.9 -175.8 -383.9 -677.9
1383 LGD.cn 26.7 139.8 298.9 -179.8 -387.9 -681.9
1384 Empire 27.4 140.6 299.9 -183.8 -391.9 -685.9
1385 Na'Vi 23.4 136.6 295.9 -177.7 -386.7 -681.2
1386 StayFree 19.4 132.6 291.9 -167.3 -376.6 -672.2
1387 LGD.cn 22.5 135.8 295.2 -171.3 -380.6 -676.2
1388 iG 23.0 136.5 296.0 -175.3 -384.6 -680.2
1389 RStars 23.7 137.5 297.4 -179.3 -388.6 -684.2
1390 Alliance 24.2 138.1 298.1 -183.3 -392.6 -688.2
1391 Fnatic.eu 25.4 139.4 299.7 -187.3 -396.6 -692.2
1392 EG 28.3 142.8 303.1 -191.3 -400.6 -696.2
1393 Fnatic.eu 31.6 145.5 305.8 -195.3 -404.6 -700.2
1395 iG 35.0 148.3 308.7 -199.3 -408.6 -704.2
1396 rox.KIS 31.0 144.3 304.7 -164.1 -380.9 -681.0
1399 EG 27.0 140.3 300.7 -149.1 -365.1 -667.7
1400 VP 28.9 142.5 303.3 -153.1 -369.1 -671.7
1401 Alliance 30.7 144.2 305.2 -157.1 -373.1 -675.7
1402 Liquid 32.8 146.4 307.5 -161.1 -377.1 -679.7
1404 VG 33.7 147.5 308.9 -165.1 -381.1 -683.7
1405 Speed 34.5 148.6 310.3 -169.1 -385.1 -687.7
1406 EG 30.5 144.6 306.3 -160.6 -377.8 -681.6
1408 Liquid 32.2 146.5 308.4 -164.6 -381.8 -685.6
1409 Liquid 28.2 142.5 304.4 -159.6 -376.8 -680.8
1412 DK 28.6 143.2 305.3 -163.6 -380.8 -684.8
1415 VP 24.6 139.2 301.3 -151.7 -368.1 -673.6
1416 Liquid 26.4 141.0 303.2 -155.7 -372.1 -677.6
1420 FD 29.9 143.9 306.4 -159.7 -376.1 -681.6
1421 Na'Vi 31.4 145.5 308.3 -163.7 -380.1 -685.6
1423 Alliance 31.9 146.1 309.0 -167.7 -384.1 -689.6
1424 DK 32.2 146.5 309.6 -171.7 -388.1 -693.6
1425 VG 32.9 147.3 310.6 -175.7 -392.1 -697.6
1426 Speed 34.3 148.8 312.3 -179.7 -396.1 -701.6
1428 EG 30.3 144.8 308.3 -172.2 -387.7 -693.4
1429 Empire 31.5 146.0 309.7 -176.2 -391.7 -697.4
1430 Na'Vi 32.4 147.0 310.9 -180.2 -395.7 -701.4
1431 DK 32.8 147.5 311.5 -184.2 -399.7 -705.4
1433 iG 28.8 143.5 307.5 -177.2 -393.7 -700.1
1434 MiTH 31.9 146.3 310.3 -181.2 -397.7 -704.1
1435 mouz 35.4 149.4 313.3 -185.2 -401.7 -708.1
1437 Liquid 37.4 151.6 315.7 -189.2 -405.7 -712.1
1438 Liquid 38.1 152.5 316.7 -193.2 -409.7 -716.1
1439 Empire 34.1 148.5 312.7 -179.7 -395.1 -701.6
1440 Alliance 36.6 151.2 315.7 -183.7 -399.1 -705.6
1441 PR 32.6 147.2 311.7 -175.8 -391.1 -697.8
1442 LGD.int 33.0 147.8 312.4 -179.8 -395.1 -701.8
1443 TongFu 33.7 148.6 313.4 -183.8 -399.1 -705.8
1445 Speed 35.5 151.0 316.1 -187.8 -403.1 -709.8
1446 mouz 31.5 147.0 312.1 -180.5 -396.8 -704.0
1447 FD 27.5 143.0 308.1 -172.3 -389.1 -696.8
1448 MiTH 23.5 139.0 304.1 -166.1 -382.3 -690.4
1449 Titan 25.4 140.7 305.9 -170.1 -386.3 -694.4
1450 Na'Vi 26.3 141.8 307.2 -174.1 -390.3 -698.4
1451 Na'Vi 27.7 143.2 308.6 -178.1 -394.3 -702.4
1453 Liquid 30.1 145.9 311.4 -182.1 -398.3 -706.4
1456 Liquid 31.6 147.7 313.4 -186.1 -402.3 -710.4
1458 Fnatic.eu 27.6 143.7 309.4 -173.3 -389.9 -699.1
1459 Na'Vi 29.3 145.2 311.1 -177.3 -393.9 -703.1
1460 Alliance 30.2 146.1 312.1 -181.3 -397.9 -707.1
1461 rox.KIS 26.2 142.1 308.1 -171.7 -389.1 -699.0
1462 rox.KIS 27.7 143.6 309.8 -175.7 -393.1 -703.0
1463 Na'Vi 29.8 145.5 311.8 -179.7 -397.1 -707.0
1465 DK 31.3 147.0 313.4 -183.7 -401.1 -711.0
1466 4FC 27.3 143.0 309.4 -170.8 -388.3 -699.2
1467 Sigma.int 23.3 139.0 305.4 -165.8 -382.7 -693.7
1468 Alliance 25.1 140.9 307.4 -169.8 -386.7 -697.7
1471 Mts 21.1 136.9 303.4 -161.0 -380.1 -692.3
1472 rox.KIS 17.1 132.9 299.4 -152.6 -374.1 -687.1
1473 LGD.cn 17.7 133.7 300.4 -156.6 -378.1 -691.1
1475 TongFu3 19.5 135.4 302.3 -160.6 -382.1 -695.1
1478 Alliance 20.7 136.7 303.7 -164.6 -386.1 -699.1
1479 Liquid 21.4 137.5 304.7 -168.6 -390.1 -703.1
1480 Na'Vi 23.1 139.0 306.3 -172.6 -394.1 -707.1
1481 DK 19.1 135.0 302.3 -163.3 -385.9 -700.4
1482 Fnatic.eu 19.8 135.9 303.5 -167.3 -389.9 -704.4
1483 Sigma.int 15.8 131.9 299.5 -156.3 -377.5 -692.8
1484 DK 17.7 134.1 302.0 -160.3 -381.5 -696.8
1485 EG 13.7 130.1 298.0 -153.0 -374.8 -690.4
1487 VG 15.8 132.5 300.7 -157.0 -378.8 -694.4
1488 Imp 17.6 134.5 303.2 -161.0 -382.8 -698.4
1489 Na'Vi 19.3 136.2 305.1 -165.0 -386.8 -702.4
1490 EG 20.1 137.2 306.2 -169.0 -390.8 -706.4
1491 Fnatic.eu 23.3 140.6 309.9 -173.0 -394.8 -710.4
1492 Alliance 24.6 142.0 311.4 -177.0 -398.8 -714.4
1493 Sigma.int 20.6 138.0 307.4 -172.1 -393.2 -708.8
1494 Na'Vi 21.2 138.7 308.2 -176.1 -397.2 -712.8
1495 DK 22.3 140.0 309.7 -180.1 -401.2 -716.8
1496 Sigma.int 24.2 142.3 312.4 -184.1 -405.2 -720.8
1497 Speed 20.2 138.3 308.4 -170.5 -393.3 -709.9
1498 Fnatic.eu 16.2 134.3 304.4 -154.4 -377.8 -695.2
1499 DK 17.0 135.3 305.4 -158.4 -381.8 -699.2
1500 Speed 17.7 136.2 306.6 -162.4 -385.8 -703.2
1501 Liquid 13.7 132.2 302.6 -149.0 -372.7 -691.4
1503 Speed 16.2 134.3 305.0 -153.0 -376.7 -695.4
1504 Sigma.int 19.2 137.5 308.3 -157.0 -380.7 -699.4
1506 Liquid 20.5 138.9 309.8 -161.0 -384.7 -703.4
1507 DK 22.2 140.6 311.5 -165.0 -388.7 -707.4
1508 Alliance 22.8 141.4 312.3 -169.0 -392.7 -711.4
1510 Na'Vi 24.3 143.0 314.1 -173.0 -396.7 -715.4
1511 Sigma.int 24.8 143.7 314.8 -177.0 -400.7 -719.4
1512 Alliance 25.7 144.7 316.0 -181.0 -404.7 -723.4
1513 DK 26.0 145.2 316.6 -185.0 -408.7 -727.4
1514 Fnatic.eu 22.0 141.2 312.6 -179.1 -402.9 -721.5
1515 Speed 18.0 137.2 308.6 -168.1 -392.1 -711.7
1517 Speed 21.1 140.3 311.8 -172.1 -396.1 -715.7
1518 Speed 17.1 136.3 307.8 -162.4 -387.7 -708.1
1519 Orange 20.4 138.9 310.4 -166.4 -391.7 -712.1
1520 Titan 23.0 141.4 313.0 -170.4 -395.7 -716.1
1521 Next.kz 24.8 143.5 315.5 -174.4 -399.7 -720.1
1522 Next.kz 20.8 139.5 311.5 -168.0 -393.5 -714.5
1523 SSD 16.8 135.5 307.5 -154.6 -380.2 -703.2
1524 Aspera 18.2 137.3 309.5 -158.6 -384.2 -707.2
1525 mouz 21.0 140.0 312.3 -162.6 -388.2 -711.2
1526 TongFu3 23.4 142.5 315.1 -166.6 -392.2 -715.2
1527 VP 24.5 143.9 316.7 -170.6 -396.2 -719.2
1528 TongFu 25.2 144.7 317.7 -174.6 -400.2 -723.2
1529 LGD.int 25.8 145.5 318.7 -178.6 -404.2 -727.2
1530 Empire 27.3 147.2 320.6 -182.6 -408.2 -731.2
1531 Aspera 28.7 148.7 322.3 -186.6 -412.2 -735.2
1532 Poseidon 24.7 144.7 318.3 -181.4 -406.9 -730.5
1533 OsG 20.7 140.7 314.3 -168.2 -394.4 -720.2
1534 Poseidon 22.6 142.6 316.4 -172.2 -398.4 -724.2
1535 Venum 24.6 145.1 319.2 -176.2 -402.4 -728.2
1537 FL 20.6 141.1 315.2 -166.4 -391.2 -718.6
1538 NoX 16.6 137.1 311.2 -158.9 -382.8 -710.8
1539 Next.kz 19.3 139.4 313.6 -162.9 -386.8 -714.8
1540 Next.kz 21.9 142.1 316.6 -166.9 -390.8 -718.8
1541 PR 17.9 138.1 312.6 -160.2 -384.7 -713.3
1542 rox.KIS 20.2 140.6 315.5 -164.2 -388.7 -717.3
1543 Fnatic.eu 22.8 143.0 318.0 -168.2 -392.7 -721.3
1544 SSD 24.5 144.9 320.1 -172.2 -396.7 -725.3
1545 LGD.cn 26.0 146.7 322.3 -176.2 -400.7 -729.3
1546 iG 27.2 148.1 324.0 -180.2 -404.7 -733.3
1547 Fnatic.eu 23.2 144.1 320.0 -170.3 -394.5 -723.7
1548 Na'Vi 24.8 145.7 321.8 -174.3 -398.5 -727.7
1549 VG 25.4 146.6 323.0 -178.3 -402.5 -731.7
1550 DK 26.1 147.4 324.0 -182.3 -406.5 -735.7
1553 Fnatic.eu 22.1 143.4 320.0 -173.0 -397.7 -728.1
1554 Alliance 24.0 145.2 321.9 -177.0 -401.7 -732.1
1557 LGD.int 20.0 141.2 317.9 -168.3 -392.2 -723.6
1558 FD 16.0 137.2 313.9 -162.7 -387.2 -718.9
1560 EOT 18.0 139.2 316.1 -166.7 -391.2 -722.9
1561 Na'Vi 20.7 141.7 318.7 -170.7 -395.2 -726.9
1562 VG 16.7 137.7 314.7 -163.7 -385.5 -717.8
1563 FL 19.7 140.7 318.1 -167.7 -389.5 -721.8
1564 Mski 23.2 143.6 321.0 -171.7 -393.5 -725.8
1565 NSG 19.2 139.6 317.0 -167.0 -387.6 -719.9
1568 Next.kz 20.4 141.1 318.7 -171.0 -391.6 -723.9
1569 Next.kz 16.4 137.1 314.7 -164.9 -384.8 -717.6
1571 PR 19.2 139.8 317.5 -168.9 -388.8 -721.6
1572 Fnatic.eu 20.6 141.1 318.9 -172.9 -392.8 -725.6
1573 iG 22.4 143.0 321.2 -176.9 -396.8 -729.6
1574 DK 23.5 144.2 322.5 -180.9 -400.8 -733.6
1576 5inQ 25.0 146.1 324.8 -184.9 -404.8 -737.6
1577 MVP.P 28.3 149.0 327.6 -188.9 -408.8 -741.6
1578 VG 24.3 145.0 323.6 -179.7 -399.9 -733.3
1579 DK 25.4 146.5 325.3 -183.7 -403.9 -737.3
1580 Alliance 26.5 147.8 326.8 -187.7 -407.9 -741.3
1582 PR 27.9 149.1 328.2 -191.7 -411.9 -745.3
1583 Sigma.int 29.3 150.8 330.2 -195.7 -415.9 -749.3
1584 SSD 31.7 153.6 333.1 -199.7 -419.9 -753.3
1585 Fnatic.eu 32.6 154.6 334.3 -203.7 -423.9 -757.3
1586 Fnatic.eu 28.6 150.6 330.3 -194.1 -414.5 -748.0
1587 Idol 30.1 152.4 332.6 -198.1 -418.5 -752.0
1588 LGD.cn 26.1 148.4 328.6 -193.8 -412.7 -745.7
1589 FD 27.1 149.5 329.9 -197.8 -416.7 -749.7
1590 Orange 27.9 150.5 331.2 -201.8 -420.7 -753.7
1593 FD 28.6 151.5 332.5 -205.8 -424.7 -757.7
1594 FD 24.6 147.5 328.5 -197.0 -414.7 -748.5
1595 Idol 20.6 143.5 324.5 -190.9 -406.8 -740.4
1597 Empire 22.4 145.3 326.3 -194.9 -410.8 -744.4
1598 Alliance 23.3 146.3 327.4 -198.9 -414.8 -748.4
1599 OsG 19.3 142.3 323.4 -190.1 -407.0 -741.3
1600 TR 15.3 138.3 319.4 -179.2 -398.6 -734.2
1601 SSD 18.6 141.2 322.3 -183.2 -402.6 -738.2
1602 VP 20.3 143.1 324.3 -187.2 -406.6 -742.2
1603 Fnatic.eu 21.8 144.6 325.8 -191.2 -410.6 -746.2
1604 Sigma.int 17.8 140.6 321.8 -180.8 -399.8 -736.1
1605 VG 20.2 143.5 325.0 -184.8 -403.8 -740.1
1607 Idol 21.2 144.9 326.7 -188.8 -407.8 -744.1
1608 VP 17.2 140.9 322.7 -178.9 -398.9 -736.6
1611 Sigma.int 18.2 142.2 324.2 -182.9 -402.9 -740.6
1612 Fnatic.eu 20.1 144.1 326.4 -186.9 -406.9 -744.6
1613 Fnatic.eu 21.5 145.5 328.0 -190.9 -410.9 -748.6
1614 Alliance 22.1 146.3 328.9 -194.9 -414.9 -752.6
1615 Speed 25.0 149.1 332.0 -198.9 -418.9 -756.6
1617 Siltherin 27.0 151.4 334.6 -202.9 -422.9 -760.6
1618 FD 28.6 153.1 336.7 -206.9 -426.9 -764.6
1619 XctN 30.9 155.7 339.5 -210.9 -430.9 -768.6
1620 VP 32.4 157.1 341.1 -214.9 -434.9 -772.6
1622 Aspera 28.4 153.1 337.1 -208.8 -428.5 -766.6
1623 SSD 30.3 155.0 339.1 -212.8 -432.5 -770.6
1624 PR 31.9 156.8 341.1 -216.8 -436.5 -774.6
1625 Idol 27.9 152.8 337.1 -207.7 -427.7 -766.9
1626 FD 28.8 154.0 338.5 -211.7 -431.7 -770.9
1627 MVP 30.8 155.7 340.3 -215.7 -435.7 -774.9
1628 Alliance 31.5 156.4 341.2 -219.7 -439.7 -778.9
1629 Fnatic.eu 32.0 157.0 342.0 -223.7 -443.7 -782.9
1630 Na'Vi 34.6 159.3 344.5 -227.7 -447.7 -786.9
1631 VG 35.1 160.0 345.5 -231.7 -451.7 -790.9
1632 Fnatic.eu 31.1 156.0 341.5 -226.0 -445.9 -785.1
1633 Startale 34.6 158.7 344.0 -230.0 -449.9 -789.1
1634 Alliance 35.3 159.6 345.0 -234.0 -453.9 -793.1
1635 VG 31.3 155.6 341.0 -228.9 -446.7 -785.4
1636 Sigma.int 32.0 156.4 342.1 -232.9 -450.7 -789.4
1637 Na'Vi 33.9 158.2 344.0 -236.9 -454.7 -793.4
1639 Fnatic.eu 29.9 154.2 340.0 -231.1 -448.9 -788.2
1641 RRQ 25.9 150.2 336.0 -221.9 -438.9 -778.6
1642 MiTH 27.6 152.3 338.2 -225.9 -442.9 -782.6
1643 VG 30.0 155.4 341.6 -229.9 -446.9 -786.6
1644 iG 26.0 151.4 337.6 -223.9 -441.4 -781.3
1645 RRQ 28.4 153.7 340.0 -227.9 -445.4 -785.3
1647 MiTH 24.4 149.7 336.0 -222.2 -440.2 -780.8
1648 Poseidon 20.4 145.7 332.0 -213.8 -431.8 -772.7
1650 VP 22.3 147.9 334.2 -217.8 -435.8 -776.7
1651 rox.KIS 24.0 149.6 336.1 -221.8 -439.8 -780.7
1652 PR 25.1 150.9 337.6 -225.8 -443.8 -784.7
1653 mouz 26.7 152.5 339.4 -229.8 -447.8 -788.7
1654 MVP.P 27.7 153.9 341.0 -233.8 -451.8 -792.7
1655 RRQ 30.2 155.8 342.9 -237.8 -455.8 -796.7
1656 HR 26.2 151.8 338.9 -228.8 -445.2 -786.9
1657 RRQ 26.9 152.7 340.0 -232.8 -449.2 -790.9
1660 Poseidon 22.9 148.7 336.0 -216.4 -434.6 -779.3
1661 Alliance 25.6 151.5 339.0 -220.4 -438.6 -783.3
1662 Fnatic.eu 26.4 152.5 340.2 -224.4 -442.6 -787.3
1664 DK 27.1 153.3 341.2 -228.4 -446.6 -791.3
1665 LGD.cn 27.7 154.0 342.2 -232.4 -450.6 -795.3
1666 Lowyat 23.7 150.0 338.2 -225.7 -444.9 -790.2
1667 Fnatic.eu 25.2 151.4 339.8 -229.7 -448.9 -794.2
1668 Duskbin 26.0 152.7 341.4 -233.7 -452.9 -798.2
1669 Neon 22.0 148.7 337.4 -225.0 -444.8 -791.2
1672 MiTH 23.9 150.6 339.5 -229.0 -448.8 -795.2
1673 rox.KIS 26.7 153.9 343.2 -233.0 -452.8 -799.2
1674 Empire 27.9 155.2 344.6 -237.0 -456.8 -803.2
1676 TR 23.9 151.2 340.6 -222.8 -445.2 -793.4
1677 Na'Vi 25.1 152.4 342.1 -226.8 -449.2 -797.4
1678 Na'Vi 26.0 153.5 343.3 -230.8 -453.2 -801.4
1679 Speed 27.7 155.2 345.2 -234.8 -457.2 -805.4
1680 Mski 31.0 158.1 348.1 -238.8 -461.2 -809.4
1681 Mski 31.9 159.2 349.4 -242.8 -465.2 -813.4
1682 Lowyat 33.1 160.5 351.0 -246.8 -469.2 -817.4
1683 rox.KIS 34.4 162.1 352.9 -250.8 -473.2 -821.4
1684 Alliance 35.8 163.4 354.3 -254.8 -477.2 -825.4
1685 Alliance 36.3 164.0 355.0 -258.8 -481.2 -829.4
1686 Sigma.int 37.5 165.2 356.4 -262.8 -485.2 -833.4
1688 Fnatic.eu 38.9 166.6 357.9 -266.8 -489.2 -837.4
1689 iG 39.4 167.2 358.6 -270.8 -493.2 -841.4
1690 Mski 41.4 168.7 360.1 -274.8 -497.2 -845.4
1697 mouz 37.4 164.7 356.1 -257.9 -477.1 -825.3
1698 Alliance 38.9 166.0 357.5 -261.9 -481.1 -829.3
1699 OsG 34.9 162.0 353.5 -233.5 -454.8 -805.9
1701 TongFu 35.9 163.0 354.6 -237.5 -458.8 -809.9
1703 DK 31.9 159.0 350.6 -232.2 -453.9 -805.2
1704 Alliance 34.6 161.7 353.5 -236.2 -457.9 -809.2
1705 Next.kz 36.3 163.6 355.7 -240.2 -461.9 -813.2
1706 Sigma.int 37.2 164.4 356.6 -244.2 -465.9 -817.2
1707 mouz 38.4 165.5 357.8 -248.2 -469.9 -821.2
1708 HR 39.5 166.8 359.4 -252.2 -473.9 -825.2
1709 iG 40.9 168.4 361.4 -256.2 -477.9 -829.2
1709 iG 42.3 170.0 363.4 -260.2 -481.9 -833.2
1710 Speed 38.3 166.0 359.4 -254.1 -475.7 -827.3
1710 Speed 34.3 162.0 355.4 -247.6 -469.2 -821.4
1711 Next.kz 35.1 163.0 356.6 -251.6 -473.2 -825.4
1711 Next.kz 35.8 163.9 357.6 -255.6 -477.2 -829.4
1712 VP 37.5 165.6 359.4 -259.6 -481.2 -833.4
1712 VP 39.4 167.2 361.1 -263.6 -485.2 -837.4
1713 Alliance 41.0 168.8 362.8 -267.6 -489.2 -841.4
1713 Sigma.int 42.8 170.2 364.5 -271.6 -493.2 -845.4
1714 rox.KIS 43.5 171.1 365.5 -275.6 -497.2 -849.4
1714 rox.KIS 44.4 172.0 366.7 -279.6 -501.2 -853.4
1715 Poseidon 40.4 168.0 362.7 -273.9 -495.8 -848.1
1716 rox.KIS 42.8 170.7 365.5 -277.9 -499.8 -852.1
1716 rox.KIS 45.4 173.3 368.4 -281.9 -503.8 -856.1
1718 Fnatic.eu 41.4 169.3 364.4 -275.5 -496.9 -850.3
1718 Fnatic.eu 37.4 165.3 360.4 -268.6 -490.3 -844.5
1719 HR 39.2 166.8 362.0 -272.6 -494.3 -848.5
1719 HR 41.0 168.3 363.6 -276.6 -498.3 -852.5
1720 Mski 41.9 169.3 364.7 -280.6 -502.3 -856.5
1721 Lowyat 43.0 170.3 366.2 -284.6 -506.3 -860.5
1722 Mski 43.8 171.1 367.2 -288.6 -510.3 -864.5
1723 Mski 45.5 172.7 368.8 -292.6 -514.3 -868.5
1724 LGD.cn 47.1 174.4 370.7 -296.6 -518.3 -872.5
1725 VG 48.2 175.6 372.1 -300.6 -522.3 -876.5
1726 Lowyat 49.2 176.6 373.3 -304.6 -526.3 -880.5
1727 Mski 50.0 177.5 374.2 -308.6 -530.3 -884.5
1728 sQreen 46.0 173.5 370.2 -296.4 -517.8 -873.5
1730 rox.KIS 47.0 174.9 371.7 -300.4 -521.8 -877.5
1731 Empire 43.0 170.9 367.7 -288.2 -508.9 -866.2
1732 rox.KIS 39.0 166.9 363.7 -282.3 -501.6 -858.9
1733 PR 35.0 162.9 359.7 -271.4 -491.1 -849.2
1735 Mski 35.8 163.7 360.7 -275.4 -495.1 -853.2
1736 Lowyat 31.8 159.7 356.7 -266.2 -486.1 -845.3
1737 MiTH 27.8 155.7 352.7 -261.3 -480.0 -839.5
1738 Lowyat 29.9 157.5 354.6 -265.3 -484.0 -843.5
1739 5inQ 25.9 153.5 350.6 -257.5 -476.2 -837.1
1740 LGD.cn 21.9 149.5 346.6 -251.1 -470.6 -832.3
1742 Na'Vi 23.4 151.5 348.8 -255.1 -474.6 -836.3
1743 Na'Vi 25.1 153.6 351.2 -259.1 -478.6 -840.3
1744 Sigma.int 26.1 154.9 352.7 -263.1 -482.6 -844.3
1745 Na'Vi 26.8 155.8 353.8 -267.1 -486.6 -848.3
1746 Alliance 27.5 156.6 354.9 -271.1 -490.6 -852.3
1750 Alliance 28.2 157.4 355.9 -275.1 -494.6 -856.3
1751 Na'Vi 29.1 158.4 357.1 -279.1 -498.6 -860.3
1753 Na'Vi 30.4 159.8 358.7 -283.1 -502.6 -864.3
1754 TR 26.4 155.8 354.7 -270.2 -491.2 -854.6
1755 SSD 27.5 157.2 356.4 -274.2 -495.2 -858.6
1756 TongFu 23.5 153.2 352.4 -266.4 -488.3 -852.9
1758 DK 25.1 155.0 354.5 -270.4 -492.3 -856.9
1760 Duskbin 21.1 151.0 350.5 -260.9 -481.7 -847.0
1761 Mski 22.1 152.3 351.9 -264.9 -485.7 -851.0
1762 TR 18.1 148.3 347.9 -255.5 -477.4 -843.8
1763 rox.KIS 19.0 149.3 349.1 -259.5 -481.4 -847.8
1764 Na'Vi 20.1 150.4 350.4 -263.5 -485.4 -851.8
1767 rox.KIS 22.8 153.5 353.9 -267.5 -489.4 -855.8
1768 QPandas 18.8 149.5 349.9 -257.1 -479.6 -847.3
1769 XctN 14.8 145.5 345.9 -252.1 -473.9 -841.8
1770 5inQ 16.5 148.1 348.9 -256.1 -477.9 -845.8
1771 VG 17.4 149.3 350.5 -260.1 -481.9 -849.8
1773 FD 19.5 151.1 352.5 -264.1 -485.9 -853.8
1774 Idol 20.5 152.6 354.4 -268.1 -489.9 -857.8
1775 RRQ 16.5 148.6 350.4 -262.5 -485.0 -853.3
1776 Fnatic.eu 17.6 149.8 351.8 -266.5 -489.0 -857.3
1777 PR 19.1 151.4 353.6 -270.5 -493.0 -861.3
1778 FSid3 15.1 147.4 349.6 -264.5 -486.4 -854.8
1779 Fnatic.eu 16.9 148.9 351.2 -268.5 -490.4 -858.8
1780 Titan 18.3 150.5 353.0 -272.5 -494.4 -862.8
1781 FD 20.0 152.4 355.1 -276.5 -498.4 -866.8
1783 Titan 21.0 153.4 356.4 -280.5 -502.4 -870.8
1784 LGD.cn 22.6 155.0 358.4 -284.5 -506.4 -874.8
1785 Fnatic.eu 23.7 156.2 359.7 -288.5 -510.4 -878.8
1786 Fnatic.eu 25.1 157.6 361.2 -292.5 -514.4 -882.8
1787 Sigma.int 27.6 160.1 363.8 -296.5 -518.4 -886.8
1788 Sigma.int 28.2 160.8 364.7 -300.5 -522.4 -890.8
1789 Na'Vi 31.1 163.5 367.5 -304.5 -526.4 -894.8
1790 Na'Vi 32.1 164.4 368.5 -308.5 -530.4 -898.8
1791 Revenge 28.1 160.4 364.5 -299.1 -518.9 -887.2
1792 Empire 24.1 156.4 360.5 -291.2 -511.2 -880.3
1793 Fnatic.eu 25.4 157.7 362.0 -295.2 -515.2 -884.3
1794 Mski 21.4 153.7 358.0 -290.1 -509.6 -879.0
1795 Empire 23.0 155.5 359.8 -294.1 -513.6 -883.0
1796 Titan 25.5 158.2 362.4 -298.1 -517.6 -887.0
1797 TR 21.5 154.2 358.4 -288.7 -507.8 -877.5
1798 OsG 23.8 156.9 361.2 -292.7 -511.8 -881.5
1799 VP 19.8 152.9 357.2 -284.0 -505.1 -875.7
1800 Empire 21.4 154.5 359.0 -288.0 -509.1 -879.7
1801 Na'Vi 23.1 155.9 360.6 -292.0 -513.1 -883.7
1802 PR 19.1 151.9 356.6 -278.9 -497.2 -868.9
1803 Sigma.int 20.3 153.3 358.1 -282.9 -501.2 -872.9
1804 DK 20.7 153.9 358.8 -286.9 -505.2 -876.9
1805 VG 21.3 154.6 359.7 -290.9 -509.2 -880.9
1806 DT 23.0 156.2 361.5 -294.9 -513.2 -884.9
1807 LGD.cn 23.5 156.8 362.3 -298.9 -517.2 -888.9
1808 iG 23.9 157.4 363.1 -302.9 -521.2 -892.9
1809 Titan 25.1 158.5 364.4 -306.9 -525.2 -896.9
1810 TR 21.1 154.5 360.4 -302.1 -520.0 -891.7
1811 TongFu 22.0 155.4 361.5 -306.1 -524.0 -895.7
1813 DK 24.3 157.9 364.2 -310.1 -528.0 -899.7
1814 LGD.cn 24.8 158.6 365.1 -314.1 -532.0 -903.7
1815 iG 25.7 160.0 366.8 -318.1 -536.0 -907.7
1816 TongFu 21.7 156.0 362.8 -312.5 -530.9 -903.3
1817 Mski 22.9 157.2 364.2 -316.5 -534.9 -907.3
1818 FD 25.1 159.3 366.3 -320.5 -538.9 -911.3
1819 rox.KIS 27.5 161.6 368.8 -324.5 -542.9 -915.3
1820 Empire 28.4 162.5 369.9 -328.5 -546.9 -919.3
1821 QPandas 24.4 158.5 365.9 -317.7 -535.9 -909.7
1822 Fnatic.eu 24.9 159.1 366.6 -321.7 -539.9 -913.7
1823 SSD 26.6 160.7 368.3 -325.7 -543.9 -917.7
1824 Empire 29.8 163.9 371.8 -329.7 -547.9 -921.7
1825 DK 31.4 165.7 373.9 -333.7 -551.9 -925.7
1826 Titan 32.4 166.7 375.0 -337.7 -555.9 -929.7
1827 MVP.P 33.3 167.9 376.4 -341.7 -559.9 -933.7
1828 TongFu 29.3 163.9 372.4 -327.3 -548.7 -923.9
1829 Sigma.int 30.6 165.6 374.4 -331.3 -552.7 -927.9
1830 mouz 32.8 167.8 376.6 -335.3 -556.7 -931.9
1831 rox.KIS 28.8 163.8 372.6 -326.3 -549.2 -924.9
1833 Fnatic.eu 30.3 165.2 374.0 -330.3 -553.2 -928.9
1836 DK 31.7 166.8 375.8 -334.3 -557.2 -932.9
1837 Titan 33.3 168.3 377.5 -338.3 -561.2 -936.9
1838 Titan 29.3 164.3 373.5 -332.0 -554.5 -930.4
1839 Sigma.int 25.3 160.3 369.5 -323.2 -546.0 -922.5
1840 PR 21.3 156.3 365.5 -311.0 -534.7 -912.0
1841 SSD 23.1 158.3 367.7 -315.0 -538.7 -916.0
1842 DK 24.4 159.9 369.5 -319.0 -542.7 -920.0
1843 iG 26.4 162.3 372.1 -323.0 -546.7 -924.0
1844 VG 22.4 158.3 368.1 -317.2 -541.7 -919.3
1845 DK 24.3 160.5 369.3 -321.2 -545.7 -923.3
1846 DK 25.2 161.6 369.9 -325.2 -549.7 -927.3
1847 DK 26.0 162.7 371.2 -329.2 -553.7 -931.3
1848 TongFu 27.7 164.8 373.6 -333.2 -557.7 -935.3
1849 PBS 29.4 167.0 376.2 -337.2 -561.7 -939.3
1850 rox.KIS 30.7 168.6 377.0 -341.2 -565.7 -943.3
1851 Alliance 31.4 169.5 377.6 -345.2 -569.7 -947.3
1852 SSD 33.1 171.1 379.3 -349.2 -573.7 -951.3
1853 Alliance 34.1 171.9 380.2 -353.2 -577.7 -955.3
1854 SSD 30.1 167.9 376.2 -346.3 -569.5 -947.5
1857 iG 30.8 168.8 377.3 -350.3 -573.5 -951.5
1858 Empire 33.1 171.5 378.7 -354.3 -577.5 -955.5
1860 Fnatic.eu 33.7 172.3 379.6 -358.3 -581.5 -959.5
1861 Sigma.int 34.7 173.5 381.1 -362.3 -585.5 -963.5
1862 Next.kz 30.7 169.5 377.1 -351.4 -574.9 -953.7
1863 Fnatic.eu 31.9 170.8 378.1 -355.4 -578.9 -957.7
1864 Revenge 34.2 173.3 380.9 -359.4 -582.9 -961.7
1865 TongFu 35.0 174.3 382.1 -363.4 -586.9 -965.7
1866 Sigma.int 36.9 176.6 383.7 -367.4 -590.9 -969.7
1867 Fnatic.eu 37.8 177.6 384.4 -371.4 -594.9 -973.7
1868 Na'Vi 38.5 178.4 384.9 -375.4 -598.9 -977.7
1869 FSid3 34.5 174.4 380.9 -367.6 -591.4 -971.4
1870 FSid3 30.5 170.4 376.9 -357.9 -579.9 -960.1
1871 Relax 32.2 172.2 379.1 -361.9 -583.9 -964.1
1873 PBS 28.2 168.2 375.1 -355.6 -577.3 -960.6
1874 Revenge 29.6 169.8 376.1 -359.6 -581.3 -964.6
1875 iG 31.2 171.5 378.0 -363.6 -585.3 -968.6
1876 GB 33.0 173.4 380.2 -367.6 -589.3 -972.6
1877 FD 34.6 175.1 381.5 -371.6 -593.3 -976.6
1878 Invasion 30.6 171.1 377.5 -360.0 -582.9 -962.7
1879 Orange 31.4 172.0 378.5 -364.0 -586.9 -966.7
1880 VG 27.4 168.0 374.5 -357.4 -579.5 -959.6
1881 LGD.cn 30.7 171.8 376.4 -361.4 -583.5 -963.6
1883 iG 26.7 167.8 372.4 -353.0 -576.0 -953.9
1885 Mski 27.9 168.9 373.6 -357.0 -580.0 -957.9
1886 Invasion 29.2 170.3 374.6 -361.0 -584.0 -961.9
1887 Lowyat 30.5 171.7 376.0 -365.0 -588.0 -965.9
1888 SMM 33.7 174.6 379.1 -369.0 -592.0 -969.9
1889 Fnatic.eu 29.7 170.6 375.1 -351.8 -578.9 -958.1
1890 LGD.cn 25.7 166.6 371.1 -345.3 -573.0 -952.6
1892 nAra 21.7 162.6 367.1 -337.5 -566.2 -944.2
1893 Mski 22.9 164.0 367.8 -341.5 -570.2 -948.2
1894 Spirit 18.9 160.0 363.8 -329.0 -558.7 -931.9
1895 Fnatic.eu 14.9 156.0 359.8 -324.4 -554.8 -923.2
1896 XctN 10.9 152.0 355.8 -319.0 -548.9 -917.7
1897 Idol 6.9 148.0 351.8 -313.1 -542.9 -912.0
1898 Titan 8.2 149.7 352.6 -317.1 -546.9 -916.0
1899 LGD.cn 10.7 152.3 354.6 -321.1 -550.9 -920.0
1900 PBS 12.9 154.7 357.2 -325.1 -554.9 -924.0
1903 Titan 14.9 157.1 358.5 -329.1 -558.9 -928.0
1904 Mastery 10.9 153.1 354.5 -322.6 -552.6 -920.5
1905 Swage 6.9 149.1 350.5 -315.0 -545.9 -914.5
1906 5inQ 8.0 150.8 352.5 -319.0 -549.9 -918.5
1907 EOT 10.9 154.1 354.8 -323.0 -553.9 -922.5
1908 Sigma.int 6.9 150.1 350.8 -318.1 -548.5 -916.9
1909 Mski 10.0 153.7 353.5 -322.1 -552.5 -920.9
1910 FD 11.9 155.9 355.0 -326.1 -556.5 -924.9
1911 Titan 13.0 157.2 356.0 -330.1 -560.5 -928.9
1912 Orange 15.1 159.2 358.0 -334.1 -564.5 -932.9
1913 rox.KIS 16.5 160.8 359.3 -338.1 -568.5 -936.9
1914 rox.KIS 18.3 162.6 361.3 -342.1 -572.5 -940.9
1916 rox.KIS 19.6 164.0 362.8 -346.1 -576.5 -944.9
1917 Orange 21.6 165.6 364.5 -350.1 -580.5 -948.9
1918 Orange 23.7 167.5 366.4 -354.1 -584.5 -952.9
1920 Mski 19.7 163.5 362.4 -345.8 -578.0 -946.9
1921 VP 22.2 165.9 364.7 -349.8 -582.0 -950.9
1923 VP 23.7 167.6 366.5 -353.8 -586.0 -954.9
1924 Sigma.int 26.0 170.3 368.2 -357.8 -590.0 -958.9
1925 PR 27.7 171.9 369.6 -361.8 -594.0 -962.9
1926 PR 30.3 174.0 371.8 -365.8 -598.0 -966.9
1927 Titan 31.9 175.8 373.0 -369.8 -602.0 -970.9
1928 Zephyr 32.9 177.3 374.8 -373.8 -606.0 -974.9
1929 MVP 34.2 178.8 376.6 -377.8 -610.0 -978.9
1930 Alliance 36.3 180.9 379.0 -381.8 -614.0 -982.9
1931 Swage 32.3 176.9 375.0 -373.8 -606.7 -976.3
1933 Alliance 34.5 179.1 377.4 -377.8 -610.7 -980.3
1934 Sigma.int 30.5 175.1 373.4 -366.8 -599.3 -969.7
1935 EOT.Ham. 26.5 171.1 369.4 -351.3 -589.3 -961.6
1936 Alliance 28.3 173.1 371.1 -355.3 -593.3 -965.6
1937 Na'Vi 30.1 175.1 373.3 -359.3 -597.3 -969.6
1938 DK 32.6 177.8 376.2 -363.3 -601.3 -973.6
1939 Na'Vi 34.3 179.7 377.6 -367.3 -605.3 -977.6
1941 Zephyr 36.4 182.3 378.8 -371.3 -609.3 -981.6
1942 VP 39.8 185.2 381.7 -375.3 -613.3 -985.6
1943 PR 41.7 187.1 383.9 -379.3 -617.3 -989.6
1944 VP 43.6 189.2 385.4 -383.3 -621.3 -993.6
1945 rox.KIS 44.7 190.5 386.2 -387.3 -625.3 -997.6
1946 PR 40.7 186.5 382.2 -380.7 -618.2 -991.0
1947 Relax 36.7 182.5 378.2 -373.7 -611.3 -984.9
1948 Empire 37.7 183.6 379.6 -377.7 -615.3 -988.9
1949 EOT.Ham. 33.7 179.6 375.6 -366.8 -606.0 -980.9
1951 Empire 34.9 181.1 376.4 -370.8 -610.0 -984.9
1953 Fnatic.eu 35.9 182.3 377.4 -374.8 -614.0 -988.9
1954 Empire 36.8 183.3 378.6 -378.8 -618.0 -992.9
1955 Life 39.6 186.8 380.3 -382.8 -622.0 -996.9
1956 rox.KIS 41.2 188.2 381.8 -386.8 -626.0 -1000.9
1960 Empire 42.9 190.0 384.0 -390.8 -630.0 -1004.9
1961 Fnatic.eu 43.7 190.9 384.6 -394.8 -634.0 -1008.9
1962 Fnatic.eu 46.0 193.3 387.0 -398.8 -638.0 -1012.9
1963 Life 42.0 189.3 383.0 -389.4 -628.4 -1006.0
1964 Fnatic.eu 43.1 190.7 383.8 -393.4 -632.4 -1010.0
1965 Relax 44.8 192.7 385.4 -397.4 -636.4 -1014.0
1966 Speed 47.6 196.0 389.1 -401.4 -640.4 -1018.0
1967 Liquid 49.0 197.1 390.4 -405.4 -644.4 -1022.0
1968 Denial 51.3 199.7 393.3 -409.4 -648.4 -1026.0
1969 hehe 54.2 203.1 397.0 -413.4 -652.4 -1030.0
1970 hehe 56.3 205.2 398.9 -417.4 -656.4 -1034.0
1971 Relax 52.3 201.2 394.9 -402.7 -643.6 -1023.2
1972 PR 48.3 197.2 390.9 -392.7 -635.1 -1007.7
1973 Sigma.int 49.5 198.8 391.7 -396.7 -639.1 -1011.7
1974 bvd.dotA 45.5 194.8 387.7 -391.5 -634.2 -1008.4
1975 Fnatic.eu 46.2 195.6 388.1 -395.5 -638.2 -1012.4
1976 Relax 42.2 191.6 384.1 -390.3 -633.4 -1005.4
1977 Empire 38.2 187.6 380.1 -385.4 -628.5 -1000.9
1978 eHug 41.1 191.0 381.6 -389.4 -632.5 -1004.9
1979 Empire 43.4 193.8 384.7 -393.4 -636.5 -1008.9
1981 Liquid 44.3 195.0 386.2 -397.4 -640.5 -1012.9
1982 Speed 45.3 196.2 387.1 -401.4 -644.5 -1016.9
1983 SADBOYS 41.3 192.2 383.1 -394.3 -635.9 -1008.3
1984 Empire 42.2 193.2 383.9 -398.3 -639.9 -1012.3
1985 SADBOYS 38.2 189.2 379.9 -388.5 -631.2 -1002.0
1986 eHug 34.2 185.2 375.9 -382.4 -625.1 -996.1
1987 Empire 30.2 181.2 371.9 -376.1 -619.6 -988.1
1988 Liquid 26.2 177.2 367.9 -368.6 -613.0 -981.5
1991 PR 28.2 179.3 370.1 -372.6 -617.0 -985.5
1992 Speed 29.1 180.4 371.5 -376.6 -621.0 -989.5
1993 Liquid 32.2 183.8 375.2 -380.6 -625.0 -993.5
1995 SADBOYS 33.7 185.8 377.7 -384.6 -629.0 -997.5
1996 TR 29.7 181.8 373.7 -376.6 -621.5 -990.6
2000 UG 25.7 177.8 369.7 -371.5 -616.6 -985.2
2001 Speed 26.6 179.1 371.2 -375.5 -620.6 -989.2
2002 Swage 29.5 182.2 372.8 -379.5 -624.6 -993.2
2003 Empire 25.5 178.2 368.8 -373.3 -619.2 -984.7
2004 Empire 28.4 181.1 372.2 -377.3 -623.2 -988.7
2005 5inQ 31.0 184.0 373.7 -381.3 -627.2 -992.7
2008 SADBOYS 27.0 180.0 369.7 -374.0 -620.1 -985.6
2009 Fnatic.eu 28.5 181.7 371.0 -378.0 -624.1 -989.6
2010 Na'Vi 30.0 183.3 372.6 -382.0 -628.1 -993.6
2011 PR 26.0 179.3 368.6 -376.4 -623.4 -989.1
2013 Empire 28.3 181.6 370.9 -380.4 -627.4 -993.1
2014 Speed 29.5 182.9 371.8 -384.4 -631.4 -997.1
2015 Speed 30.3 183.8 373.0 -388.4 -635.4 -1001.1
2016 Revenge 32.2 185.8 375.1 -392.4 -639.4 -1005.1
2018 Fnatic.eu 28.2 181.8 371.1 -383.5 -629.9 -996.3
2019 Na'Vi 29.6 183.2 372.7 -387.5 -633.9 -1000.3
2020 PR 31.4 185.1 374.7 -391.5 -637.9 -1004.3
2022 Liquid 32.3 186.1 375.3 -395.5 -641.9 -1008.3
2023 SADBOYS 33.0 187.0 376.4 -399.5 -645.9 -1012.3
2024 SADBOYS 34.4 188.5 377.1 -403.5 -649.9 -1016.3
2025 D4D 37.5 191.7 379.4 -407.5 -653.9 -1020.3
2026 Execration 39.5 194.0 382.0 -411.5 -657.9 -1024.3
2028 Next.kz 35.5 190.0 378.0 -403.1 -650.3 -1017.3
2029 Empire 36.6 191.3 378.7 -407.1 -654.3 -1021.3
2031 Sigma.int 32.6 187.3 374.7 -400.7 -647.8 -1014.7
2032 Liquid 33.5 188.3 375.8 -404.7 -651.8 -1018.7
2033 eHug 29.5 184.3 371.8 -398.2 -645.1 -1012.1
2034 Denial 25.5 180.3 367.8 -387.9 -635.2 -1001.7
2035 SADBOYS 26.5 181.4 368.4 -391.9 -639.2 -1005.7
2036 Zephyr 29.5 184.7 371.9 -395.9 -643.2 -1009.7
2039 Speed 25.5 180.7 367.9 -389.5 -636.8 -1003.2
2043 Liquid 28.0 183.3 369.2 -393.5 -640.8 -1007.2
2044 Arrow 30.3 186.1 370.6 -397.5 -644.8 -1011.2
2047 Empire 32.0 188.1 371.9 -401.5 -648.8 -1015.2
2048 Arrow 33.7 190.2 372.9 -405.5 -652.8 -1019.2
2049 GL 35.8 192.5 374.5 -409.5 -656.8 -1023.2
2051 Nullis 37.8 194.6 376.8 -413.5 -660.8 -1027.2
2052 Nullis 33.8 190.6 372.8 -405.7 -653.7 -1018.3
2053 SADBOYS 34.6 191.7 373.2 -409.7 -657.7 -1022.3
2054 Empire 35.6 193.0 374.8 -413.7 -661.7 -1026.3
2055 Na'Vi 36.6 194.2 375.5 -417.7 -665.7 -1030.3
2056 bvd.dotA 38.1 195.9 377.6 -421.7 -669.7 -1034.3
2057 Aura 40.3 198.3 380.2 -425.7 -673.7 -1038.3
2058 Cloud9 41.2 199.6 380.6 -429.7 -677.7 -1042.3
2059 Empire 42.1 200.6 381.7 -433.7 -681.7 -1046.3
2061 rox.KIS 38.1 196.6 377.7 -418.1 -667.0 -1033.2
2062 PR 34.1 192.6 373.7 -411.6 -660.8 -1027.3
2064 Cloud9 35.1 193.8 375.2 -415.6 -664.8 -1031.3
2066 Alliance 36.3 195.0 376.5 -419.6 -668.8 -1035.3
2067 Na'Vi 37.1 195.9 377.5 -423.6 -672.8 -1039.3
2068 Fnatic.eu 38.1 197.0 378.4 -427.6 -676.8 -1043.3
2069 VP 34.1 193.0 374.4 -421.3 -671.0 -1037.3
2070 rox.KIS 30.1 189.0 370.4 -414.2 -664.5 -1027.6
2071 Cloud9 33.2 192.4 372.5 -418.2 -668.5 -1031.6
2072 About 29.2 188.4 368.5 -410.8 -661.4 -1023.9
2073 4FC 31.0 190.5 370.0 -414.8 -665.4 -1027.9
2074 vhoul 27.0 186.5 366.0 -404.4 -655.7 -1021.0
2075 Liquid 23.0 182.5 362.0 -397.2 -649.7 -1011.9
2076 Courage 19.0 178.5 358.0 -384.4 -638.9 -989.8
2078 Empire 21.5 181.1 360.0 -388.4 -642.9 -993.8
2079 Empire 23.1 183.0 362.1 -392.4 -646.9 -997.8
2080 rox.KIS 19.1 179.0 358.1 -376.1 -631.0 -984.5
2082 rox.KIS 20.1 180.2 359.4 -380.1 -635.0 -988.5
2083 PR 21.0 181.2 360.5 -384.1 -639.0 -992.5
2086 PssT 17.0 177.2 356.5 -376.8 -633.2 -983.9
2087 Liquid 18.3 178.6 357.4 -380.8 -637.2 -987.9
2088 SADBOYS 21.4 182.3 359.8 -384.8 -641.2 -991.9
2089 SADBOYS 22.3 183.4 361.3 -388.8 -645.2 -995.9
2091 Zephyr 25.1 186.3 364.4 -392.8 -649.2 -999.9
2093 rox.KIS 26.9 188.2 365.6 -396.8 -653.2 -1003.9
2094 Insane 22.9 184.2 361.6 -389.0 -646.2 -997.7
2095 Titan 24.3 185.9 362.2 -393.0 -650.2 -1001.7
2096 neXt! 20.3 181.9 358.2 -387.2 -644.8 -997.3
2097 rox.KIS 21.7 183.5 359.0 -391.2 -648.8 -1001.3
2098 Zephyr 22.8 184.6 360.4 -395.2 -652.8 -1005.3
2099 rox.KIS 24.8 186.5 362.3 -399.2 -656.8 -1009.3
2100 PR 26.2 188.0 363.5 -403.2 -660.8 -1013.3
2101 ZR 29.3 191.6 365.6 -407.2 -664.8 -1017.3
2102 MYM 30.9 193.3 367.5 -411.2 -668.8 -1021.3
2104 Arrow 26.9 189.3 363.5 -402.2 -659.9 -1013.4
2105 Mongolz 30.4 192.9 366.0 -406.2 -663.9 -1017.4
2106 Panthers 32.9 195.6 369.1 -410.2 -667.9 -1021.4
2112 DUZA 35.4 198.2 371.7 -414.2 -671.9 -1025.4
2113 TCN 37.0 200.2 372.8 -418.2 -675.9 -1029.4
2114 VP 39.7 203.2 376.0 -422.2 -679.9 -1033.4
2115 Mongolz 35.7 199.2 372.0 -415.8 -673.1 -1027.0
2117 Titan 37.8 201.7 373.5 -419.8 -677.1 -1031.0
2119 Empire 38.5 202.6 374.0 -423.8 -681.1 -1035.0
2121 Relax 39.6 203.9 375.1 -427.8 -685.1 -1039.0
2122 4FC 42.9 207.1 378.0 -431.8 -689.1 -1043.0
2123 rox.KIS 43.8 208.2 378.7 -435.8 -693.1 -1047.0
2124 neXt! 39.8 204.2 374.7 -429.4 -686.2 -1039.8
2126 ZR 42.0 206.5 376.8 -433.4 -690.2 -1043.8
2128 Alliance 43.6 208.2 378.4 -437.4 -694.2 -1047.8
2129 vhoul 46.1 210.9 380.2 -441.4 -698.2 -1051.8
2131 Titan 46.8 211.8 381.3 -445.4 -702.2 -1055.8
2132 Fnatic.eu 48.5 213.5 382.9 -449.4 -706.2 -1059.8
2133 Next.kz 44.5 209.5 378.9 -433.1 -691.4 -1039.7
2135 rox.KIS 46.5 211.7 381.4 -437.1 -695.4 -1043.7
2136 Swage 48.2 213.6 383.2 -441.1 -699.4 -1047.7
2137 Revenge 49.9 215.4 384.4 -445.1 -703.4 -1051.7
2138 Liquid 50.9 216.5 385.1 -449.1 -707.4 -1055.7
2139 eHug 52.6 218.3 386.6 -453.1 -711.4 -1059.7
2140 PssT 48.6 214.3 382.6 -445.7 -703.4 -1052.4
2141 WWD 50.1 215.8 384.4 -449.7 -707.4 -1056.4
2142 MVP.P 53.6 218.6 387.2 -453.7 -711.4 -1060.4
2143 MiTH 55.1 220.1 388.5 -457.7 -715.4 -1064.4
2146 Fnatic.eu 57.0 222.2 390.2 -461.7 -719.4 -1068.4
2147 Na'Vi 58.1 223.4 391.5 -465.7 -723.4 -1072.4
2148 PR 54.1 219.4 387.5 -453.7 -713.6 -1064.2
2149 Sigma.int 55.7 221.1 389.4 -457.7 -717.6 -1068.2
2151 Insane 51.7 217.1 385.4 -452.9 -712.5 -1062.9
2152 Relax 47.7 213.1 381.4 -442.7 -702.8 -1053.2
2154 ZR 43.7 209.1 377.4 -437.0 -697.3 -1048.3
2155 MYM 45.4 210.7 379.3 -441.0 -701.3 -1052.3
2156 Cloud9 46.4 211.9 380.0 -445.0 -705.3 -1056.3
2158 Denial 42.4 207.9 376.0 -435.2 -696.0 -1044.3
2159 SADBOYS 43.1 208.8 377.1 -439.2 -700.0 -1048.3
2160 Dog 44.5 210.6 379.1 -443.2 -704.0 -1052.3
2161 Osiris 40.5 206.6 375.1 -435.4 -697.0 -1048.4
2162 Orange 41.4 207.7 376.3 -439.4 -701.0 -1052.4
2164 Puck 37.4 203.7 372.3 -433.1 -694.0 -1045.6
2165 TR 33.4 199.7 368.3 -419.0 -681.4 -1026.1
2166 DUZA 29.4 195.7 364.3 -411.6 -674.4 -1019.6
2167 Scythe 32.2 198.9 366.0 -415.6 -678.4 -1023.6
2168 Dignotoss 35.1 202.5 369.8 -419.6 -682.4 -1027.6
2169 WWD 37.4 205.2 371.1 -423.6 -686.4 -1031.6
2170 ZR 33.4 201.2 367.1 -414.5 -676.7 -1022.7
2171 Relax 35.2 203.0 368.9 -418.5 -680.7 -1026.7
2172 Na'Vi 36.3 204.3 369.7 -422.5 -684.7 -1030.7
2175 Liquid 37.2 205.3 371.0 -426.5 -688.7 -1034.7
2176 neXt! 33.2 201.3 367.0 -420.1 -682.9 -1029.2
2177 Dog 34.6 203.1 369.4 -424.1 -686.9 -1033.2
2178 VP 35.9 204.5 370.6 -428.1 -690.9 -1037.2
2179 PR 38.3 207.1 372.4 -432.1 -694.9 -1041.2
2180 Puck 34.3 203.1 368.4 -425.2 -688.8 -1032.8
2181 MiT 30.3 199.1 364.4 -412.6 -676.5 -1021.6
2182 MM 33.0 202.0 366.0 -416.6 -680.5 -1025.6
2183 4N 29.0 198.0 362.0 -411.7 -675.6 -1020.9
2185 Scythe 30.3 199.7 362.5 -415.7 -679.6 -1024.9
2186 RRQ 26.3 195.7 358.5 -410.0 -674.6 -1017.1
2187 Titan 26.9 196.5 359.5 -414.0 -678.6 -1021.1
2188 Everlast 22.9 192.5 355.5 -398.4 -666.1 -1010.4
2189 Dignotoss 18.9 188.5 351.5 -393.6 -661.5 -1004.4
2190 VP 20.1 189.6 352.7 -397.6 -665.5 -1008.4
2191 Orange 22.2 191.7 354.8 -401.6 -669.5 -1012.4
2192 PR 18.2 187.7 350.8 -394.7 -663.3 -1007.2
2193 Na'Vi 20.1 189.4 352.5 -398.7 -667.3 -1011.2
2194 Zephyr 22.8 192.2 354.8 -402.7 -671.3 -1015.2
2197 Empire 23.6 193.2 356.1 -406.7 -675.3 -1019.2
2200 Alliance 24.9 194.4 357.6 -410.7 -679.3 -1023.2
2201 eN.Legs 27.1 196.6 359.8 -414.7 -683.3 -1027.2
2202 neXt! 29.5 199.1 362.1 -418.7 -687.3 -1031.2
2203 BIP 32.1 202.1 363.8 -422.7 -691.3 -1035.2
2204 Osiris 28.1 198.1 359.8 -413.4 -681.7 -1026.2
2210 Titan 28.8 199.0 360.9 -417.4 -685.7 -1030.2
2213 Arrow 29.5 199.9 362.2 -421.4 -689.7 -1034.2
2214 Orange 30.3 200.9 362.7 -425.4 -693.7 -1038.2
2215 ADN 26.3 196.9 358.7 -416.3 -684.0 -1031.4
2216 Alliance 27.8 198.6 360.4 -420.3 -688.0 -1035.4
2218 VP 23.8 194.6 356.4 -410.8 -679.8 -1027.7
2219 rox.KIS 19.8 190.6 352.4 -405.4 -674.6 -1022.6
2225 Empire 15.8 186.6 348.4 -399.7 -667.2 -1014.9
2226 Empire 11.8 182.6 344.4 -389.8 -657.3 -1008.5
2228 Titan 12.5 183.4 344.8 -393.8 -661.3 -1012.5
2229 Scythe 14.0 185.1 345.6 -397.8 -665.3 -1016.5
2230 Orange 16.2 187.2 347.8 -401.8 -669.3 -1020.5
2231 Arrow 18.2 189.6 349.5 -405.8 -673.3 -1024.5
2233 CIS 20.9 192.6 352.2 -409.8 -677.3 -1028.5
2234 5inQ 23.5 194.7 354.4 -413.8 -681.3 -1032.5
2237 Execration 25.1 196.3 356.1 -417.8 -685.3 -1036.5
2238 FD 26.6 198.0 357.6 -421.8 -689.3 -1040.5
2239 Orange 22.6 194.0 353.6 -409.7 -680.2 -1032.7
2240 Spirit 18.6 190.0 349.6 -401.9 -672.4 -1023.6
2241 hehe 14.6 186.0 345.6 -384.6 -657.4 -997.0
2242 PR 10.6 182.0 341.6 -374.4 -648.0 -983.5
2244 EG 12.2 184.0 342.5 -378.4 -652.0 -987.5
2245 MYM 15.0 187.0 345.8 -382.4 -656.0 -991.5
2247 Cloud9 18.2 190.7 347.8 -386.4 -660.0 -995.5
2248 DT.NGC 19.9 192.7 350.2 -390.4 -664.0 -999.5
2249 Titan 21.0 193.9 351.6 -394.4 -668.0 -1003.5
2250 Execration 17.0 189.9 347.6 -389.5 -663.0 -999.0
2251 Zephyr 18.3 191.3 349.3 -393.5 -667.0 -1003.0
2252 FD 20.6 193.7 351.2 -397.5 -671.0 -1007.0
2254 Fnatic.eu 23.5 196.7 354.4 -401.5 -675.0 -1011.0
2255 rox.KIS 26.0 199.1 356.8 -405.5 -679.0 -1015.0
2258 Arrow 22.0 195.1 352.8 -397.2 -672.2 -1009.3
2259 VG 24.7 197.9 354.6 -401.2 -676.2 -1013.3
2260 FL 26.2 199.6 355.6 -405.2 -680.2 -1017.3
2261 CIS 22.2 195.6 351.6 -386.0 -666.4 -1007.1
2262 Mski 24.2 197.8 353.3 -390.0 -670.4 -1011.1
2263 Cloud9 26.4 200.4 356.2 -394.0 -674.4 -1015.1
2269 Na'Vi 28.2 202.3 357.9 -398.0 -678.4 -1019.1
2270 RRQ 24.2 198.3 353.9 -390.6 -671.1 -1012.1
2271 Titan 26.0 200.2 355.7 -394.6 -675.1 -1016.1
2272 Arrow 29.0 203.8 359.7 -398.6 -679.1 -1020.1
2273 VG 29.7 204.7 360.9 -402.6 -683.1 -1024.1
2274 LGD.cn 31.6 207.0 362.2 -406.6 -687.1 -1028.1
2275 Orange 32.3 207.7 362.9 -410.6 -691.1 -1032.1
2277 FD 33.6 209.2 363.8 -414.6 -695.1 -1036.1
2278 MiTH 34.7 210.3 365.2 -418.6 -699.1 -1040.1
2279 DUZA 36.2 211.9 366.5 -422.6 -703.1 -1044.1
2280 DK 36.8 212.6 367.4 -426.6 -707.1 -1048.1
2281 Titan 39.4 214.7 369.4 -430.6 -711.1 -1052.1
2282 iG 40.1 215.6 369.9 -434.6 -715.1 -1056.1
2283 Fnatic.eu 41.8 217.5 371.8 -438.6 -719.1 -1060.1
2284 Zephyr 43.1 218.9 373.1 -442.6 -723.1 -1064.1
2285 Na'Vi 44.2 220.0 374.3 -446.6 -727.1 -1068.1
2286 Cloud9 46.9 222.6 377.8 -450.6 -731.1 -1072.1
2287 VG 42.9 218.6 373.8 -445.0 -725.5 -1068.4
2288 EG 38.9 214.6 369.8 -435.5 -715.8 -1060.6
2289 DT.NGC 34.9 210.6 365.8 -425.0 -704.3 -1054.7
2290 Orange 30.9 206.6 361.8 -415.8 -695.9 -1046.9
2291 Na'Vi 33.3 209.0 364.9 -419.8 -699.9 -1050.9
2292 Na'Vi 34.8 210.4 366.4 -423.8 -703.9 -1054.9
2293 Alliance 35.9 211.7 367.3 -427.8 -707.9 -1058.9
2295 Arrow 36.9 212.9 368.6 -431.8 -711.9 -1062.9
