0 0 0.0 0.0 0.0 0.0 0.0 0.0
18 Na'Vi 0.8 1.1 1.5 -4.0 -4.0 -4.0
23 mouz 1.6 2.0 2.7 -8.0 -8.0 -8.0
32 Alliance 2.3 3.1 3.9 -12.0 -12.0 -12.0
41 Empire 3.4 4.4 5.6 -16.0 -16.0 -16.0
49 Liquid 4.2 5.6 7.0 -20.0 -20.0 -20.0
50 3DMAX 0.2 1.6 3.0 5.2 -2.5 -5.0
60 Na'Vi 1.2 2.8 4.4 1.2 -6.5 -9.0
73 Zenith 2.0 3.8 5.5 -2.8 -10.5 -13.0
98 Fnatic.eu -2.0 -0.2 1.5 10.8 -0.1 -3.0
112 eN.Legs -1.1 1.3 3.0 6.8 -4.1 -7.0
118 mouz -5.1 -2.7 -1.0 20.2 7.7 2.4
124 VP -4.1 -1.4 0.5 16.2 3.7 -1.6
136 Alliance -3.2 -0.3 1.8 12.2 -0.3 -5.6
143 Na'Vi -2.1 1.1 3.4 8.2 -4.3 -9.6
167 LGD.int -1.2 2.1 4.7 4.2 -8.3 -13.6
171 LGD.int -0.3 3.1 5.9 0.2 -12.3 -17.6
175 Na'Vi 0.7 4.3 7.5 -3.8 -16.3 -21.6
177 QPandas -3.3 0.3 3.5 9.5 -5.2 -12.2
181 iCCup -7.3 -3.7 -0.5 25.1 6.1 -2.3
208 iG -6.3 -2.4 1.1 21.1 2.1 -6.3
226 Alliance -5.5 -1.3 2.5 17.1 -1.9 -10.3
235 aL -4.4 6.66133814775e-16 4.0 13.1 -5.9 -14.3
236 mouz -8.4 -4.0 0.0 28.8 6.5 -4.2
240 Na'Vi -7.5 -2.9 1.3 24.8 2.5 -8.2
246 Na'Vi -6.5 -1.9 2.6 20.8 -1.5 -12.2
253 Liquid -10.5 -5.9 -1.4 37.5 12.3 -0.8
268 Na'Vi -9.5 -4.7 0.1 33.5 8.3 -4.8
271 Na'Vi -8.4 -3.3 1.7 29.5 4.3 -8.8
275 EG -12.4 -7.3 -2.3 48.8 21.2 5.4
276 Alliance -11.4 -6.1 -1.0 44.8 17.2 1.4
280 Zenith -10.3 -4.8 0.6 40.8 13.2 -2.6
282 Alliance -9.4 -3.7 2.0 36.8 9.2 -6.6
283 VG -13.4 -7.7 -2.0 51.9 21.8 3.5
293 aL -17.4 -11.7 -6.0 65.8 34.6 14.5
294 Alliance -16.4 -10.5 -4.5 61.8 30.6 10.5
301 EG -15.3 -9.1 -2.9 57.8 26.6 6.5
304 VG -14.5 -8.2 -1.7 53.8 22.6 2.5
306 LGD.cn -13.7 -7.3 -0.6 49.8 18.6 -1.5
310 iG -12.8 -6.1 1.0 45.8 14.6 -5.5
316 LGD.cn -12.2 -5.3 2.1 41.8 10.6 -9.5
319 Na'Vi -11.1 -4.1 3.5 37.8 6.6 -13.5
321 mouz -10.2 -3.1 4.8 33.8 2.6 -17.5
324 QPandas -14.2 -7.1 0.8 47.3 14.1 -7.9
330 TongFu -18.2 -11.1 -3.2 66.9 29.8 3.3
337 TongFu -17.3 -9.9 -1.6 62.9 25.8 -0.7
338 Na'Vi -16.4 -8.8 -0.2 58.9 21.8 -4.7
340 mouz -15.6 -7.9 0.9 54.9 17.8 -8.7
346 Alliance -14.5 -6.7 2.3 50.9 13.8 -12.7
352 LGD.cn -13.4 -5.4 3.8 46.9 9.8 -16.7
356 Liquid -17.4 -9.4 -0.2 61.0 21.7 -6.9
362 LGD.cn -16.0 -8.1 1.3 57.0 17.7 -10.9
364 Zenith -14.9 -6.8 2.8 53.0 13.7 -14.9
373 Na'Vi -14.1 -5.9 3.8 49.0 9.7 -18.9
376 LGD.cn -13.3 -4.9 5.0 45.0 5.7 -22.9
377 LGD.cn -12.1 -3.8 6.3 41.0 1.7 -26.9
379 Na'Vi -11.2 -2.7 7.6 37.0 -2.3 -30.9
384 Alliance -10.2 -1.4 9.2 33.0 -6.3 -34.9
387 LGD.cn -9.0 2.44249065418e-15 10.8 29.0 -10.3 -38.9
388 Dignitas -8.0 1.2 12.6 25.0 -14.3 -42.9
389 iG -7.1 2.2 13.9 21.0 -18.3 -46.9
392 Alliance -6.0 3.5 15.4 17.0 -22.3 -50.9
396 Liquid -5.4 4.2 16.4 13.0 -26.3 -54.9
398 Alliance -4.7 5.0 17.4 9.0 -30.3 -58.9
409 Orange -3.6 6.4 19.1 5.0 -34.3 -62.9
410 Alliance -2.9 7.3 20.2 1.0 -38.3 -66.9
414 Alliance -2.0 8.4 21.6 -3.0 -42.3 -70.9
416 4FC -6.0 4.4 17.6 15.5 -25.8 -57.0
417 mouz -10.0 0.4 13.6 29.4 -13.9 -47.0
430 rox.KIS -8.8 1.7 15.0 25.4 -17.9 -51.0
431 Quantic -7.8 3.0 16.6 21.4 -21.9 -55.0
437 Quantic -6.8 4.0 17.9 17.4 -25.9 -59.0
439 Artyk -5.9 5.0 19.4 13.4 -29.9 -63.0
441 Na'Vi -5.0 6.0 20.6 9.4 -33.9 -67.0
443 Kaipi -9.0 2.0 16.6 22.1 -20.5 -55.1
445 TM -7.9 3.4 18.2 18.1 -24.5 -59.1
446 Orange -7.0 4.4 19.4 14.1 -28.5 -63.1
447 DK -5.8 5.7 21.0 10.1 -32.5 -67.1
451 Kaipi -4.9 6.7 22.2 6.1 -36.5 -71.1
461 Alliance -4.1 7.6 23.4 2.1 -40.5 -75.1
471 4FC -8.1 3.6 19.4 15.3 -27.8 -64.2
475 Na'Vi -7.1 4.6 20.6 11.3 -31.8 -68.2
479 4FC -6.0 5.8 22.1 7.3 -35.8 -72.2
480 Orange -5.0 7.0 23.6 3.3 -39.8 -76.2
484 Empire -9.0 3.0 19.6 20.0 -24.6 -64.3
486 Na'Vi -7.8 4.2 20.9 16.0 -28.6 -68.3
488 Fnatic.eu -11.8 0.2 16.9 33.7 -13.8 -56.7
493 iCCup -10.8 1.4 18.3 29.7 -17.8 -60.7
494 zRage -14.8 -2.6 14.3 50.2 0.4 -45.0
498 mouz -13.6 -1.3 15.9 46.2 -3.6 -49.0
499 Liquid -12.4 0.1 17.3 42.2 -7.6 -53.0
502 VP -11.7 0.9 18.3 38.2 -11.6 -57.0
503 Dignitas -10.9 1.9 19.6 34.2 -15.6 -61.0
505 Na'Vi -10.4 2.5 20.4 30.2 -19.6 -65.0
506 EG -9.6 3.4 21.6 26.2 -23.6 -69.0
507 Na'Vi -8.7 4.4 22.9 22.2 -27.6 -73.0
508 Na'Vi -8.2 5.0 23.6 18.2 -31.6 -77.0
512 Quantic -12.2 1.0 19.6 35.9 -16.4 -63.1
513 EG -16.2 -3.0 15.6 49.2 -5.0 -52.9
514 Dignitas -20.2 -7.0 11.6 71.1 13.6 -36.9
520 Quantic -19.1 -5.7 13.2 67.1 9.6 -40.9
522 Na'Vi -17.9 -4.3 14.8 63.1 5.6 -44.9
527 Na'Vi -16.9 -3.2 16.2 59.1 1.6 -48.9
528 Liquid -16.0 -2.1 17.5 55.1 -2.4 -52.9
529 EG -15.3 -1.3 18.4 51.1 -6.4 -56.9
531 Na'Vi -14.4 -0.3 19.6 47.1 -10.4 -60.9
532 Empire -13.4 0.7 20.8 43.1 -14.4 -64.9
533 rox.KIS -12.3 1.7 21.8 39.1 -18.4 -68.9
536 Liquid -11.6 2.5 22.8 35.1 -22.4 -72.9
537 Liquid -11.0 3.2 23.7 31.1 -26.4 -76.9
538 Alliance -10.2 4.0 24.7 27.1 -30.4 -80.9
541 VP -9.2 5.3 26.1 23.1 -34.4 -84.9
553 TongFu -13.2 1.3 22.1 38.9 -19.5 -72.1
580 VP -12.2 2.5 23.5 34.9 -23.5 -76.1
587 Alliance -10.8 3.8 24.9 30.9 -27.5 -80.1
600 mouz -14.8 -0.2 20.9 43.3 -15.7 -69.6
604 Orange -13.7 1.0 22.4 39.3 -19.7 -73.6
618 Alliance -12.5 2.4 24.0 35.3 -23.7 -77.6
621 iCCup -16.5 -1.6 20.0 48.9 -10.6 -67.1
628 EG -15.6 -0.6 21.2 44.9 -14.6 -71.1
631 Alliance -14.7 0.6 22.7 40.9 -18.6 -75.1
636 EG -14.0 1.5 23.8 36.9 -22.6 -79.1
642 Alliance -13.0 2.7 25.3 32.9 -26.6 -83.1
651 Denial -17.0 -1.3 21.3 50.9 -11.2 -71.1
653 VG -21.0 -5.3 17.3 65.9 1.9 -60.3
656 Na'Vi -19.9 -4.1 18.8 61.9 -2.1 -64.3
660 RS -23.9 -8.1 14.8 74.4 9.2 -54.7
664 RStars -27.9 -12.1 10.8 90.5 22.6 -43.5
668 mouz -27.1 -11.1 12.1 86.5 18.6 -47.5
670 EG -26.1 -10.0 13.5 82.5 14.6 -51.5
671 Fnatic.eu -25.2 -9.0 14.7 78.5 10.6 -55.5
674 mouz -24.5 -8.1 15.8 74.5 6.6 -59.5
678 Kaipi -28.5 -12.1 11.8 93.2 23.1 -45.9
699 Alliance -27.4 -10.8 13.3 89.2 19.1 -49.9
702 Na'Vi -26.5 -9.8 14.5 85.2 15.1 -53.9
703 mouz -25.6 -8.8 15.8 81.2 11.1 -57.9
712 Na'Vi -24.7 -7.7 17.1 77.2 7.1 -61.9
718 Dreamz -23.6 -6.5 18.6 73.2 3.1 -65.9
723 Kaipi -22.7 -5.5 19.8 69.2 -0.9 -69.9
727 Fnatic.eu -26.7 -9.5 15.8 86.0 13.6 -58.4
729 DK -25.7 -8.0 17.6 82.0 9.6 -62.4
730 LGD.cn -24.9 -7.0 18.7 78.0 5.6 -66.4
732 Alliance -23.8 -5.7 20.3 74.0 1.6 -70.4
745 Dignitas -27.8 -9.7 16.3 95.5 16.1 -58.7
746 DK -27.1 -8.8 17.3 91.5 12.1 -62.7
748 Na'Vi -25.9 -7.5 18.9 87.5 8.1 -66.7
749 Liquid -29.9 -11.5 14.9 100.0 18.1 -56.8
751 Alliance -29.1 -10.4 16.3 96.0 14.1 -60.8
754 Na'Vi -28.4 -9.6 17.2 92.0 10.1 -64.8
761 Fnatic.eu -27.7 -8.8 18.1 88.0 6.1 -68.8
766 Alliance -26.8 -7.8 19.2 84.0 2.1 -72.8
767 LGD.int -30.8 -11.8 15.2 100.0 16.0 -60.9
769 mouz -29.9 -10.8 16.4 96.0 12.0 -64.9
771 Na'Vi -28.7 -9.5 17.8 92.0 8.0 -68.9
773 Alliance -28.0 -8.7 18.7 88.0 4.0 -72.9
779 Zenith -27.1 -7.7 19.9 84.0 0.0 -76.9
781 Alliance -26.2 -6.7 21.0 80.0 -4.0 -80.9
783 TongFu -25.3 -5.8 22.0 76.0 -8.0 -84.9
786 Na'Vi -24.3 -4.7 23.3 72.0 -12.0 -88.9
793 Alliance -23.1 -3.4 24.9 68.0 -16.0 -92.9
795 Liquid -22.2 -2.4 26.1 64.0 -20.0 -96.9
797 Liquid -26.2 -6.4 22.1 77.8 -8.6 -87.3
799 Alliance -25.1 -5.2 23.6 73.8 -12.6 -91.3
800 Na'Vi -23.7 -3.8 25.1 69.8 -16.6 -95.3
812 Empire -22.7 -2.6 26.7 65.8 -20.6 -99.3
813 Empire -21.8 -1.7 27.9 61.8 -24.6 -103.3
816 Kaipi -20.5 -0.3 29.4 57.8 -28.6 -107.3
818 FD -19.3 0.9 30.9 53.8 -32.6 -111.3
820 4FC -18.6 1.7 31.9 49.8 -36.6 -115.3
821 4++ -22.6 -2.3 27.9 64.1 -21.4 -103.4
822 MiTH -21.6 -1.0 29.4 60.1 -25.4 -107.4
829 TLP -25.6 -5.0 25.4 74.0 -13.5 -98.0
832 CDCD -29.6 -9.0 21.4 97.2 4.9 -82.2
841 VP -28.6 -7.9 22.8 93.2 0.9 -86.2
851 VP -27.6 -6.7 24.3 89.2 -3.1 -90.2
864 Poseidon -26.5 -5.4 25.8 85.2 -7.1 -94.2
865 Mski -25.5 -4.3 27.2 81.2 -11.1 -98.2
866 Poseidon -24.6 -3.4 28.3 77.2 -15.1 -102.2
867 Dreamz -23.5 -2.1 29.9 73.2 -19.1 -106.2
871 Next.kz -22.4 -0.9 31.3 69.2 -23.1 -110.2
873 PR -26.4 -4.9 27.3 89.9 -5.5 -95.6
877 Mski -25.4 -3.5 29.0 85.9 -9.5 -99.6
878 Lowyat -29.4 -7.5 25.0 99.6 1.9 -90.1
889 Next.kz -28.1 -6.2 26.5 95.6 -2.1 -94.1
899 Menace -26.8 -5.0 27.9 91.6 -6.1 -98.1
901 Fnatic.eu -25.4 -3.7 29.4 87.6 -10.1 -102.1
903 Kaipi -24.2 -2.4 30.9 83.6 -14.1 -106.1
905 Dignitas -23.4 -1.5 32.0 79.6 -18.1 -110.1
906 Dignitas -22.5 -0.5 33.2 75.6 -22.1 -114.1
908 iG -21.8 0.3 34.2 71.6 -26.1 -118.1
911 4FC -25.8 -3.7 30.2 84.9 -12.5 -106.7
915 Fnatic.eu -25.0 -2.7 31.4 80.9 -16.5 -110.7
920 TongFu -24.4 -2.0 32.3 76.9 -20.5 -114.7
921 Alliance -23.4 -1.0 33.6 72.9 -24.5 -118.7
925 Empire -22.1 0.3 35.1 68.9 -28.5 -122.7
931 Alliance -21.2 1.2 36.1 64.9 -32.5 -126.7
937 OguraYui -25.2 -2.8 32.1 76.0 -19.9 -115.9
941 Alliance -24.3 -1.8 33.2 72.0 -23.9 -119.9
949 VP -23.0 -0.5 34.7 68.0 -27.9 -123.9
950 Kaipi -22.0 0.7 36.2 64.0 -31.9 -127.9
951 Mski -21.0 1.8 37.5 60.0 -35.9 -131.9
954 Cascade -25.0 -2.2 33.5 73.4 -24.3 -121.9
956 Alliance -24.5 -1.7 34.2 69.4 -28.3 -125.9
957 Na'Vi -23.7 -1.0 35.1 65.4 -32.3 -129.9
958 PR -27.7 -5.0 31.1 90.1 -8.3 -109.1
959 Kaipi -26.9 -4.0 32.2 86.1 -12.3 -113.1
960 Kaipi -26.2 -3.1 33.4 82.1 -16.3 -117.1
964 Alliance -25.0 -1.8 34.9 78.1 -20.3 -121.1
972 Aspera -29.0 -5.8 30.9 100.0 -1.3 -105.2
975 Dignitas -28.2 -4.8 32.2 96.0 -5.3 -109.2
982 Fnatic.eu -27.4 -4.0 33.2 92.0 -9.3 -113.2
986 Na'Vi -26.4 -2.8 34.6 88.0 -13.3 -117.2
990 Kaipi -25.6 -1.9 35.7 84.0 -17.3 -121.2
997 PR -29.6 -5.9 31.7 101.6 -2.5 -109.5
1008 Menace -33.6 -9.9 27.7 113.7 9.8 -98.6
1009 Kaipi -32.7 -9.0 28.8 109.7 5.8 -102.6
1017 Na'Vi -31.9 -8.1 29.8 105.7 1.8 -106.6
1018 Alliance -31.1 -7.2 31.0 101.7 -2.2 -110.6
1021 Na'Vi -29.9 -6.0 32.4 97.7 -6.2 -114.6
1022 LGD.cn -28.8 -4.7 33.8 93.7 -10.2 -118.6
1025 Dignitas -28.0 -3.8 35.0 89.7 -14.2 -122.6
1030 Na'Vi -27.2 -2.9 36.0 85.7 -18.2 -126.6
1032 Na'Vi -26.3 -1.8 37.3 81.7 -22.2 -130.6
1034 Alliance -25.6 -1.0 38.3 77.7 -26.2 -134.6
1035 Alliance -24.9 -0.3 39.1 73.7 -30.2 -138.6
1039 Ahead.kz -28.9 -4.3 35.1 95.0 -8.4 -120.7
1041 Alliance -27.9 -3.0 36.6 91.0 -12.4 -124.7
1045 iG -27.0 -1.6 38.3 87.0 -16.4 -128.7
1046 Liquid -25.9 -0.4 39.7 83.0 -20.4 -132.7
1050 Alliance -25.1 0.5 40.8 79.0 -24.4 -136.7
1051 iG -24.3 1.5 42.0 75.0 -28.4 -140.7
1055 Alliance -23.7 2.2 42.9 71.0 -32.4 -144.7
1063 Alliance -23.0 3.0 43.8 67.0 -36.4 -148.7
1064 Alliance -22.2 3.9 44.8 63.0 -40.4 -152.7
1065 SSD -21.2 5.4 46.5 59.0 -44.4 -156.7
1077 StayFree -20.1 6.9 48.3 55.0 -48.4 -160.7
1081 Na'Vi -19.4 7.7 49.3 51.0 -52.4 -164.7
1082 Fnatic.eu -18.6 8.6 50.3 47.0 -56.4 -168.7
1083 Titan -17.8 9.5 51.5 43.0 -60.4 -172.7
1085 FD -17.0 10.6 52.9 39.0 -64.4 -176.7
1088 FXopen -16.1 11.9 54.4 35.0 -68.4 -180.7
1089 Imp -15.4 12.9 55.5 31.0 -72.4 -184.7
1090 MiTH -14.7 13.8 56.6 27.0 -76.4 -188.7
1091 Na'Vi -13.8 14.8 57.9 23.0 -80.4 -192.7
1095 Arcanys -17.8 10.8 53.9 44.5 -63.1 -179.2
1096 VG -16.8 12.2 55.6 40.5 -67.1 -183.2
1097 FD -16.1 13.1 56.9 36.5 -71.1 -187.2
1101 Fnatic.eu -15.1 14.3 58.4 32.5 -75.1 -191.2
1104 Poseidon -19.1 10.3 54.4 48.5 -60.9 -180.0
1105 Na'Vi -18.3 11.2 55.5 44.5 -64.9 -184.0
1111 LGD.int -17.3 12.3 56.9 40.5 -68.9 -188.0
1112 DK -16.8 13.0 57.7 36.5 -72.9 -192.0
1114 Na'Vi -16.1 13.8 58.7 32.5 -76.9 -196.0
1117 VG -15.4 14.6 59.7 28.5 -80.9 -200.0
1118 LGD.cn -15.0 15.2 60.5 24.5 -84.9 -204.0
1122 PR -13.5 16.4 61.8 20.5 -88.9 -208.0
1123 Na'Vi -13.1 17.0 62.5 16.5 -92.9 -212.0
1126 Life -17.1 13.0 58.5 26.9 -78.8 -199.1
1129 iG -16.6 13.7 59.3 22.9 -82.8 -203.1
1131 Na'Vi -15.6 14.7 60.5 18.9 -86.8 -207.1
1132 Fnatic.eu -14.7 15.8 61.7 14.9 -90.8 -211.1
1135 Empire -13.7 16.9 63.0 10.9 -94.8 -215.1
1137 TakeFive -17.7 12.9 59.0 21.7 -81.7 -203.8
1143 DK -17.2 13.6 59.9 17.7 -85.7 -207.8
1144 VG -21.2 9.6 55.9 32.3 -72.4 -197.4
1146 iG -20.8 10.2 56.6 28.3 -76.4 -201.4
1149 Na'Vi -19.9 11.2 57.9 24.3 -80.4 -205.4
1151 Alliance -19.4 11.9 58.7 20.3 -84.4 -209.4
1155 Empire -18.3 13.4 60.4 16.3 -88.4 -213.4
1157 Na'Vi -17.5 14.3 61.4 12.3 -92.4 -217.4
1159 SAfrica -16.4 15.7 63.2 8.3 -96.4 -221.4
1169 DK -16.0 16.3 64.0 4.3 -100.4 -225.4
1171 Empire -15.2 17.3 65.2 0.3 -104.4 -229.4
1172 Speed -19.2 13.3 61.2 19.2 -83.6 -209.3
1174 Fnatic -17.9 14.6 62.6 15.2 -87.6 -213.3
1175 TongFu -17.2 15.5 63.8 11.2 -91.6 -217.3
1178 DK -16.8 16.0 64.5 7.2 -95.6 -221.3
1181 Alliance -16.1 16.9 65.6 3.2 -99.6 -225.3
1185 Liquid -20.1 12.9 61.6 23.8 -78.8 -206.0
1188 LGD.int -19.5 13.7 62.5 19.8 -82.8 -210.0
1189 EG -18.4 15.1 64.3 15.8 -86.8 -214.0
1190 TongFu -17.6 16.2 65.7 11.8 -90.8 -218.0
1191 DK -17.2 16.9 66.5 7.8 -94.8 -222.0
1192 Na'Vi -16.4 17.8 67.8 3.8 -98.8 -226.0
1195 VG -15.9 18.5 68.6 -0.2 -102.8 -230.0
1196 LGD.cn -15.4 19.2 69.5 -4.2 -106.8 -234.0
1203 TongFu -15.0 19.8 70.2 -8.2 -110.8 -238.0
1204 iG -14.3 20.7 71.2 -12.2 -114.8 -242.0
1205 HR -18.3 16.7 67.2 0.2 -99.7 -228.6
1206 EG -16.8 17.8 68.4 -3.8 -103.7 -232.6
1210 Liquid -20.8 13.8 64.4 8.5 -91.2 -221.8
1215 iG -20.4 14.5 65.2 4.5 -95.2 -225.8
1223 DK -19.5 15.7 66.7 0.5 -99.2 -229.8
1232 Alliance -18.6 16.6 67.8 -3.5 -103.2 -233.8
1235 TongFu -22.6 12.6 63.8 14.4 -89.2 -223.1
1238 LGD.cn -22.0 13.5 65.0 10.4 -93.2 -227.1
1243 Alliance -21.3 14.3 66.1 6.4 -97.2 -231.1
1245 Speed -20.3 15.6 67.7 2.4 -101.2 -235.1
1247 iG -19.9 16.2 68.5 -1.6 -105.2 -239.1
1253 LGD.int -23.9 12.2 64.5 27.1 -84.8 -223.0
1256 RS -23.0 13.2 65.8 23.1 -88.8 -227.0
1262 iG -21.9 14.6 67.4 19.1 -92.8 -231.0
1263 LGD.cn -21.2 15.5 68.5 15.1 -96.8 -235.0
1264 DK -20.5 16.3 69.5 11.1 -100.8 -239.0
1266 Alliance -19.8 17.1 70.5 7.1 -104.8 -243.0
1268 Mski -18.7 18.5 72.1 3.1 -108.8 -247.0
1269 Orange -17.7 19.5 73.4 -0.9 -112.8 -251.0
1273 RS -21.7 15.5 69.4 11.8 -101.6 -240.9
1278 Lowyat -25.7 11.5 65.4 24.0 -86.2 -226.9
1279 Titan -24.6 12.6 66.7 20.0 -90.2 -230.9
1283 Speed -23.4 13.8 67.9 16.0 -94.2 -234.9
1284 Alliance -22.6 14.6 68.9 12.0 -98.2 -238.9
1293 TongFu -21.6 15.7 70.3 8.0 -102.2 -242.9
1294 VG -25.6 11.7 66.3 21.8 -89.0 -232.2
1299 EG -24.5 12.9 67.6 17.8 -93.0 -236.2
1303 Sigma.int -23.6 14.1 69.1 13.8 -97.0 -240.2
1305 Empire -23.0 14.9 70.0 9.8 -101.0 -244.2
1306 FXopen -21.9 16.3 71.6 5.8 -105.0 -248.2
1307 LGD.int -21.0 17.3 72.8 1.8 -109.0 -252.2
1308 LGD.cn -20.3 18.1 73.8 -2.2 -113.0 -256.2
1310 Sigma.int -19.6 18.9 74.8 -6.2 -117.0 -260.2
1314 TongFu -19.2 19.5 75.5 -10.2 -121.0 -264.2
1315 Empire -18.4 20.4 76.5 -14.2 -125.0 -268.2
1316 VG -17.7 21.3 77.6 -18.2 -129.0 -272.2
1317 Na'Vi -16.7 22.4 79.0 -22.2 -133.0 -276.2
1318 QPandas -20.7 18.4 75.0 -8.6 -119.5 -263.3
1321 Fnatic.eu -20.0 19.1 75.6 -12.6 -123.5 -267.3
1322 DK -19.6 19.6 76.3 -16.6 -127.5 -271.3
1323 VG -18.8 20.6 77.6 -20.6 -131.5 -275.3
1324 VG -22.8 16.6 73.6 -6.4 -117.0 -263.1
1326 Dignitas -26.8 12.6 69.6 6.6 -105.0 -253.0
1327 Speed -26.2 13.3 70.5 2.6 -109.0 -257.0
1329 Alliance -25.6 14.0 71.3 -1.4 -113.0 -261.0
1331 Na'Vi -24.4 15.0 72.5 -5.4 -117.0 -265.0
1333 Alliance -23.6 15.8 73.5 -9.4 -121.0 -269.0
1335 LGD.int -22.4 17.2 75.1 -13.4 -125.0 -273.0
1336 TongFu -21.4 18.1 76.1 -17.4 -129.0 -277.0
1340 Fnatic.eu -20.5 19.1 77.3 -21.4 -133.0 -281.0
1341 Alliance -20.0 19.7 78.0 -25.4 -137.0 -285.0
1351 VG -19.6 20.4 78.8 -29.4 -141.0 -289.0
1352 DK -19.0 21.0 79.6 -33.4 -145.0 -293.0
1354 VP -23.0 17.0 75.6 -20.5 -132.8 -282.1
1355 Alliance -21.8 18.3 77.2 -24.5 -136.8 -286.1
1356 Alliance -20.5 19.5 78.5 -28.5 -140.8 -290.1
1357 Na'Vi -19.4 20.5 79.6 -32.5 -144.8 -294.1
1359 LGD.cn -19.1 21.0 80.2 -36.5 -148.8 -298.1
1360 iG -18.7 21.5 80.8 -40.5 -152.8 -302.1
1361 Dignitas -18.0 22.3 81.8 -44.5 -156.8 -306.1
1362 Speed -17.6 22.8 82.5 -48.5 -160.8 -310.1
1365 Alliance -16.9 23.5 83.3 -52.5 -164.8 -314.1
1366 Alliance -16.5 24.0 83.9 -56.5 -168.8 -318.1
1368 Fnatic.eu -15.3 25.2 85.2 -60.5 -172.8 -322.1
1369 Na'Vi -14.6 26.0 86.1 -64.5 -176.8 -326.1
1372 VP -18.6 22.0 82.1 -46.6 -161.6 -313.4
1373 Liquid -17.3 23.3 83.6 -50.6 -165.6 -317.4
1379 Fnatic.eu -16.2 24.5 85.0 -54.6 -169.6 -321.4
1380 Liquid -15.1 25.7 86.4 -58.6 -173.6 -325.4
1381 Liquid -19.1 21.7 82.4 -43.7 -159.6 -313.5
1382 Titan -18.3 22.7 83.7 -47.7 -163.6 -317.5
1384 Empire -17.6 23.5 84.7 -51.7 -167.6 -321.5
1388 iG -17.1 24.2 85.5 -55.7 -171.6 -325.5
1389 RStars -16.4 25.2 86.9 -59.7 -175.6 -329.5
1390 Alliance -15.9 25.8 87.6 -63.7 -179.6 -333.5
1391 Fnatic.eu -14.7 27.1 89.2 -67.7 -183.6 -337.5
1396 rox.KIS -18.7 23.1 85.2 -32.5 -155.9 -314.3
1399 EG -22.7 19.1 81.2 -17.5 -140.1 -301.0
1404 VG -21.8 20.2 82.6 -21.5 -144.1 -305.0
1405 Speed -21.0 21.3 84.0 -25.5 -148.1 -309.0
1412 DK -20.6 22.0 84.9 -29.5 -152.1 -313.0
1415 VP -24.6 18.0 80.9 -17.6 -139.4 -301.8
1423 Alliance -24.1 18.6 81.6 -21.6 -143.4 -305.8
1424 DK -23.8 19.0 82.2 -25.6 -147.4 -309.8
1425 VG -23.1 19.8 83.2 -29.6 -151.4 -313.8
1429 Empire -21.9 21.0 84.6 -33.6 -155.4 -317.8
1430 Na'Vi -21.0 22.0 85.8 -37.6 -159.4 -321.8
1431 DK -20.6 22.5 86.4 -41.6 -163.4 -325.8
1438 Liquid -19.9 23.4 87.4 -45.6 -167.4 -329.8
1439 Empire -23.9 19.4 83.4 -32.1 -152.8 -315.3
1442 LGD.int -23.5 20.0 84.1 -36.1 -156.8 -319.3
1443 TongFu -22.8 20.8 85.1 -40.1 -160.8 -323.3
1450 Na'Vi -21.9 21.9 86.4 -44.1 -164.8 -327.3
1451 Na'Vi -20.5 23.3 87.8 -48.1 -168.8 -331.3
1458 Fnatic.eu -24.5 19.3 83.8 -35.3 -156.4 -320.0
1460 Alliance -23.6 20.2 84.8 -39.3 -160.4 -324.0
1466 4FC -27.6 16.2 80.8 -26.4 -147.6 -312.2
1473 LGD.cn -27.0 17.0 81.8 -30.4 -151.6 -316.2
1478 Alliance -25.8 18.3 83.2 -34.4 -155.6 -320.2
1479 Liquid -25.1 19.1 84.2 -38.4 -159.6 -324.2
1482 Fnatic.eu -24.4 20.0 85.4 -42.4 -163.6 -328.2
1483 Sigma.int -28.4 16.0 81.4 -31.4 -151.2 -316.6
1490 EG -27.6 17.0 82.5 -35.4 -155.2 -320.6
1492 Alliance -26.3 18.4 84.0 -39.4 -159.2 -324.6
1494 Na'Vi -25.7 19.1 84.8 -43.4 -163.2 -328.6
1495 DK -24.6 20.4 86.3 -47.4 -167.2 -332.6
1497 Speed -28.6 16.4 82.3 -33.8 -155.3 -321.7
1498 Fnatic.eu -32.6 12.4 78.3 -17.7 -139.8 -307.0
1499 DK -31.8 13.4 79.3 -21.7 -143.8 -311.0
1500 Speed -31.1 14.3 80.5 -25.7 -147.8 -315.0
1501 Liquid -35.1 10.3 76.5 -12.3 -134.7 -303.2
1506 Liquid -33.8 11.7 78.0 -16.3 -138.7 -307.2
1508 Alliance -33.2 12.5 78.8 -20.3 -142.7 -311.2
1511 Sigma.int -32.7 13.2 79.5 -24.3 -146.7 -315.2
1512 Alliance -31.8 14.2 80.7 -28.3 -150.7 -319.2
1513 DK -31.5 14.7 81.3 -32.3 -154.7 -323.2
1523 SSD -35.5 10.7 77.3 -18.9 -141.4 -311.9
1527 VP -34.4 12.1 78.9 -22.9 -145.4 -315.9
1528 TongFu -33.7 12.9 79.9 -26.9 -149.4 -319.9
1529 LGD.int -33.1 13.7 80.9 -30.9 -153.4 -323.9
1533 OsG -37.1 9.7 76.9 -17.7 -140.9 -313.6
1546 iG -35.9 11.1 78.6 -21.7 -144.9 -317.6
1549 VG -35.3 12.0 79.8 -25.7 -148.9 -321.6
1550 DK -34.6 12.8 80.8 -29.7 -152.9 -325.6
1572 Fnatic.eu -33.2 14.1 82.2 -33.7 -156.9 -329.6
1574 DK -32.1 15.3 83.5 -37.7 -160.9 -333.6
1579 DK -31.0 16.8 85.2 -41.7 -164.9 -337.6
1580 Alliance -29.9 18.1 86.7 -45.7 -168.9 -341.6
1582 PR -28.5 19.4 88.1 -49.7 -172.9 -345.6
1585 Fnatic.eu -27.6 20.4 89.3 -53.7 -176.9 -349.6
1589 FD -26.6 21.5 90.6 -57.7 -180.9 -353.6
1590 Orange -25.8 22.5 91.9 -61.7 -184.9 -357.6
1593 FD -25.1 23.5 93.2 -65.7 -188.9 -361.6
1598 Alliance -24.2 24.5 94.3 -69.7 -192.9 -365.6
1607 Idol -23.2 25.9 96.0 -73.7 -196.9 -369.6
1611 Sigma.int -22.2 27.2 97.5 -77.7 -200.9 -373.6
1614 Alliance -21.6 28.0 98.4 -81.7 -204.9 -377.6
1626 FD -20.7 29.2 99.8 -85.7 -208.9 -381.6
1628 Alliance -20.0 29.9 100.7 -89.7 -212.9 -385.6
1629 Fnatic.eu -19.5 30.5 101.5 -93.7 -216.9 -389.6
1631 VG -19.0 31.2 102.5 -97.7 -220.9 -393.6
1634 Alliance -18.3 32.1 103.5 -101.7 -224.9 -397.6
1636 Sigma.int -17.6 32.9 104.6 -105.7 -228.9 -401.6
1652 PR -16.5 34.2 106.1 -109.7 -232.9 -405.6
1654 MVP.P -15.5 35.6 107.7 -113.7 -236.9 -409.6
1657 RRQ -14.8 36.5 108.8 -117.7 -240.9 -413.6
1660 Poseidon -18.8 32.5 104.8 -101.3 -226.3 -402.0
1662 Fnatic.eu -18.0 33.5 106.0 -105.3 -230.3 -406.0
1664 DK -17.3 34.3 107.0 -109.3 -234.3 -410.0
1665 LGD.cn -16.7 35.0 108.0 -113.3 -238.3 -414.0
1668 Duskbin -15.9 36.3 109.6 -117.3 -242.3 -418.0
1674 Empire -14.7 37.6 111.0 -121.3 -246.3 -422.0
1676 TR -18.7 33.6 107.0 -107.1 -234.7 -412.2
1677 Na'Vi -17.5 34.8 108.5 -111.1 -238.7 -416.2
1678 Na'Vi -16.6 35.9 109.7 -115.1 -242.7 -420.2
1681 Mski -15.7 37.0 111.0 -119.1 -246.7 -424.2
1682 Lowyat -14.5 38.3 112.6 -123.1 -250.7 -428.2
1684 Alliance -13.1 39.6 114.0 -127.1 -254.7 -432.2
1685 Alliance -12.6 40.2 114.7 -131.1 -258.7 -436.2
1686 Sigma.int -11.4 41.4 116.1 -135.1 -262.7 -440.2
1689 iG -10.9 42.0 116.8 -139.1 -266.7 -444.2
1697 mouz -14.9 38.0 112.8 -122.2 -246.6 -424.1
1699 OsG -18.9 34.0 108.8 -93.8 -220.3 -400.7
1701 TongFu -17.9 35.0 109.9 -97.8 -224.3 -404.7
1706 Sigma.int -17.0 35.8 110.8 -101.8 -228.3 -408.7
1707 mouz -15.8 36.9 112.0 -105.8 -232.3 -412.7
1708 HR -14.7 38.2 113.6 -109.8 -236.3 -416.7
1711 Next.kz -13.9 39.2 114.8 -113.8 -240.3 -420.7
1711 Next.kz -13.2 40.1 115.8 -117.8 -244.3 -424.7
1714 rox.KIS -12.5 41.0 116.8 -121.8 -248.3 -428.7
1714 rox.KIS -11.6 41.9 118.0 -125.8 -252.3 -432.7
1720 Mski -10.7 42.9 119.1 -129.8 -256.3 -436.7
1721 Lowyat -9.6 43.9 120.6 -133.8 -260.3 -440.7
1722 Mski -8.8 44.7 121.6 -137.8 -264.3 -444.7
1725 VG -7.7 45.9 123.0 -141.8 -268.3 -448.7
1726 Lowyat -6.7 46.9 124.2 -145.8 -272.3 -452.7
1727 Mski -5.9 47.8 125.1 -149.8 -276.3 -456.7
1728 sQreen -9.9 43.8 121.1 -137.6 -263.8 -445.7
1730 rox.KIS -8.9 45.2 122.6 -141.6 -267.8 -449.7
1731 Empire -12.9 41.2 118.6 -129.4 -254.9 -438.4
1735 Mski -12.1 42.0 119.6 -133.4 -258.9 -442.4
1744 Sigma.int -11.1 43.3 121.1 -137.4 -262.9 -446.4
1745 Na'Vi -10.4 44.2 122.2 -141.4 -266.9 -450.4
1746 Alliance -9.7 45.0 123.3 -145.4 -270.9 -454.4
1750 Alliance -9.0 45.8 124.3 -149.4 -274.9 -458.4
1751 Na'Vi -8.1 46.8 125.5 -153.4 -278.9 -462.4
1754 TR -12.1 42.8 121.5 -140.5 -267.5 -452.7
1755 SSD -11.0 44.2 123.2 -144.5 -271.5 -456.7
1761 Mski -10.0 45.5 124.6 -148.5 -275.5 -460.7
1763 rox.KIS -9.1 46.5 125.8 -152.5 -279.5 -464.7
1764 Na'Vi -8.0 47.6 127.1 -156.5 -283.5 -468.7
1771 VG -7.1 48.8 128.7 -160.5 -287.5 -472.7
1774 Idol -6.1 50.3 130.6 -164.5 -291.5 -476.7
1776 Fnatic.eu -5.0 51.5 132.0 -168.5 -295.5 -480.7
1783 Titan -4.0 52.5 133.3 -172.5 -299.5 -484.7
1785 Fnatic.eu -2.9 53.7 134.6 -176.5 -303.5 -488.7
1786 Fnatic.eu -1.5 55.1 136.1 -180.5 -307.5 -492.7
1788 Sigma.int -0.9 55.8 137.0 -184.5 -311.5 -496.7
1790 Na'Vi 0.1 56.7 138.0 -188.5 -315.5 -500.7
1793 Fnatic.eu 1.4 58.0 139.5 -192.5 -319.5 -504.7
1802 PR -2.6 54.0 135.5 -179.4 -303.6 -489.9
1803 Sigma.int -1.4 55.4 137.0 -183.4 -307.6 -493.9
1804 DK -1.0 56.0 137.7 -187.4 -311.6 -497.9
1805 VG -0.4 56.7 138.6 -191.4 -315.6 -501.9
1807 LGD.cn 0.1 57.3 139.4 -195.4 -319.6 -505.9
1808 iG 0.5 57.9 140.2 -199.4 -323.6 -509.9
1809 Titan 1.7 59.0 141.5 -203.4 -327.6 -513.9
1811 TongFu 2.6 59.9 142.6 -207.4 -331.6 -517.9
1814 LGD.cn 3.1 60.6 143.5 -211.4 -335.6 -521.9
1815 iG 4.0 62.0 145.2 -215.4 -339.6 -525.9
1817 Mski 5.2 63.2 146.6 -219.4 -343.6 -529.9
1820 Empire 6.1 64.1 147.7 -223.4 -347.6 -533.9
1822 Fnatic.eu 6.6 64.7 148.4 -227.4 -351.6 -537.9
1826 Titan 7.6 65.7 149.5 -231.4 -355.6 -541.9
1827 MVP.P 8.5 66.9 150.9 -235.4 -359.6 -545.9
1828 TongFu 4.5 62.9 146.9 -221.0 -348.4 -536.1
1840 PR 0.5 58.9 142.9 -208.8 -337.1 -525.6
1846 DK 1.4 60.0 143.5 -212.8 -341.1 -529.6
1847 DK 2.2 61.1 144.8 -216.8 -345.1 -533.6
1850 rox.KIS 3.5 62.7 145.6 -220.8 -349.1 -537.6
1851 Alliance 4.2 63.6 146.2 -224.8 -353.1 -541.6
1853 Alliance 5.2 64.4 147.1 -228.8 -357.1 -545.6
1857 iG 5.9 65.3 148.2 -232.8 -361.1 -549.6
1860 Fnatic.eu 6.5 66.1 149.1 -236.8 -365.1 -553.6
1861 Sigma.int 7.5 67.3 150.6 -240.8 -369.1 -557.6
1863 Fnatic.eu 8.7 68.6 151.6 -244.8 -373.1 -561.6
1865 TongFu 9.5 69.6 152.8 -248.8 -377.1 -565.6
1867 Fnatic.eu 10.4 70.6 153.5 -252.8 -381.1 -569.6
1868 Na'Vi 11.1 71.4 154.0 -256.8 -385.1 -573.6
1874 Revenge 12.5 73.0 155.0 -260.8 -389.1 -577.6
1878 Invasion 8.5 69.0 151.0 -249.2 -378.7 -563.7
1879 Orange 9.3 69.9 152.0 -253.2 -382.7 -567.7
1885 Mski 10.5 71.0 153.2 -257.2 -386.7 -571.7
1886 Invasion 11.8 72.4 154.2 -261.2 -390.7 -575.7
1889 Fnatic.eu 7.8 68.4 150.2 -244.0 -377.6 -563.9
1893 Mski 9.0 69.8 150.9 -248.0 -381.6 -567.9
1894 Spirit 5.0 65.8 146.9 -235.5 -370.1 -551.6
1898 Titan 6.3 67.5 147.7 -239.5 -374.1 -555.6
1911 Titan 7.4 68.8 148.7 -243.5 -378.1 -559.6
1913 rox.KIS 8.8 70.4 150.0 -247.5 -382.1 -563.6
1916 rox.KIS 10.1 71.8 151.5 -251.5 -386.1 -567.6
1928 Zephyr 11.1 73.3 153.3 -255.5 -390.1 -571.6
1935 EOT.Ham. 7.1 69.3 149.3 -240.0 -380.1 -563.5
1945 rox.KIS 8.2 70.6 150.1 -244.0 -384.1 -567.5
1948 Empire 9.2 71.7 151.5 -248.0 -388.1 -571.5
1951 Empire 10.4 73.2 152.3 -252.0 -392.1 -575.5
1953 Fnatic.eu 11.4 74.4 153.3 -256.0 -396.1 -579.5
1954 Empire 12.3 75.4 154.5 -260.0 -400.1 -583.5
1961 Fnatic.eu 13.1 76.3 155.1 -264.0 -404.1 -587.5
1964 Fnatic.eu 14.2 77.7 155.9 -268.0 -408.1 -591.5
1967 Liquid 15.6 78.8 157.2 -272.0 -412.1 -595.5
1971 Relax 11.6 74.8 153.2 -257.3 -399.3 -584.7
1973 Sigma.int 12.8 76.4 154.0 -261.3 -403.3 -588.7
1975 Fnatic.eu 13.5 77.2 154.4 -265.3 -407.3 -592.7
1981 Liquid 14.4 78.4 155.9 -269.3 -411.3 -596.7
1982 Speed 15.4 79.6 156.8 -273.3 -415.3 -600.7
1984 Empire 16.3 80.6 157.6 -277.3 -419.3 -604.7
1992 Speed 17.2 81.7 159.0 -281.3 -423.3 -608.7
2001 Speed 18.1 83.0 160.5 -285.3 -427.3 -612.7
2014 Speed 19.3 84.3 161.4 -289.3 -431.3 -616.7
2015 Speed 20.1 85.2 162.6 -293.3 -435.3 -620.7
2022 Liquid 21.0 86.2 163.2 -297.3 -439.3 -624.7
2023 SADBOYS 21.7 87.1 164.3 -301.3 -443.3 -628.7
2024 SADBOYS 23.1 88.6 165.0 -305.3 -447.3 -632.7
2029 Empire 24.2 89.9 165.7 -309.3 -451.3 -636.7
2032 Liquid 25.1 90.9 166.8 -313.3 -455.3 -640.7
2035 SADBOYS 26.1 92.0 167.4 -317.3 -459.3 -644.7
2053 SADBOYS 26.9 93.1 167.8 -321.3 -463.3 -648.7
2054 Empire 27.9 94.4 169.4 -325.3 -467.3 -652.7
2055 Na'Vi 28.9 95.6 170.1 -329.3 -471.3 -656.7
2058 Cloud9 29.8 96.9 170.5 -333.3 -475.3 -660.7
2059 Empire 30.7 97.9 171.6 -337.3 -479.3 -664.7
2061 rox.KIS 26.7 93.9 167.6 -321.7 -464.6 -651.6
2064 Cloud9 27.7 95.1 169.1 -325.7 -468.6 -655.6
2066 Alliance 28.9 96.3 170.4 -329.7 -472.6 -659.6
2067 Na'Vi 29.7 97.2 171.4 -333.7 -476.6 -663.6
2068 Fnatic.eu 30.7 98.3 172.3 -337.7 -480.6 -667.6
2076 Courage 26.7 94.3 168.3 -324.9 -469.8 -645.5
2080 rox.KIS 22.7 90.3 164.3 -308.6 -453.9 -632.2
2082 rox.KIS 23.7 91.5 165.6 -312.6 -457.9 -636.2
2083 PR 24.6 92.5 166.7 -316.6 -461.9 -640.2
2087 Liquid 25.9 93.9 167.6 -320.6 -465.9 -644.2
2089 SADBOYS 26.8 95.0 169.1 -324.6 -469.9 -648.2
2095 Titan 28.2 96.7 169.7 -328.6 -473.9 -652.2
2097 rox.KIS 29.6 98.3 170.5 -332.6 -477.9 -656.2
2098 Zephyr 30.7 99.4 171.9 -336.6 -481.9 -660.2
2100 PR 32.1 100.9 173.1 -340.6 -485.9 -664.2
2119 Empire 32.8 101.8 173.6 -344.6 -489.9 -668.2
2121 Relax 33.9 103.1 174.7 -348.6 -493.9 -672.2
2123 rox.KIS 34.8 104.2 175.4 -352.6 -497.9 -676.2
2131 Titan 35.5 105.1 176.5 -356.6 -501.9 -680.2
2133 Next.kz 31.5 101.1 172.5 -340.3 -487.1 -660.1
2138 Liquid 32.5 102.2 173.2 -344.3 -491.1 -664.1
2147 Na'Vi 33.6 103.4 174.5 -348.3 -495.1 -668.1
2156 Cloud9 34.6 104.6 175.2 -352.3 -499.1 -672.1
2159 SADBOYS 35.3 105.5 176.3 -356.3 -503.1 -676.1
2162 Orange 36.2 106.6 177.5 -360.3 -507.1 -680.1
2165 TR 32.2 102.6 173.5 -346.2 -494.5 -660.6
2172 Na'Vi 33.3 103.9 174.3 -350.2 -498.5 -664.6
2175 Liquid 34.2 104.9 175.6 -354.2 -502.5 -668.6
2178 VP 35.5 106.3 176.8 -358.2 -506.5 -672.6
2181 MiT 31.5 102.3 172.8 -345.6 -494.2 -661.4
2185 Scythe 32.8 104.0 173.3 -349.6 -498.2 -665.4
2187 Titan 33.4 104.8 174.3 -353.6 -502.2 -669.4
2188 Everlast 29.4 100.8 170.3 -338.0 -489.7 -658.7
2190 VP 30.6 101.9 171.5 -342.0 -493.7 -662.7
2197 Empire 31.4 102.9 172.8 -346.0 -497.7 -666.7
2200 Alliance 32.7 104.1 174.3 -350.0 -501.7 -670.7
2210 Titan 33.4 105.0 175.4 -354.0 -505.7 -674.7
2213 Arrow 34.1 105.9 176.7 -358.0 -509.7 -678.7
2214 Orange 34.9 106.9 177.2 -362.0 -513.7 -682.7
2228 Titan 35.6 107.7 177.6 -366.0 -517.7 -686.7
2229 Scythe 37.1 109.4 178.4 -370.0 -521.7 -690.7
2241 hehe 33.1 105.4 174.4 -352.7 -506.7 -664.1
2242 PR 29.1 101.4 170.4 -342.5 -497.3 -650.6
2249 Titan 30.2 102.6 171.8 -346.5 -501.3 -654.6
2251 Zephyr 31.5 104.0 173.5 -350.5 -505.3 -658.6
2260 FL 33.0 105.7 174.5 -354.5 -509.3 -662.6
2261 CIS 29.0 101.7 170.5 -335.3 -495.5 -652.4
2273 VG 29.7 102.6 171.7 -339.3 -499.5 -656.4
2275 Orange 30.4 103.3 172.4 -343.3 -503.5 -660.4
2277 FD 31.7 104.8 173.3 -347.3 -507.5 -664.4
2278 MiTH 32.8 105.9 174.7 -351.3 -511.5 -668.4
2280 DK 33.4 106.6 175.6 -355.3 -515.5 -672.4
2282 iG 34.1 107.5 176.1 -359.3 -519.5 -676.4
2284 Zephyr 35.4 108.9 177.4 -363.3 -523.5 -680.4
2285 Na'Vi 36.5 110.0 178.6 -367.3 -527.5 -684.4
2293 Alliance 37.6 111.3 179.5 -371.3 -531.5 -688.4
2295 Arrow 38.6 112.5 180.8 -375.3 -535.5 -692.4
