0 0 0.0 0.0 0.0 0.0 0.0 0.0
18 Na'Vi 0.8 1.1 1.5 -4.0 -4.0 -4.0
19 Empire 2.3 3.0 3.4 -8.0 -8.0 -8.0
23 mouz 3.1 3.9 4.6 -12.0 -12.0 -12.0
26 Empire -0.9 -0.1 0.6 -1.6 -3.5 -4.2
28 Quantic -4.9 -4.1 -3.4 5.0 3.6 2.4
29 GU.pe -8.9 -8.1 -7.4 17.1 13.5 11.9
31 Liquid -7.2 -6.2 -5.3 13.1 9.5 7.9
32 Alliance -6.5 -5.1 -4.1 9.1 5.5 3.9
34 EG -10.5 -9.1 -8.1 17.3 12.4 10.4
40 Fnatic.eu -9.1 -7.1 -6.1 13.3 8.4 6.4
41 Empire -8.0 -5.8 -4.4 9.3 4.4 2.4
43 mouz -6.4 -3.9 -2.5 5.3 0.4 -1.6
44 Quantic -5.0 -2.0 -0.4 1.3 -3.6 -5.6
45 Quantic -3.0 0.4 1.9 -2.7 -7.6 -9.6
48 VP -1.6 2.0 4.0 -6.7 -11.6 -13.6
49 Liquid -0.8 3.2 5.4 -10.7 -15.6 -17.6
50 3DMAX -4.8 -0.8 1.4 14.5 1.9 -2.6
51 Liquid -8.8 -4.8 -2.6 25.6 11.5 5.0
53 VP -12.8 -8.8 -6.6 36.2 20.2 13.1
57 Dignitas -11.1 -6.6 -4.2 32.2 16.2 9.1
58 Na'Vi -9.8 -5.0 -2.5 28.2 12.2 5.1
59 VP -13.8 -9.0 -6.5 39.6 21.1 13.4
60 Na'Vi -12.8 -7.8 -5.1 35.6 17.1 9.4
71 Liquid -11.4 -6.2 -3.2 31.6 13.1 5.4
73 Zenith -10.6 -5.2 -2.1 27.6 9.1 1.4
75 Fnatic.eu -9.3 -3.7 -0.3 23.6 5.1 -2.6
80 Liquid -13.3 -7.7 -4.3 31.1 13.0 3.5
81 Neo.int -10.8 -5.7 -2.0 27.1 9.0 -0.5
82 Orange -14.8 -9.7 -6.0 34.8 16.6 6.7
89 Liquid -13.3 -8.0 -4.2 30.8 12.6 2.7
93 Na'Vi -11.7 -6.2 -2.2 26.8 8.6 -1.3
95 Na'Vi -10.0 -4.3 -0.1 22.8 4.6 -5.3
96 Empire -7.8 -2.0 2.4 18.8 0.6 -9.3
98 Fnatic.eu -11.8 -6.0 -1.6 32.4 11.0 0.7
100 Liquid -9.7 -3.8 0.8 28.4 7.0 -3.3
104 PtD.Alpha -8.0 -1.9 2.8 24.4 3.0 -7.3
108 ASF.R5 -6.6 -0.2 4.5 20.4 -1.0 -11.3
110 Empire -5.2 1.4 6.1 16.4 -5.0 -15.3
111 Fnatic.eu -3.2 3.9 8.7 12.4 -9.0 -19.3
112 eN.Legs -2.3 5.4 10.2 8.4 -13.0 -23.3
113 Fnatic.eu -0.7 7.1 12.5 4.4 -17.0 -27.3
117 VP 0.6 8.6 14.2 0.4 -21.0 -31.3
118 mouz -3.4 4.6 10.2 13.8 -9.2 -21.9
119 Fnatic.eu -2.1 6.3 12.1 9.8 -13.2 -25.9
121 eN.Legs -0.6 8.1 14.4 5.8 -17.2 -29.9
123 eLPride 0.6 9.6 16.1 1.8 -21.2 -33.9
124 VP 1.6 10.9 17.6 -2.2 -25.2 -37.9
126 rox.KIS -2.4 6.9 13.6 5.0 -18.1 -31.9
128 ASF.R5 -6.4 2.9 9.6 14.9 -9.5 -24.5
130 Alliance -10.4 -1.1 5.6 24.6 -1.4 -16.8
132 Alliance -14.4 -5.1 1.6 33.2 5.3 -10.3
135 Fnatic.eu -13.1 -3.6 3.3 29.2 1.3 -14.3
136 Alliance -12.2 -2.5 4.6 25.2 -2.7 -18.3
138 TCM -16.2 -6.5 0.6 37.8 8.6 -8.7
143 Na'Vi -15.1 -5.1 2.2 33.8 4.6 -12.7
151 EG -19.1 -9.1 -1.8 43.3 12.9 -4.7
153 Liquid -23.1 -13.1 -5.8 50.1 20.4 2.9
155 iG -21.1 -10.8 -3.3 46.1 16.4 -1.1
157 Fnatic.eu -18.8 -8.5 -1.0 42.1 12.4 -5.1
159 VP -22.8 -12.5 -5.0 50.1 19.5 0.9
162 rox.KIS -20.9 -10.6 -3.0 46.1 15.5 -3.1
164 Dignitas -19.7 -9.1 -1.3 42.1 11.5 -7.1
165 eN.Legs -17.9 -7.2 1.0 38.1 7.5 -11.1
166 Fnatic.eu -15.9 -5.1 3.3 34.1 3.5 -15.1
167 LGD.int -15.0 -4.1 4.6 30.1 -0.5 -19.1
171 LGD.int -14.1 -3.1 5.8 26.1 -4.5 -23.1
172 Liquid -12.5 -1.5 7.5 22.1 -8.5 -27.1
173 VP -10.5 0.8 10.0 18.1 -12.5 -31.1
175 Na'Vi -9.5 2.0 11.6 14.1 -16.5 -35.1
177 QPandas -13.5 -2.0 7.6 27.4 -5.4 -25.7
179 Liquid -17.5 -6.0 3.6 37.2 3.4 -17.6
180 Empire -21.5 -10.0 -0.4 49.5 13.0 -9.3
181 iCCup -25.5 -14.0 -4.4 65.1 24.3 0.6
183 Fnatic.eu -29.5 -18.0 -8.4 72.6 30.8 6.9
185 LGD.int -28.2 -16.5 -6.7 68.6 26.8 2.9
186 Alliance -26.5 -14.6 -4.7 64.6 22.8 -1.1
194 Alliance -24.8 -12.7 -2.7 60.6 18.8 -5.1
196 Orange -28.8 -16.7 -6.7 69.8 27.4 3.0
198 iG -27.5 -15.1 -4.8 65.8 23.4 -1.0
206 LGD.cn -25.7 -13.3 -2.9 61.8 19.4 -5.0
207 Alliance -23.9 -11.3 -0.6 57.8 15.4 -9.0
208 iG -22.9 -10.0 1.0 53.8 11.4 -13.0
209 Liquid -21.3 -8.1 3.2 49.8 7.4 -17.0
213 DK -25.3 -12.1 -0.8 58.7 16.3 -8.5
216 Liquid -29.3 -16.1 -4.8 66.1 23.1 -1.8
218 Fnatic.eu -27.1 -14.0 -2.6 62.1 19.1 -5.8
219 Dignitas -25.4 -12.2 -0.6 58.1 15.1 -9.8
220 Fnatic.eu -23.7 -10.4 1.4 54.1 11.1 -13.8
221 Alliance -22.1 -8.6 3.4 50.1 7.1 -17.8
224 mouz -26.1 -12.6 -0.6 59.4 16.2 -9.6
226 Alliance -25.3 -11.5 0.8 55.4 12.2 -13.6
227 Kaipi -29.3 -15.5 -3.2 64.5 20.4 -6.5
229 Liquid -33.3 -19.5 -7.2 74.7 29.2 1.4
231 Na'Vi -31.8 -17.9 -5.4 70.7 25.2 -2.6
233 mouz -30.2 -16.2 -3.5 66.7 21.2 -6.6
234 rox.KIS -28.7 -14.5 -1.7 62.7 17.2 -10.6
235 aL -27.6 -13.2 -0.2 58.7 13.2 -14.6
236 mouz -31.6 -17.2 -4.2 74.4 25.6 -4.5
237 Na'Vi -29.9 -15.4 -2.3 70.4 21.6 -8.5
239 Na'Vi -28.5 -13.8 -0.5 66.4 17.6 -12.5
240 Na'Vi -27.6 -12.7 0.8 62.4 13.6 -16.5
242 EG -31.6 -16.7 -3.2 70.8 21.7 -8.8
244 Alliance -29.7 -14.5 -0.5 66.8 17.7 -12.8
246 Na'Vi -28.7 -13.5 0.8 62.8 13.7 -16.8
248 Liquid -27.1 -11.8 2.6 58.8 9.7 -20.8
250 Alliance -31.1 -15.8 -1.4 66.0 17.0 -14.1
251 Alliance -29.6 -14.1 0.4 62.0 13.0 -18.1
253 Liquid -33.6 -18.1 -3.6 78.7 26.8 -6.7
254 EG -37.6 -22.1 -7.6 86.5 34.1 -0.2
255 Na'Vi -35.9 -20.2 -5.4 82.5 30.1 -4.2
256 Alliance -34.3 -18.3 -3.4 78.5 26.1 -8.2
258 Alliance -32.8 -16.6 -1.5 74.5 22.1 -12.2
260 Alliance -31.2 -14.8 0.4 70.5 18.1 -16.2
268 Na'Vi -30.2 -13.6 1.9 66.5 14.1 -20.2
270 Liquid -28.7 -11.9 3.8 62.5 10.1 -24.2
271 Na'Vi -27.6 -10.5 5.4 58.5 6.1 -28.2
273 mouz -26.2 -9.1 7.0 54.5 2.1 -32.2
274 Liquid -24.8 -7.4 8.9 50.5 -1.9 -36.2
275 EG -28.8 -11.4 4.9 69.8 15.0 -22.0
276 Alliance -27.8 -10.2 6.2 65.8 11.0 -26.0
277 Na'Vi -26.1 -8.2 8.6 61.8 7.0 -30.0
279 Dignitas -24.7 -6.5 10.6 57.8 3.0 -34.0
280 Zenith -23.6 -5.2 12.2 53.8 -1.0 -38.0
281 EG -27.6 -9.2 8.2 61.9 6.0 -31.8
282 Alliance -26.7 -8.1 9.6 57.9 2.0 -35.8
283 VG -30.7 -12.1 5.6 73.0 14.6 -25.7
286 Dignitas -29.2 -10.5 7.3 69.0 10.6 -29.7
289 Dignitas -27.3 -8.2 9.7 65.0 6.6 -33.7
290 Na'Vi -25.1 -5.9 12.2 61.0 2.6 -37.7
291 Alliance -23.7 -4.3 14.1 57.0 -1.4 -41.7
292 rox.KIS -27.7 -8.3 10.1 65.4 6.0 -34.9
293 aL -31.7 -12.3 6.1 79.3 18.8 -23.9
294 Alliance -30.7 -11.1 7.6 75.3 14.8 -27.9
297 rox.KIS -29.2 -9.3 9.6 71.3 10.8 -31.9
298 Zenith -27.3 -7.3 11.8 67.3 6.8 -35.9
299 rox.KIS -25.3 -5.2 14.0 63.3 2.8 -39.9
300 mouz -24.1 -3.8 15.7 59.3 -1.2 -43.9
301 EG -23.0 -2.4 17.3 55.3 -5.2 -47.9
302 EG -21.1 -0.2 19.8 51.3 -9.2 -51.9
304 VG -20.3 0.7 21.0 47.3 -13.2 -55.9
305 mouz -18.3 2.9 23.4 43.3 -17.2 -59.9
306 LGD.cn -17.5 3.8 24.5 39.3 -21.2 -63.9
307 rox.KIS -21.5 -0.2 20.5 47.6 -14.6 -58.2
310 iG -20.6 1.0 22.1 43.6 -18.6 -62.2
314 VP -19.2 2.6 23.9 39.6 -22.6 -66.2
315 Liquid -17.5 4.4 25.8 35.6 -26.6 -70.2
316 LGD.cn -16.9 5.2 26.9 31.6 -30.6 -74.2
317 FD -20.9 1.2 22.9 44.4 -20.6 -65.7
319 Na'Vi -19.8 2.4 24.3 40.4 -24.6 -69.7
321 mouz -18.9 3.4 25.6 36.4 -28.6 -73.7
322 RS -17.4 5.2 27.7 32.4 -32.6 -77.7
324 QPandas -21.4 1.2 23.7 45.9 -21.1 -68.1
326 PR -25.4 -2.8 19.7 56.0 -11.7 -59.5
327 rox.KIS -29.4 -6.8 15.7 66.0 -3.0 -51.6
330 TongFu -33.4 -10.8 11.7 85.6 12.7 -40.4
331 EG -37.4 -14.8 7.7 94.3 20.9 -32.8
333 VG -36.0 -13.1 9.7 90.3 16.9 -36.8
334 VP -34.6 -11.3 11.8 86.3 12.9 -40.8
337 TongFu -33.7 -10.1 13.4 82.3 8.9 -44.8
338 Na'Vi -32.8 -9.0 14.8 78.3 4.9 -48.8
340 mouz -32.0 -8.1 15.9 74.3 0.9 -52.8
344 LGD.cn -36.0 -12.1 11.9 84.9 10.7 -44.1
345 LGD.cn -34.2 -10.3 13.8 80.9 6.7 -48.1
346 Alliance -33.1 -9.1 15.2 76.9 2.7 -52.1
347 Orange -37.1 -13.1 11.2 85.2 9.1 -46.3
348 Na'Vi -35.7 -11.4 13.0 81.2 5.1 -50.3
351 Alliance -33.7 -9.2 15.3 77.2 1.1 -54.3
352 LGD.cn -32.6 -7.9 16.8 73.2 -2.9 -58.3
353 iG -30.9 -6.0 18.9 69.2 -6.9 -62.3
355 DK -34.9 -10.0 14.9 78.1 2.8 -53.2
356 Liquid -38.9 -14.0 10.9 92.2 14.7 -43.4
357 LGD.cn -37.2 -12.2 12.8 88.2 10.7 -47.4
358 Alliance -35.2 -10.1 15.0 84.2 6.7 -51.4
360 mouz -33.4 -8.2 17.2 80.2 2.7 -55.4
362 LGD.cn -32.0 -6.9 18.7 76.2 -1.3 -59.4
363 Alliance -29.9 -4.8 20.8 72.2 -5.3 -63.4
364 Zenith -28.8 -3.5 22.3 68.2 -9.3 -67.4
365 rox.KIS -32.8 -7.5 18.3 76.5 -2.0 -61.1
366 Dignitas -36.8 -11.5 14.3 85.2 6.9 -53.0
368 mouz -35.4 -9.9 16.2 81.2 2.9 -57.0
369 iCCup -39.4 -13.9 12.2 92.1 13.3 -47.4
372 Quantic -43.4 -17.9 8.2 100.6 21.2 -40.6
373 Na'Vi -42.6 -17.0 9.2 96.6 17.2 -44.6
375 VG -40.9 -15.0 11.3 92.6 13.2 -48.6
376 LGD.cn -40.1 -14.0 12.5 88.6 9.2 -52.6
377 LGD.cn -38.9 -12.9 13.8 84.6 5.2 -56.6
378 VP -37.4 -11.3 15.6 80.6 1.2 -60.6
379 Na'Vi -36.5 -10.2 16.9 76.6 -2.8 -64.6
382 Fnatic.eu -40.5 -14.2 12.9 85.0 4.3 -58.2
383 RS -44.5 -18.2 8.9 94.3 13.5 -49.5
384 Alliance -43.5 -16.9 10.5 90.3 9.5 -53.5
387 LGD.cn -42.3 -15.5 12.1 86.3 5.5 -57.5
388 Dignitas -41.3 -14.3 13.9 82.3 1.5 -61.5
389 iG -40.4 -13.3 15.2 78.3 -2.5 -65.5
390 Na'Vi -39.0 -11.7 17.0 74.3 -6.5 -69.5
392 Alliance -37.9 -10.4 18.5 70.3 -10.5 -73.5
393 Kaipi -41.9 -14.4 14.5 79.5 -0.6 -65.0
396 Liquid -41.3 -13.7 15.5 75.5 -4.6 -69.0
397 rox.KIS -38.8 -11.6 17.7 71.5 -8.6 -73.0
398 Alliance -38.1 -10.8 18.7 67.5 -12.6 -77.0
399 VP -42.1 -14.8 14.7 75.9 -4.6 -69.3
402 DK -46.1 -18.8 10.7 82.0 2.7 -62.2
403 RStars -50.1 -22.8 6.7 93.4 13.3 -53.2
404 MiTH -48.4 -20.9 8.8 89.4 9.3 -57.2
407 PR -46.6 -18.6 11.6 85.4 5.3 -61.2
408 TM -44.9 -16.7 13.8 81.4 1.3 -65.2
409 Orange -43.8 -15.3 15.5 77.4 -2.7 -69.2
410 Alliance -43.1 -14.4 16.6 73.4 -6.7 -73.2
412 mouz -41.2 -12.3 18.9 69.4 -10.7 -77.2
414 Alliance -40.3 -11.2 20.3 65.4 -14.7 -81.2
416 4FC -44.3 -15.2 16.3 83.9 1.8 -67.3
417 mouz -48.3 -19.2 12.3 97.8 13.7 -57.3
418 VP -46.5 -17.4 14.4 93.8 9.7 -61.3
421 Na'Vi -45.0 -15.8 16.2 89.8 5.7 -65.3
424 Kaipi -49.0 -19.8 12.2 100.6 16.5 -55.5
425 mouz -47.1 -17.7 14.5 96.6 12.5 -59.5
427 rox.KIS -45.8 -16.3 16.1 92.6 8.5 -63.5
428 Kaipi -44.2 -14.3 18.5 88.6 4.5 -67.5
430 rox.KIS -43.0 -13.0 19.9 84.6 0.5 -71.5
431 Quantic -42.0 -11.7 21.5 80.6 -3.5 -75.5
432 Kaipi -40.4 -10.3 23.1 76.6 -7.5 -79.5
433 DK -39.2 -8.9 24.8 72.6 -11.5 -83.5
437 Quantic -38.2 -7.9 26.1 68.6 -15.5 -87.5
438 Na'Vi -36.2 -6.0 28.1 64.6 -19.5 -91.5
439 Artyk -35.3 -5.0 29.6 60.6 -23.5 -95.5
440 Orange -33.3 -2.5 32.3 56.6 -27.5 -99.5
441 Na'Vi -32.4 -1.5 33.5 52.6 -31.5 -103.5
442 Kaipi -30.3 0.4 35.5 48.6 -35.5 -107.5
443 Kaipi -34.3 -3.6 31.5 61.3 -22.1 -95.6
444 Artyk -38.3 -7.6 27.5 72.2 -11.9 -86.3
445 TM -37.2 -6.2 29.1 68.2 -15.9 -90.3
446 Orange -36.3 -5.2 30.3 64.2 -19.9 -94.3
447 DK -35.1 -3.9 31.9 60.2 -23.9 -98.3
448 VP -39.1 -7.9 27.9 71.3 -14.2 -89.9
449 VP -37.6 -6.0 30.1 67.3 -18.2 -93.9
451 Kaipi -36.7 -5.0 31.3 63.3 -22.2 -97.9
452 EG -35.1 -3.2 33.3 59.3 -26.2 -101.9
453 Fnatic.eu -39.1 -7.2 29.3 72.4 -15.0 -92.9
457 Alliance -37.3 -5.2 31.4 68.4 -19.0 -96.9
459 Alliance -35.7 -3.4 33.4 64.4 -23.0 -100.9
461 Alliance -34.9 -2.5 34.6 60.4 -27.0 -104.9
464 Fnatic.eu -33.4 -1.0 36.2 56.4 -31.0 -108.9
465 Alliance -32.0 0.4 37.8 52.4 -35.0 -112.9
466 iCCup -30.1 2.4 40.1 48.4 -39.0 -116.9
467 Na'Vi -28.3 4.5 42.4 44.4 -43.0 -120.9
468 Quantic -26.8 6.0 44.1 40.4 -47.0 -124.9
469 Alliance -25.2 7.6 45.9 36.4 -51.0 -128.9
471 4FC -29.2 3.6 41.9 49.6 -38.3 -118.0
475 Na'Vi -28.2 4.6 43.1 45.6 -42.3 -122.0
476 Na'Vi -26.7 6.2 44.9 41.6 -46.3 -126.0
479 4FC -25.6 7.4 46.4 37.6 -50.3 -130.0
480 Orange -24.6 8.6 47.9 33.6 -54.3 -134.0
481 TM -23.3 10.3 49.9 29.6 -58.3 -138.0
482 Smeagol -21.5 12.6 52.3 25.6 -62.3 -142.0
483 paiN -25.5 8.6 48.3 34.2 -53.8 -134.9
484 Empire -29.5 4.6 44.3 50.9 -38.6 -123.0
486 Na'Vi -28.3 5.8 45.6 46.9 -42.6 -127.0
488 Fnatic.eu -32.3 1.8 41.6 64.6 -27.8 -115.4
489 LGD.int -30.7 3.4 43.5 60.6 -31.8 -119.4
491 TM -29.4 5.1 45.4 56.6 -35.8 -123.4
492 iCCup -28.1 6.7 47.2 52.6 -39.8 -127.4
493 iCCup -27.1 7.9 48.6 48.6 -43.8 -131.4
494 zRage -31.1 3.9 44.6 69.1 -25.6 -115.7
495 Artyk -29.9 5.5 46.6 65.1 -29.6 -119.7
496 TongFu -27.9 7.9 49.2 61.1 -33.6 -123.7
498 mouz -26.7 9.2 50.8 57.1 -37.6 -127.7
499 Liquid -25.5 10.6 52.2 53.1 -41.6 -131.7
502 VP -24.8 11.4 53.2 49.1 -45.6 -135.7
503 Dignitas -24.0 12.4 54.5 45.1 -49.6 -139.7
504 VP -22.3 14.2 56.6 41.1 -53.6 -143.7
505 Na'Vi -21.8 14.8 57.4 37.1 -57.6 -147.7
506 EG -21.0 15.7 58.6 33.1 -61.6 -151.7
507 Na'Vi -20.1 16.7 59.9 29.1 -65.6 -155.7
508 Na'Vi -19.6 17.3 60.6 25.1 -69.6 -159.7
511 Alliance -17.5 19.6 63.1 21.1 -73.6 -163.7
512 Quantic -21.5 15.6 59.1 38.8 -58.4 -149.8
513 EG -25.5 11.6 55.1 52.1 -47.0 -139.6
514 Dignitas -29.5 7.6 51.1 74.0 -28.4 -123.6
515 Alliance -28.0 9.5 53.3 70.0 -32.4 -127.6
517 Alliance -26.5 11.3 55.4 66.0 -36.4 -131.6
518 Alliance -24.5 13.7 58.0 62.0 -40.4 -135.6
519 FSid3 -22.5 16.1 60.7 58.0 -44.4 -139.6
520 Quantic -21.4 17.4 62.3 54.0 -48.4 -143.6
521 LGD.int -25.4 13.4 58.3 63.9 -40.1 -136.2
522 Na'Vi -24.2 14.8 59.9 59.9 -44.1 -140.2
523 Na'Vi -22.5 16.6 61.9 55.9 -48.1 -144.2
524 Na'Vi -21.2 18.0 63.5 51.9 -52.1 -148.2
525 LGD.cn -19.3 20.0 65.8 47.9 -56.1 -152.2
527 Na'Vi -18.3 21.1 67.2 43.9 -60.1 -156.2
528 Liquid -17.4 22.2 68.5 39.9 -64.1 -160.2
529 EG -16.7 23.0 69.4 35.9 -68.1 -164.2
531 Na'Vi -15.8 24.0 70.6 31.9 -72.1 -168.2
532 Empire -14.8 25.0 71.8 27.9 -76.1 -172.2
533 rox.KIS -13.7 26.0 72.8 23.9 -80.1 -176.2
536 Liquid -13.0 26.8 73.8 19.9 -84.1 -180.2
537 Liquid -12.4 27.5 74.7 15.9 -88.1 -184.2
538 Alliance -11.6 28.3 75.7 11.9 -92.1 -188.2
541 VP -10.6 29.6 77.1 7.9 -96.1 -192.2
542 Alliance -9.1 31.2 78.9 3.9 -100.1 -196.2
544 EG -13.1 27.2 74.9 14.1 -90.4 -187.1
545 Alliance -11.6 29.1 77.1 10.1 -94.4 -191.1
546 Orange -9.1 31.2 79.2 6.1 -98.4 -195.1
547 iG -7.2 33.0 81.1 2.1 -102.4 -199.1
549 Fnatic.eu -11.2 29.0 77.1 14.6 -91.4 -189.8
550 Kaipi -15.2 25.0 73.1 24.8 -80.9 -180.1
551 Kaipi -19.2 21.0 69.1 34.9 -70.0 -169.4
553 TongFu -23.2 17.0 65.1 50.7 -55.1 -156.6
557 Liquid -27.2 13.0 61.1 61.2 -46.1 -148.5
558 rox.KIS -25.5 14.8 63.1 57.2 -50.1 -152.5
562 TongFu -23.8 16.6 65.0 53.2 -54.1 -156.5
571 DK -27.8 12.6 61.0 60.6 -47.0 -149.7
573 VP -31.8 8.6 57.0 73.0 -36.8 -141.0
574 Fnatic.eu -35.8 4.6 53.0 84.9 -26.4 -132.2
576 iCCup -39.8 0.6 49.0 97.3 -16.5 -123.7
577 rox.KIS -37.8 2.7 51.5 93.3 -20.5 -127.7
580 VP -36.8 3.9 52.9 89.3 -24.5 -131.7
584 Alliance -34.8 6.4 55.6 85.3 -28.5 -135.7
585 VP -33.3 8.2 57.5 81.3 -32.5 -139.7
587 Alliance -31.9 9.5 58.9 77.3 -36.5 -143.7
588 Zenith -35.9 5.5 54.9 84.7 -28.9 -136.8
589 Alliance -33.9 7.6 57.3 80.7 -32.9 -140.8
590 Na'Vi -32.0 9.4 59.2 76.7 -36.9 -144.8
592 Fnatic.eu -30.2 11.4 61.3 72.7 -40.9 -148.8
595 Alliance -28.6 13.1 63.2 68.7 -44.9 -152.8
597 Alliance -26.8 15.0 65.2 64.7 -48.9 -156.8
598 LGD.cn -25.3 16.7 67.1 60.7 -52.9 -160.8
600 mouz -29.3 12.7 63.1 73.1 -41.1 -150.3
602 Alliance -27.7 14.5 65.0 69.1 -45.1 -154.3
604 Orange -26.6 15.7 66.5 65.1 -49.1 -158.3
605 LGD.int -24.8 17.4 68.4 61.1 -53.1 -162.3
607 Kaipi -28.8 13.4 64.4 70.0 -44.5 -154.7
608 Alliance -27.5 14.9 66.1 66.0 -48.5 -158.7
611 Denial -25.5 17.3 68.8 62.0 -52.5 -162.7
615 Orange -24.2 18.7 70.4 58.0 -56.5 -166.7
616 TongFu -22.4 20.9 73.0 54.0 -60.5 -170.7
617 VP -21.0 22.5 74.8 50.0 -64.5 -174.7
618 Alliance -19.8 23.9 76.4 46.0 -68.5 -178.7
621 iCCup -23.8 19.9 72.4 59.6 -55.4 -168.2
622 Fnatic.eu -21.5 22.0 74.5 55.6 -59.4 -172.2
623 Alliance -19.9 23.8 76.5 51.6 -63.4 -176.2
624 Liquid -18.4 25.5 78.4 47.6 -67.4 -180.2
626 iCCup -22.4 21.5 74.4 58.4 -57.9 -172.0
627 EG -20.6 23.2 76.3 54.4 -61.9 -176.0
628 EG -19.7 24.2 77.5 50.4 -65.9 -180.0
629 LGD.cn -23.7 20.2 73.5 57.3 -58.6 -173.2
630 iG -21.7 22.3 75.8 53.3 -62.6 -177.2
631 Alliance -20.8 23.5 77.3 49.3 -66.6 -181.2
632 mouz -19.3 25.2 79.2 45.3 -70.6 -185.2
635 Dignitas -17.9 26.7 81.0 41.3 -74.6 -189.2
636 EG -17.2 27.6 82.1 37.3 -78.6 -193.2
642 Alliance -16.2 28.8 83.6 33.3 -82.6 -197.2
643 iG -13.9 30.9 85.9 29.3 -86.6 -201.2
644 rox.KIS -17.9 26.9 81.9 40.1 -76.5 -192.4
645 VP -21.9 22.9 77.9 48.6 -68.2 -184.9
646 Fnatic.eu -19.5 25.0 80.1 44.6 -72.2 -188.9
648 VP -17.8 27.1 82.5 40.6 -76.2 -192.9
651 Denial -21.8 23.1 78.5 58.6 -60.8 -180.9
653 VG -25.8 19.1 74.5 73.6 -47.7 -170.1
656 Na'Vi -24.7 20.3 76.0 69.6 -51.7 -174.1
657 mouz -23.1 22.2 78.1 65.6 -55.7 -178.1
658 mouz -27.1 18.2 74.1 77.1 -45.6 -168.3
659 Na'Vi -25.5 19.8 75.8 73.1 -49.6 -172.3
660 RS -29.5 15.8 71.8 85.6 -38.3 -162.7
662 DK -27.8 17.7 74.0 81.6 -42.3 -166.7
664 RStars -31.8 13.7 70.0 97.7 -28.9 -155.5
667 DK -30.0 15.6 72.2 93.7 -32.9 -159.5
668 mouz -29.2 16.6 73.5 89.7 -36.9 -163.5
670 EG -28.2 17.7 74.9 85.7 -40.9 -167.5
671 Fnatic.eu -27.3 18.7 76.1 81.7 -44.9 -171.5
672 Orange -25.7 20.4 78.0 77.7 -48.9 -175.5
674 mouz -25.0 21.3 79.1 73.7 -52.9 -179.5
676 LGD.cn -23.2 23.2 81.3 69.7 -56.9 -183.5
677 mouz -21.2 25.2 83.3 65.7 -60.9 -187.5
678 Kaipi -25.2 21.2 79.3 84.4 -44.4 -173.9
679 Fnatic.eu -29.2 17.2 75.3 94.1 -35.8 -166.1
686 VP -27.4 19.1 77.4 90.1 -39.8 -170.1
688 VP -25.4 21.2 79.8 86.1 -43.8 -174.1
690 EG -23.5 23.6 82.4 82.1 -47.8 -178.1
691 Liquid -21.3 26.0 85.0 78.1 -51.8 -182.1
692 Na'Vi -19.7 27.6 86.8 74.1 -55.8 -186.1
693 Alliance -18.1 29.3 88.7 70.1 -59.8 -190.1
695 Alliance -16.1 31.5 91.1 66.1 -63.8 -194.1
696 Fnatic.eu -14.5 33.1 92.9 62.1 -67.8 -198.1
697 Kaipi -12.9 34.7 94.7 58.1 -71.8 -202.1
699 Alliance -11.8 36.0 96.2 54.1 -75.8 -206.1
700 Orange -10.4 37.4 97.9 50.1 -79.8 -210.1
702 Na'Vi -9.5 38.4 99.1 46.1 -83.8 -214.1
703 mouz -8.6 39.4 100.4 42.1 -87.8 -218.1
704 EG -12.6 35.4 96.4 50.1 -80.8 -211.8
707 Orange -10.7 37.3 98.5 46.1 -84.8 -215.8
708 iCCup -14.7 33.3 94.5 56.0 -75.9 -207.8
712 Na'Vi -13.8 34.4 95.8 52.0 -79.9 -211.8
713 MiTH -12.1 36.3 98.0 48.0 -83.9 -215.8
715 mouz -10.6 38.0 99.9 44.0 -87.9 -219.8
716 mouz -8.5 40.4 102.6 40.0 -91.9 -223.8
718 Dreamz -7.4 41.6 104.1 36.0 -95.9 -227.8
719 Mski -5.3 43.4 106.0 32.0 -99.9 -231.8
720 MiTH -3.5 45.2 108.0 28.0 -103.9 -235.8
721 Mski -7.5 41.2 104.0 37.4 -93.8 -226.6
722 iCCup -5.6 43.2 106.3 33.4 -97.8 -230.6
723 Kaipi -4.7 44.2 107.5 29.4 -101.8 -234.6
725 Romania -3.0 46.2 109.8 25.4 -105.8 -238.6
726 RS -7.0 42.2 105.8 32.3 -98.8 -232.3
727 Fnatic.eu -11.0 38.2 101.8 49.1 -84.3 -220.8
729 DK -10.0 39.7 103.6 45.1 -88.3 -224.8
730 LGD.cn -9.2 40.7 104.7 41.1 -92.3 -228.8
731 iG -7.6 42.6 106.8 37.1 -96.3 -232.8
732 Alliance -6.5 43.9 108.4 33.1 -100.3 -236.8
741 TongFu -5.0 45.7 110.9 29.1 -104.3 -240.8
745 Dignitas -9.0 41.7 106.9 50.6 -89.8 -229.1
746 DK -8.3 42.6 107.9 46.6 -93.8 -233.1
748 Na'Vi -7.1 43.9 109.5 42.6 -97.8 -237.1
749 Liquid -11.1 39.9 105.5 55.1 -87.8 -227.2
751 Alliance -10.3 41.0 106.9 51.1 -91.8 -231.2
754 Na'Vi -9.6 41.8 107.8 47.1 -95.8 -235.2
757 Alliance -8.0 43.3 109.3 43.1 -99.8 -239.2
758 iG -6.5 45.1 111.1 39.1 -103.8 -243.2
759 Orange -4.9 46.9 113.1 35.1 -107.8 -247.2
761 Fnatic.eu -4.2 47.7 114.0 31.1 -111.8 -251.2
762 Na'Vi -2.1 49.7 116.2 27.1 -115.8 -255.2
766 Alliance -1.2 50.7 117.3 23.1 -119.8 -259.2
767 LGD.int -5.2 46.7 113.3 39.1 -105.9 -247.3
769 mouz -4.3 47.7 114.5 35.1 -109.9 -251.3
770 LGD.cn -2.7 49.4 116.3 31.1 -113.9 -255.3
771 Na'Vi -1.5 50.7 117.7 27.1 -117.9 -259.3
773 Alliance -0.8 51.5 118.6 23.1 -121.9 -263.3
776 Orange 0.5 52.9 120.2 19.1 -125.9 -267.3
778 DK 1.9 54.7 122.2 15.1 -129.9 -271.3
779 Zenith 2.8 55.7 123.4 11.1 -133.9 -275.3
781 Alliance 3.7 56.7 124.5 7.1 -137.9 -279.3
783 TongFu 4.6 57.6 125.5 3.1 -141.9 -283.3
785 LGD.cn 6.6 59.9 128.0 -0.9 -145.9 -287.3
786 Na'Vi 7.6 61.0 129.3 -4.9 -149.9 -291.3
791 Orange 9.3 62.9 131.3 -8.9 -153.9 -295.3
793 Alliance 10.5 64.2 132.9 -12.9 -157.9 -299.3
795 Liquid 11.4 65.2 134.1 -16.9 -161.9 -303.3
796 Zenith 13.3 67.2 136.4 -20.9 -165.9 -307.3
797 Liquid 9.3 63.2 132.4 -7.1 -154.5 -297.7
798 iG 11.2 65.2 134.6 -11.1 -158.5 -301.7
799 Alliance 12.3 66.4 136.1 -15.1 -162.5 -305.7
800 Na'Vi 13.7 67.8 137.6 -19.1 -166.5 -309.7
802 iG 15.8 70.1 140.2 -23.1 -170.5 -313.7
803 Orange 11.8 66.1 136.2 -11.2 -160.9 -305.5
807 Na'Vi 13.4 67.8 138.1 -15.2 -164.9 -309.5
811 RStars 14.6 69.3 139.9 -19.2 -168.9 -313.5
812 Empire 15.6 70.5 141.5 -23.2 -172.9 -317.5
813 Empire 16.5 71.4 142.7 -27.2 -176.9 -321.5
814 Kaipi 18.0 73.2 144.8 -31.2 -180.9 -325.5
815 TTD 19.3 74.6 146.5 -35.2 -184.9 -329.5
816 Kaipi 20.6 76.0 148.0 -39.2 -188.9 -333.5
817 Lounge 22.6 78.0 150.3 -43.2 -192.9 -337.5
818 FD 23.8 79.2 151.8 -47.2 -196.9 -341.5
820 4FC 24.5 80.0 152.8 -51.2 -200.9 -345.5
821 4++ 20.5 76.0 148.8 -36.9 -185.7 -333.6
822 MiTH 21.5 77.3 150.3 -40.9 -189.7 -337.6
823 GL.eu 22.9 78.9 152.2 -44.9 -193.7 -341.6
825 WARDGS 24.6 80.6 154.2 -48.9 -197.7 -345.6
826 EVOPLAY 26.3 82.1 156.1 -52.9 -201.7 -349.6
828 EVOPLAY 28.2 84.0 158.2 -56.9 -205.7 -353.6
829 TLP 24.2 80.0 154.2 -43.0 -193.8 -344.2
830 DUZA 20.2 76.0 150.2 -35.3 -186.2 -336.8
831 Awake 22.1 77.9 152.2 -39.3 -190.2 -340.8
832 CDCD 18.1 73.9 148.2 -16.1 -171.8 -325.0
833 Menace 14.1 69.9 144.2 -3.2 -160.7 -316.0
836 Poseidon 15.9 72.0 146.6 -7.2 -164.7 -320.0
838 Kaipi 17.5 73.8 148.9 -11.2 -168.7 -324.0
841 VP 18.5 74.9 150.3 -15.2 -172.7 -328.0
842 Menace 14.5 70.9 146.3 -5.8 -163.7 -319.3
843 Empire 16.4 72.6 148.1 -9.8 -167.7 -323.3
844 Kaipi 17.7 73.9 149.7 -13.8 -171.7 -327.3
845 DUZA 13.7 69.9 145.7 -4.7 -163.2 -319.7
851 VP 14.7 71.1 147.2 -8.7 -167.2 -323.7
855 Imp 16.9 73.4 149.7 -12.7 -171.2 -327.7
856 Empire 18.4 74.9 151.4 -16.7 -175.2 -331.7
857 Next.kz 20.2 76.7 153.3 -20.7 -179.2 -335.7
858 FSid3 22.1 78.7 155.7 -24.7 -183.2 -339.7
859 FSid3 18.1 74.7 151.7 -14.9 -172.5 -329.9
860 Bambang 14.1 70.7 147.7 -7.3 -164.3 -322.5
861 Aspera 16.4 72.7 149.8 -11.3 -168.3 -326.5
862 rox.KIS 17.9 74.0 151.3 -15.3 -172.3 -330.5
864 Poseidon 19.0 75.3 152.8 -19.3 -176.3 -334.5
865 Mski 20.0 76.4 154.2 -23.3 -180.3 -338.5
866 Poseidon 20.9 77.3 155.3 -27.3 -184.3 -342.5
867 Dreamz 22.0 78.6 156.9 -31.3 -188.3 -346.5
871 Next.kz 23.1 79.8 158.3 -35.3 -192.3 -350.5
872 Aspera 19.1 75.8 154.3 -26.6 -184.3 -343.2
873 PR 15.1 71.8 150.3 -5.9 -166.7 -328.6
876 MSIEvoGT 17.1 74.1 153.0 -9.9 -170.7 -332.6
877 Mski 18.1 75.5 154.7 -13.9 -174.7 -336.6
878 Lowyat 14.1 71.5 150.7 -0.2 -163.3 -327.1
880 Empire 10.1 67.5 146.7 8.7 -154.6 -319.2
881 Quantic 6.1 63.5 142.7 17.3 -147.0 -312.5
883 Kaipi 7.3 64.9 144.3 13.3 -151.0 -316.5
885 Aspera 9.0 66.6 146.2 9.3 -155.0 -320.5
886 Fnatic.eu 10.4 68.1 148.0 5.3 -159.0 -324.5
888 Mski 12.3 70.1 150.3 1.3 -163.0 -328.5
889 Next.kz 13.6 71.4 151.8 -2.7 -167.0 -332.5
891 Menace 15.5 73.2 153.8 -6.7 -171.0 -336.5
892 Kaipi 17.5 75.5 156.4 -10.7 -175.0 -340.5
893 Menace 13.5 71.5 152.4 -0.5 -164.9 -331.6
896 Life 9.5 67.5 148.4 7.7 -155.9 -322.7
897 Kaipi 11.1 69.4 150.6 3.7 -159.9 -326.7
898 Mski 12.7 71.1 152.5 -0.3 -163.9 -330.7
899 Menace 14.0 72.3 153.9 -4.3 -167.9 -334.7
901 Fnatic.eu 15.4 73.6 155.4 -8.3 -171.9 -338.7
902 Kaipi 17.6 75.8 157.8 -12.3 -175.9 -342.7
903 Kaipi 18.8 77.1 159.3 -16.3 -179.9 -346.7
905 Dignitas 19.6 78.0 160.4 -20.3 -183.9 -350.7
906 Dignitas 20.5 79.0 161.6 -24.3 -187.9 -354.7
908 iG 21.2 79.8 162.6 -28.3 -191.9 -358.7
909 VG 22.7 81.7 164.9 -32.3 -195.9 -362.7
911 4FC 18.7 77.7 160.9 -19.0 -182.3 -351.3
913 Joiker 14.7 73.7 156.9 -11.4 -175.3 -345.2
915 Fnatic.eu 15.5 74.7 158.1 -15.4 -179.3 -349.2
916 Property 11.5 70.7 154.1 -2.7 -168.7 -339.9
917 Menace 7.5 66.7 150.1 8.2 -157.8 -330.4
919 LGD.cn 8.8 68.2 151.8 4.2 -161.8 -334.4
920 TongFu 9.4 68.9 152.7 0.2 -165.8 -338.4
921 Alliance 10.4 69.9 154.0 -3.8 -169.8 -342.4
922 PR 6.4 65.9 150.0 3.8 -162.9 -335.8
923 DUZA 8.2 67.7 152.1 -0.2 -166.9 -339.8
925 Empire 9.5 69.0 153.6 -4.2 -170.9 -343.8
926 Empire 10.9 70.6 155.3 -8.2 -174.9 -347.8
927 iG 12.4 72.0 156.8 -12.2 -178.9 -351.8
931 Alliance 13.3 72.9 157.8 -16.2 -182.9 -355.8
932 Fnatic.eu 15.3 75.3 160.4 -20.2 -186.9 -359.8
933 Empire 17.6 77.6 162.9 -24.2 -190.9 -363.8
937 OguraYui 13.6 73.6 158.9 -13.1 -178.3 -353.0
938 Mski 15.4 75.1 160.6 -17.1 -182.3 -357.0
941 Alliance 16.3 76.1 161.7 -21.1 -186.3 -361.0
944 Imp 12.3 72.1 157.7 -9.9 -175.5 -351.1
948 Empire 14.5 74.4 160.2 -13.9 -179.5 -355.1
949 VP 15.8 75.7 161.7 -17.9 -183.5 -359.1
950 Kaipi 16.8 76.9 163.2 -21.9 -187.5 -363.1
951 Mski 17.8 78.0 164.5 -25.9 -191.5 -367.1
953 Kaipi 19.5 80.1 167.0 -29.9 -195.5 -371.1
954 Cascade 15.5 76.1 163.0 -16.5 -183.9 -361.1
956 Alliance 16.0 76.6 163.7 -20.5 -187.9 -365.1
957 Na'Vi 16.8 77.3 164.6 -24.5 -191.9 -369.1
958 PR 12.8 73.3 160.6 0.2 -167.9 -348.3
959 Kaipi 13.6 74.3 161.7 -3.8 -171.9 -352.3
960 Kaipi 14.3 75.2 162.9 -7.8 -175.9 -356.3
963 Na'Vi 15.7 76.6 164.5 -11.8 -179.9 -360.3
964 Alliance 16.9 77.9 166.0 -15.8 -183.9 -364.3
967 mouz 18.3 79.4 167.7 -19.8 -187.9 -368.3
972 Aspera 14.3 75.4 163.7 2.1 -168.9 -352.4
975 Dignitas 15.1 76.4 165.0 -1.9 -172.9 -356.4
976 StayFree 16.5 78.1 167.0 -5.9 -176.9 -360.4
977 Na'Vi 18.0 79.8 169.0 -9.9 -180.9 -364.4
978 rox.KIS 14.0 75.8 165.0 -2.8 -172.4 -356.6
981 PR 16.0 77.8 167.2 -6.8 -176.4 -360.6
982 Fnatic.eu 16.8 78.6 168.2 -10.8 -180.4 -364.6
983 Fnatic.eu 18.6 80.3 170.0 -14.8 -184.4 -368.6
985 Inv.kwnku 20.4 82.4 172.4 -18.8 -188.4 -372.6
986 Na'Vi 21.4 83.6 173.8 -22.8 -192.4 -376.6
987 Fnatic.eu 23.0 85.4 175.8 -26.8 -196.4 -380.6
988 4FC 19.0 81.4 171.8 -17.2 -186.3 -371.6
990 Kaipi 19.8 82.3 172.9 -21.2 -190.3 -375.6
991 Empire 15.8 78.3 168.9 -10.3 -180.9 -367.7
992 PBS 11.8 74.3 164.9 4.79616346638e-14 -172.6 -359.9
993 SFEC 7.8 70.3 160.9 8.7 -164.4 -352.6
995 Inv.kwnku 9.5 72.4 163.5 4.7 -168.4 -356.6
997 PR 5.5 68.4 159.5 22.3 -153.6 -344.9
999 Empire 7.4 70.8 162.2 18.3 -157.6 -348.9
1000 Inv.kwnku 9.1 72.7 164.3 14.3 -161.6 -352.9
1001 FD 10.8 74.7 166.8 10.3 -165.6 -356.9
1002 Empire 12.3 76.5 169.0 6.3 -169.6 -360.9
1004 EG 13.9 78.2 170.9 2.3 -173.6 -364.9
1005 Dignitas 9.9 74.2 166.9 14.4 -163.7 -356.5
1008 Menace 5.9 70.2 162.9 26.5 -151.4 -345.6
1009 Kaipi 6.8 71.1 164.0 22.5 -155.4 -349.6
1010 Aspera 2.8 67.1 160.0 29.9 -148.4 -343.0
1012 DK 4.1 68.6 161.8 25.9 -152.4 -347.0
1015 StayFree 5.8 71.0 164.5 21.9 -156.4 -351.0
1017 Na'Vi 6.6 71.9 165.5 17.9 -160.4 -355.0
1018 Alliance 7.4 72.8 166.7 13.9 -164.4 -359.0
1019 Empire 9.3 75.2 169.4 9.9 -168.4 -363.0
1020 Na'Vi 11.0 76.9 171.3 5.9 -172.4 -367.0
1021 Na'Vi 12.2 78.1 172.7 1.9 -176.4 -371.0
1022 LGD.cn 13.3 79.4 174.1 -2.1 -180.4 -375.0
1023 VG 15.3 81.6 176.3 -6.1 -184.4 -379.0
1024 LGD.cn 17.6 83.6 178.3 -10.1 -188.4 -383.0
1025 Dignitas 18.4 84.5 179.5 -14.1 -192.4 -387.0
1027 Next.kz 14.4 80.5 175.5 -8.0 -184.8 -379.7
1028 4FC 10.4 76.5 171.5 2.5 -173.3 -369.7
1030 Na'Vi 11.2 77.4 172.5 -1.5 -177.3 -373.7
1032 Na'Vi 12.1 78.5 173.8 -5.5 -181.3 -377.7
1034 Alliance 12.8 79.3 174.8 -9.5 -185.3 -381.7
1035 Alliance 13.5 80.0 175.6 -13.5 -189.3 -385.7
1037 VP 9.5 76.0 171.6 -1.5 -180.1 -377.8
1039 Ahead.kz 5.5 72.0 167.6 19.8 -158.3 -359.9
1040 PBS 6.9 74.0 169.9 15.8 -162.3 -363.9
1041 Alliance 7.9 75.3 171.4 11.8 -166.3 -367.9
1042 Empire 9.4 77.0 173.3 7.8 -170.3 -371.9
1044 Quantic 11.4 79.6 176.0 3.8 -174.3 -375.9
1045 iG 12.3 81.0 177.7 -0.2 -178.3 -379.9
1046 Liquid 13.4 82.2 179.1 -4.2 -182.3 -383.9
1047 EG 9.4 78.2 175.1 4.7 -174.3 -377.4
1048 MiTH 11.0 79.9 177.1 0.7 -178.3 -381.4
1049 Dreamz 12.9 82.1 179.6 -3.3 -182.3 -385.4
1050 Alliance 13.7 83.0 180.7 -7.3 -186.3 -389.4
1051 iG 14.5 84.0 181.9 -11.3 -190.3 -393.4
1052 DK 16.1 85.9 184.0 -15.3 -194.3 -397.4
1055 Alliance 16.7 86.6 184.9 -19.3 -198.3 -401.4
1059 TongFu 18.5 88.1 186.5 -23.3 -202.3 -405.4
1060 LGD.int 20.7 90.4 189.0 -27.3 -206.3 -409.4
1061 RS.int 22.2 92.2 191.1 -31.3 -210.3 -413.4
1062 MiTH 23.9 93.9 193.0 -35.3 -214.3 -417.4
1063 Alliance 24.6 94.7 193.9 -39.3 -218.3 -421.4
1064 Alliance 25.4 95.6 194.9 -43.3 -222.3 -425.4
1065 SSD 26.4 97.1 196.6 -47.3 -226.3 -429.4
1067 Hearts 27.9 98.7 198.4 -51.3 -230.3 -433.4
1068 rox.KIS 29.8 100.7 200.7 -55.3 -234.3 -437.4
1069 Poseidon 25.8 96.7 196.7 -48.5 -226.8 -429.9
1070 Quantic 21.8 92.7 192.7 -38.2 -217.5 -421.5
1071 Quantic 23.6 94.3 194.5 -42.2 -221.5 -425.5
1073 Titan 25.1 95.8 196.1 -46.2 -225.5 -429.5
1077 StayFree 26.2 97.3 197.9 -50.2 -229.5 -433.5
1078 VP 28.5 99.6 200.4 -54.2 -233.5 -437.5
1080 SYF 31.0 101.6 202.5 -58.2 -237.5 -441.5
1081 Na'Vi 31.7 102.4 203.5 -62.2 -241.5 -445.5
1082 Fnatic.eu 32.5 103.3 204.5 -66.2 -245.5 -449.5
1083 Titan 33.3 104.2 205.7 -70.2 -249.5 -453.5
1085 FD 34.1 105.3 207.1 -74.2 -253.5 -457.5
1087 UR 36.0 107.3 209.2 -78.2 -257.5 -461.5
1088 FXopen 36.9 108.6 210.7 -82.2 -261.5 -465.5
1089 Imp 37.6 109.6 211.8 -86.2 -265.5 -469.5
1090 MiTH 38.3 110.5 212.9 -90.2 -269.5 -473.5
1091 Na'Vi 39.2 111.5 214.2 -94.2 -273.5 -477.5
1092 ONE.dota 35.2 107.5 210.2 -83.0 -261.9 -467.3
1095 Arcanys 31.2 103.5 206.2 -61.5 -244.6 -453.8
1096 VG 32.2 104.9 207.9 -65.5 -248.6 -457.8
1097 FD 32.9 105.8 209.2 -69.5 -252.6 -461.8
1098 Lowyat 28.9 101.8 205.2 -58.9 -242.4 -453.1
1099 rox.KIS 31.1 104.1 207.7 -62.9 -246.4 -457.1
1101 Fnatic.eu 32.1 105.3 209.2 -66.9 -250.4 -461.1
1104 Poseidon 28.1 101.3 205.2 -50.9 -236.2 -449.9
1105 Na'Vi 28.9 102.2 206.3 -54.9 -240.2 -453.9
1108 eN.Legs 30.4 104.2 208.7 -58.9 -244.2 -457.9
1111 LGD.int 31.4 105.3 210.1 -62.9 -248.2 -461.9
1112 DK 31.9 106.0 210.9 -66.9 -252.2 -465.9
1113 Imp 33.8 108.7 214.0 -70.9 -256.2 -469.9
1114 Na'Vi 34.5 109.5 215.0 -74.9 -260.2 -473.9
1117 VG 35.2 110.3 216.0 -78.9 -264.2 -477.9
1118 LGD.cn 35.6 110.9 216.8 -82.9 -268.2 -481.9
1120 Ahead.kz 36.9 112.4 218.6 -86.9 -272.2 -485.9
1122 PR 38.4 113.6 219.9 -90.9 -276.2 -489.9
1123 Na'Vi 38.8 114.2 220.6 -94.9 -280.2 -493.9
1124 bvd.dotA 40.8 116.0 222.4 -98.9 -284.2 -497.9
1125 Empire 42.4 117.6 224.0 -102.9 -288.2 -501.9
1126 Life 38.4 113.6 220.0 -92.5 -274.1 -489.0
1129 iG 38.9 114.3 220.8 -96.5 -278.1 -493.0
1130 TongFu 40.5 116.1 222.8 -100.5 -282.1 -497.0
1131 Na'Vi 41.5 117.1 224.0 -104.5 -286.1 -501.0
1132 Fnatic.eu 42.4 118.2 225.2 -108.5 -290.1 -505.0
1133 MUFC 38.4 114.2 221.2 -98.2 -280.7 -496.5
1135 Empire 39.4 115.3 222.5 -102.2 -284.7 -500.5
1136 Empire 40.8 116.9 224.3 -106.2 -288.7 -504.5
1137 TakeFive 36.8 112.9 220.3 -95.4 -275.6 -493.2
1139 VT 38.8 115.3 223.0 -99.4 -279.6 -497.2
1141 EOT 40.1 117.5 225.6 -103.4 -283.6 -501.2
1143 DK 40.6 118.2 226.5 -107.4 -287.6 -505.2
1144 VG 36.6 114.2 222.5 -92.8 -274.3 -494.8
1146 iG 37.0 114.8 223.2 -96.8 -278.3 -498.8
1147 LGD.cn 38.2 116.2 224.9 -100.8 -282.3 -502.8
1148 HR 39.9 118.4 227.5 -104.8 -286.3 -506.8
1149 Na'Vi 40.8 119.4 228.8 -108.8 -290.3 -510.8
1151 Alliance 41.3 120.1 229.6 -112.8 -294.3 -514.8
1155 Empire 42.4 121.6 231.3 -116.8 -298.3 -518.8
1156 iG 43.5 123.2 233.2 -120.8 -302.3 -522.8
1157 Na'Vi 44.3 124.1 234.2 -124.8 -306.3 -526.8
1159 SAfrica 45.4 125.5 236.0 -128.8 -310.3 -530.8
1161 FD 47.2 127.5 238.0 -132.8 -314.3 -534.8
1164 Titan 43.2 123.5 234.0 -125.9 -306.2 -526.9
1165 Titan 39.2 119.5 230.0 -115.4 -294.8 -516.8
1167 EOT 41.1 121.4 232.2 -119.4 -298.8 -520.8
1168 LGD.cn 42.9 123.2 234.2 -123.4 -302.8 -524.8
1169 DK 43.3 123.8 235.0 -127.4 -306.8 -528.8
1170 VG 45.4 125.9 237.3 -131.4 -310.8 -532.8
1171 Empire 46.2 126.9 238.5 -135.4 -314.8 -536.8
1172 Speed 42.2 122.9 234.5 -116.5 -294.0 -516.7
1173 Empire 43.9 124.6 236.4 -120.5 -298.0 -520.7
1174 Fnatic 45.2 125.9 237.8 -124.5 -302.0 -524.7
1175 TongFu 45.9 126.8 239.0 -128.5 -306.0 -528.7
1176 LGD.cn 41.9 122.8 235.0 -116.8 -296.4 -520.5
1177 TongFu 43.4 124.2 236.6 -120.8 -300.4 -524.5
1178 DK 43.8 124.7 237.3 -124.8 -304.4 -528.5
1179 RStars 39.8 120.7 233.3 -115.7 -295.8 -520.8
1181 Alliance 40.5 121.6 234.4 -119.7 -299.8 -524.8
1183 Speed 41.9 122.9 235.9 -123.7 -303.8 -528.8
1185 Liquid 37.9 118.9 231.9 -103.1 -283.0 -509.5
1188 LGD.int 38.5 119.7 232.8 -107.1 -287.0 -513.5
1189 EG 39.6 121.1 234.6 -111.1 -291.0 -517.5
1190 TongFu 40.4 122.2 236.0 -115.1 -295.0 -521.5
1191 DK 40.8 122.9 236.8 -119.1 -299.0 -525.5
1192 Na'Vi 41.6 123.8 238.1 -123.1 -303.0 -529.5
1194 Dignitas 43.1 125.3 239.8 -127.1 -307.0 -533.5
1195 VG 43.6 126.0 240.6 -131.1 -311.0 -537.5
1196 LGD.cn 44.1 126.7 241.5 -135.1 -315.0 -541.5
1197 CSW 45.5 128.4 243.3 -139.1 -319.0 -545.5
1199 Menace 47.2 130.3 245.5 -143.1 -323.0 -549.5
1200 Liquid 48.8 131.7 247.0 -147.1 -327.0 -553.5
1202 SSD 50.1 133.2 248.8 -151.1 -331.0 -557.5
1203 TongFu 50.5 133.8 249.5 -155.1 -335.0 -561.5
1204 iG 51.2 134.7 250.5 -159.1 -339.0 -565.5
1205 HR 47.2 130.7 246.5 -146.7 -323.9 -552.1
1206 EG 48.7 131.8 247.7 -150.7 -327.9 -556.1
1208 Imp 44.7 127.8 243.7 -142.2 -318.4 -547.1
1210 Liquid 40.7 123.8 239.7 -129.9 -305.9 -536.3
1212 Fnatic.eu 42.6 126.0 242.2 -133.9 -309.9 -540.3
1213 Poseidon 38.6 122.0 238.2 -126.6 -301.8 -532.5
1215 iG 39.0 122.7 239.0 -130.6 -305.8 -536.5
1216 LGD.cn 40.4 124.5 241.2 -134.6 -309.8 -540.5
1217 Speed 36.4 120.5 237.2 -124.6 -300.5 -532.2
1220 Empire 37.7 122.1 239.1 -128.6 -304.5 -536.2
1221 iG 33.7 118.1 235.1 -117.3 -295.6 -529.2
1222 LGD.cn 35.6 119.7 236.8 -121.3 -299.6 -533.2
1223 DK 36.5 120.9 238.3 -125.3 -303.6 -537.2
1227 Empire 38.3 123.1 240.7 -129.3 -307.6 -541.2
1230 Property 34.3 119.1 236.7 -116.6 -297.2 -532.6
1231 TTD 30.3 115.1 232.7 -109.3 -288.5 -524.7
1232 Alliance 31.2 116.0 233.8 -113.3 -292.5 -528.7
1234 VG 33.1 118.2 236.4 -117.3 -296.5 -532.7
1235 TongFu 29.1 114.2 232.4 -99.4 -282.5 -522.0
1237 FSid3 25.1 110.2 228.4 -89.0 -273.0 -513.6
1238 LGD.cn 25.7 111.1 229.6 -93.0 -277.0 -517.6
1239 RStars 27.1 113.1 232.1 -97.0 -281.0 -521.6
1240 Na'Vi 28.8 114.9 234.1 -101.0 -285.0 -525.6
1242 mouz 30.4 116.9 236.4 -105.0 -289.0 -529.6
1243 Alliance 31.1 117.7 237.5 -109.0 -293.0 -533.6
1245 Speed 32.1 119.0 239.1 -113.0 -297.0 -537.6
1247 iG 32.5 119.6 239.9 -117.0 -301.0 -541.6
1251 UR 34.0 121.5 242.0 -121.0 -305.0 -545.6
1253 LGD.int 30.0 117.5 238.0 -92.3 -284.6 -529.5
1255 Empire 32.0 119.6 240.3 -96.3 -288.6 -533.5
1256 RS 32.9 120.6 241.6 -100.3 -292.6 -537.5
1257 mouz 28.9 116.6 237.6 -88.5 -282.8 -529.1
1262 iG 30.0 118.0 239.2 -92.5 -286.8 -533.1
1263 LGD.cn 30.7 118.9 240.3 -96.5 -290.8 -537.1
1264 DK 31.4 119.7 241.3 -100.5 -294.8 -541.1
1265 Fnatic.eu 27.4 115.7 237.3 -92.4 -287.3 -534.5
1266 Alliance 28.1 116.5 238.3 -96.4 -291.3 -538.5
1267 Na'Vi 29.5 118.1 240.1 -100.4 -295.3 -542.5
1268 Mski 30.6 119.5 241.7 -104.4 -299.3 -546.5
1269 Orange 31.6 120.5 243.0 -108.4 -303.3 -550.5
1272 iG 33.6 123.0 245.8 -112.4 -307.3 -554.5
1273 RS 29.6 119.0 241.8 -99.7 -296.1 -544.4
1274 LGD.cn 31.1 120.5 243.4 -103.7 -300.1 -548.4
1275 FXopen 32.8 122.5 245.5 -107.7 -304.1 -552.4
1276 CSW 34.3 124.2 247.4 -111.7 -308.1 -556.4
1278 Lowyat 30.3 120.2 243.4 -99.5 -292.7 -542.4
1279 Titan 31.4 121.3 244.7 -103.5 -296.7 -546.4
1283 Speed 32.6 122.5 245.9 -107.5 -300.7 -550.4
1284 Alliance 33.4 123.3 246.9 -111.5 -304.7 -554.4
1288 Alliance 35.2 125.2 248.8 -115.5 -308.7 -558.4
1292 SSD 31.2 121.2 244.8 -107.1 -299.3 -549.4
1293 TongFu 32.2 122.3 246.2 -111.1 -303.3 -553.4
1294 VG 28.2 118.3 242.2 -97.3 -290.1 -542.7
1296 mouz 29.9 120.1 244.2 -101.3 -294.1 -546.7
1299 EG 31.0 121.3 245.5 -105.3 -298.1 -550.7
1300 4FC 33.0 123.4 247.9 -109.3 -302.1 -554.7
1301 Hearts 34.3 125.0 249.7 -113.3 -306.1 -558.7
1303 Sigma.int 35.2 126.2 251.2 -117.3 -310.1 -562.7
1305 Empire 35.8 127.0 252.1 -121.3 -314.1 -566.7
1306 FXopen 36.9 128.4 253.7 -125.3 -318.1 -570.7
1307 LGD.int 37.8 129.4 254.9 -129.3 -322.1 -574.7
1308 LGD.cn 38.5 130.2 255.9 -133.3 -326.1 -578.7
1309 4FC 40.7 132.1 258.0 -137.3 -330.1 -582.7
1310 Sigma.int 41.4 132.9 259.0 -141.3 -334.1 -586.7
1312 Arteezy 43.4 134.9 261.2 -145.3 -338.1 -590.7
1314 TongFu 43.8 135.5 261.9 -149.3 -342.1 -594.7
1315 Empire 44.6 136.4 262.9 -153.3 -346.1 -598.7
1316 VG 45.3 137.3 264.0 -157.3 -350.1 -602.7
1317 Na'Vi 46.3 138.4 265.4 -161.3 -354.1 -606.7
1318 QPandas 42.3 134.4 261.4 -147.7 -340.6 -593.8
1319 Empire 44.4 136.0 263.0 -151.7 -344.6 -597.8
1321 Fnatic.eu 45.1 136.7 263.6 -155.7 -348.6 -601.8
1322 DK 45.5 137.2 264.3 -159.7 -352.6 -605.8
1323 VG 46.3 138.2 265.6 -163.7 -356.6 -609.8
1324 VG 42.3 134.2 261.6 -149.5 -342.1 -597.6
1325 Kawai 38.3 130.2 257.6 -137.4 -332.2 -588.3
1326 Dignitas 34.3 126.2 253.6 -124.4 -320.2 -578.2
1327 Speed 34.9 126.9 254.5 -128.4 -324.2 -582.2
1328 Dignitas 36.6 128.6 256.3 -132.4 -328.2 -586.2
1329 Alliance 37.2 129.3 257.1 -136.4 -332.2 -590.2
1330 Na'Vi 39.2 131.1 259.1 -140.4 -336.2 -594.2
1331 Na'Vi 40.4 132.1 260.3 -144.4 -340.2 -598.2
1332 Fnatic.eu 36.4 128.1 256.3 -134.3 -328.5 -587.9
1333 Alliance 37.2 128.9 257.3 -138.3 -332.5 -591.9
1334 iG 38.7 130.7 259.5 -142.3 -336.5 -595.9
1335 LGD.int 39.9 132.1 261.1 -146.3 -340.5 -599.9
1336 TongFu 40.9 133.0 262.1 -150.3 -344.5 -603.9
1338 Liquid 42.3 134.5 263.8 -154.3 -348.5 -607.9
1340 Fnatic.eu 43.2 135.5 265.0 -158.3 -352.5 -611.9
1341 Alliance 43.7 136.1 265.7 -162.3 -356.5 -615.9
1343 Fnatic.eu 39.7 132.1 261.7 -154.3 -347.4 -607.4
1345 Sigma.int 40.9 133.6 263.5 -158.3 -351.4 -611.4
1351 VG 41.3 134.3 264.3 -162.3 -355.4 -615.4
1352 DK 41.9 134.9 265.1 -166.3 -359.4 -619.4
1353 Alliance 43.6 136.6 267.0 -170.3 -363.4 -623.4
1354 VP 39.6 132.6 263.0 -157.4 -351.2 -612.5
1355 Alliance 40.8 133.9 264.6 -161.4 -355.2 -616.5
1356 Alliance 42.1 135.1 265.9 -165.4 -359.2 -620.5
1357 Na'Vi 43.2 136.1 267.0 -169.4 -363.2 -624.5
1359 LGD.cn 43.5 136.6 267.6 -173.4 -367.2 -628.5
1360 iG 43.9 137.1 268.2 -177.4 -371.2 -632.5
1361 Dignitas 44.6 137.9 269.2 -181.4 -375.2 -636.5
1362 Speed 45.0 138.4 269.9 -185.4 -379.2 -640.5
1363 Speed 47.1 140.4 272.3 -189.4 -383.2 -644.5
1364 Na'Vi 48.9 142.3 274.3 -193.4 -387.2 -648.5
1365 Alliance 49.6 143.0 275.1 -197.4 -391.2 -652.5
1366 Alliance 50.0 143.5 275.7 -201.4 -395.2 -656.5
1367 Liquid 51.6 145.4 277.9 -205.4 -399.2 -660.5
1368 Fnatic.eu 52.8 146.6 279.2 -209.4 -403.2 -664.5
1369 Na'Vi 53.5 147.4 280.1 -213.4 -407.2 -668.5
1370 LGD.int 49.5 143.4 276.1 -204.2 -396.8 -659.0
1372 VP 45.5 139.4 272.1 -186.3 -381.6 -646.3
1373 Liquid 46.8 140.7 273.6 -190.3 -385.6 -650.3
1375 Startale 42.8 136.7 269.6 -179.8 -379.0 -644.8
1377 LGD.cn 44.3 138.3 271.4 -183.8 -383.0 -648.8
1379 Fnatic.eu 45.4 139.5 272.8 -187.8 -387.0 -652.8
1380 Liquid 46.5 140.7 274.2 -191.8 -391.0 -656.8
1381 Liquid 42.5 136.7 270.2 -176.9 -377.0 -644.9
1382 Titan 43.3 137.7 271.5 -180.9 -381.0 -648.9
1383 LGD.cn 44.8 139.5 273.5 -184.9 -385.0 -652.9
1384 Empire 45.5 140.3 274.5 -188.9 -389.0 -656.9
1386 StayFree 41.5 136.3 270.5 -178.5 -378.9 -647.9
1388 iG 42.0 137.0 271.3 -182.5 -382.9 -651.9
1389 RStars 42.7 138.0 272.7 -186.5 -386.9 -655.9
1390 Alliance 43.2 138.6 273.4 -190.5 -390.9 -659.9
1391 Fnatic.eu 44.4 139.9 275.0 -194.5 -394.9 -663.9
1396 rox.KIS 40.4 135.9 271.0 -159.3 -367.2 -640.7
1399 EG 36.4 131.9 267.0 -144.3 -351.4 -627.4
1400 VP 38.3 134.1 269.6 -148.3 -355.4 -631.4
1401 Alliance 40.1 135.8 271.5 -152.3 -359.4 -635.4
1402 Liquid 42.2 138.0 273.8 -156.3 -363.4 -639.4
1404 VG 43.1 139.1 275.2 -160.3 -367.4 -643.4
1405 Speed 43.9 140.2 276.6 -164.3 -371.4 -647.4
1406 EG 39.9 136.2 272.6 -155.8 -364.1 -641.3
1408 Liquid 41.6 138.1 274.7 -159.8 -368.1 -645.3
1412 DK 42.0 138.8 275.6 -163.8 -372.1 -649.3
1415 VP 38.0 134.8 271.6 -151.9 -359.4 -638.1
1416 Liquid 39.8 136.6 273.5 -155.9 -363.4 -642.1
1421 Na'Vi 41.3 138.2 275.4 -159.9 -367.4 -646.1
1423 Alliance 41.8 138.8 276.1 -163.9 -371.4 -650.1
1424 DK 42.1 139.2 276.7 -167.9 -375.4 -654.1
1425 VG 42.8 140.0 277.7 -171.9 -379.4 -658.1
1426 Speed 44.2 141.5 279.4 -175.9 -383.4 -662.1
1428 EG 40.2 137.5 275.4 -168.4 -375.0 -653.9
1429 Empire 41.4 138.7 276.8 -172.4 -379.0 -657.9
1430 Na'Vi 42.3 139.7 278.0 -176.4 -383.0 -661.9
1431 DK 42.7 140.2 278.6 -180.4 -387.0 -665.9
1437 Liquid 44.7 142.4 281.0 -184.4 -391.0 -669.9
1438 Liquid 45.4 143.3 282.0 -188.4 -395.0 -673.9
1439 Empire 41.4 139.3 278.0 -174.9 -380.4 -659.4
1441 PR 37.4 135.3 274.0 -167.0 -372.4 -651.6
1442 LGD.int 37.8 135.9 274.7 -171.0 -376.4 -655.6
1443 TongFu 38.5 136.7 275.7 -175.0 -380.4 -659.6
1445 Speed 40.3 139.1 278.4 -179.0 -384.4 -663.6
1447 FD 36.3 135.1 274.4 -170.8 -376.7 -656.4
1449 Titan 38.2 136.8 276.2 -174.8 -380.7 -660.4
1450 Na'Vi 39.1 137.9 277.5 -178.8 -384.7 -664.4
1451 Na'Vi 40.5 139.3 278.9 -182.8 -388.7 -668.4
1456 Liquid 42.0 141.1 280.9 -186.8 -392.7 -672.4
1458 Fnatic.eu 38.0 137.1 276.9 -174.0 -380.3 -661.1
1459 Na'Vi 39.7 138.6 278.6 -178.0 -384.3 -665.1
1460 Alliance 40.6 139.5 279.6 -182.0 -388.3 -669.1
1461 rox.KIS 36.6 135.5 275.6 -172.4 -379.5 -661.0
1462 rox.KIS 38.1 137.0 277.3 -176.4 -383.5 -665.0
1463 Na'Vi 40.2 138.9 279.3 -180.4 -387.5 -669.0
1465 DK 41.7 140.4 280.9 -184.4 -391.5 -673.0
1466 4FC 37.7 136.4 276.9 -171.5 -378.7 -661.2
1468 Alliance 39.5 138.3 278.9 -175.5 -382.7 -665.2
1471 Mts 35.5 134.3 274.9 -166.7 -376.1 -659.8
1472 rox.KIS 31.5 130.3 270.9 -158.3 -370.1 -654.6
1473 LGD.cn 32.1 131.1 271.9 -162.3 -374.1 -658.6
1475 TongFu3 33.9 132.8 273.8 -166.3 -378.1 -662.6
1478 Alliance 35.1 134.1 275.2 -170.3 -382.1 -666.6
1479 Liquid 35.8 134.9 276.2 -174.3 -386.1 -670.6
1480 Na'Vi 37.5 136.4 277.8 -178.3 -390.1 -674.6
1481 DK 33.5 132.4 273.8 -169.0 -381.9 -667.9
1482 Fnatic.eu 34.2 133.3 275.0 -173.0 -385.9 -671.9
1483 Sigma.int 30.2 129.3 271.0 -162.0 -373.5 -660.3
1484 DK 32.1 131.5 273.5 -166.0 -377.5 -664.3
1485 EG 28.1 127.5 269.5 -158.7 -370.8 -657.9
1487 VG 30.2 129.9 272.2 -162.7 -374.8 -661.9
1488 Imp 32.0 131.9 274.7 -166.7 -378.8 -665.9
1489 Na'Vi 33.7 133.6 276.6 -170.7 -382.8 -669.9
1490 EG 34.5 134.6 277.7 -174.7 -386.8 -673.9
1492 Alliance 35.8 136.0 279.2 -178.7 -390.8 -677.9
1494 Na'Vi 36.4 136.7 280.0 -182.7 -394.8 -681.9
1495 DK 37.5 138.0 281.5 -186.7 -398.8 -685.9
1496 Sigma.int 39.4 140.3 284.2 -190.7 -402.8 -689.9
1497 Speed 35.4 136.3 280.2 -177.1 -390.9 -679.0
1498 Fnatic.eu 31.4 132.3 276.2 -161.0 -375.4 -664.3
1499 DK 32.2 133.3 277.2 -165.0 -379.4 -668.3
1500 Speed 32.9 134.2 278.4 -169.0 -383.4 -672.3
1501 Liquid 28.9 130.2 274.4 -155.6 -370.3 -660.5
1506 Liquid 30.2 131.6 275.9 -159.6 -374.3 -664.5
1507 DK 31.9 133.3 277.6 -163.6 -378.3 -668.5
1508 Alliance 32.5 134.1 278.4 -167.6 -382.3 -672.5
1510 Na'Vi 34.0 135.7 280.2 -171.6 -386.3 -676.5
1511 Sigma.int 34.5 136.4 280.9 -175.6 -390.3 -680.5
1512 Alliance 35.4 137.4 282.1 -179.6 -394.3 -684.5
1513 DK 35.7 137.9 282.7 -183.6 -398.3 -688.5
1515 Speed 31.7 133.9 278.7 -172.6 -387.5 -678.7
1518 Speed 27.7 129.9 274.7 -162.9 -379.1 -671.1
1521 Next.kz 29.5 132.0 277.2 -166.9 -383.1 -675.1
1523 SSD 25.5 128.0 273.2 -153.5 -369.8 -663.8
1524 Aspera 26.9 129.8 275.2 -157.5 -373.8 -667.8
1527 VP 28.0 131.2 276.8 -161.5 -377.8 -671.8
1528 TongFu 28.7 132.0 277.8 -165.5 -381.8 -675.8
1529 LGD.int 29.3 132.8 278.8 -169.5 -385.8 -679.8
1530 Empire 30.8 134.5 280.7 -173.5 -389.8 -683.8
1531 Aspera 32.2 136.0 282.4 -177.5 -393.8 -687.8
1533 OsG 28.2 132.0 278.4 -164.3 -381.3 -677.5
1534 Poseidon 30.1 133.9 280.5 -168.3 -385.3 -681.5
1535 Venum 32.1 136.4 283.3 -172.3 -389.3 -685.5
1537 FL 28.1 132.4 279.3 -162.5 -378.1 -675.9
1538 NoX 24.1 128.4 275.3 -155.0 -369.7 -668.1
1544 SSD 25.8 130.3 277.4 -159.0 -373.7 -672.1
1545 LGD.cn 27.3 132.1 279.6 -163.0 -377.7 -676.1
1546 iG 28.5 133.5 281.3 -167.0 -381.7 -680.1
1547 Fnatic.eu 24.5 129.5 277.3 -157.1 -371.5 -670.5
1548 Na'Vi 26.1 131.1 279.1 -161.1 -375.5 -674.5
1549 VG 26.7 132.0 280.3 -165.1 -379.5 -678.5
1550 DK 27.4 132.8 281.3 -169.1 -383.5 -682.5
1553 Fnatic.eu 23.4 128.8 277.3 -159.8 -374.7 -674.9
1554 Alliance 25.3 130.6 279.2 -163.8 -378.7 -678.9
1557 LGD.int 21.3 126.6 275.2 -155.1 -369.2 -670.4
1560 EOT 23.3 128.6 277.4 -159.1 -373.2 -674.4
1562 VG 19.3 124.6 273.4 -152.1 -363.5 -665.3
1568 Next.kz 20.5 126.1 275.1 -156.1 -367.5 -669.3
1572 Fnatic.eu 21.9 127.4 276.5 -160.1 -371.5 -673.3
1573 iG 23.7 129.3 278.8 -164.1 -375.5 -677.3
1574 DK 24.8 130.5 280.1 -168.1 -379.5 -681.3
1576 5inQ 26.3 132.4 282.4 -172.1 -383.5 -685.3
1578 VG 22.3 128.4 278.4 -162.9 -374.6 -677.0
1579 DK 23.4 129.9 280.1 -166.9 -378.6 -681.0
1580 Alliance 24.5 131.2 281.6 -170.9 -382.6 -685.0
1582 PR 25.9 132.5 283.0 -174.9 -386.6 -689.0
1583 Sigma.int 27.3 134.2 285.0 -178.9 -390.6 -693.0
1585 Fnatic.eu 28.2 135.2 286.2 -182.9 -394.6 -697.0
1586 Fnatic.eu 24.2 131.2 282.2 -173.3 -385.2 -687.7
1587 Idol 25.7 133.0 284.5 -177.3 -389.2 -691.7
1589 FD 26.7 134.1 285.8 -181.3 -393.2 -695.7
1590 Orange 27.5 135.1 287.1 -185.3 -397.2 -699.7
1593 FD 28.2 136.1 288.4 -189.3 -401.2 -703.7
1594 FD 24.2 132.1 284.4 -180.5 -391.2 -694.5
1595 Idol 20.2 128.1 280.4 -174.4 -383.3 -686.4
1597 Empire 22.0 129.9 282.2 -178.4 -387.3 -690.4
1598 Alliance 22.9 130.9 283.3 -182.4 -391.3 -694.4
1599 OsG 18.9 126.9 279.3 -173.6 -383.5 -687.3
1600 TR 14.9 122.9 275.3 -162.7 -375.1 -680.2
1602 VP 16.6 124.8 277.3 -166.7 -379.1 -684.2
1603 Fnatic.eu 18.1 126.3 278.8 -170.7 -383.1 -688.2
1604 Sigma.int 14.1 122.3 274.8 -160.3 -372.3 -678.1
1607 Idol 15.1 123.7 276.5 -164.3 -376.3 -682.1
1608 VP 11.1 119.7 272.5 -154.4 -367.4 -674.6
1611 Sigma.int 12.1 121.0 274.0 -158.4 -371.4 -678.6
1612 Fnatic.eu 14.0 122.9 276.2 -162.4 -375.4 -682.6
1613 Fnatic.eu 15.4 124.3 277.8 -166.4 -379.4 -686.6
1614 Alliance 16.0 125.1 278.7 -170.4 -383.4 -690.6
1617 Siltherin 18.0 127.4 281.3 -174.4 -387.4 -694.6
1618 FD 19.6 129.1 283.4 -178.4 -391.4 -698.6
1620 VP 21.1 130.5 285.0 -182.4 -395.4 -702.6
1623 SSD 23.0 132.4 287.0 -186.4 -399.4 -706.6
1624 PR 24.6 134.2 289.0 -190.4 -403.4 -710.6
1625 Idol 20.6 130.2 285.0 -181.3 -394.6 -702.9
1626 FD 21.5 131.4 286.4 -185.3 -398.6 -706.9
1627 MVP 23.5 133.1 288.2 -189.3 -402.6 -710.9
1628 Alliance 24.2 133.8 289.1 -193.3 -406.6 -714.9
1629 Fnatic.eu 24.7 134.4 289.9 -197.3 -410.6 -718.9
1631 VG 25.2 135.1 290.9 -201.3 -414.6 -722.9
1634 Alliance 25.9 136.0 291.9 -205.3 -418.6 -726.9
1636 Sigma.int 26.6 136.8 293.0 -209.3 -422.6 -730.9
1637 Na'Vi 28.5 138.6 294.9 -213.3 -426.6 -734.9
1641 RRQ 24.5 134.6 290.9 -204.1 -416.6 -725.3
1642 MiTH 26.2 136.7 293.1 -208.1 -420.6 -729.3
1645 RRQ 28.6 139.0 295.5 -212.1 -424.6 -733.3
1648 Poseidon 24.6 135.0 291.5 -203.7 -416.2 -725.2
1650 VP 26.5 137.2 293.7 -207.7 -420.2 -729.2
1651 rox.KIS 28.2 138.9 295.6 -211.7 -424.2 -733.2
1652 PR 29.3 140.2 297.1 -215.7 -428.2 -737.2
1653 mouz 30.9 141.8 298.9 -219.7 -432.2 -741.2
1654 MVP.P 31.9 143.2 300.5 -223.7 -436.2 -745.2
1655 RRQ 34.4 145.1 302.4 -227.7 -440.2 -749.2
1656 HR 30.4 141.1 298.4 -218.7 -429.6 -739.4
1657 RRQ 31.1 142.0 299.5 -222.7 -433.6 -743.4
1660 Poseidon 27.1 138.0 295.5 -206.3 -419.0 -731.8
1662 Fnatic.eu 27.9 139.0 296.7 -210.3 -423.0 -735.8
1664 DK 28.6 139.8 297.7 -214.3 -427.0 -739.8
1665 LGD.cn 29.2 140.5 298.7 -218.3 -431.0 -743.8
1667 Fnatic.eu 30.7 141.9 300.3 -222.3 -435.0 -747.8
1668 Duskbin 31.5 143.2 301.9 -226.3 -439.0 -751.8
1669 Neon 27.5 139.2 297.9 -217.6 -430.9 -744.8
1672 MiTH 29.4 141.1 300.0 -221.6 -434.9 -748.8
1674 Empire 30.6 142.4 301.4 -225.6 -438.9 -752.8
1676 TR 26.6 138.4 297.4 -211.4 -427.3 -743.0
1677 Na'Vi 27.8 139.6 298.9 -215.4 -431.3 -747.0
1678 Na'Vi 28.7 140.7 300.1 -219.4 -435.3 -751.0
1679 Speed 30.4 142.4 302.0 -223.4 -439.3 -755.0
1681 Mski 31.3 143.5 303.3 -227.4 -443.3 -759.0
1682 Lowyat 32.5 144.8 304.9 -231.4 -447.3 -763.0
1683 rox.KIS 33.8 146.4 306.8 -235.4 -451.3 -767.0
1684 Alliance 35.2 147.7 308.2 -239.4 -455.3 -771.0
1685 Alliance 35.7 148.3 308.9 -243.4 -459.3 -775.0
1686 Sigma.int 36.9 149.5 310.3 -247.4 -463.3 -779.0
1688 Fnatic.eu 38.3 150.9 311.8 -251.4 -467.3 -783.0
1689 iG 38.8 151.5 312.5 -255.4 -471.3 -787.0
1690 Mski 40.8 153.0 314.0 -259.4 -475.3 -791.0
1697 mouz 36.8 149.0 310.0 -242.5 -455.2 -770.9
1698 Alliance 38.3 150.3 311.4 -246.5 -459.2 -774.9
1699 OsG 34.3 146.3 307.4 -218.1 -432.9 -751.5
1701 TongFu 35.3 147.3 308.5 -222.1 -436.9 -755.5
1705 Next.kz 37.0 149.2 310.7 -226.1 -440.9 -759.5
1706 Sigma.int 37.9 150.0 311.6 -230.1 -444.9 -763.5
1707 mouz 39.1 151.1 312.8 -234.1 -448.9 -767.5
1708 HR 40.2 152.4 314.4 -238.1 -452.9 -771.5
1709 iG 41.6 154.0 316.4 -242.1 -456.9 -775.5
1709 iG 43.0 155.6 318.4 -246.1 -460.9 -779.5
1711 Next.kz 43.8 156.6 319.6 -250.1 -464.9 -783.5
1711 Next.kz 44.5 157.5 320.6 -254.1 -468.9 -787.5
1712 VP 46.2 159.2 322.4 -258.1 -472.9 -791.5
1712 VP 48.1 160.8 324.1 -262.1 -476.9 -795.5
1713 Alliance 49.7 162.4 325.8 -266.1 -480.9 -799.5
1713 Sigma.int 51.5 163.8 327.5 -270.1 -484.9 -803.5
1714 rox.KIS 52.2 164.7 328.5 -274.1 -488.9 -807.5
1714 rox.KIS 53.1 165.6 329.7 -278.1 -492.9 -811.5
1719 HR 54.9 167.1 331.3 -282.1 -496.9 -815.5
1719 HR 56.7 168.6 332.9 -286.1 -500.9 -819.5
1720 Mski 57.6 169.6 334.0 -290.1 -504.9 -823.5
1721 Lowyat 58.7 170.6 335.5 -294.1 -508.9 -827.5
1722 Mski 59.5 171.4 336.5 -298.1 -512.9 -831.5
1723 Mski 61.2 173.0 338.1 -302.1 -516.9 -835.5
1724 LGD.cn 62.8 174.7 340.0 -306.1 -520.9 -839.5
1725 VG 63.9 175.9 341.4 -310.1 -524.9 -843.5
1726 Lowyat 64.9 176.9 342.6 -314.1 -528.9 -847.5
1727 Mski 65.7 177.8 343.5 -318.1 -532.9 -851.5
1728 sQreen 61.7 173.8 339.5 -305.9 -520.4 -840.5
1730 rox.KIS 62.7 175.2 341.0 -309.9 -524.4 -844.5
1731 Empire 58.7 171.2 337.0 -297.7 -511.5 -833.2
1733 PR 54.7 167.2 333.0 -286.8 -501.0 -823.5
1735 Mski 55.5 168.0 334.0 -290.8 -505.0 -827.5
1736 Lowyat 51.5 164.0 330.0 -281.6 -496.0 -819.6
1738 Lowyat 53.6 165.8 331.9 -285.6 -500.0 -823.6
1739 5inQ 49.6 161.8 327.9 -277.8 -492.2 -817.2
1742 Na'Vi 51.1 163.8 330.1 -281.8 -496.2 -821.2
1743 Na'Vi 52.8 165.9 332.5 -285.8 -500.2 -825.2
1744 Sigma.int 53.8 167.2 334.0 -289.8 -504.2 -829.2
1745 Na'Vi 54.5 168.1 335.1 -293.8 -508.2 -833.2
1746 Alliance 55.2 168.9 336.2 -297.8 -512.2 -837.2
1750 Alliance 55.9 169.7 337.2 -301.8 -516.2 -841.2
1751 Na'Vi 56.8 170.7 338.4 -305.8 -520.2 -845.2
1753 Na'Vi 58.1 172.1 340.0 -309.8 -524.2 -849.2
1754 TR 54.1 168.1 336.0 -296.9 -512.8 -839.5
1755 SSD 55.2 169.5 337.7 -300.9 -516.8 -843.5
1756 TongFu 51.2 165.5 333.7 -293.1 -509.9 -837.8
1758 DK 52.8 167.3 335.8 -297.1 -513.9 -841.8
1760 Duskbin 48.8 163.3 331.8 -287.6 -503.3 -831.9
1761 Mski 49.8 164.6 333.2 -291.6 -507.3 -835.9
1762 TR 45.8 160.6 329.2 -282.2 -499.0 -828.7
1763 rox.KIS 46.7 161.6 330.4 -286.2 -503.0 -832.7
1764 Na'Vi 47.8 162.7 331.7 -290.2 -507.0 -836.7
1768 QPandas 43.8 158.7 327.7 -279.8 -497.2 -828.2
1770 5inQ 45.5 161.3 330.7 -283.8 -501.2 -832.2
1771 VG 46.4 162.5 332.3 -287.8 -505.2 -836.2
1773 FD 48.5 164.3 334.3 -291.8 -509.2 -840.2
1774 Idol 49.5 165.8 336.2 -295.8 -513.2 -844.2
1776 Fnatic.eu 50.6 167.0 337.6 -299.8 -517.2 -848.2
1777 PR 52.1 168.6 339.4 -303.8 -521.2 -852.2
1779 Fnatic.eu 53.9 170.1 341.0 -307.8 -525.2 -856.2
1780 Titan 55.3 171.7 342.8 -311.8 -529.2 -860.2
1781 FD 57.0 173.6 344.9 -315.8 -533.2 -864.2
1783 Titan 58.0 174.6 346.2 -319.8 -537.2 -868.2
1784 LGD.cn 59.6 176.2 348.2 -323.8 -541.2 -872.2
1785 Fnatic.eu 60.7 177.4 349.5 -327.8 -545.2 -876.2
1786 Fnatic.eu 62.1 178.8 351.0 -331.8 -549.2 -880.2
1788 Sigma.int 62.7 179.5 351.9 -335.8 -553.2 -884.2
1790 Na'Vi 63.7 180.4 352.9 -339.8 -557.2 -888.2
1791 Revenge 59.7 176.4 348.9 -330.4 -545.7 -876.6
1792 Empire 55.7 172.4 344.9 -322.5 -538.0 -869.7
1793 Fnatic.eu 57.0 173.7 346.4 -326.5 -542.0 -873.7
1795 Empire 58.6 175.5 348.2 -330.5 -546.0 -877.7
1797 TR 54.6 171.5 344.2 -321.1 -536.2 -868.2
1799 VP 50.6 167.5 340.2 -312.4 -529.5 -862.4
1800 Empire 52.2 169.1 342.0 -316.4 -533.5 -866.4
1801 Na'Vi 53.9 170.5 343.6 -320.4 -537.5 -870.4
1802 PR 49.9 166.5 339.6 -307.3 -521.6 -855.6
1803 Sigma.int 51.1 167.9 341.1 -311.3 -525.6 -859.6
1804 DK 51.5 168.5 341.8 -315.3 -529.6 -863.6
1805 VG 52.1 169.2 342.7 -319.3 -533.6 -867.6
1806 DT 53.8 170.8 344.5 -323.3 -537.6 -871.6
1807 LGD.cn 54.3 171.4 345.3 -327.3 -541.6 -875.6
1808 iG 54.7 172.0 346.1 -331.3 -545.6 -879.6
1809 Titan 55.9 173.1 347.4 -335.3 -549.6 -883.6
1811 TongFu 56.8 174.0 348.5 -339.3 -553.6 -887.6
1814 LGD.cn 57.3 174.7 349.4 -343.3 -557.6 -891.6
1815 iG 58.2 176.1 351.1 -347.3 -561.6 -895.6
1817 Mski 59.4 177.3 352.5 -351.3 -565.6 -899.6
1818 FD 61.6 179.4 354.6 -355.3 -569.6 -903.6
1820 Empire 62.5 180.3 355.7 -359.3 -573.6 -907.6
1821 QPandas 58.5 176.3 351.7 -348.5 -562.6 -898.0
1822 Fnatic.eu 59.0 176.9 352.4 -352.5 -566.6 -902.0
1823 SSD 60.7 178.5 354.1 -356.5 -570.6 -906.0
1825 DK 62.3 180.3 356.2 -360.5 -574.6 -910.0
1826 Titan 63.3 181.3 357.3 -364.5 -578.6 -914.0
1827 MVP.P 64.2 182.5 358.7 -368.5 -582.6 -918.0
1828 TongFu 60.2 178.5 354.7 -354.1 -571.4 -908.2
1829 Sigma.int 61.5 180.2 356.7 -358.1 -575.4 -912.2
1830 mouz 63.7 182.4 358.9 -362.1 -579.4 -916.2
1831 rox.KIS 59.7 178.4 354.9 -353.1 -571.9 -909.2
1833 Fnatic.eu 61.2 179.8 356.3 -357.1 -575.9 -913.2
1836 DK 62.6 181.4 358.1 -361.1 -579.9 -917.2
1837 Titan 64.2 182.9 359.8 -365.1 -583.9 -921.2
1839 Sigma.int 60.2 178.9 355.8 -356.3 -575.4 -913.3
1840 PR 56.2 174.9 351.8 -344.1 -564.1 -902.8
1841 SSD 58.0 176.9 354.0 -348.1 -568.1 -906.8
1842 DK 59.3 178.5 355.8 -352.1 -572.1 -910.8
1843 iG 61.3 180.9 358.4 -356.1 -576.1 -914.8
1845 DK 63.2 183.1 359.6 -360.1 -580.1 -918.8
1846 DK 64.1 184.2 360.2 -364.1 -584.1 -922.8
1847 DK 64.9 185.3 361.5 -368.1 -588.1 -926.8
1848 TongFu 66.6 187.4 363.9 -372.1 -592.1 -930.8
1849 PBS 68.3 189.6 366.5 -376.1 -596.1 -934.8
1850 rox.KIS 69.6 191.2 367.3 -380.1 -600.1 -938.8
1851 Alliance 70.3 192.1 367.9 -384.1 -604.1 -942.8
1852 SSD 72.0 193.7 369.6 -388.1 -608.1 -946.8
1853 Alliance 73.0 194.5 370.5 -392.1 -612.1 -950.8
1854 SSD 69.0 190.5 366.5 -385.2 -603.9 -943.0
1857 iG 69.7 191.4 367.6 -389.2 -607.9 -947.0
1858 Empire 72.0 194.1 369.0 -393.2 -611.9 -951.0
1860 Fnatic.eu 72.6 194.9 369.9 -397.2 -615.9 -955.0
1861 Sigma.int 73.6 196.1 371.4 -401.2 -619.9 -959.0
1862 Next.kz 69.6 192.1 367.4 -390.3 -609.3 -949.2
1863 Fnatic.eu 70.8 193.4 368.4 -394.3 -613.3 -953.2
1865 TongFu 71.6 194.4 369.6 -398.3 -617.3 -957.2
1866 Sigma.int 73.5 196.7 371.2 -402.3 -621.3 -961.2
1867 Fnatic.eu 74.4 197.7 371.9 -406.3 -625.3 -965.2
1868 Na'Vi 75.1 198.5 372.4 -410.3 -629.3 -969.2
1869 FSid3 71.1 194.5 368.4 -402.5 -621.8 -962.9
1870 FSid3 67.1 190.5 364.4 -392.8 -610.3 -951.6
1871 Relax 68.8 192.3 366.6 -396.8 -614.3 -955.6
1874 Revenge 70.2 193.9 367.6 -400.8 -618.3 -959.6
1875 iG 71.8 195.6 369.5 -404.8 -622.3 -963.6
1876 GB 73.6 197.5 371.7 -408.8 -626.3 -967.6
1877 FD 75.2 199.2 373.0 -412.8 -630.3 -971.6
1878 Invasion 71.2 195.2 369.0 -401.2 -619.9 -957.7
1879 Orange 72.0 196.1 370.0 -405.2 -623.9 -961.7
1880 VG 68.0 192.1 366.0 -398.6 -616.5 -954.6
1883 iG 64.0 188.1 362.0 -390.2 -609.0 -944.9
1885 Mski 65.2 189.2 363.2 -394.2 -613.0 -948.9
1886 Invasion 66.5 190.6 364.2 -398.2 -617.0 -952.9
1887 Lowyat 67.8 192.0 365.6 -402.2 -621.0 -956.9
1889 Fnatic.eu 63.8 188.0 361.6 -385.0 -607.9 -945.1
1892 nAra 59.8 184.0 357.6 -377.2 -601.1 -936.7
1893 Mski 61.0 185.4 358.3 -381.2 -605.1 -940.7
1894 Spirit 57.0 181.4 354.3 -368.7 -593.6 -924.4
1898 Titan 58.3 183.1 355.1 -372.7 -597.6 -928.4
1899 LGD.cn 60.8 185.7 357.1 -376.7 -601.6 -932.4
1900 PBS 63.0 188.1 359.7 -380.7 -605.6 -936.4
1903 Titan 65.0 190.5 361.0 -384.7 -609.6 -940.4
1904 Mastery 61.0 186.5 357.0 -378.2 -603.3 -932.9
1905 Swage 57.0 182.5 353.0 -370.6 -596.6 -926.9
1906 5inQ 58.1 184.2 355.0 -374.6 -600.6 -930.9
1910 FD 60.0 186.4 356.5 -378.6 -604.6 -934.9
1911 Titan 61.1 187.7 357.5 -382.6 -608.6 -938.9
1912 Orange 63.2 189.7 359.5 -386.6 -612.6 -942.9
1913 rox.KIS 64.6 191.3 360.8 -390.6 -616.6 -946.9
1914 rox.KIS 66.4 193.1 362.8 -394.6 -620.6 -950.9
1916 rox.KIS 67.7 194.5 364.3 -398.6 -624.6 -954.9
1917 Orange 69.7 196.1 366.0 -402.6 -628.6 -958.9
1918 Orange 71.8 198.0 367.9 -406.6 -632.6 -962.9
1920 Mski 67.8 194.0 363.9 -398.3 -626.1 -956.9
1923 VP 69.3 195.7 365.7 -402.3 -630.1 -960.9
1924 Sigma.int 71.6 198.4 367.4 -406.3 -634.1 -964.9
1925 PR 73.3 200.0 368.8 -410.3 -638.1 -968.9
1927 Titan 74.9 201.8 370.0 -414.3 -642.1 -972.9
1928 Zephyr 75.9 203.3 371.8 -418.3 -646.1 -976.9
1929 MVP 77.2 204.8 373.6 -422.3 -650.1 -980.9
1930 Alliance 79.3 206.9 376.0 -426.3 -654.1 -984.9
1931 Swage 75.3 202.9 372.0 -418.3 -646.8 -978.3
1933 Alliance 77.5 205.1 374.4 -422.3 -650.8 -982.3
1934 Sigma.int 73.5 201.1 370.4 -411.3 -639.4 -971.7
1935 EOT.Ham. 69.5 197.1 366.4 -395.8 -629.4 -963.6
1936 Alliance 71.3 199.1 368.1 -399.8 -633.4 -967.6
1937 Na'Vi 73.1 201.1 370.3 -403.8 -637.4 -971.6
1939 Na'Vi 74.8 203.0 371.7 -407.8 -641.4 -975.6
1941 Zephyr 76.9 205.6 372.9 -411.8 -645.4 -979.6
1943 PR 78.8 207.5 375.1 -415.8 -649.4 -983.6
1944 VP 80.7 209.6 376.6 -419.8 -653.4 -987.6
1945 rox.KIS 81.8 210.9 377.4 -423.8 -657.4 -991.6
1946 PR 77.8 206.9 373.4 -417.2 -650.3 -985.0
1947 Relax 73.8 202.9 369.4 -410.2 -643.4 -978.9
1948 Empire 74.8 204.0 370.8 -414.2 -647.4 -982.9
1949 EOT.Ham. 70.8 200.0 366.8 -403.3 -638.1 -974.9
1951 Empire 72.0 201.5 367.6 -407.3 -642.1 -978.9
1953 Fnatic.eu 73.0 202.7 368.6 -411.3 -646.1 -982.9
1954 Empire 73.9 203.7 369.8 -415.3 -650.1 -986.9
1956 rox.KIS 75.5 205.1 371.3 -419.3 -654.1 -990.9
1960 Empire 77.2 206.9 373.5 -423.3 -658.1 -994.9
1961 Fnatic.eu 78.0 207.8 374.1 -427.3 -662.1 -998.9
1962 Fnatic.eu 80.3 210.2 376.5 -431.3 -666.1 -1002.9
1963 Life 76.3 206.2 372.5 -421.9 -656.5 -996.0
1964 Fnatic.eu 77.4 207.6 373.3 -425.9 -660.5 -1000.0
1965 Relax 79.1 209.6 374.9 -429.9 -664.5 -1004.0
1967 Liquid 80.5 210.7 376.2 -433.9 -668.5 -1008.0
1970 hehe 82.6 212.8 378.1 -437.9 -672.5 -1012.0
1971 Relax 78.6 208.8 374.1 -423.2 -659.7 -1001.2
1972 PR 74.6 204.8 370.1 -413.2 -651.2 -985.7
1973 Sigma.int 75.8 206.4 370.9 -417.2 -655.2 -989.7
1975 Fnatic.eu 76.5 207.2 371.3 -421.2 -659.2 -993.7
1981 Liquid 77.4 208.4 372.8 -425.2 -663.2 -997.7
1982 Speed 78.4 209.6 373.7 -429.2 -667.2 -1001.7
1983 SADBOYS 74.4 205.6 369.7 -422.1 -658.6 -993.1
1984 Empire 75.3 206.6 370.5 -426.1 -662.6 -997.1
1985 SADBOYS 71.3 202.6 366.5 -416.3 -653.9 -986.8
1987 Empire 67.3 198.6 362.5 -410.0 -648.4 -978.8
1988 Liquid 63.3 194.6 358.5 -402.5 -641.8 -972.2
1991 PR 65.3 196.7 360.7 -406.5 -645.8 -976.2
1992 Speed 66.2 197.8 362.1 -410.5 -649.8 -980.2
1995 SADBOYS 67.7 199.8 364.6 -414.5 -653.8 -984.2
1996 TR 63.7 195.8 360.6 -406.5 -646.3 -977.3
2001 Speed 64.6 197.1 362.1 -410.5 -650.3 -981.3
2003 Empire 60.6 193.1 358.1 -404.3 -644.9 -972.8
2005 5inQ 63.2 196.0 359.6 -408.3 -648.9 -976.8
2008 SADBOYS 59.2 192.0 355.6 -401.0 -641.8 -969.7
2009 Fnatic.eu 60.7 193.7 356.9 -405.0 -645.8 -973.7
2010 Na'Vi 62.2 195.3 358.5 -409.0 -649.8 -977.7
2013 Empire 64.5 197.6 360.8 -413.0 -653.8 -981.7
2014 Speed 65.7 198.9 361.7 -417.0 -657.8 -985.7
2015 Speed 66.5 199.8 362.9 -421.0 -661.8 -989.7
2016 Revenge 68.4 201.8 365.0 -425.0 -665.8 -993.7
2018 Fnatic.eu 64.4 197.8 361.0 -416.1 -656.3 -984.9
2019 Na'Vi 65.8 199.2 362.6 -420.1 -660.3 -988.9
2020 PR 67.6 201.1 364.6 -424.1 -664.3 -992.9
2022 Liquid 68.5 202.1 365.2 -428.1 -668.3 -996.9
2023 SADBOYS 69.2 203.0 366.3 -432.1 -672.3 -1000.9
2024 SADBOYS 70.6 204.5 367.0 -436.1 -676.3 -1004.9
2026 Execration 72.6 206.8 369.6 -440.1 -680.3 -1008.9
2028 Next.kz 68.6 202.8 365.6 -431.7 -672.7 -1001.9
2029 Empire 69.7 204.1 366.3 -435.7 -676.7 -1005.9
2032 Liquid 70.6 205.1 367.4 -439.7 -680.7 -1009.9
2034 Denial 66.6 201.1 363.4 -429.4 -670.8 -999.5
2035 SADBOYS 67.6 202.2 364.0 -433.4 -674.8 -1003.5
2043 Liquid 70.1 204.8 365.3 -437.4 -678.8 -1007.5
2044 Arrow 72.4 207.6 366.7 -441.4 -682.8 -1011.5
2047 Empire 74.1 209.6 368.0 -445.4 -686.8 -1015.5
2048 Arrow 75.8 211.7 369.0 -449.4 -690.8 -1019.5
2049 GL 77.9 214.0 370.6 -453.4 -694.8 -1023.5
2051 Nullis 79.9 216.1 372.9 -457.4 -698.8 -1027.5
2052 Nullis 75.9 212.1 368.9 -449.6 -691.7 -1018.6
2053 SADBOYS 76.7 213.2 369.3 -453.6 -695.7 -1022.6
2054 Empire 77.7 214.5 370.9 -457.6 -699.7 -1026.6
2055 Na'Vi 78.7 215.7 371.6 -461.6 -703.7 -1030.6
2056 bvd.dotA 80.2 217.4 373.7 -465.6 -707.7 -1034.6
2057 Aura 82.4 219.8 376.3 -469.6 -711.7 -1038.6
2058 Cloud9 83.3 221.1 376.7 -473.6 -715.7 -1042.6
2059 Empire 84.2 222.1 377.8 -477.6 -719.7 -1046.6
2061 rox.KIS 80.2 218.1 373.8 -462.0 -705.0 -1033.5
2064 Cloud9 81.2 219.3 375.3 -466.0 -709.0 -1037.5
2066 Alliance 82.4 220.5 376.6 -470.0 -713.0 -1041.5
2067 Na'Vi 83.2 221.4 377.6 -474.0 -717.0 -1045.5
2068 Fnatic.eu 84.2 222.5 378.5 -478.0 -721.0 -1049.5
2070 rox.KIS 80.2 218.5 374.5 -470.9 -714.5 -1039.8
2072 About 76.2 214.5 370.5 -463.5 -707.4 -1032.1
2073 4FC 78.0 216.6 372.0 -467.5 -711.4 -1036.1
2074 vhoul 74.0 212.6 368.0 -457.1 -701.7 -1029.2
2075 Liquid 70.0 208.6 364.0 -449.9 -695.7 -1020.1
2076 Courage 66.0 204.6 360.0 -437.1 -684.9 -998.0
2079 Empire 67.6 206.5 362.1 -441.1 -688.9 -1002.0
2080 rox.KIS 63.6 202.5 358.1 -424.8 -673.0 -988.7
2082 rox.KIS 64.6 203.7 359.4 -428.8 -677.0 -992.7
2083 PR 65.5 204.7 360.5 -432.8 -681.0 -996.7
2086 PssT 61.5 200.7 356.5 -425.5 -675.2 -988.1
2087 Liquid 62.8 202.1 357.4 -429.5 -679.2 -992.1
2089 SADBOYS 63.7 203.2 358.9 -433.5 -683.2 -996.1
2093 rox.KIS 65.5 205.1 360.1 -437.5 -687.2 -1000.1
2094 Insane 61.5 201.1 356.1 -429.7 -680.2 -993.9
2095 Titan 62.9 202.8 356.7 -433.7 -684.2 -997.9
2097 rox.KIS 64.3 204.4 357.5 -437.7 -688.2 -1001.9
2098 Zephyr 65.4 205.5 358.9 -441.7 -692.2 -1005.9
2099 rox.KIS 67.4 207.4 360.8 -445.7 -696.2 -1009.9
2100 PR 68.8 208.9 362.0 -449.7 -700.2 -1013.9
2102 MYM 70.4 210.6 363.9 -453.7 -704.2 -1017.9
2104 Arrow 66.4 206.6 359.9 -444.7 -695.3 -1010.0
2113 TCN 68.0 208.6 361.0 -448.7 -699.3 -1014.0
2117 Titan 70.1 211.1 362.5 -452.7 -703.3 -1018.0
2119 Empire 70.8 212.0 363.0 -456.7 -707.3 -1022.0
2121 Relax 71.9 213.3 364.1 -460.7 -711.3 -1026.0
2123 rox.KIS 72.8 214.4 364.8 -464.7 -715.3 -1030.0
2124 neXt! 68.8 210.4 360.8 -458.3 -708.4 -1022.8
2126 ZR 71.0 212.7 362.9 -462.3 -712.4 -1026.8
2128 Alliance 72.6 214.4 364.5 -466.3 -716.4 -1030.8
2129 vhoul 75.1 217.1 366.3 -470.3 -720.4 -1034.8
2131 Titan 75.8 218.0 367.4 -474.3 -724.4 -1038.8
2132 Fnatic.eu 77.5 219.7 369.0 -478.3 -728.4 -1042.8
2133 Next.kz 73.5 215.7 365.0 -462.0 -713.6 -1022.7
2135 rox.KIS 75.5 217.9 367.5 -466.0 -717.6 -1026.7
2136 Swage 77.2 219.8 369.3 -470.0 -721.6 -1030.7
2137 Revenge 78.9 221.6 370.5 -474.0 -725.6 -1034.7
2138 Liquid 79.9 222.7 371.2 -478.0 -729.6 -1038.7
2139 eHug 81.6 224.5 372.7 -482.0 -733.6 -1042.7
2140 PssT 77.6 220.5 368.7 -474.6 -725.6 -1035.4
2141 WWD 79.1 222.0 370.5 -478.6 -729.6 -1039.4
2143 MiTH 80.6 223.5 371.8 -482.6 -733.6 -1043.4
2146 Fnatic.eu 82.5 225.6 373.5 -486.6 -737.6 -1047.4
2147 Na'Vi 83.6 226.8 374.8 -490.6 -741.6 -1051.4
2148 PR 79.6 222.8 370.8 -478.6 -731.8 -1043.2
2149 Sigma.int 81.2 224.5 372.7 -482.6 -735.8 -1047.2
2152 Relax 77.2 220.5 368.7 -472.4 -726.1 -1037.5
2155 MYM 78.9 222.1 370.6 -476.4 -730.1 -1041.5
2156 Cloud9 79.9 223.3 371.3 -480.4 -734.1 -1045.5
2158 Denial 75.9 219.3 367.3 -470.6 -724.8 -1033.5
2159 SADBOYS 76.6 220.2 368.4 -474.6 -728.8 -1037.5
2160 Dog 78.0 222.0 370.4 -478.6 -732.8 -1041.5
2162 Orange 78.9 223.1 371.6 -482.6 -736.8 -1045.5
2165 TR 74.9 219.1 367.6 -468.5 -724.2 -1026.0
2166 DUZA 70.9 215.1 363.6 -461.1 -717.2 -1019.5
2167 Scythe 73.7 218.3 365.3 -465.1 -721.2 -1023.5
2169 WWD 76.0 221.0 366.6 -469.1 -725.2 -1027.5
2170 ZR 72.0 217.0 362.6 -460.0 -715.5 -1018.6
2171 Relax 73.8 218.8 364.4 -464.0 -719.5 -1022.6
2172 Na'Vi 74.9 220.1 365.2 -468.0 -723.5 -1026.6
2175 Liquid 75.8 221.1 366.5 -472.0 -727.5 -1030.6
2177 Dog 77.2 222.9 368.9 -476.0 -731.5 -1034.6
2178 VP 78.5 224.3 370.1 -480.0 -735.5 -1038.6
2179 PR 80.9 226.9 371.9 -484.0 -739.5 -1042.6
2180 Puck 76.9 222.9 367.9 -477.1 -733.4 -1034.2
2181 MiT 72.9 218.9 363.9 -464.5 -721.1 -1023.0
2185 Scythe 74.2 220.6 364.4 -468.5 -725.1 -1027.0
2187 Titan 74.8 221.4 365.4 -472.5 -729.1 -1031.0
2188 Everlast 70.8 217.4 361.4 -456.9 -716.6 -1020.3
2190 VP 72.0 218.5 362.6 -460.9 -720.6 -1024.3
2191 Orange 74.1 220.6 364.7 -464.9 -724.6 -1028.3
2193 Na'Vi 76.0 222.3 366.4 -468.9 -728.6 -1032.3
2197 Empire 76.8 223.3 367.7 -472.9 -732.6 -1036.3
2200 Alliance 78.1 224.5 369.2 -476.9 -736.6 -1040.3
2201 eN.Legs 80.3 226.7 371.4 -480.9 -740.6 -1044.3
2203 BIP 82.9 229.7 373.1 -484.9 -744.6 -1048.3
2204 Osiris 78.9 225.7 369.1 -475.6 -735.0 -1039.3
2210 Titan 79.6 226.6 370.2 -479.6 -739.0 -1043.3
2213 Arrow 80.3 227.5 371.5 -483.6 -743.0 -1047.3
2214 Orange 81.1 228.5 372.0 -487.6 -747.0 -1051.3
2215 ADN 77.1 224.5 368.0 -478.5 -737.3 -1044.5
2216 Alliance 78.6 226.2 369.7 -482.5 -741.3 -1048.5
2218 VP 74.6 222.2 365.7 -473.0 -733.1 -1040.8
2226 Empire 70.6 218.2 361.7 -463.1 -723.2 -1034.4
2228 Titan 71.3 219.0 362.1 -467.1 -727.2 -1038.4
2229 Scythe 72.8 220.7 362.9 -471.1 -731.2 -1042.4
2230 Orange 75.0 222.8 365.1 -475.1 -735.2 -1046.4
2231 Arrow 77.0 225.2 366.8 -479.1 -739.2 -1050.4
2237 Execration 78.6 226.8 368.5 -483.1 -743.2 -1054.4
2238 FD 80.1 228.5 370.0 -487.1 -747.2 -1058.4
2239 Orange 76.1 224.5 366.0 -475.0 -738.1 -1050.6
2240 Spirit 72.1 220.5 362.0 -467.2 -730.3 -1041.5
2241 hehe 68.1 216.5 358.0 -449.9 -715.3 -1014.9
2242 PR 64.1 212.5 354.0 -439.7 -705.9 -1001.4
2244 EG 65.7 214.5 354.9 -443.7 -709.9 -1005.4
2248 DT.NGC 67.4 216.5 357.3 -447.7 -713.9 -1009.4
2249 Titan 68.5 217.7 358.7 -451.7 -717.9 -1013.4
2251 Zephyr 69.8 219.1 360.4 -455.7 -721.9 -1017.4
2252 FD 72.1 221.5 362.3 -459.7 -725.9 -1021.4
2258 Arrow 68.1 217.5 358.3 -451.4 -719.1 -1015.7
2259 VG 70.8 220.3 360.1 -455.4 -723.1 -1019.7
2260 FL 72.3 222.0 361.1 -459.4 -727.1 -1023.7
2261 CIS 68.3 218.0 357.1 -440.2 -713.3 -1013.5
2262 Mski 70.3 220.2 358.8 -444.2 -717.3 -1017.5
2269 Na'Vi 72.1 222.1 360.5 -448.2 -721.3 -1021.5
2270 RRQ 68.1 218.1 356.5 -440.8 -714.0 -1014.5
2271 Titan 69.9 220.0 358.3 -444.8 -718.0 -1018.5
2273 VG 70.6 220.9 359.5 -448.8 -722.0 -1022.5
2274 LGD.cn 72.5 223.2 360.8 -452.8 -726.0 -1026.5
2275 Orange 73.2 223.9 361.5 -456.8 -730.0 -1030.5
2277 FD 74.5 225.4 362.4 -460.8 -734.0 -1034.5
2278 MiTH 75.6 226.5 363.8 -464.8 -738.0 -1038.5
2279 DUZA 77.1 228.1 365.1 -468.8 -742.0 -1042.5
2280 DK 77.7 228.8 366.0 -472.8 -746.0 -1046.5
2281 Titan 80.3 230.9 368.0 -476.8 -750.0 -1050.5
2282 iG 81.0 231.8 368.5 -480.8 -754.0 -1054.5
2283 Fnatic.eu 82.7 233.7 370.4 -484.8 -758.0 -1058.5
2284 Zephyr 84.0 235.1 371.7 -488.8 -762.0 -1062.5
2285 Na'Vi 85.1 236.2 372.9 -492.8 -766.0 -1066.5
2288 EG 81.1 232.2 368.9 -483.3 -756.3 -1058.7
2289 DT.NGC 77.1 228.2 364.9 -472.8 -744.8 -1052.8
2290 Orange 73.1 224.2 360.9 -463.6 -736.4 -1045.0
2292 Na'Vi 74.6 225.6 362.4 -467.6 -740.4 -1049.0
2293 Alliance 75.7 226.9 363.3 -471.6 -744.4 -1053.0
2295 Arrow 76.7 228.1 364.6 -475.6 -748.4 -1057.0
