0 0 0.0 0.0 0.0 0.0 0.0 0.0
23 mouz 0.8 0.9 1.2 -4.0 -4.0 -4.0
50 3DMAX -3.2 -3.1 -2.8 21.2 13.5 11.0
73 Zenith -2.4 -2.1 -1.7 17.2 9.5 7.0
275 EG -6.4 -6.1 -5.7 36.5 26.4 21.2
304 VG -5.6 -5.2 -4.5 32.5 22.4 17.2
306 LGD.cn -4.8 -4.3 -3.4 28.5 18.4 13.2
316 LGD.cn -4.2 -3.5 -2.3 24.5 14.4 9.2
340 mouz -3.4 -2.6 -1.2 20.5 10.4 5.2
373 Na'Vi -2.6 -1.7 -0.2 16.5 6.4 1.2
376 LGD.cn -1.8 -0.7 1.0 12.5 2.4 -2.8
396 Liquid -1.2 6.66133814775e-16 2.0 8.5 -1.6 -6.8
398 Alliance -0.5 0.8 3.0 4.5 -5.6 -10.8
410 Alliance 0.2 1.7 4.1 0.5 -9.6 -14.8
416 4FC -3.8 -2.3 0.1 19.0 6.9 -0.9
461 Alliance -3.0 -1.4 1.3 15.0 2.9 -4.9
494 zRage -7.0 -5.4 -2.7 35.5 21.1 10.8
502 VP -6.3 -4.6 -1.7 31.5 17.1 6.8
505 Na'Vi -5.8 -4.0 -0.9 27.5 13.1 2.8
506 EG -5.0 -3.1 0.3 23.5 9.1 -1.2
508 Na'Vi -4.5 -2.5 1.0 19.5 5.1 -5.2
512 Quantic -8.5 -6.5 -3.0 37.2 20.3 8.7
514 Dignitas -12.5 -10.5 -7.0 59.1 38.9 24.7
529 EG -11.8 -9.7 -6.1 55.1 34.9 20.7
531 Na'Vi -10.9 -8.7 -4.9 51.1 30.9 16.7
536 Liquid -10.2 -7.9 -3.9 47.1 26.9 12.7
537 Liquid -9.6 -7.2 -3.0 43.1 22.9 8.7
538 Alliance -8.8 -6.4 -2.0 39.1 18.9 4.7
636 EG -8.1 -5.5 -0.9 35.1 14.9 0.7
674 mouz -7.4 -4.6 0.2 31.1 10.9 -3.3
678 Kaipi -11.4 -8.6 -3.8 49.8 27.4 10.3
702 Na'Vi -10.5 -7.6 -2.6 45.8 23.4 6.3
730 LGD.cn -9.7 -6.6 -1.5 41.8 19.4 2.3
745 Dignitas -13.7 -10.6 -5.5 63.3 33.9 14.0
746 DK -13.0 -9.7 -4.5 59.3 29.9 10.0
754 Na'Vi -12.3 -8.9 -3.6 55.3 25.9 6.0
761 Fnatic.eu -11.6 -8.1 -2.7 51.3 21.9 2.0
766 Alliance -10.7 -7.1 -1.6 47.3 17.9 -2.0
773 Alliance -10.0 -6.3 -0.7 43.3 13.9 -6.0
781 Alliance -9.1 -5.3 0.4 39.3 9.9 -10.0
783 TongFu -8.2 -4.4 1.4 35.3 5.9 -14.0
813 Empire -7.3 -3.5 2.6 31.3 1.9 -18.0
820 4FC -6.6 -2.7 3.6 27.3 -2.1 -22.0
832 CDCD -10.6 -6.7 -0.4 50.5 16.3 -6.2
866 Poseidon -9.7 -5.8 0.7 46.5 12.3 -10.2
873 PR -13.7 -9.8 -3.3 67.2 29.9 4.4
905 Dignitas -12.9 -8.9 -2.2 63.2 25.9 0.4
908 iG -12.2 -8.1 -1.2 59.2 21.9 -3.6
915 Fnatic.eu -11.4 -7.1 1.55431223448e-15 55.2 17.9 -7.6
920 TongFu -10.8 -6.4 0.9 51.2 13.9 -11.6
931 Alliance -9.9 -5.5 1.9 47.2 9.9 -15.6
941 Alliance -9.0 -4.5 3.0 43.2 5.9 -19.6
956 Alliance -8.5 -4.0 3.7 39.2 1.9 -23.6
957 Na'Vi -7.7 -3.3 4.6 35.2 -2.1 -27.6
958 PR -11.7 -7.3 0.6 59.9 21.9 -6.8
959 Kaipi -10.9 -6.3 1.7 55.9 17.9 -10.8
960 Kaipi -10.2 -5.4 2.9 51.9 13.9 -14.8
972 Aspera -14.2 -9.4 -1.1 73.8 32.9 1.1
982 Fnatic.eu -13.4 -8.6 -0.1 69.8 28.9 -2.9
990 Kaipi -12.6 -7.7 1.0 65.8 24.9 -6.9
1009 Kaipi -11.7 -6.8 2.1 61.8 20.9 -10.9
1017 Na'Vi -10.9 -5.9 3.1 57.8 16.9 -14.9
1018 Alliance -10.1 -5.0 4.3 53.8 12.9 -18.9
1025 Dignitas -9.3 -4.1 5.5 49.8 8.9 -22.9
1030 Na'Vi -8.5 -3.2 6.5 45.8 4.9 -26.9
1034 Alliance -7.8 -2.4 7.5 41.8 0.9 -30.9
1035 Alliance -7.1 -1.7 8.3 37.8 -3.1 -34.9
1039 Ahead.kz -11.1 -5.7 4.3 59.1 18.7 -17.0
1050 Alliance -10.3 -4.8 5.4 55.1 14.7 -21.0
1051 iG -9.5 -3.8 6.6 51.1 10.7 -25.0
1055 Alliance -8.9 -3.1 7.5 47.1 6.7 -29.0
1063 Alliance -8.2 -2.3 8.4 43.1 2.7 -33.0
1064 Alliance -7.4 -1.4 9.4 39.1 -1.3 -37.0
1081 Na'Vi -6.7 -0.6 10.4 35.1 -5.3 -41.0
1082 Fnatic.eu -5.9 0.3 11.4 31.1 -9.3 -45.0
1083 Titan -5.1 1.2 12.6 27.1 -13.3 -49.0
1089 Imp -4.4 2.2 13.7 23.1 -17.3 -53.0
1090 MiTH -3.7 3.1 14.8 19.1 -21.3 -57.0
1095 Arcanys -7.7 -0.9 10.8 40.6 -4.0 -43.5
1097 FD -7.0 9.88098491916e-15 12.1 36.6 -8.0 -47.5
1105 Na'Vi -6.2 0.9 13.2 32.6 -12.0 -51.5
1112 DK -5.7 1.6 14.0 28.6 -16.0 -55.5
1114 Na'Vi -5.0 2.4 15.0 24.6 -20.0 -59.5
1117 VG -4.3 3.2 16.0 20.6 -24.0 -63.5
1118 LGD.cn -3.9 3.8 16.8 16.6 -28.0 -67.5
1123 Na'Vi -3.5 4.4 17.5 12.6 -32.0 -71.5
1129 iG -3.0 5.1 18.3 8.6 -36.0 -75.5
1143 DK -2.5 5.8 19.2 4.6 -40.0 -79.5
1146 iG -2.1 6.4 19.9 0.6 -44.0 -83.5
1151 Alliance -1.6 7.1 20.7 -3.4 -48.0 -87.5
1157 Na'Vi -0.8 8.0 21.7 -7.4 -52.0 -91.5
1169 DK -0.4 8.6 22.5 -11.4 -56.0 -95.5
1171 Empire 0.4 9.6 23.7 -15.4 -60.0 -99.5
1172 Speed -3.6 5.6 19.7 3.5 -39.2 -79.4
1175 TongFu -2.9 6.5 20.9 -0.5 -43.2 -83.4
1178 DK -2.5 7.0 21.6 -4.5 -47.2 -87.4
1181 Alliance -1.8 7.9 22.7 -8.5 -51.2 -91.4
1185 Liquid -5.8 3.9 18.7 12.1 -30.4 -72.1
1188 LGD.int -5.2 4.7 19.6 8.1 -34.4 -76.1
1191 DK -4.8 5.4 20.4 4.1 -38.4 -80.1
1192 Na'Vi -4.0 6.3 21.7 0.1 -42.4 -84.1
1195 VG -3.5 7.0 22.5 -3.9 -46.4 -88.1
1196 LGD.cn -3.0 7.7 23.4 -7.9 -50.4 -92.1
1203 TongFu -2.6 8.3 24.1 -11.9 -54.4 -96.1
1204 iG -1.9 9.2 25.1 -15.9 -58.4 -100.1
1215 iG -1.5 9.9 25.9 -19.9 -62.4 -104.1
1232 Alliance -0.6 10.8 27.0 -23.9 -66.4 -108.1
1238 LGD.cn 5.3290705182e-15 11.7 28.2 -27.9 -70.4 -112.1
1243 Alliance 0.7 12.5 29.3 -31.9 -74.4 -116.1
1247 iG 1.1 13.1 30.1 -35.9 -78.4 -120.1
1253 LGD.int -2.9 9.1 26.1 -7.2 -58.0 -104.0
1263 LGD.cn -2.2 10.0 27.2 -11.2 -62.0 -108.0
1264 DK -1.5 10.8 28.2 -15.2 -66.0 -112.0
1266 Alliance -0.8 11.6 29.2 -19.2 -70.0 -116.0
1284 Alliance 5.10702591328e-15 12.4 30.2 -23.2 -74.0 -120.0
1305 Empire 0.6 13.2 31.1 -27.2 -78.0 -124.0
1307 LGD.int 1.5 14.2 32.3 -31.2 -82.0 -128.0
1308 LGD.cn 2.2 15.0 33.3 -35.2 -86.0 -132.0
1310 Sigma.int 2.9 15.8 34.3 -39.2 -90.0 -136.0
1314 TongFu 3.3 16.4 35.0 -43.2 -94.0 -140.0
1315 Empire 4.1 17.3 36.0 -47.2 -98.0 -144.0
1316 VG 4.8 18.2 37.1 -51.2 -102.0 -148.0
1321 Fnatic.eu 5.5 18.9 37.7 -55.2 -106.0 -152.0
1322 DK 5.9 19.4 38.4 -59.2 -110.0 -156.0
1323 VG 6.7 20.4 39.7 -63.2 -114.0 -160.0
1327 Speed 7.3 21.1 40.6 -67.2 -118.0 -164.0
1329 Alliance 7.9 21.8 41.4 -71.2 -122.0 -168.0
1333 Alliance 8.7 22.6 42.4 -75.2 -126.0 -172.0
1336 TongFu 9.7 23.5 43.4 -79.2 -130.0 -176.0
1341 Alliance 10.2 24.1 44.1 -83.2 -134.0 -180.0
1351 VG 10.6 24.8 44.9 -87.2 -138.0 -184.0
1352 DK 11.2 25.4 45.7 -91.2 -142.0 -188.0
1359 LGD.cn 11.5 25.9 46.3 -95.2 -146.0 -192.0
1360 iG 11.9 26.4 46.9 -99.2 -150.0 -196.0
1361 Dignitas 12.6 27.2 47.9 -103.2 -154.0 -200.0
1362 Speed 13.0 27.7 48.6 -107.2 -158.0 -204.0
1365 Alliance 13.7 28.4 49.4 -111.2 -162.0 -208.0
1366 Alliance 14.1 28.9 50.0 -115.2 -166.0 -212.0
1369 Na'Vi 14.8 29.7 50.9 -119.2 -170.0 -216.0
1384 Empire 15.5 30.5 51.9 -123.2 -174.0 -220.0
1388 iG 16.0 31.2 52.7 -127.2 -178.0 -224.0
1389 RStars 16.7 32.2 54.1 -131.2 -182.0 -228.0
1390 Alliance 17.2 32.8 54.8 -135.2 -186.0 -232.0
1396 rox.KIS 13.2 28.8 50.8 -100.0 -158.3 -208.8
1412 DK 13.6 29.5 51.7 -104.0 -162.3 -212.8
1423 Alliance 14.1 30.1 52.4 -108.0 -166.3 -216.8
1424 DK 14.4 30.5 53.0 -112.0 -170.3 -220.8
1425 VG 15.1 31.3 54.0 -116.0 -174.3 -224.8
1431 DK 15.5 31.8 54.6 -120.0 -178.3 -228.8
1438 Liquid 16.2 32.7 55.6 -124.0 -182.3 -232.8
1442 LGD.int 16.6 33.3 56.3 -128.0 -186.3 -236.8
1443 TongFu 17.3 34.1 57.3 -132.0 -190.3 -240.8
1460 Alliance 18.2 35.0 58.3 -136.0 -194.3 -244.8
1473 LGD.cn 18.8 35.8 59.3 -140.0 -198.3 -248.8
1479 Liquid 19.5 36.6 60.3 -144.0 -202.3 -252.8
1482 Fnatic.eu 20.2 37.5 61.5 -148.0 -206.3 -256.8
1490 EG 21.0 38.5 62.6 -152.0 -210.3 -260.8
1494 Na'Vi 21.6 39.2 63.4 -156.0 -214.3 -264.8
1498 Fnatic.eu 17.6 35.2 59.4 -139.9 -198.8 -250.1
1499 DK 18.4 36.2 60.4 -143.9 -202.8 -254.1
1500 Speed 19.1 37.1 61.6 -147.9 -206.8 -258.1
1508 Alliance 19.7 37.9 62.4 -151.9 -210.8 -262.1
1511 Sigma.int 20.2 38.6 63.1 -155.9 -214.8 -266.1
1512 Alliance 21.1 39.6 64.3 -159.9 -218.8 -270.1
1513 DK 21.4 40.1 64.9 -163.9 -222.8 -274.1
1528 TongFu 22.1 40.9 65.9 -167.9 -226.8 -278.1
1529 LGD.int 22.7 41.7 66.9 -171.9 -230.8 -282.1
1549 VG 23.3 42.6 68.1 -175.9 -234.8 -286.1
1550 DK 24.0 43.4 69.1 -179.9 -238.8 -290.1
1585 Fnatic.eu 24.9 44.4 70.3 -183.9 -242.8 -294.1
1590 Orange 25.7 45.4 71.6 -187.9 -246.8 -298.1
1593 FD 26.4 46.4 72.9 -191.9 -250.8 -302.1
1598 Alliance 27.3 47.4 74.0 -195.9 -254.8 -306.1
1614 Alliance 27.9 48.2 74.9 -199.9 -258.8 -310.1
1628 Alliance 28.6 48.9 75.8 -203.9 -262.8 -314.1
1629 Fnatic.eu 29.1 49.5 76.6 -207.9 -266.8 -318.1
1631 VG 29.6 50.2 77.6 -211.9 -270.8 -322.1
1634 Alliance 30.3 51.1 78.6 -215.9 -274.8 -326.1
1636 Sigma.int 31.0 51.9 79.7 -219.9 -278.8 -330.1
1657 RRQ 31.7 52.8 80.8 -223.9 -282.8 -334.1
1662 Fnatic.eu 32.5 53.8 82.0 -227.9 -286.8 -338.1
1664 DK 33.2 54.6 83.0 -231.9 -290.8 -342.1
1665 LGD.cn 33.8 55.3 84.0 -235.9 -294.8 -346.1
1685 Alliance 34.3 55.9 84.7 -239.9 -298.8 -350.1
1689 iG 34.8 56.5 85.4 -243.9 -302.8 -354.1
1697 mouz 30.8 52.5 81.4 -227.0 -282.7 -334.0
1699 OsG 26.8 48.5 77.4 -198.6 -256.4 -310.6
1706 Sigma.int 27.7 49.3 78.3 -202.6 -260.4 -314.6
1711 Next.kz 28.5 50.3 79.5 -206.6 -264.4 -318.6
1711 Next.kz 29.2 51.2 80.5 -210.6 -268.4 -322.6
1714 rox.KIS 29.9 52.1 81.5 -214.6 -272.4 -326.6
1720 Mski 30.8 53.1 82.6 -218.6 -276.4 -330.6
1722 Mski 31.6 53.9 83.6 -222.6 -280.4 -334.6
1727 Mski 32.4 54.8 84.5 -226.6 -284.4 -338.6
1735 Mski 33.2 55.6 85.5 -230.6 -288.4 -342.6
1745 Na'Vi 33.9 56.5 86.6 -234.6 -292.4 -346.6
1746 Alliance 34.6 57.3 87.7 -238.6 -296.4 -350.6
1750 Alliance 35.3 58.1 88.7 -242.6 -300.4 -354.6
1751 Na'Vi 36.2 59.1 89.9 -246.6 -304.4 -358.6
1763 rox.KIS 37.1 60.1 91.1 -250.6 -308.4 -362.6
1788 Sigma.int 37.7 60.8 92.0 -254.6 -312.4 -366.6
1790 Na'Vi 38.7 61.7 93.0 -258.6 -316.4 -370.6
1804 DK 39.1 62.3 93.7 -262.6 -320.4 -374.6
1805 VG 39.7 63.0 94.6 -266.6 -324.4 -378.6
1807 LGD.cn 40.2 63.6 95.4 -270.6 -328.4 -382.6
1808 iG 40.6 64.2 96.2 -274.6 -332.4 -386.6
1811 TongFu 41.5 65.1 97.3 -278.6 -336.4 -390.6
1814 LGD.cn 42.0 65.8 98.2 -282.6 -340.4 -394.6
1820 Empire 42.9 66.7 99.3 -286.6 -344.4 -398.6
1822 Fnatic.eu 43.4 67.3 100.0 -290.6 -348.4 -402.6
1846 DK 44.3 68.4 100.6 -294.6 -352.4 -406.6
1851 Alliance 45.0 69.3 101.2 -298.6 -356.4 -410.6
1853 Alliance 46.0 70.1 102.1 -302.6 -360.4 -414.6
1857 iG 46.7 71.0 103.2 -306.6 -364.4 -418.6
1860 Fnatic.eu 47.3 71.8 104.1 -310.6 -368.4 -422.6
1865 TongFu 48.1 72.8 105.3 -314.6 -372.4 -426.6
1867 Fnatic.eu 49.0 73.8 106.0 -318.6 -376.4 -430.6
1868 Na'Vi 49.7 74.6 106.5 -322.6 -380.4 -434.6
1879 Orange 50.5 75.5 107.5 -326.6 -384.4 -438.6
1954 Empire 51.4 76.5 108.7 -330.6 -388.4 -442.6
1961 Fnatic.eu 52.2 77.4 109.3 -334.6 -392.4 -446.6
1975 Fnatic.eu 52.9 78.2 109.7 -338.6 -396.4 -450.6
1982 Speed 53.9 79.4 110.6 -342.6 -400.4 -454.6
1984 Empire 54.8 80.4 111.4 -346.6 -404.4 -458.6
2015 Speed 55.6 81.3 112.6 -350.6 -408.4 -462.6
2022 Liquid 56.5 82.3 113.2 -354.6 -412.4 -466.6
2023 SADBOYS 57.2 83.2 114.3 -358.6 -416.4 -470.6
2032 Liquid 58.1 84.2 115.4 -362.6 -420.4 -474.6
2035 SADBOYS 59.1 85.3 116.0 -366.6 -424.4 -478.6
2053 SADBOYS 59.9 86.4 116.4 -370.6 -428.4 -482.6
2055 Na'Vi 60.9 87.6 117.1 -374.6 -432.4 -486.6
2058 Cloud9 61.8 88.9 117.5 -378.6 -436.4 -490.6
2059 Empire 62.7 89.9 118.6 -382.6 -440.4 -494.6
2067 Na'Vi 63.5 90.8 119.6 -386.6 -444.4 -498.6
2080 rox.KIS 59.5 86.8 115.6 -370.3 -428.5 -485.3
2083 PR 60.4 87.8 116.7 -374.3 -432.5 -489.3
2119 Empire 61.1 88.7 117.2 -378.3 -436.5 -493.3
2123 rox.KIS 62.0 89.8 117.9 -382.3 -440.5 -497.3
2131 Titan 62.7 90.7 119.0 -386.3 -444.5 -501.3
2133 Next.kz 58.7 86.7 115.0 -370.0 -429.7 -481.2
2138 Liquid 59.7 87.8 115.7 -374.0 -433.7 -485.2
2156 Cloud9 60.7 89.0 116.4 -378.0 -437.7 -489.2
2159 SADBOYS 61.4 89.9 117.5 -382.0 -441.7 -493.2
2175 Liquid 62.3 90.9 118.8 -386.0 -445.7 -497.2
2187 Titan 62.9 91.7 119.8 -390.0 -449.7 -501.2
2197 Empire 63.7 92.7 121.1 -394.0 -453.7 -505.2
2210 Titan 64.4 93.6 122.2 -398.0 -457.7 -509.2
2213 Arrow 65.1 94.5 123.5 -402.0 -461.7 -513.2
2214 Orange 65.9 95.5 124.0 -406.0 -465.7 -517.2
2228 Titan 66.6 96.3 124.4 -410.0 -469.7 -521.2
2241 hehe 62.6 92.3 120.4 -392.7 -454.7 -494.6
2261 CIS 58.6 88.3 116.4 -373.5 -440.9 -484.4
2273 VG 59.3 89.2 117.6 -377.5 -444.9 -488.4
2275 Orange 60.0 89.9 118.3 -381.5 -448.9 -492.4
2280 DK 60.6 90.6 119.2 -385.5 -452.9 -496.4
2282 iG 61.3 91.5 119.7 -389.5 -456.9 -500.4
