0 0 0.0 0.0 0.0 0.0 0.0 0.0
18 Na'Vi 0.8 1.1 1.5 -4.0 -4.0 -4.0
23 mouz 1.6 2.0 2.7 -8.0 -8.0 -8.0
32 Alliance 2.3 3.1 3.9 -12.0 -12.0 -12.0
41 Empire 3.4 4.4 5.6 -16.0 -16.0 -16.0
49 Liquid 4.2 5.6 7.0 -20.0 -20.0 -20.0
50 3DMAX 0.2 1.6 3.0 5.2 -2.5 -5.0
60 Na'Vi 1.2 2.8 4.4 1.2 -6.5 -9.0
73 Zenith 2.0 3.8 5.5 -2.8 -10.5 -13.0
124 VP 3.0 5.1 7.0 -6.8 -14.5 -17.0
136 Alliance 3.9 6.2 8.3 -10.8 -18.5 -21.0
167 LGD.int 4.8 7.2 9.6 -14.8 -22.5 -25.0
171 LGD.int 5.7 8.2 10.8 -18.8 -26.5 -29.0
175 Na'Vi 6.7 9.4 12.4 -22.8 -30.5 -33.0
208 iG 7.7 10.7 14.0 -26.8 -34.5 -37.0
226 Alliance 8.5 11.8 15.4 -30.8 -38.5 -41.0
235 aL 9.6 13.1 16.9 -34.8 -42.5 -45.0
236 mouz 5.6 9.1 12.9 -19.1 -30.1 -34.9
240 Na'Vi 6.5 10.2 14.2 -23.1 -34.1 -38.9
246 Na'Vi 7.5 11.2 15.5 -27.1 -38.1 -42.9
253 Liquid 3.5 7.2 11.5 -10.4 -24.3 -31.5
268 Na'Vi 4.5 8.4 13.0 -14.4 -28.3 -35.5
275 EG 0.5 4.4 9.0 4.9 -11.4 -21.3
276 Alliance 1.5 5.6 10.3 0.9 -15.4 -25.3
280 Zenith 2.6 6.9 11.9 -3.1 -19.4 -29.3
282 Alliance 3.5 8.0 13.3 -7.1 -23.4 -33.3
283 VG -0.5 4.0 9.3 8.0 -10.8 -23.2
293 aL -4.5 0.0 5.3 21.9 2.0 -12.2
294 Alliance -3.5 1.2 6.8 17.9 -2.0 -16.2
304 VG -2.7 2.1 8.0 13.9 -6.0 -20.2
306 LGD.cn -1.9 3.0 9.1 9.9 -10.0 -24.2
310 iG -1.0 4.2 10.7 5.9 -14.0 -28.2
316 LGD.cn -0.4 5.0 11.8 1.9 -18.0 -32.2
319 Na'Vi 0.7 6.2 13.2 -2.1 -22.0 -36.2
321 mouz 1.6 7.2 14.5 -6.1 -26.0 -40.2
330 TongFu -2.4 3.2 10.5 13.5 -10.3 -29.0
337 TongFu -1.5 4.4 12.1 9.5 -14.3 -33.0
338 Na'Vi -0.6 5.5 13.5 5.5 -18.3 -37.0
340 mouz 0.2 6.4 14.6 1.5 -22.3 -41.0
346 Alliance 1.3 7.6 16.0 -2.5 -26.3 -45.0
352 LGD.cn 2.4 8.9 17.5 -6.5 -30.3 -49.0
356 Liquid -1.6 4.9 13.5 7.6 -18.4 -39.2
364 Zenith -0.5 6.2 15.0 3.6 -22.4 -43.2
373 Na'Vi 0.3 7.1 16.0 -0.4 -26.4 -47.2
376 LGD.cn 1.1 8.1 17.2 -4.4 -30.4 -51.2
377 LGD.cn 2.3 9.2 18.5 -8.4 -34.4 -55.2
379 Na'Vi 3.2 10.3 19.8 -12.4 -38.4 -59.2
384 Alliance 4.2 11.6 21.4 -16.4 -42.4 -63.2
388 Dignitas 5.2 12.8 23.2 -20.4 -46.4 -67.2
389 iG 6.1 13.8 24.5 -24.4 -50.4 -71.2
392 Alliance 7.2 15.1 26.0 -28.4 -54.4 -75.2
396 Liquid 7.8 15.8 27.0 -32.4 -58.4 -79.2
398 Alliance 8.5 16.6 28.0 -36.4 -62.4 -83.2
410 Alliance 9.2 17.5 29.1 -40.4 -66.4 -87.2
414 Alliance 10.1 18.6 30.5 -44.4 -70.4 -91.2
416 4FC 6.1 14.6 26.5 -25.9 -53.9 -77.3
417 mouz 2.1 10.6 22.5 -12.0 -42.0 -67.3
430 rox.KIS 3.3 11.9 23.9 -16.0 -46.0 -71.3
431 Quantic 4.3 13.2 25.5 -20.0 -50.0 -75.3
437 Quantic 5.3 14.2 26.8 -24.0 -54.0 -79.3
439 Artyk 6.2 15.2 28.3 -28.0 -58.0 -83.3
441 Na'Vi 7.1 16.2 29.5 -32.0 -62.0 -87.3
443 Kaipi 3.1 12.2 25.5 -19.3 -48.6 -75.4
445 TM 4.2 13.6 27.1 -23.3 -52.6 -79.4
446 Orange 5.1 14.6 28.3 -27.3 -56.6 -83.4
451 Kaipi 6.0 15.6 29.5 -31.3 -60.6 -87.4
461 Alliance 6.8 16.5 30.7 -35.3 -64.6 -91.4
471 4FC 2.8 12.5 26.7 -22.1 -51.9 -80.5
475 Na'Vi 3.8 13.5 27.9 -26.1 -55.9 -84.5
479 4FC 4.9 14.7 29.4 -30.1 -59.9 -88.5
480 Orange 5.9 15.9 30.9 -34.1 -63.9 -92.5
484 Empire 1.9 11.9 26.9 -17.4 -48.7 -80.6
486 Na'Vi 3.1 13.1 28.2 -21.4 -52.7 -84.6
488 Fnatic.eu -0.9 9.1 24.2 -3.7 -37.9 -73.0
493 iCCup 0.1 10.3 25.6 -7.7 -41.9 -77.0
494 zRage -3.9 6.3 21.6 12.8 -23.7 -61.3
499 Liquid -2.7 7.7 23.0 8.8 -27.7 -65.3
502 VP -2.0 8.5 24.0 4.8 -31.7 -69.3
503 Dignitas -1.2 9.5 25.3 0.8 -35.7 -73.3
505 Na'Vi -0.7 10.1 26.1 -3.2 -39.7 -77.3
506 EG 0.1 11.0 27.3 -7.2 -43.7 -81.3
507 Na'Vi 1.0 12.0 28.6 -11.2 -47.7 -85.3
508 Na'Vi 1.5 12.6 29.3 -15.2 -51.7 -89.3
512 Quantic -2.5 8.6 25.3 2.5 -36.5 -75.4
513 EG -6.5 4.6 21.3 15.8 -25.1 -65.2
514 Dignitas -10.5 0.6 17.3 37.7 -6.5 -49.2
520 Quantic -9.4 1.9 18.9 33.7 -10.5 -53.2
527 Na'Vi -8.4 3.0 20.3 29.7 -14.5 -57.2
528 Liquid -7.5 4.1 21.6 25.7 -18.5 -61.2
529 EG -6.8 4.9 22.5 21.7 -22.5 -65.2
531 Na'Vi -5.9 5.9 23.7 17.7 -26.5 -69.2
532 Empire -4.9 6.9 24.9 13.7 -30.5 -73.2
533 rox.KIS -3.8 7.9 25.9 9.7 -34.5 -77.2
536 Liquid -3.1 8.7 26.9 5.7 -38.5 -81.2
537 Liquid -2.5 9.4 27.8 1.7 -42.5 -85.2
538 Alliance -1.7 10.2 28.8 -2.3 -46.5 -89.2
541 VP -0.7 11.5 30.2 -6.3 -50.5 -93.2
553 TongFu -4.7 7.5 26.2 9.5 -35.6 -80.4
580 VP -3.7 8.7 27.6 5.5 -39.6 -84.4
604 Orange -2.6 9.9 29.1 1.5 -43.6 -88.4
621 iCCup -6.6 5.9 25.1 15.1 -30.5 -77.9
628 EG -5.7 6.9 26.3 11.1 -34.5 -81.9
631 Alliance -4.8 8.1 27.8 7.1 -38.5 -85.9
636 EG -4.1 9.0 28.9 3.1 -42.5 -89.9
642 Alliance -3.1 10.2 30.4 -0.9 -46.5 -93.9
651 Denial -7.1 6.2 26.4 17.1 -31.1 -81.9
653 VG -11.1 2.2 22.4 32.1 -18.0 -71.1
656 Na'Vi -10.0 3.4 23.9 28.1 -22.0 -75.1
664 RStars -14.0 -0.6 19.9 44.2 -8.6 -63.9
668 mouz -13.2 0.4 21.2 40.2 -12.6 -67.9
670 EG -12.2 1.5 22.6 36.2 -16.6 -71.9
671 Fnatic.eu -11.3 2.5 23.8 32.2 -20.6 -75.9
674 mouz -10.6 3.4 24.9 28.2 -24.6 -79.9
678 Kaipi -14.6 -0.6 20.9 46.9 -8.1 -66.3
699 Alliance -13.5 0.7 22.4 42.9 -12.1 -70.3
702 Na'Vi -12.6 1.7 23.6 38.9 -16.1 -74.3
703 mouz -11.7 2.7 24.9 34.9 -20.1 -78.3
712 Na'Vi -10.8 3.8 26.2 30.9 -24.1 -82.3
718 Dreamz -9.7 5.0 27.7 26.9 -28.1 -86.3
723 Kaipi -8.8 6.0 28.9 22.9 -32.1 -90.3
727 Fnatic.eu -12.8 2.0 24.9 39.7 -17.6 -78.8
730 LGD.cn -12.0 3.0 26.0 35.7 -21.6 -82.8
732 Alliance -10.9 4.3 27.6 31.7 -25.6 -86.8
745 Dignitas -14.9 0.3 23.6 53.2 -11.1 -75.1
746 DK -14.2 1.2 24.6 49.2 -15.1 -79.1
748 Na'Vi -13.0 2.5 26.2 45.2 -19.1 -83.1
751 Alliance -12.2 3.6 27.6 41.2 -23.1 -87.1
754 Na'Vi -11.5 4.4 28.5 37.2 -27.1 -91.1
761 Fnatic.eu -10.8 5.2 29.4 33.2 -31.1 -95.1
766 Alliance -9.9 6.2 30.5 29.2 -35.1 -99.1
767 LGD.int -13.9 2.2 26.5 45.2 -21.2 -87.2
769 mouz -13.0 3.2 27.7 41.2 -25.2 -91.2
771 Na'Vi -11.8 4.5 29.1 37.2 -29.2 -95.2
773 Alliance -11.1 5.3 30.0 33.2 -33.2 -99.2
779 Zenith -10.2 6.3 31.2 29.2 -37.2 -103.2
781 Alliance -9.3 7.3 32.3 25.2 -41.2 -107.2
783 TongFu -8.4 8.2 33.3 21.2 -45.2 -111.2
786 Na'Vi -7.4 9.3 34.6 17.2 -49.2 -115.2
793 Alliance -6.2 10.6 36.2 13.2 -53.2 -119.2
795 Liquid -5.3 11.6 37.4 9.2 -57.2 -123.2
797 Liquid -9.3 7.6 33.4 23.0 -45.8 -113.6
799 Alliance -8.2 8.8 34.9 19.0 -49.8 -117.6
812 Empire -7.2 10.0 36.5 15.0 -53.8 -121.6
813 Empire -6.3 10.9 37.7 11.0 -57.8 -125.6
818 FD -5.1 12.1 39.2 7.0 -61.8 -129.6
820 4FC -4.4 12.9 40.2 3.0 -65.8 -133.6
821 4++ -8.4 8.9 36.2 17.3 -50.6 -121.7
822 MiTH -7.4 10.2 37.7 13.3 -54.6 -125.7
832 CDCD -11.4 6.2 33.7 36.5 -36.2 -109.9
841 VP -10.4 7.3 35.1 32.5 -40.2 -113.9
851 VP -9.4 8.5 36.6 28.5 -44.2 -117.9
864 Poseidon -8.3 9.8 38.1 24.5 -48.2 -121.9
865 Mski -7.3 10.9 39.5 20.5 -52.2 -125.9
866 Poseidon -6.4 11.8 40.6 16.5 -56.2 -129.9
867 Dreamz -5.3 13.1 42.2 12.5 -60.2 -133.9
871 Next.kz -4.2 14.3 43.6 8.5 -64.2 -137.9
873 PR -8.2 10.3 39.6 29.2 -46.6 -123.3
899 Menace -6.9 11.5 41.0 25.2 -50.6 -127.3
903 Kaipi -5.7 12.8 42.5 21.2 -54.6 -131.3
905 Dignitas -4.9 13.7 43.6 17.2 -58.6 -135.3
906 Dignitas -4.0 14.7 44.8 13.2 -62.6 -139.3
908 iG -3.3 15.5 45.8 9.2 -66.6 -143.3
911 4FC -7.3 11.5 41.8 22.5 -53.0 -131.9
915 Fnatic.eu -6.5 12.5 43.0 18.5 -57.0 -135.9
920 TongFu -5.9 13.2 43.9 14.5 -61.0 -139.9
921 Alliance -4.9 14.2 45.2 10.5 -65.0 -143.9
931 Alliance -4.0 15.1 46.2 6.5 -69.0 -147.9
941 Alliance -3.1 16.1 47.3 2.5 -73.0 -151.9
950 Kaipi -2.1 17.3 48.8 -1.5 -77.0 -155.9
951 Mski -1.1 18.4 50.1 -5.5 -81.0 -159.9
954 Cascade -5.1 14.4 46.1 7.9 -69.4 -149.9
956 Alliance -4.6 14.9 46.8 3.9 -73.4 -153.9
957 Na'Vi -3.8 15.6 47.7 -0.1 -77.4 -157.9
958 PR -7.8 11.6 43.7 24.6 -53.4 -137.1
959 Kaipi -7.0 12.6 44.8 20.6 -57.4 -141.1
960 Kaipi -6.3 13.5 46.0 16.6 -61.4 -145.1
964 Alliance -5.1 14.8 47.5 12.6 -65.4 -149.1
972 Aspera -9.1 10.8 43.5 34.5 -46.4 -133.2
975 Dignitas -8.3 11.8 44.8 30.5 -50.4 -137.2
982 Fnatic.eu -7.5 12.6 45.8 26.5 -54.4 -141.2
986 Na'Vi -6.5 13.8 47.2 22.5 -58.4 -145.2
990 Kaipi -5.7 14.7 48.3 18.5 -62.4 -149.2
997 PR -9.7 10.7 44.3 36.1 -47.6 -137.5
1008 Menace -13.7 6.7 40.3 48.2 -35.3 -126.6
1009 Kaipi -12.8 7.6 41.4 44.2 -39.3 -130.6
1017 Na'Vi -12.0 8.5 42.4 40.2 -43.3 -134.6
1018 Alliance -11.2 9.4 43.6 36.2 -47.3 -138.6
1021 Na'Vi -10.0 10.6 45.0 32.2 -51.3 -142.6
1022 LGD.cn -8.9 11.9 46.4 28.2 -55.3 -146.6
1025 Dignitas -8.1 12.8 47.6 24.2 -59.3 -150.6
1030 Na'Vi -7.3 13.7 48.6 20.2 -63.3 -154.6
1032 Na'Vi -6.4 14.8 49.9 16.2 -67.3 -158.6
1034 Alliance -5.7 15.6 50.9 12.2 -71.3 -162.6
1035 Alliance -5.0 16.3 51.7 8.2 -75.3 -166.6
1039 Ahead.kz -9.0 12.3 47.7 29.5 -53.5 -148.7
1041 Alliance -8.0 13.6 49.2 25.5 -57.5 -152.7
1045 iG -7.1 15.0 50.9 21.5 -61.5 -156.7
1046 Liquid -6.0 16.2 52.3 17.5 -65.5 -160.7
1050 Alliance -5.2 17.1 53.4 13.5 -69.5 -164.7
1051 iG -4.4 18.1 54.6 9.5 -73.5 -168.7
1055 Alliance -3.8 18.8 55.5 5.5 -77.5 -172.7
1063 Alliance -3.1 19.6 56.4 1.5 -81.5 -176.7
1064 Alliance -2.3 20.5 57.4 -2.5 -85.5 -180.7
1065 SSD -1.3 22.0 59.1 -6.5 -89.5 -184.7
1081 Na'Vi -0.6 22.8 60.1 -10.5 -93.5 -188.7
1082 Fnatic.eu 0.2 23.7 61.1 -14.5 -97.5 -192.7
1083 Titan 1.0 24.6 62.3 -18.5 -101.5 -196.7
1085 FD 1.8 25.7 63.7 -22.5 -105.5 -200.7
1088 FXopen 2.7 27.0 65.2 -26.5 -109.5 -204.7
1089 Imp 3.4 28.0 66.3 -30.5 -113.5 -208.7
1090 MiTH 4.1 28.9 67.4 -34.5 -117.5 -212.7
1091 Na'Vi 5.0 29.9 68.7 -38.5 -121.5 -216.7
1095 Arcanys 1.0 25.9 64.7 -17.0 -104.2 -203.2
1096 VG 2.0 27.3 66.4 -21.0 -108.2 -207.2
1097 FD 2.7 28.2 67.7 -25.0 -112.2 -211.2
1101 Fnatic.eu 3.7 29.4 69.2 -29.0 -116.2 -215.2
1104 Poseidon -0.3 25.4 65.2 -13.0 -102.0 -204.0
1105 Na'Vi 0.5 26.3 66.3 -17.0 -106.0 -208.0
1111 LGD.int 1.5 27.4 67.7 -21.0 -110.0 -212.0
1112 DK 2.0 28.1 68.5 -25.0 -114.0 -216.0
1114 Na'Vi 2.7 28.9 69.5 -29.0 -118.0 -220.0
1117 VG 3.4 29.7 70.5 -33.0 -122.0 -224.0
1118 LGD.cn 3.8 30.3 71.3 -37.0 -126.0 -228.0
1123 Na'Vi 4.2 30.9 72.0 -41.0 -130.0 -232.0
1126 Life 0.2 26.9 68.0 -30.6 -115.9 -219.1
1129 iG 0.7 27.6 68.8 -34.6 -119.9 -223.1
1131 Na'Vi 1.7 28.6 70.0 -38.6 -123.9 -227.1
1132 Fnatic.eu 2.6 29.7 71.2 -42.6 -127.9 -231.1
1135 Empire 3.6 30.8 72.5 -46.6 -131.9 -235.1
1143 DK 4.1 31.5 73.4 -50.6 -135.9 -239.1
1144 VG 0.1 27.5 69.4 -36.0 -122.6 -228.7
1146 iG 0.5 28.1 70.1 -40.0 -126.6 -232.7
1149 Na'Vi 1.4 29.1 71.4 -44.0 -130.6 -236.7
1151 Alliance 1.9 29.8 72.2 -48.0 -134.6 -240.7
1157 Na'Vi 2.7 30.7 73.2 -52.0 -138.6 -244.7
1169 DK 3.1 31.3 74.0 -56.0 -142.6 -248.7
1171 Empire 3.9 32.3 75.2 -60.0 -146.6 -252.7
1172 Speed -0.1 28.3 71.2 -41.1 -125.8 -232.6
1174 Fnatic 1.2 29.6 72.6 -45.1 -129.8 -236.6
1175 TongFu 1.9 30.5 73.8 -49.1 -133.8 -240.6
1178 DK 2.3 31.0 74.5 -53.1 -137.8 -244.6
1181 Alliance 3.0 31.9 75.6 -57.1 -141.8 -248.6
1185 Liquid -1.0 27.9 71.6 -36.5 -121.0 -229.3
1188 LGD.int -0.4 28.7 72.5 -40.5 -125.0 -233.3
1190 TongFu 0.4 29.8 73.9 -44.5 -129.0 -237.3
1191 DK 0.8 30.5 74.7 -48.5 -133.0 -241.3
1192 Na'Vi 1.6 31.4 76.0 -52.5 -137.0 -245.3
1195 VG 2.1 32.1 76.8 -56.5 -141.0 -249.3
1196 LGD.cn 2.6 32.8 77.7 -60.5 -145.0 -253.3
1203 TongFu 3.0 33.4 78.4 -64.5 -149.0 -257.3
1204 iG 3.7 34.3 79.4 -68.5 -153.0 -261.3
1205 HR -0.3 30.3 75.4 -56.1 -137.9 -247.9
1206 EG 1.2 31.4 76.6 -60.1 -141.9 -251.9
1210 Liquid -2.8 27.4 72.6 -47.8 -129.4 -241.1
1215 iG -2.4 28.1 73.4 -51.8 -133.4 -245.1
1223 DK -1.5 29.3 74.9 -55.8 -137.4 -249.1
1232 Alliance -0.6 30.2 76.0 -59.8 -141.4 -253.1
1235 TongFu -4.6 26.2 72.0 -41.9 -127.4 -242.4
1238 LGD.cn -4.0 27.1 73.2 -45.9 -131.4 -246.4
1243 Alliance -3.3 27.9 74.3 -49.9 -135.4 -250.4
1245 Speed -2.3 29.2 75.9 -53.9 -139.4 -254.4
1247 iG -1.9 29.8 76.7 -57.9 -143.4 -258.4
1253 LGD.int -5.9 25.8 72.7 -29.2 -123.0 -242.3
1256 RS -5.0 26.8 74.0 -33.2 -127.0 -246.3
1263 LGD.cn -4.3 27.7 75.1 -37.2 -131.0 -250.3
1264 DK -3.6 28.5 76.1 -41.2 -135.0 -254.3
1266 Alliance -2.9 29.3 77.1 -45.2 -139.0 -258.3
1268 Mski -1.8 30.7 78.7 -49.2 -143.0 -262.3
1269 Orange -0.8 31.7 80.0 -53.2 -147.0 -266.3
1278 Lowyat -4.8 27.7 76.0 -41.0 -131.6 -252.3
1279 Titan -3.7 28.8 77.3 -45.0 -135.6 -256.3
1283 Speed -2.5 30.0 78.5 -49.0 -139.6 -260.3
1284 Alliance -1.7 30.8 79.5 -53.0 -143.6 -264.3
1293 TongFu -0.7 31.9 80.9 -57.0 -147.6 -268.3
1294 VG -4.7 27.9 76.9 -43.2 -134.4 -257.6
1299 EG -3.6 29.1 78.2 -47.2 -138.4 -261.6
1303 Sigma.int -2.7 30.3 79.7 -51.2 -142.4 -265.6
1305 Empire -2.1 31.1 80.6 -55.2 -146.4 -269.6
1307 LGD.int -1.2 32.1 81.8 -59.2 -150.4 -273.6
1308 LGD.cn -0.5 32.9 82.8 -63.2 -154.4 -277.6
1310 Sigma.int 0.2 33.7 83.8 -67.2 -158.4 -281.6
1314 TongFu 0.6 34.3 84.5 -71.2 -162.4 -285.6
1315 Empire 1.4 35.2 85.5 -75.2 -166.4 -289.6
1316 VG 2.1 36.1 86.6 -79.2 -170.4 -293.6
1317 Na'Vi 3.1 37.2 88.0 -83.2 -174.4 -297.6
1318 QPandas -0.9 33.2 84.0 -69.6 -160.9 -284.7
1321 Fnatic.eu -0.2 33.9 84.6 -73.6 -164.9 -288.7
1322 DK 0.2 34.4 85.3 -77.6 -168.9 -292.7
1323 VG 1.0 35.4 86.6 -81.6 -172.9 -296.7
1324 VG -3.0 31.4 82.6 -67.4 -158.4 -284.5
1326 Dignitas -7.0 27.4 78.6 -54.4 -146.4 -274.4
1327 Speed -6.4 28.1 79.5 -58.4 -150.4 -278.4
1329 Alliance -5.8 28.8 80.3 -62.4 -154.4 -282.4
1331 Na'Vi -4.6 29.8 81.5 -66.4 -158.4 -286.4
1333 Alliance -3.8 30.6 82.5 -70.4 -162.4 -290.4
1336 TongFu -2.8 31.5 83.5 -74.4 -166.4 -294.4
1340 Fnatic.eu -1.9 32.5 84.7 -78.4 -170.4 -298.4
1341 Alliance -1.4 33.1 85.4 -82.4 -174.4 -302.4
1351 VG -1.0 33.8 86.2 -86.4 -178.4 -306.4
1352 DK -0.4 34.4 87.0 -90.4 -182.4 -310.4
1354 VP -4.4 30.4 83.0 -77.5 -170.2 -299.5
1356 Alliance -3.1 31.6 84.3 -81.5 -174.2 -303.5
1357 Na'Vi -2.0 32.6 85.4 -85.5 -178.2 -307.5
1359 LGD.cn -1.7 33.1 86.0 -89.5 -182.2 -311.5
1360 iG -1.3 33.6 86.6 -93.5 -186.2 -315.5
1361 Dignitas -0.6 34.4 87.6 -97.5 -190.2 -319.5
1362 Speed -0.2 34.9 88.3 -101.5 -194.2 -323.5
1365 Alliance 0.5 35.6 89.1 -105.5 -198.2 -327.5
1366 Alliance 0.9 36.1 89.7 -109.5 -202.2 -331.5
1368 Fnatic.eu 2.1 37.3 91.0 -113.5 -206.2 -335.5
1369 Na'Vi 2.8 38.1 91.9 -117.5 -210.2 -339.5
1372 VP -1.2 34.1 87.9 -99.6 -195.0 -326.8
1373 Liquid 0.1 35.4 89.4 -103.6 -199.0 -330.8
1379 Fnatic.eu 1.2 36.6 90.8 -107.6 -203.0 -334.8
1380 Liquid 2.3 37.8 92.2 -111.6 -207.0 -338.8
1381 Liquid -1.7 33.8 88.2 -96.7 -193.0 -326.9
1382 Titan -0.9 34.8 89.5 -100.7 -197.0 -330.9
1384 Empire -0.2 35.6 90.5 -104.7 -201.0 -334.9
1388 iG 0.3 36.3 91.3 -108.7 -205.0 -338.9
1389 RStars 1.0 37.3 92.7 -112.7 -209.0 -342.9
1390 Alliance 1.5 37.9 93.4 -116.7 -213.0 -346.9
1396 rox.KIS -2.5 33.9 89.4 -81.5 -185.3 -323.7
1399 EG -6.5 29.9 85.4 -66.5 -169.5 -310.4
1404 VG -5.6 31.0 86.8 -70.5 -173.5 -314.4
1405 Speed -4.8 32.1 88.2 -74.5 -177.5 -318.4
1412 DK -4.4 32.8 89.1 -78.5 -181.5 -322.4
1415 VP -8.4 28.8 85.1 -66.6 -168.8 -311.2
1423 Alliance -7.9 29.4 85.8 -70.6 -172.8 -315.2
1424 DK -7.6 29.8 86.4 -74.6 -176.8 -319.2
1425 VG -6.9 30.6 87.4 -78.6 -180.8 -323.2
1429 Empire -5.7 31.8 88.8 -82.6 -184.8 -327.2
1430 Na'Vi -4.8 32.8 90.0 -86.6 -188.8 -331.2
1431 DK -4.4 33.3 90.6 -90.6 -192.8 -335.2
1438 Liquid -3.7 34.2 91.6 -94.6 -196.8 -339.2
1439 Empire -7.7 30.2 87.6 -81.1 -182.2 -324.7
1442 LGD.int -7.3 30.8 88.3 -85.1 -186.2 -328.7
1443 TongFu -6.6 31.6 89.3 -89.1 -190.2 -332.7
1450 Na'Vi -5.7 32.7 90.6 -93.1 -194.2 -336.7
1458 Fnatic.eu -9.7 28.7 86.6 -80.3 -181.8 -325.4
1460 Alliance -8.8 29.6 87.6 -84.3 -185.8 -329.4
1466 4FC -12.8 25.6 83.6 -71.4 -173.0 -317.6
1473 LGD.cn -12.2 26.4 84.6 -75.4 -177.0 -321.6
1478 Alliance -11.0 27.7 86.0 -79.4 -181.0 -325.6
1479 Liquid -10.3 28.5 87.0 -83.4 -185.0 -329.6
1482 Fnatic.eu -9.6 29.4 88.2 -87.4 -189.0 -333.6
1490 EG -8.8 30.4 89.3 -91.4 -193.0 -337.6
1492 Alliance -7.5 31.8 90.8 -95.4 -197.0 -341.6
1494 Na'Vi -6.9 32.5 91.6 -99.4 -201.0 -345.6
1495 DK -5.8 33.8 93.1 -103.4 -205.0 -349.6
1497 Speed -9.8 29.8 89.1 -89.8 -193.1 -338.7
1498 Fnatic.eu -13.8 25.8 85.1 -73.7 -177.6 -324.0
1499 DK -13.0 26.8 86.1 -77.7 -181.6 -328.0
1500 Speed -12.3 27.7 87.3 -81.7 -185.6 -332.0
1501 Liquid -16.3 23.7 83.3 -68.3 -172.5 -320.2
1508 Alliance -15.7 24.5 84.1 -72.3 -176.5 -324.2
1511 Sigma.int -15.2 25.2 84.8 -76.3 -180.5 -328.2
1512 Alliance -14.3 26.2 86.0 -80.3 -184.5 -332.2
1513 DK -14.0 26.7 86.6 -84.3 -188.5 -336.2
1523 SSD -18.0 22.7 82.6 -70.9 -175.2 -324.9
1527 VP -16.9 24.1 84.2 -74.9 -179.2 -328.9
1528 TongFu -16.2 24.9 85.2 -78.9 -183.2 -332.9
1529 LGD.int -15.6 25.7 86.2 -82.9 -187.2 -336.9
1533 OsG -19.6 21.7 82.2 -69.7 -174.7 -326.6
1549 VG -19.0 22.6 83.4 -73.7 -178.7 -330.6
1550 DK -18.3 23.4 84.4 -77.7 -182.7 -334.6
1574 DK -17.2 24.6 85.7 -81.7 -186.7 -338.6
1580 Alliance -16.1 25.9 87.2 -85.7 -190.7 -342.6
1585 Fnatic.eu -15.2 26.9 88.4 -89.7 -194.7 -346.6
1589 FD -14.2 28.0 89.7 -93.7 -198.7 -350.6
1590 Orange -13.4 29.0 91.0 -97.7 -202.7 -354.6
1593 FD -12.7 30.0 92.3 -101.7 -206.7 -358.6
1598 Alliance -11.8 31.0 93.4 -105.7 -210.7 -362.6
1607 Idol -10.8 32.4 95.1 -109.7 -214.7 -366.6
1611 Sigma.int -9.8 33.7 96.6 -113.7 -218.7 -370.6
1614 Alliance -9.2 34.5 97.5 -117.7 -222.7 -374.6
1626 FD -8.3 35.7 98.9 -121.7 -226.7 -378.6
1628 Alliance -7.6 36.4 99.8 -125.7 -230.7 -382.6
1629 Fnatic.eu -7.1 37.0 100.6 -129.7 -234.7 -386.6
1631 VG -6.6 37.7 101.6 -133.7 -238.7 -390.6
1634 Alliance -5.9 38.6 102.6 -137.7 -242.7 -394.6
1636 Sigma.int -5.2 39.4 103.7 -141.7 -246.7 -398.6
1652 PR -4.1 40.7 105.2 -145.7 -250.7 -402.6
1654 MVP.P -3.1 42.1 106.8 -149.7 -254.7 -406.6
1657 RRQ -2.4 43.0 107.9 -153.7 -258.7 -410.6
1660 Poseidon -6.4 39.0 103.9 -137.3 -244.1 -399.0
1662 Fnatic.eu -5.6 40.0 105.1 -141.3 -248.1 -403.0
1664 DK -4.9 40.8 106.1 -145.3 -252.1 -407.0
1665 LGD.cn -4.3 41.5 107.1 -149.3 -256.1 -411.0
1668 Duskbin -3.5 42.8 108.7 -153.3 -260.1 -415.0
1674 Empire -2.3 44.1 110.1 -157.3 -264.1 -419.0
1676 TR -6.3 40.1 106.1 -143.1 -252.5 -409.2
1677 Na'Vi -5.1 41.3 107.6 -147.1 -256.5 -413.2
1678 Na'Vi -4.2 42.4 108.8 -151.1 -260.5 -417.2
1681 Mski -3.3 43.5 110.1 -155.1 -264.5 -421.2
1682 Lowyat -2.1 44.8 111.7 -159.1 -268.5 -425.2
1685 Alliance -1.6 45.4 112.4 -163.1 -272.5 -429.2
1686 Sigma.int -0.4 46.6 113.8 -167.1 -276.5 -433.2
1689 iG 0.1 47.2 114.5 -171.1 -280.5 -437.2
1697 mouz -3.9 43.2 110.5 -154.2 -260.4 -417.1
1699 OsG -7.9 39.2 106.5 -125.8 -234.1 -393.7
1701 TongFu -6.9 40.2 107.6 -129.8 -238.1 -397.7
1706 Sigma.int -6.0 41.0 108.5 -133.8 -242.1 -401.7
1707 mouz -4.8 42.1 109.7 -137.8 -246.1 -405.7
1708 HR -3.7 43.4 111.3 -141.8 -250.1 -409.7
1711 Next.kz -2.9 44.4 112.5 -145.8 -254.1 -413.7
1711 Next.kz -2.2 45.3 113.5 -149.8 -258.1 -417.7
1714 rox.KIS -1.5 46.2 114.5 -153.8 -262.1 -421.7
1714 rox.KIS -0.6 47.1 115.7 -157.8 -266.1 -425.7
1720 Mski 0.3 48.1 116.8 -161.8 -270.1 -429.7
1721 Lowyat 1.4 49.1 118.3 -165.8 -274.1 -433.7
1722 Mski 2.2 49.9 119.3 -169.8 -278.1 -437.7
1725 VG 3.3 51.1 120.7 -173.8 -282.1 -441.7
1726 Lowyat 4.3 52.1 121.9 -177.8 -286.1 -445.7
1727 Mski 5.1 53.0 122.8 -181.8 -290.1 -449.7
1728 sQreen 1.1 49.0 118.8 -169.6 -277.6 -438.7
1730 rox.KIS 2.1 50.4 120.3 -173.6 -281.6 -442.7
1731 Empire -1.9 46.4 116.3 -161.4 -268.7 -431.4
1735 Mski -1.1 47.2 117.3 -165.4 -272.7 -435.4
1744 Sigma.int -0.1 48.5 118.8 -169.4 -276.7 -439.4
1745 Na'Vi 0.6 49.4 119.9 -173.4 -280.7 -443.4
1746 Alliance 1.3 50.2 121.0 -177.4 -284.7 -447.4
1750 Alliance 2.0 51.0 122.0 -181.4 -288.7 -451.4
1751 Na'Vi 2.9 52.0 123.2 -185.4 -292.7 -455.4
1755 SSD 4.0 53.4 124.9 -189.4 -296.7 -459.4
1761 Mski 5.0 54.7 126.3 -193.4 -300.7 -463.4
1763 rox.KIS 5.9 55.7 127.5 -197.4 -304.7 -467.4
1764 Na'Vi 7.0 56.8 128.8 -201.4 -308.7 -471.4
1771 VG 7.9 58.0 130.4 -205.4 -312.7 -475.4
1776 Fnatic.eu 9.0 59.2 131.8 -209.4 -316.7 -479.4
1783 Titan 10.0 60.2 133.1 -213.4 -320.7 -483.4
1785 Fnatic.eu 11.1 61.4 134.4 -217.4 -324.7 -487.4
1788 Sigma.int 11.7 62.1 135.3 -221.4 -328.7 -491.4
1790 Na'Vi 12.7 63.0 136.3 -225.4 -332.7 -495.4
1793 Fnatic.eu 14.0 64.3 137.8 -229.4 -336.7 -499.4
1802 PR 10.0 60.3 133.8 -216.3 -320.8 -484.6
1803 Sigma.int 11.2 61.7 135.3 -220.3 -324.8 -488.6
1804 DK 11.6 62.3 136.0 -224.3 -328.8 -492.6
1805 VG 12.2 63.0 136.9 -228.3 -332.8 -496.6
1807 LGD.cn 12.7 63.6 137.7 -232.3 -336.8 -500.6
1808 iG 13.1 64.2 138.5 -236.3 -340.8 -504.6
1809 Titan 14.3 65.3 139.8 -240.3 -344.8 -508.6
1811 TongFu 15.2 66.2 140.9 -244.3 -348.8 -512.6
1814 LGD.cn 15.7 66.9 141.8 -248.3 -352.8 -516.6
1815 iG 16.6 68.3 143.5 -252.3 -356.8 -520.6
1817 Mski 17.8 69.5 144.9 -256.3 -360.8 -524.6
1820 Empire 18.7 70.4 146.0 -260.3 -364.8 -528.6
1822 Fnatic.eu 19.2 71.0 146.7 -264.3 -368.8 -532.6
1826 Titan 20.2 72.0 147.8 -268.3 -372.8 -536.6
1827 MVP.P 21.1 73.2 149.2 -272.3 -376.8 -540.6
1828 TongFu 17.1 69.2 145.2 -257.9 -365.6 -530.8
1846 DK 18.0 70.3 145.8 -261.9 -369.6 -534.8
1847 DK 18.8 71.4 147.1 -265.9 -373.6 -538.8
1850 rox.KIS 20.1 73.0 147.9 -269.9 -377.6 -542.8
1851 Alliance 20.8 73.9 148.5 -273.9 -381.6 -546.8
1853 Alliance 21.8 74.7 149.4 -277.9 -385.6 -550.8
1857 iG 22.5 75.6 150.5 -281.9 -389.6 -554.8
1860 Fnatic.eu 23.1 76.4 151.4 -285.9 -393.6 -558.8
1861 Sigma.int 24.1 77.6 152.9 -289.9 -397.6 -562.8
1863 Fnatic.eu 25.3 78.9 153.9 -293.9 -401.6 -566.8
1865 TongFu 26.1 79.9 155.1 -297.9 -405.6 -570.8
1867 Fnatic.eu 27.0 80.9 155.8 -301.9 -409.6 -574.8
1868 Na'Vi 27.7 81.7 156.3 -305.9 -413.6 -578.8
1878 Invasion 23.7 77.7 152.3 -294.3 -403.2 -564.9
1879 Orange 24.5 78.6 153.3 -298.3 -407.2 -568.9
1885 Mski 25.7 79.7 154.5 -302.3 -411.2 -572.9
1886 Invasion 27.0 81.1 155.5 -306.3 -415.2 -576.9
1889 Fnatic.eu 23.0 77.1 151.5 -289.1 -402.1 -565.1
1893 Mski 24.2 78.5 152.2 -293.1 -406.1 -569.1
1894 Spirit 20.2 74.5 148.2 -280.6 -394.6 -552.8
1898 Titan 21.5 76.2 149.0 -284.6 -398.6 -556.8
1911 Titan 22.6 77.5 150.0 -288.6 -402.6 -560.8
1945 rox.KIS 23.7 78.8 150.8 -292.6 -406.6 -564.8
1948 Empire 24.7 79.9 152.2 -296.6 -410.6 -568.8
1951 Empire 25.9 81.4 153.0 -300.6 -414.6 -572.8
1953 Fnatic.eu 26.9 82.6 154.0 -304.6 -418.6 -576.8
1954 Empire 27.8 83.6 155.2 -308.6 -422.6 -580.8
1961 Fnatic.eu 28.6 84.5 155.8 -312.6 -426.6 -584.8
1964 Fnatic.eu 29.7 85.9 156.6 -316.6 -430.6 -588.8
1967 Liquid 31.1 87.0 157.9 -320.6 -434.6 -592.8
1971 Relax 27.1 83.0 153.9 -305.9 -421.8 -582.0
1973 Sigma.int 28.3 84.6 154.7 -309.9 -425.8 -586.0
1975 Fnatic.eu 29.0 85.4 155.1 -313.9 -429.8 -590.0
1981 Liquid 29.9 86.6 156.6 -317.9 -433.8 -594.0
1982 Speed 30.9 87.8 157.5 -321.9 -437.8 -598.0
1984 Empire 31.8 88.8 158.3 -325.9 -441.8 -602.0
1992 Speed 32.7 89.9 159.7 -329.9 -445.8 -606.0
2001 Speed 33.6 91.2 161.2 -333.9 -449.8 -610.0
2014 Speed 34.8 92.5 162.1 -337.9 -453.8 -614.0
2015 Speed 35.6 93.4 163.3 -341.9 -457.8 -618.0
2022 Liquid 36.5 94.4 163.9 -345.9 -461.8 -622.0
2023 SADBOYS 37.2 95.3 165.0 -349.9 -465.8 -626.0
2024 SADBOYS 38.6 96.8 165.7 -353.9 -469.8 -630.0
2029 Empire 39.7 98.1 166.4 -357.9 -473.8 -634.0
2032 Liquid 40.6 99.1 167.5 -361.9 -477.8 -638.0
2035 SADBOYS 41.6 100.2 168.1 -365.9 -481.8 -642.0
2053 SADBOYS 42.4 101.3 168.5 -369.9 -485.8 -646.0
2054 Empire 43.4 102.6 170.1 -373.9 -489.8 -650.0
2055 Na'Vi 44.4 103.8 170.8 -377.9 -493.8 -654.0
2058 Cloud9 45.3 105.1 171.2 -381.9 -497.8 -658.0
2059 Empire 46.2 106.1 172.3 -385.9 -501.8 -662.0
2061 rox.KIS 42.2 102.1 168.3 -370.3 -487.1 -648.9
2064 Cloud9 43.2 103.3 169.8 -374.3 -491.1 -652.9
2066 Alliance 44.4 104.5 171.1 -378.3 -495.1 -656.9
2067 Na'Vi 45.2 105.4 172.1 -382.3 -499.1 -660.9
2068 Fnatic.eu 46.2 106.5 173.0 -386.3 -503.1 -664.9
2076 Courage 42.2 102.5 169.0 -373.5 -492.3 -642.8
2080 rox.KIS 38.2 98.5 165.0 -357.2 -476.4 -629.5
2082 rox.KIS 39.2 99.7 166.3 -361.2 -480.4 -633.5
2083 PR 40.1 100.7 167.4 -365.2 -484.4 -637.5
2087 Liquid 41.4 102.1 168.3 -369.2 -488.4 -641.5
2089 SADBOYS 42.3 103.2 169.8 -373.2 -492.4 -645.5
2095 Titan 43.7 104.9 170.4 -377.2 -496.4 -649.5
2097 rox.KIS 45.1 106.5 171.2 -381.2 -500.4 -653.5
2098 Zephyr 46.2 107.6 172.6 -385.2 -504.4 -657.5
2100 PR 47.6 109.1 173.8 -389.2 -508.4 -661.5
2119 Empire 48.3 110.0 174.3 -393.2 -512.4 -665.5
2121 Relax 49.4 111.3 175.4 -397.2 -516.4 -669.5
2123 rox.KIS 50.3 112.4 176.1 -401.2 -520.4 -673.5
2131 Titan 51.0 113.3 177.2 -405.2 -524.4 -677.5
2133 Next.kz 47.0 109.3 173.2 -388.9 -509.6 -657.4
2138 Liquid 48.0 110.4 173.9 -392.9 -513.6 -661.4
2147 Na'Vi 49.1 111.6 175.2 -396.9 -517.6 -665.4
2156 Cloud9 50.1 112.8 175.9 -400.9 -521.6 -669.4
2159 SADBOYS 50.8 113.7 177.0 -404.9 -525.6 -673.4
2162 Orange 51.7 114.8 178.2 -408.9 -529.6 -677.4
2165 TR 47.7 110.8 174.2 -394.8 -517.0 -657.9
2172 Na'Vi 48.8 112.1 175.0 -398.8 -521.0 -661.9
2175 Liquid 49.7 113.1 176.3 -402.8 -525.0 -665.9
2178 VP 51.0 114.5 177.5 -406.8 -529.0 -669.9
2181 MiT 47.0 110.5 173.5 -394.2 -516.7 -658.7
2185 Scythe 48.3 112.2 174.0 -398.2 -520.7 -662.7
2187 Titan 48.9 113.0 175.0 -402.2 -524.7 -666.7
2188 Everlast 44.9 109.0 171.0 -386.6 -512.2 -656.0
2190 VP 46.1 110.1 172.2 -390.6 -516.2 -660.0
2197 Empire 46.9 111.1 173.5 -394.6 -520.2 -664.0
2210 Titan 47.6 112.0 174.6 -398.6 -524.2 -668.0
2213 Arrow 48.3 112.9 175.9 -402.6 -528.2 -672.0
2214 Orange 49.1 113.9 176.4 -406.6 -532.2 -676.0
2228 Titan 49.8 114.7 176.8 -410.6 -536.2 -680.0
2229 Scythe 51.3 116.4 177.6 -414.6 -540.2 -684.0
2241 hehe 47.3 112.4 173.6 -397.3 -525.2 -657.4
2249 Titan 48.4 113.6 175.0 -401.3 -529.2 -661.4
2261 CIS 44.4 109.6 171.0 -382.1 -515.4 -651.2
2273 VG 45.1 110.5 172.2 -386.1 -519.4 -655.2
2275 Orange 45.8 111.2 172.9 -390.1 -523.4 -659.2
2277 FD 47.1 112.7 173.8 -394.1 -527.4 -663.2
2278 MiTH 48.2 113.8 175.2 -398.1 -531.4 -667.2
2280 DK 48.8 114.5 176.1 -402.1 -535.4 -671.2
2282 iG 49.5 115.4 176.6 -406.1 -539.4 -675.2
2285 Na'Vi 50.6 116.5 177.8 -410.1 -543.4 -679.2
2293 Alliance 51.7 117.8 178.7 -414.1 -547.4 -683.2
2295 Arrow 52.7 119.0 180.0 -418.1 -551.4 -687.2
