0 0 0.0 0.0 0.0 0.0 0.0 0.0
18 Na'Vi 0.8 1.1 1.5 -4.0 -4.0 -4.0
23 mouz 1.6 2.0 2.7 -8.0 -8.0 -8.0
29 GU.pe -2.4 -2.0 -1.3 4.1 1.9 1.5
32 Alliance -1.7 -0.9 -0.1 0.1 -2.1 -2.5
41 Empire -0.6 0.4 1.6 -3.9 -6.1 -6.5
49 Liquid 0.2 1.6 3.0 -7.9 -10.1 -10.5
50 3DMAX -3.8 -2.4 -1.0 17.3 7.4 4.5
58 Na'Vi -2.5 -0.8 0.7 13.3 3.4 0.5
60 Na'Vi -1.5 0.4 2.1 9.3 -0.6 -3.5
73 Zenith -0.7 1.4 3.2 5.3 -4.6 -7.5
75 Fnatic.eu 0.6 2.9 5.0 1.3 -8.6 -11.5
98 Fnatic.eu -3.4 -1.1 1.0 14.9 1.8 -1.5
108 ASF.R5 -2.0 0.6 2.7 10.9 -2.2 -5.5
110 Empire -0.6 2.2 4.3 6.9 -6.2 -9.5
112 eN.Legs 0.3 3.7 5.8 2.9 -10.2 -13.5
117 VP 1.6 5.2 7.5 -1.1 -14.2 -17.5
118 mouz -2.4 1.2 3.5 12.3 -2.4 -8.1
119 Fnatic.eu -1.1 2.9 5.4 8.3 -6.4 -12.1
123 eLPride 0.1 4.4 7.1 4.3 -10.4 -16.1
124 VP 1.1 5.7 8.6 0.3 -14.4 -20.1
135 Fnatic.eu 2.4 7.2 10.3 -3.7 -18.4 -24.1
136 Alliance 3.3 8.3 11.6 -7.7 -22.4 -28.1
138 TCM -0.7 4.3 7.6 4.9 -11.1 -18.5
143 Na'Vi 0.4 5.7 9.2 0.9 -15.1 -22.5
164 Dignitas 1.6 7.2 10.9 -3.1 -19.1 -26.5
167 LGD.int 2.5 8.2 12.2 -7.1 -23.1 -30.5
171 LGD.int 3.4 9.2 13.4 -11.1 -27.1 -34.5
175 Na'Vi 4.4 10.4 15.0 -15.1 -31.1 -38.5
177 QPandas 0.4 6.4 11.0 -1.8 -20.0 -29.1
180 Empire -3.6 2.4 7.0 10.5 -10.4 -20.8
181 iCCup -7.6 -1.6 3.0 26.1 0.9 -10.9
185 LGD.int -6.3 -0.1 4.7 22.1 -3.1 -14.9
198 iG -5.0 1.5 6.6 18.1 -7.1 -18.9
208 iG -4.0 2.8 8.2 14.1 -11.1 -22.9
226 Alliance -3.2 3.9 9.6 10.1 -15.1 -26.9
235 aL -2.1 5.2 11.1 6.1 -19.1 -30.9
236 mouz -6.1 1.2 7.1 21.8 -6.7 -20.8
239 Na'Vi -4.7 2.8 8.9 17.8 -10.7 -24.8
240 Na'Vi -3.8 3.9 10.2 13.8 -14.7 -28.8
246 Na'Vi -2.8 4.9 11.5 9.8 -18.7 -32.8
253 Liquid -6.8 0.9 7.5 26.5 -4.9 -21.4
268 Na'Vi -5.8 2.1 9.0 22.5 -8.9 -25.4
271 Na'Vi -4.7 3.5 10.6 18.5 -12.9 -29.4
273 mouz -3.3 4.9 12.2 14.5 -16.9 -33.4
275 EG -7.3 0.9 8.2 33.8 -3.5527136788e-15 -19.2
276 Alliance -6.3 2.1 9.5 29.8 -4.0 -23.2
280 Zenith -5.2 3.4 11.1 25.8 -8.0 -27.2
282 Alliance -4.3 4.5 12.5 21.8 -12.0 -31.2
283 VG -8.3 0.5 8.5 36.9 0.6 -21.1
286 Dignitas -6.8 2.1 10.2 32.9 -3.4 -25.1
291 Alliance -5.4 3.7 12.1 28.9 -7.4 -29.1
293 aL -9.4 -0.3 8.1 42.8 5.4 -18.1
294 Alliance -8.4 0.9 9.6 38.8 1.4 -22.1
300 mouz -7.2 2.3 11.3 34.8 -2.6 -26.1
301 EG -6.1 3.7 12.9 30.8 -6.6 -30.1
304 VG -5.3 4.6 14.1 26.8 -10.6 -34.1
306 LGD.cn -4.5 5.5 15.2 22.8 -14.6 -38.1
310 iG -3.6 6.7 16.8 18.8 -18.6 -42.1
314 VP -2.2 8.3 18.6 14.8 -22.6 -46.1
316 LGD.cn -1.6 9.1 19.7 10.8 -26.6 -50.1
317 FD -5.6 5.1 15.7 23.6 -16.6 -41.6
319 Na'Vi -4.5 6.3 17.1 19.6 -20.6 -45.6
321 mouz -3.6 7.3 18.4 15.6 -24.6 -49.6
324 QPandas -7.6 3.3 14.4 29.1 -13.1 -40.0
330 TongFu -11.6 -0.7 10.4 48.7 2.6 -28.8
337 TongFu -10.7 0.5 12.0 44.7 -1.4 -32.8
338 Na'Vi -9.8 1.6 13.4 40.7 -5.4 -36.8
340 mouz -9.0 2.5 14.5 36.7 -9.4 -40.8
344 LGD.cn -13.0 -1.5 10.5 47.3 0.4 -32.1
346 Alliance -11.9 -0.3 11.9 43.3 -3.6 -36.1
348 Na'Vi -10.5 1.4 13.7 39.3 -7.6 -40.1
352 LGD.cn -9.4 2.7 15.2 35.3 -11.6 -44.1
356 Liquid -13.4 -1.3 11.2 49.4 0.3 -34.3
362 LGD.cn -12.0 3.77475828373e-15 12.7 45.4 -3.7 -38.3
364 Zenith -10.9 1.3 14.2 41.4 -7.7 -42.3
368 mouz -9.5 2.9 16.1 37.4 -11.7 -46.3
369 iCCup -13.5 -1.1 12.1 48.3 -1.3 -36.7
373 Na'Vi -12.7 -0.2 13.1 44.3 -5.3 -40.7
376 LGD.cn -11.9 0.8 14.3 40.3 -9.3 -44.7
377 LGD.cn -10.7 1.9 15.6 36.3 -13.3 -48.7
379 Na'Vi -9.8 3.0 16.9 32.3 -17.3 -52.7
384 Alliance -8.8 4.3 18.5 28.3 -21.3 -56.7
387 LGD.cn -7.6 5.7 20.1 24.3 -25.3 -60.7
388 Dignitas -6.6 6.9 21.9 20.3 -29.3 -64.7
389 iG -5.7 7.9 23.2 16.3 -33.3 -68.7
390 Na'Vi -4.3 9.5 25.0 12.3 -37.3 -72.7
392 Alliance -3.2 10.8 26.5 8.3 -41.3 -76.7
396 Liquid -2.6 11.5 27.5 4.3 -45.3 -80.7
398 Alliance -1.9 12.3 28.5 0.3 -49.3 -84.7
403 RStars -5.9 8.3 24.5 11.7 -38.7 -75.7
409 Orange -4.8 9.7 26.2 7.7 -42.7 -79.7
410 Alliance -4.1 10.6 27.3 3.7 -46.7 -83.7
414 Alliance -3.2 11.7 28.7 -0.3 -50.7 -87.7
416 4FC -7.2 7.7 24.7 18.2 -34.2 -73.8
417 mouz -11.2 3.7 20.7 32.1 -22.3 -63.8
421 Na'Vi -9.7 5.3 22.5 28.1 -26.3 -67.8
424 Kaipi -13.7 1.3 18.5 38.9 -15.5 -58.0
427 rox.KIS -12.4 2.7 20.1 34.9 -19.5 -62.0
430 rox.KIS -11.2 4.0 21.5 30.9 -23.5 -66.0
431 Quantic -10.2 5.3 23.1 26.9 -27.5 -70.0
432 Kaipi -8.6 6.7 24.7 22.9 -31.5 -74.0
433 DK -7.4 8.1 26.4 18.9 -35.5 -78.0
437 Quantic -6.4 9.1 27.7 14.9 -39.5 -82.0
439 Artyk -5.5 10.1 29.2 10.9 -43.5 -86.0
441 Na'Vi -4.6 11.1 30.4 6.9 -47.5 -90.0
443 Kaipi -8.6 7.1 26.4 19.6 -34.1 -78.1
444 Artyk -12.6 3.1 22.4 30.5 -23.9 -68.8
445 TM -11.5 4.5 24.0 26.5 -27.9 -72.8
446 Orange -10.6 5.5 25.2 22.5 -31.9 -76.8
447 DK -9.4 6.8 26.8 18.5 -35.9 -80.8
448 VP -13.4 2.8 22.8 29.6 -26.2 -72.4
451 Kaipi -12.5 3.8 24.0 25.6 -30.2 -76.4
453 Fnatic.eu -16.5 -0.2 20.0 38.7 -19.0 -67.4
461 Alliance -15.7 0.7 21.2 34.7 -23.0 -71.4
464 Fnatic.eu -14.2 2.2 22.8 30.7 -27.0 -75.4
465 Alliance -12.8 3.6 24.4 26.7 -31.0 -79.4
468 Quantic -11.3 5.1 26.1 22.7 -35.0 -83.4
471 4FC -15.3 1.1 22.1 35.9 -22.3 -72.5
475 Na'Vi -14.3 2.1 23.3 31.9 -26.3 -76.5
476 Na'Vi -12.8 3.7 25.1 27.9 -30.3 -80.5
479 4FC -11.7 4.9 26.6 23.9 -34.3 -84.5
480 Orange -10.7 6.1 28.1 19.9 -38.3 -88.5
484 Empire -14.7 2.1 24.1 36.6 -23.1 -76.6
486 Na'Vi -13.5 3.3 25.4 32.6 -27.1 -80.6
488 Fnatic.eu -17.5 -0.7 21.4 50.3 -12.3 -69.0
491 TM -16.2 1.0 23.3 46.3 -16.3 -73.0
492 iCCup -14.9 2.6 25.1 42.3 -20.3 -77.0
493 iCCup -13.9 3.8 26.5 38.3 -24.3 -81.0
494 zRage -17.9 -0.2 22.5 58.8 -6.1 -65.3
495 Artyk -16.7 1.4 24.5 54.8 -10.1 -69.3
498 mouz -15.5 2.7 26.1 50.8 -14.1 -73.3
499 Liquid -14.3 4.1 27.5 46.8 -18.1 -77.3
502 VP -13.6 4.9 28.5 42.8 -22.1 -81.3
503 Dignitas -12.8 5.9 29.8 38.8 -26.1 -85.3
505 Na'Vi -12.3 6.5 30.6 34.8 -30.1 -89.3
506 EG -11.5 7.4 31.8 30.8 -34.1 -93.3
507 Na'Vi -10.6 8.4 33.1 26.8 -38.1 -97.3
508 Na'Vi -10.1 9.0 33.8 22.8 -42.1 -101.3
512 Quantic -14.1 5.0 29.8 40.5 -26.9 -87.4
513 EG -18.1 1.0 25.8 53.8 -15.5 -77.2
514 Dignitas -22.1 -3.0 21.8 75.7 3.1 -61.2
520 Quantic -21.0 -1.7 23.4 71.7 -0.9 -65.2
522 Na'Vi -19.8 -0.3 25.0 67.7 -4.9 -69.2
524 Na'Vi -18.5 1.1 26.6 63.7 -8.9 -73.2
527 Na'Vi -17.5 2.2 28.0 59.7 -12.9 -77.2
528 Liquid -16.6 3.3 29.3 55.7 -16.9 -81.2
529 EG -15.9 4.1 30.2 51.7 -20.9 -85.2
531 Na'Vi -15.0 5.1 31.4 47.7 -24.9 -89.2
532 Empire -14.0 6.1 32.6 43.7 -28.9 -93.2
533 rox.KIS -12.9 7.1 33.6 39.7 -32.9 -97.2
536 Liquid -12.2 7.9 34.6 35.7 -36.9 -101.2
537 Liquid -11.6 8.6 35.5 31.7 -40.9 -105.2
538 Alliance -10.8 9.4 36.5 27.7 -44.9 -109.2
541 VP -9.8 10.7 37.9 23.7 -48.9 -113.2
542 Alliance -8.3 12.3 39.7 19.7 -52.9 -117.2
544 EG -12.3 8.3 35.7 29.9 -43.2 -108.1
549 Fnatic.eu -16.3 4.3 31.7 42.4 -32.2 -98.8
550 Kaipi -20.3 0.3 27.7 52.6 -21.7 -89.1
551 Kaipi -24.3 -3.7 23.7 62.7 -10.8 -78.4
553 TongFu -28.3 -7.7 19.7 78.5 4.1 -65.6
573 VP -32.3 -11.7 15.7 90.9 14.3 -56.9
574 Fnatic.eu -36.3 -15.7 11.7 102.8 24.7 -48.1
576 iCCup -40.3 -19.7 7.7 115.2 34.6 -39.6
580 VP -39.3 -18.5 9.1 111.2 30.6 -43.6
587 Alliance -37.9 -17.2 10.5 107.2 26.6 -47.6
600 mouz -41.9 -21.2 6.5 119.6 38.4 -37.1
604 Orange -40.8 -20.0 8.0 115.6 34.4 -41.1
608 Alliance -39.5 -18.5 9.7 111.6 30.4 -45.1
615 Orange -38.2 -17.1 11.3 107.6 26.4 -49.1
617 VP -36.8 -15.5 13.1 103.6 22.4 -53.1
618 Alliance -35.6 -14.1 14.7 99.6 18.4 -57.1
621 iCCup -39.6 -18.1 10.7 113.2 31.5 -46.6
628 EG -38.7 -17.1 11.9 109.2 27.5 -50.6
631 Alliance -37.8 -15.9 13.4 105.2 23.5 -54.6
635 Dignitas -36.4 -14.4 15.2 101.2 19.5 -58.6
636 EG -35.7 -13.5 16.3 97.2 15.5 -62.6
642 Alliance -34.7 -12.3 17.8 93.2 11.5 -66.6
644 rox.KIS -38.7 -16.3 13.8 104.0 21.6 -57.8
651 Denial -42.7 -20.3 9.8 122.0 37.0 -45.8
653 VG -46.7 -24.3 5.8 137.0 50.1 -35.0
656 Na'Vi -45.6 -23.1 7.3 133.0 46.1 -39.0
658 mouz -49.6 -27.1 3.3 144.5 56.2 -29.2
659 Na'Vi -48.0 -25.5 5.0 140.5 52.2 -33.2
660 RS -52.0 -29.5 1.0 153.0 63.5 -23.6
664 RStars -56.0 -33.5 -3.0 169.1 76.9 -12.4
668 mouz -55.2 -32.5 -1.7 165.1 72.9 -16.4
670 EG -54.2 -31.4 -0.3 161.1 68.9 -20.4
671 Fnatic.eu -53.3 -30.4 0.9 157.1 64.9 -24.4
674 mouz -52.6 -29.5 2.0 153.1 60.9 -28.4
678 Kaipi -56.6 -33.5 -2.0 171.8 77.4 -14.8
692 Na'Vi -55.0 -31.9 -0.2 167.8 73.4 -18.8
699 Alliance -53.9 -30.6 1.3 163.8 69.4 -22.8
700 Orange -52.5 -29.2 3.0 159.8 65.4 -26.8
702 Na'Vi -51.6 -28.2 4.2 155.8 61.4 -30.8
703 mouz -50.7 -27.2 5.5 151.8 57.4 -34.8
712 Na'Vi -49.8 -26.1 6.8 147.8 53.4 -38.8
718 Dreamz -48.7 -24.9 8.3 143.8 49.4 -42.8
721 Mski -52.7 -28.9 4.3 153.2 59.5 -33.6
723 Kaipi -51.8 -27.9 5.5 149.2 55.5 -37.6
727 Fnatic.eu -55.8 -31.9 1.5 166.0 70.0 -26.1
729 DK -54.8 -30.4 3.3 162.0 66.0 -30.1
730 LGD.cn -54.0 -29.4 4.4 158.0 62.0 -34.1
732 Alliance -52.9 -28.1 6.0 154.0 58.0 -38.1
745 Dignitas -56.9 -32.1 2.0 175.5 72.5 -26.4
746 DK -56.2 -31.2 3.0 171.5 68.5 -30.4
748 Na'Vi -55.0 -29.9 4.6 167.5 64.5 -34.4
749 Liquid -59.0 -33.9 0.6 180.0 74.5 -24.5
751 Alliance -58.2 -32.8 2.0 176.0 70.5 -28.5
754 Na'Vi -57.5 -32.0 2.9 172.0 66.5 -32.5
757 Alliance -55.9 -30.5 4.4 168.0 62.5 -36.5
758 iG -54.4 -28.7 6.2 164.0 58.5 -40.5
761 Fnatic.eu -53.7 -27.9 7.1 160.0 54.5 -44.5
766 Alliance -52.8 -26.9 8.2 156.0 50.5 -48.5
767 LGD.int -56.8 -30.9 4.2 172.0 64.4 -36.6
769 mouz -55.9 -29.9 5.4 168.0 60.4 -40.6
770 LGD.cn -54.3 -28.2 7.2 164.0 56.4 -44.6
771 Na'Vi -53.1 -26.9 8.6 160.0 52.4 -48.6
773 Alliance -52.4 -26.1 9.5 156.0 48.4 -52.6
776 Orange -51.1 -24.7 11.1 152.0 44.4 -56.6
779 Zenith -50.2 -23.7 12.3 148.0 40.4 -60.6
781 Alliance -49.3 -22.7 13.4 144.0 36.4 -64.6
783 TongFu -48.4 -21.8 14.4 140.0 32.4 -68.6
786 Na'Vi -47.4 -20.7 15.7 136.0 28.4 -72.6
793 Alliance -46.2 -19.4 17.3 132.0 24.4 -76.6
795 Liquid -45.3 -18.4 18.5 128.0 20.4 -80.6
797 Liquid -49.3 -22.4 14.5 141.8 31.8 -71.0
799 Alliance -48.2 -21.2 16.0 137.8 27.8 -75.0
800 Na'Vi -46.8 -19.8 17.5 133.8 23.8 -79.0
803 Orange -50.8 -23.8 13.5 145.7 33.4 -70.8
811 RStars -49.6 -22.3 15.3 141.7 29.4 -74.8
812 Empire -48.6 -21.1 16.9 137.7 25.4 -78.8
813 Empire -47.7 -20.2 18.1 133.7 21.4 -82.8
815 TTD -46.4 -18.8 19.8 129.7 17.4 -86.8
816 Kaipi -45.1 -17.4 21.3 125.7 13.4 -90.8
818 FD -43.9 -16.2 22.8 121.7 9.4 -94.8
820 4FC -43.2 -15.4 23.8 117.7 5.4 -98.8
821 4++ -47.2 -19.4 19.8 132.0 20.6 -86.9
822 MiTH -46.2 -18.1 21.3 128.0 16.6 -90.9
829 TLP -50.2 -22.1 17.3 141.9 28.5 -81.5
832 CDCD -54.2 -26.1 13.3 165.1 46.9 -65.7
833 Menace -58.2 -30.1 9.3 178.0 58.0 -56.7
841 VP -57.2 -29.0 10.7 174.0 54.0 -60.7
844 Kaipi -55.9 -27.7 12.3 170.0 50.0 -64.7
851 VP -54.9 -26.5 13.8 166.0 46.0 -68.7
856 Empire -53.4 -25.0 15.5 162.0 42.0 -72.7
859 FSid3 -57.4 -29.0 11.5 171.8 52.7 -62.9
862 rox.KIS -55.9 -27.7 13.0 167.8 48.7 -66.9
864 Poseidon -54.8 -26.4 14.5 163.8 44.7 -70.9
865 Mski -53.8 -25.3 15.9 159.8 40.7 -74.9
866 Poseidon -52.9 -24.4 17.0 155.8 36.7 -78.9
867 Dreamz -51.8 -23.1 18.6 151.8 32.7 -82.9
871 Next.kz -50.7 -21.9 20.0 147.8 28.7 -86.9
873 PR -54.7 -25.9 16.0 168.5 46.3 -72.3
877 Mski -53.7 -24.5 17.7 164.5 42.3 -76.3
878 Lowyat -57.7 -28.5 13.7 178.2 53.7 -66.8
883 Kaipi -56.5 -27.1 15.3 174.2 49.7 -70.8
886 Fnatic.eu -55.1 -25.6 17.1 170.2 45.7 -74.8
889 Next.kz -53.8 -24.3 18.6 166.2 41.7 -78.8
893 Menace -57.8 -28.3 14.6 176.4 51.8 -69.9
899 Menace -56.5 -27.1 16.0 172.4 47.8 -73.9
901 Fnatic.eu -55.1 -25.8 17.5 168.4 43.8 -77.9
903 Kaipi -53.9 -24.5 19.0 164.4 39.8 -81.9
905 Dignitas -53.1 -23.6 20.1 160.4 35.8 -85.9
906 Dignitas -52.2 -22.6 21.3 156.4 31.8 -89.9
908 iG -51.5 -21.8 22.3 152.4 27.8 -93.9
911 4FC -55.5 -25.8 18.3 165.7 41.4 -82.5
915 Fnatic.eu -54.7 -24.8 19.5 161.7 37.4 -86.5
916 Property -58.7 -28.8 15.5 174.4 48.0 -77.2
917 Menace -62.7 -32.8 11.5 185.3 58.9 -67.7
919 LGD.cn -61.4 -31.3 13.2 181.3 54.9 -71.7
920 TongFu -60.8 -30.6 14.1 177.3 50.9 -75.7
921 Alliance -59.8 -29.6 15.4 173.3 46.9 -79.7
925 Empire -58.5 -28.3 16.9 169.3 42.9 -83.7
926 Empire -57.1 -26.7 18.6 165.3 38.9 -87.7
927 iG -55.6 -25.3 20.1 161.3 34.9 -91.7
931 Alliance -54.7 -24.4 21.1 157.3 30.9 -95.7
937 OguraYui -58.7 -28.4 17.1 168.4 43.5 -84.9
941 Alliance -57.8 -27.4 18.2 164.4 39.5 -88.9
944 Imp -61.8 -31.4 14.2 175.6 50.3 -79.0
949 VP -60.5 -30.1 15.7 171.6 46.3 -83.0
950 Kaipi -59.5 -28.9 17.2 167.6 42.3 -87.0
951 Mski -58.5 -27.8 18.5 163.6 38.3 -91.0
954 Cascade -62.5 -31.8 14.5 177.0 49.9 -81.0
956 Alliance -62.0 -31.3 15.2 173.0 45.9 -85.0
957 Na'Vi -61.2 -30.6 16.1 169.0 41.9 -89.0
958 PR -65.2 -34.6 12.1 193.7 65.9 -68.2
959 Kaipi -64.4 -33.6 13.2 189.7 61.9 -72.2
960 Kaipi -63.7 -32.7 14.4 185.7 57.9 -76.2
963 Na'Vi -62.3 -31.3 16.0 181.7 53.9 -80.2
964 Alliance -61.1 -30.0 17.5 177.7 49.9 -84.2
967 mouz -59.7 -28.5 19.2 173.7 45.9 -88.2
972 Aspera -63.7 -32.5 15.2 195.6 64.9 -72.3
975 Dignitas -62.9 -31.5 16.5 191.6 60.9 -76.3
982 Fnatic.eu -62.1 -30.7 17.5 187.6 56.9 -80.3
986 Na'Vi -61.1 -29.5 18.9 183.6 52.9 -84.3
988 4FC -65.1 -33.5 14.9 193.2 63.0 -75.3
990 Kaipi -64.3 -32.6 16.0 189.2 59.0 -79.3
991 Empire -68.3 -36.6 12.0 200.1 68.4 -71.4
997 PR -72.3 -40.6 8.0 217.7 83.2 -59.7
1005 Dignitas -76.3 -44.6 4.0 229.8 93.1 -51.3
1008 Menace -80.3 -48.6 3.5527136788e-15 241.9 105.4 -40.4
1009 Kaipi -79.4 -47.7 1.1 237.9 101.4 -44.4
1012 DK -78.1 -46.2 2.9 233.9 97.4 -48.4
1017 Na'Vi -77.3 -45.3 3.9 229.9 93.4 -52.4
1018 Alliance -76.5 -44.4 5.1 225.9 89.4 -56.4
1021 Na'Vi -75.3 -43.2 6.5 221.9 85.4 -60.4
1022 LGD.cn -74.2 -41.9 7.9 217.9 81.4 -64.4
1025 Dignitas -73.4 -41.0 9.1 213.9 77.4 -68.4
1028 4FC -77.4 -45.0 5.1 224.4 88.9 -58.4
1030 Na'Vi -76.6 -44.1 6.1 220.4 84.9 -62.4
1032 Na'Vi -75.7 -43.0 7.4 216.4 80.9 -66.4
1034 Alliance -75.0 -42.2 8.4 212.4 76.9 -70.4
1035 Alliance -74.3 -41.5 9.2 208.4 72.9 -74.4
1037 VP -78.3 -45.5 5.2 220.4 82.1 -66.5
1039 Ahead.kz -82.3 -49.5 1.2 241.7 103.9 -48.6
1041 Alliance -81.3 -48.2 2.7 237.7 99.9 -52.6
1045 iG -80.4 -46.8 4.4 233.7 95.9 -56.6
1046 Liquid -79.3 -45.6 5.8 229.7 91.9 -60.6
1050 Alliance -78.5 -44.7 6.9 225.7 87.9 -64.6
1051 iG -77.7 -43.7 8.1 221.7 83.9 -68.6
1055 Alliance -77.1 -43.0 9.0 217.7 79.9 -72.6
1063 Alliance -76.4 -42.2 9.9 213.7 75.9 -76.6
1064 Alliance -75.6 -41.3 10.9 209.7 71.9 -80.6
1065 SSD -74.6 -39.8 12.6 205.7 67.9 -84.6
1067 Hearts -73.1 -38.2 14.4 201.7 63.9 -88.6
1073 Titan -71.6 -36.7 16.0 197.7 59.9 -92.6
1077 StayFree -70.5 -35.2 17.8 193.7 55.9 -96.6
1081 Na'Vi -69.8 -34.4 18.8 189.7 51.9 -100.6
1082 Fnatic.eu -69.0 -33.5 19.8 185.7 47.9 -104.6
1083 Titan -68.2 -32.6 21.0 181.7 43.9 -108.6
1085 FD -67.4 -31.5 22.4 177.7 39.9 -112.6
1088 FXopen -66.5 -30.2 23.9 173.7 35.9 -116.6
1089 Imp -65.8 -29.2 25.0 169.7 31.9 -120.6
1090 MiTH -65.1 -28.3 26.1 165.7 27.9 -124.6
1091 Na'Vi -64.2 -27.3 27.4 161.7 23.9 -128.6
1092 ONE.dota -68.2 -31.3 23.4 172.9 35.5 -118.4
1095 Arcanys -72.2 -35.3 19.4 194.4 52.8 -104.9
1096 VG -71.2 -33.9 21.1 190.4 48.8 -108.9
1097 FD -70.5 -33.0 22.4 186.4 44.8 -112.9
1098 Lowyat -74.5 -37.0 18.4 197.0 55.0 -104.2
1101 Fnatic.eu -73.5 -35.8 19.9 193.0 51.0 -108.2
1104 Poseidon -77.5 -39.8 15.9 209.0 65.2 -97.0
1105 Na'Vi -76.7 -38.9 17.0 205.0 61.2 -101.0
1111 LGD.int -75.7 -37.8 18.4 201.0 57.2 -105.0
1112 DK -75.2 -37.1 19.2 197.0 53.2 -109.0
1114 Na'Vi -74.5 -36.3 20.2 193.0 49.2 -113.0
1117 VG -73.8 -35.5 21.2 189.0 45.2 -117.0
1118 LGD.cn -73.4 -34.9 22.0 185.0 41.2 -121.0
1120 Ahead.kz -72.1 -33.4 23.8 181.0 37.2 -125.0
1122 PR -70.6 -32.2 25.1 177.0 33.2 -129.0
1123 Na'Vi -70.2 -31.6 25.8 173.0 29.2 -133.0
1125 Empire -68.6 -30.0 27.4 169.0 25.2 -137.0
1126 Life -72.6 -34.0 23.4 179.4 39.3 -124.1
1129 iG -72.1 -33.3 24.2 175.4 35.3 -128.1
1131 Na'Vi -71.1 -32.3 25.4 171.4 31.3 -132.1
1132 Fnatic.eu -70.2 -31.2 26.6 167.4 27.3 -136.1
1135 Empire -69.2 -30.1 27.9 163.4 23.3 -140.1
1136 Empire -67.8 -28.5 29.7 159.4 19.3 -144.1
1137 TakeFive -71.8 -32.5 25.7 170.2 32.4 -132.8
1143 DK -71.3 -31.8 26.6 166.2 28.4 -136.8
1144 VG -75.3 -35.8 22.6 180.8 41.7 -126.4
1146 iG -74.9 -35.2 23.3 176.8 37.7 -130.4
1147 LGD.cn -73.7 -33.8 25.0 172.8 33.7 -134.4
1149 Na'Vi -72.8 -32.8 26.3 168.8 29.7 -138.4
1151 Alliance -72.3 -32.1 27.1 164.8 25.7 -142.4
1155 Empire -71.2 -30.6 28.8 160.8 21.7 -146.4
1156 iG -70.1 -29.0 30.7 156.8 17.7 -150.4
1157 Na'Vi -69.3 -28.1 31.7 152.8 13.7 -154.4
1159 SAfrica -68.2 -26.7 33.5 148.8 9.7 -158.4
1165 Titan -72.2 -30.7 29.5 159.3 21.1 -148.3
1169 DK -71.8 -30.1 30.3 155.3 17.1 -152.3
1171 Empire -71.0 -29.1 31.5 151.3 13.1 -156.3
1172 Speed -75.0 -33.1 27.5 170.2 33.9 -136.2
1174 Fnatic -73.7 -31.8 28.9 166.2 29.9 -140.2
1175 TongFu -73.0 -30.9 30.1 162.2 25.9 -144.2
1176 LGD.cn -77.0 -34.9 26.1 173.9 35.5 -136.0
1177 TongFu -75.5 -33.5 27.7 169.9 31.5 -140.0
1178 DK -75.1 -33.0 28.4 165.9 27.5 -144.0
1181 Alliance -74.4 -32.1 29.5 161.9 23.5 -148.0
1183 Speed -73.0 -30.8 31.0 157.9 19.5 -152.0
1185 Liquid -77.0 -34.8 27.0 178.5 40.3 -132.7
1188 LGD.int -76.4 -34.0 27.9 174.5 36.3 -136.7
1189 EG -75.3 -32.6 29.7 170.5 32.3 -140.7
1190 TongFu -74.5 -31.5 31.1 166.5 28.3 -144.7
1191 DK -74.1 -30.8 31.9 162.5 24.3 -148.7
1192 Na'Vi -73.3 -29.9 33.2 158.5 20.3 -152.7
1194 Dignitas -71.8 -28.4 34.9 154.5 16.3 -156.7
1195 VG -71.3 -27.7 35.7 150.5 12.3 -160.7
1196 LGD.cn -70.8 -27.0 36.6 146.5 8.3 -164.7
1197 CSW -69.4 -25.3 38.4 142.5 4.3 -168.7
1200 Liquid -67.8 -23.9 39.9 138.5 0.3 -172.7
1202 SSD -66.5 -22.4 41.7 134.5 -3.7 -176.7
1203 TongFu -66.1 -21.8 42.4 130.5 -7.7 -180.7
1204 iG -65.4 -20.9 43.4 126.5 -11.7 -184.7
1205 HR -69.4 -24.9 39.4 138.9 3.4 -171.3
1206 EG -67.9 -23.8 40.6 134.9 -0.6 -175.3
1210 Liquid -71.9 -27.8 36.6 147.2 11.9 -164.5
1215 iG -71.5 -27.1 37.4 143.2 7.9 -168.5
1220 Empire -70.2 -25.5 39.3 139.2 3.9 -172.5
1223 DK -69.3 -24.3 40.8 135.2 -0.1 -176.5
1230 Property -73.3 -28.3 36.8 147.9 10.3 -167.9
1232 Alliance -72.4 -27.4 37.9 143.9 6.3 -171.9
1235 TongFu -76.4 -31.4 33.9 161.8 20.3 -161.2
1238 LGD.cn -75.8 -30.5 35.1 157.8 16.3 -165.2
1243 Alliance -75.1 -29.7 36.2 153.8 12.3 -169.2
1245 Speed -74.1 -28.4 37.8 149.8 8.3 -173.2
1247 iG -73.7 -27.8 38.6 145.8 4.3 -177.2
1253 LGD.int -77.7 -31.8 34.6 174.5 24.7 -161.1
1256 RS -76.8 -30.8 35.9 170.5 20.7 -165.1
1257 mouz -80.8 -34.8 31.9 182.3 30.5 -156.7
1262 iG -79.7 -33.4 33.5 178.3 26.5 -160.7
1263 LGD.cn -79.0 -32.5 34.6 174.3 22.5 -164.7
1264 DK -78.3 -31.7 35.6 170.3 18.5 -168.7
1266 Alliance -77.6 -30.9 36.6 166.3 14.5 -172.7
1267 Na'Vi -76.2 -29.3 38.4 162.3 10.5 -176.7
1268 Mski -75.1 -27.9 40.0 158.3 6.5 -180.7
1269 Orange -74.1 -26.9 41.3 154.3 2.5 -184.7
1273 RS -78.1 -30.9 37.3 167.0 13.7 -174.6
1274 LGD.cn -76.6 -29.4 38.9 163.0 9.7 -178.6
1278 Lowyat -80.6 -33.4 34.9 175.2 25.1 -164.6
1279 Titan -79.5 -32.3 36.2 171.2 21.1 -168.6
1283 Speed -78.3 -31.1 37.4 167.2 17.1 -172.6
1284 Alliance -77.5 -30.3 38.4 163.2 13.1 -176.6
1293 TongFu -76.5 -29.2 39.8 159.2 9.1 -180.6
1294 VG -80.5 -33.2 35.8 173.0 22.3 -169.9
1299 EG -79.4 -32.0 37.1 169.0 18.3 -173.9
1301 Hearts -78.1 -30.4 38.9 165.0 14.3 -177.9
1303 Sigma.int -77.2 -29.2 40.4 161.0 10.3 -181.9
1305 Empire -76.6 -28.4 41.3 157.0 6.3 -185.9
1306 FXopen -75.5 -27.0 42.9 153.0 2.3 -189.9
1307 LGD.int -74.6 -26.0 44.1 149.0 -1.7 -193.9
1308 LGD.cn -73.9 -25.2 45.1 145.0 -5.7 -197.9
1310 Sigma.int -73.2 -24.4 46.1 141.0 -9.7 -201.9
1314 TongFu -72.8 -23.8 46.8 137.0 -13.7 -205.9
1315 Empire -72.0 -22.9 47.8 133.0 -17.7 -209.9
1316 VG -71.3 -22.0 48.9 129.0 -21.7 -213.9
1317 Na'Vi -70.3 -20.9 50.3 125.0 -25.7 -217.9
1318 QPandas -74.3 -24.9 46.3 138.6 -12.2 -205.0
1321 Fnatic.eu -73.6 -24.2 46.9 134.6 -16.2 -209.0
1322 DK -73.2 -23.7 47.6 130.6 -20.2 -213.0
1323 VG -72.4 -22.7 48.9 126.6 -24.2 -217.0
1324 VG -76.4 -26.7 44.9 140.8 -9.7 -204.8
1325 Kawai -80.4 -30.7 40.9 152.9 0.2 -195.5
1326 Dignitas -84.4 -34.7 36.9 165.9 12.2 -185.4
1327 Speed -83.8 -34.0 37.8 161.9 8.2 -189.4
1329 Alliance -83.2 -33.3 38.6 157.9 4.2 -193.4
1331 Na'Vi -82.0 -32.3 39.8 153.9 0.2 -197.4
1332 Fnatic.eu -86.0 -36.3 35.8 164.0 11.9 -187.1
1333 Alliance -85.2 -35.5 36.8 160.0 7.9 -191.1
1335 LGD.int -84.0 -34.1 38.4 156.0 3.9 -195.1
1336 TongFu -83.0 -33.2 39.4 152.0 -0.1 -199.1
1338 Liquid -81.6 -31.7 41.1 148.0 -4.1 -203.1
1340 Fnatic.eu -80.7 -30.7 42.3 144.0 -8.1 -207.1
1341 Alliance -80.2 -30.1 43.0 140.0 -12.1 -211.1
1345 Sigma.int -79.0 -28.6 44.8 136.0 -16.1 -215.1
1351 VG -78.6 -27.9 45.6 132.0 -20.1 -219.1
1352 DK -78.0 -27.3 46.4 128.0 -24.1 -223.1
1354 VP -82.0 -31.3 42.4 140.9 -11.9 -212.2
1355 Alliance -80.8 -30.0 44.0 136.9 -15.9 -216.2
1356 Alliance -79.5 -28.8 45.3 132.9 -19.9 -220.2
1357 Na'Vi -78.4 -27.8 46.4 128.9 -23.9 -224.2
1359 LGD.cn -78.1 -27.3 47.0 124.9 -27.9 -228.2
1360 iG -77.7 -26.8 47.6 120.9 -31.9 -232.2
1361 Dignitas -77.0 -26.0 48.6 116.9 -35.9 -236.2
1362 Speed -76.6 -25.5 49.3 112.9 -39.9 -240.2
1365 Alliance -75.9 -24.8 50.1 108.9 -43.9 -244.2
1366 Alliance -75.5 -24.3 50.7 104.9 -47.9 -248.2
1368 Fnatic.eu -74.3 -23.1 52.0 100.9 -51.9 -252.2
1369 Na'Vi -73.6 -22.3 52.9 96.9 -55.9 -256.2
1370 LGD.int -77.6 -26.3 48.9 106.1 -45.5 -246.7
1372 VP -81.6 -30.3 44.9 124.0 -30.3 -234.0
1373 Liquid -80.3 -29.0 46.4 120.0 -34.3 -238.0
1377 LGD.cn -78.8 -27.4 48.2 116.0 -38.3 -242.0
1379 Fnatic.eu -77.7 -26.2 49.6 112.0 -42.3 -246.0
1380 Liquid -76.6 -25.0 51.0 108.0 -46.3 -250.0
1381 Liquid -80.6 -29.0 47.0 122.9 -32.3 -238.1
1382 Titan -79.8 -28.0 48.3 118.9 -36.3 -242.1
1384 Empire -79.1 -27.2 49.3 114.9 -40.3 -246.1
1386 StayFree -83.1 -31.2 45.3 125.3 -30.2 -237.1
1388 iG -82.6 -30.5 46.1 121.3 -34.2 -241.1
1389 RStars -81.9 -29.5 47.5 117.3 -38.2 -245.1
1390 Alliance -81.4 -28.9 48.2 113.3 -42.2 -249.1
1391 Fnatic.eu -80.2 -27.6 49.8 109.3 -46.2 -253.1
1396 rox.KIS -84.2 -31.6 45.8 144.5 -18.5 -229.9
1399 EG -88.2 -35.6 41.8 159.5 -2.7 -216.6
1404 VG -87.3 -34.5 43.2 155.5 -6.7 -220.6
1405 Speed -86.5 -33.4 44.6 151.5 -10.7 -224.6
1412 DK -86.1 -32.7 45.5 147.5 -14.7 -228.6
1415 VP -90.1 -36.7 41.5 159.4 -2.0 -217.4
1423 Alliance -89.6 -36.1 42.2 155.4 -6.0 -221.4
1424 DK -89.3 -35.7 42.8 151.4 -10.0 -225.4
1425 VG -88.6 -34.9 43.8 147.4 -14.0 -229.4
1426 Speed -87.2 -33.4 45.5 143.4 -18.0 -233.4
1429 Empire -86.0 -32.2 46.9 139.4 -22.0 -237.4
1430 Na'Vi -85.1 -31.2 48.1 135.4 -26.0 -241.4
1431 DK -84.7 -30.7 48.7 131.4 -30.0 -245.4
1438 Liquid -84.0 -29.8 49.7 127.4 -34.0 -249.4
1439 Empire -88.0 -33.8 45.7 140.9 -19.4 -234.9
1442 LGD.int -87.6 -33.2 46.4 136.9 -23.4 -238.9
1443 TongFu -86.9 -32.4 47.4 132.9 -27.4 -242.9
1450 Na'Vi -86.0 -31.3 48.7 128.9 -31.4 -246.9
1451 Na'Vi -84.6 -29.9 50.1 124.9 -35.4 -250.9
1458 Fnatic.eu -88.6 -33.9 46.1 137.7 -23.0 -239.6
1459 Na'Vi -86.9 -32.4 47.8 133.7 -27.0 -243.6
1460 Alliance -86.0 -31.5 48.8 129.7 -31.0 -247.6
1462 rox.KIS -84.5 -30.0 50.5 125.7 -35.0 -251.6
1465 DK -83.0 -28.5 52.1 121.7 -39.0 -255.6
1466 4FC -87.0 -32.5 48.1 134.6 -26.2 -243.8
1473 LGD.cn -86.4 -31.7 49.1 130.6 -30.2 -247.8
1478 Alliance -85.2 -30.4 50.5 126.6 -34.2 -251.8
1479 Liquid -84.5 -29.6 51.5 122.6 -38.2 -255.8
1480 Na'Vi -82.8 -28.1 53.1 118.6 -42.2 -259.8
1482 Fnatic.eu -82.1 -27.2 54.3 114.6 -46.2 -263.8
1483 Sigma.int -86.1 -31.2 50.3 125.6 -33.8 -252.2
1490 EG -85.3 -30.2 51.4 121.6 -37.8 -256.2
1492 Alliance -84.0 -28.8 52.9 117.6 -41.8 -260.2
1494 Na'Vi -83.4 -28.1 53.7 113.6 -45.8 -264.2
1495 DK -82.3 -26.8 55.2 109.6 -49.8 -268.2
1497 Speed -86.3 -30.8 51.2 123.2 -37.9 -257.3
1498 Fnatic.eu -90.3 -34.8 47.2 139.3 -22.4 -242.6
1499 DK -89.5 -33.8 48.2 135.3 -26.4 -246.6
1500 Speed -88.8 -32.9 49.4 131.3 -30.4 -250.6
1501 Liquid -92.8 -36.9 45.4 144.7 -17.3 -238.8
1506 Liquid -91.5 -35.5 46.9 140.7 -21.3 -242.8
1508 Alliance -90.9 -34.7 47.7 136.7 -25.3 -246.8
1510 Na'Vi -89.4 -33.1 49.5 132.7 -29.3 -250.8
1511 Sigma.int -88.9 -32.4 50.2 128.7 -33.3 -254.8
1512 Alliance -88.0 -31.4 51.4 124.7 -37.3 -258.8
1513 DK -87.7 -30.9 52.0 120.7 -41.3 -262.8
1515 Speed -91.7 -34.9 48.0 131.7 -30.5 -253.0
1523 SSD -95.7 -38.9 44.0 145.1 -17.2 -241.7
1527 VP -94.6 -37.5 45.6 141.1 -21.2 -245.7
1528 TongFu -93.9 -36.7 46.6 137.1 -25.2 -249.7
1529 LGD.int -93.3 -35.9 47.6 133.1 -29.2 -253.7
1531 Aspera -91.9 -34.4 49.3 129.1 -33.2 -257.7
1533 OsG -95.9 -38.4 45.3 142.3 -20.7 -247.4
1537 FL -99.9 -42.4 41.3 152.1 -9.5 -237.8
1546 iG -98.7 -41.0 43.0 148.1 -13.5 -241.8
1547 Fnatic.eu -102.7 -45.0 39.0 158.0 -3.3 -232.2
1549 VG -102.1 -44.1 40.2 154.0 -7.3 -236.2
1550 DK -101.4 -43.3 41.2 150.0 -11.3 -240.2
1568 Next.kz -100.2 -41.8 42.9 146.0 -15.3 -244.2
1572 Fnatic.eu -98.8 -40.5 44.3 142.0 -19.3 -248.2
1574 DK -97.7 -39.3 45.6 138.0 -23.3 -252.2
1579 DK -96.6 -37.8 47.3 134.0 -27.3 -256.2
1580 Alliance -95.5 -36.5 48.8 130.0 -31.3 -260.2
1582 PR -94.1 -35.2 50.2 126.0 -35.3 -264.2
1585 Fnatic.eu -93.2 -34.2 51.4 122.0 -39.3 -268.2
1589 FD -92.2 -33.1 52.7 118.0 -43.3 -272.2
1590 Orange -91.4 -32.1 54.0 114.0 -47.3 -276.2
1593 FD -90.7 -31.1 55.3 110.0 -51.3 -280.2
1598 Alliance -89.8 -30.1 56.4 106.0 -55.3 -284.2
1603 Fnatic.eu -88.3 -28.6 57.9 102.0 -59.3 -288.2
1604 Sigma.int -92.3 -32.6 53.9 112.4 -48.5 -278.1
1607 Idol -91.3 -31.2 55.6 108.4 -52.5 -282.1
1611 Sigma.int -90.3 -29.9 57.1 104.4 -56.5 -286.1
1613 Fnatic.eu -88.9 -28.5 58.7 100.4 -60.5 -290.1
1614 Alliance -88.3 -27.7 59.6 96.4 -64.5 -294.1
1620 VP -86.8 -26.3 61.2 92.4 -68.5 -298.1
1626 FD -85.9 -25.1 62.6 88.4 -72.5 -302.1
1628 Alliance -85.2 -24.4 63.5 84.4 -76.5 -306.1
1629 Fnatic.eu -84.7 -23.8 64.3 80.4 -80.5 -310.1
1631 VG -84.2 -23.1 65.3 76.4 -84.5 -314.1
1634 Alliance -83.5 -22.2 66.3 72.4 -88.5 -318.1
1636 Sigma.int -82.8 -21.4 67.4 68.4 -92.5 -322.1
1652 PR -81.7 -20.1 68.9 64.4 -96.5 -326.1
1654 MVP.P -80.7 -18.7 70.5 60.4 -100.5 -330.1
1656 HR -84.7 -22.7 66.5 69.4 -89.9 -320.3
1657 RRQ -84.0 -21.8 67.6 65.4 -93.9 -324.3
1660 Poseidon -88.0 -25.8 63.6 81.8 -79.3 -312.7
1662 Fnatic.eu -87.2 -24.8 64.8 77.8 -83.3 -316.7
1664 DK -86.5 -24.0 65.8 73.8 -87.3 -320.7
1665 LGD.cn -85.9 -23.3 66.8 69.8 -91.3 -324.7
1667 Fnatic.eu -84.4 -21.9 68.4 65.8 -95.3 -328.7
1668 Duskbin -83.6 -20.6 70.0 61.8 -99.3 -332.7
1674 Empire -82.4 -19.3 71.4 57.8 -103.3 -336.7
1676 TR -86.4 -23.3 67.4 72.0 -91.7 -326.9
1677 Na'Vi -85.2 -22.1 68.9 68.0 -95.7 -330.9
1678 Na'Vi -84.3 -21.0 70.1 64.0 -99.7 -334.9
1681 Mski -83.4 -19.9 71.4 60.0 -103.7 -338.9
1682 Lowyat -82.2 -18.6 73.0 56.0 -107.7 -342.9
1683 rox.KIS -80.9 -17.0 74.9 52.0 -111.7 -346.9
1684 Alliance -79.5 -15.7 76.3 48.0 -115.7 -350.9
1685 Alliance -79.0 -15.1 77.0 44.0 -119.7 -354.9
1686 Sigma.int -77.8 -13.9 78.4 40.0 -123.7 -358.9
1688 Fnatic.eu -76.4 -12.5 79.9 36.0 -127.7 -362.9
1689 iG -75.9 -11.9 80.6 32.0 -131.7 -366.9
1697 mouz -79.9 -15.9 76.6 48.9 -111.6 -346.8
1698 Alliance -78.4 -14.6 78.0 44.9 -115.6 -350.8
1699 OsG -82.4 -18.6 74.0 73.3 -89.3 -327.4
1701 TongFu -81.4 -17.6 75.1 69.3 -93.3 -331.4
1706 Sigma.int -80.5 -16.8 76.0 65.3 -97.3 -335.4
1707 mouz -79.3 -15.7 77.2 61.3 -101.3 -339.4
1708 HR -78.2 -14.4 78.8 57.3 -105.3 -343.4
1709 iG -76.8 -12.8 80.8 53.3 -109.3 -347.4
1709 iG -75.4 -11.2 82.8 49.3 -113.3 -351.4
1711 Next.kz -74.6 -10.2 84.0 45.3 -117.3 -355.4
1711 Next.kz -73.9 -9.3 85.0 41.3 -121.3 -359.4
1713 Alliance -72.3 -7.7 86.7 37.3 -125.3 -363.4
1714 rox.KIS -71.6 -6.8 87.7 33.3 -129.3 -367.4
1714 rox.KIS -70.7 -5.9 88.9 29.3 -133.3 -371.4
1720 Mski -69.8 -4.9 90.0 25.3 -137.3 -375.4
1721 Lowyat -68.7 -3.9 91.5 21.3 -141.3 -379.4
1722 Mski -67.9 -3.1 92.5 17.3 -145.3 -383.4
1725 VG -66.8 -1.9 93.9 13.3 -149.3 -387.4
1726 Lowyat -65.8 -0.9 95.1 9.3 -153.3 -391.4
1727 Mski -65.0 -1.47659662275e-14 96.0 5.3 -157.3 -395.4
1728 sQreen -69.0 -4.0 92.0 17.5 -144.8 -384.4
1730 rox.KIS -68.0 -2.6 93.5 13.5 -148.8 -388.4
1731 Empire -72.0 -6.6 89.5 25.7 -135.9 -377.1
1733 PR -76.0 -10.6 85.5 36.6 -125.4 -367.4
1735 Mski -75.2 -9.8 86.5 32.6 -129.4 -371.4
1744 Sigma.int -74.2 -8.5 88.0 28.6 -133.4 -375.4
1745 Na'Vi -73.5 -7.6 89.1 24.6 -137.4 -379.4
1746 Alliance -72.8 -6.8 90.2 20.6 -141.4 -383.4
1750 Alliance -72.1 -6.0 91.2 16.6 -145.4 -387.4
1751 Na'Vi -71.2 -5.0 92.4 12.6 -149.4 -391.4
1753 Na'Vi -69.9 -3.6 94.0 8.6 -153.4 -395.4
1754 TR -73.9 -7.6 90.0 21.5 -142.0 -385.7
1755 SSD -72.8 -6.2 91.7 17.5 -146.0 -389.7
1760 Duskbin -76.8 -10.2 87.7 27.0 -135.4 -379.8
1761 Mski -75.8 -8.9 89.1 23.0 -139.4 -383.8
1763 rox.KIS -74.9 -7.9 90.3 19.0 -143.4 -387.8
1764 Na'Vi -73.8 -6.8 91.6 15.0 -147.4 -391.8
1768 QPandas -77.8 -10.8 87.6 25.4 -137.6 -383.3
1771 VG -76.9 -9.6 89.2 21.4 -141.6 -387.3
1774 Idol -75.9 -8.1 91.1 17.4 -145.6 -391.3
1776 Fnatic.eu -74.8 -6.9 92.5 13.4 -149.6 -395.3
1777 PR -73.3 -5.3 94.3 9.4 -153.6 -399.3
1780 Titan -71.9 -3.7 96.1 5.4 -157.6 -403.3
1783 Titan -70.9 -2.7 97.4 1.4 -161.6 -407.3
1785 Fnatic.eu -69.8 -1.5 98.7 -2.6 -165.6 -411.3
1786 Fnatic.eu -68.4 -0.1 100.2 -6.6 -169.6 -415.3
1788 Sigma.int -67.8 0.6 101.1 -10.6 -173.6 -419.3
1790 Na'Vi -66.8 1.5 102.1 -14.6 -177.6 -423.3
1791 Revenge -70.8 -2.5 98.1 -5.2 -166.1 -411.7
1793 Fnatic.eu -69.5 -1.2 99.6 -9.2 -170.1 -415.7
1801 Na'Vi -67.8 0.2 101.2 -13.2 -174.1 -419.7
1802 PR -71.8 -3.8 97.2 -0.1 -158.2 -404.9
1803 Sigma.int -70.6 -2.4 98.7 -4.1 -162.2 -408.9
1804 DK -70.2 -1.8 99.4 -8.1 -166.2 -412.9
1805 VG -69.6 -1.1 100.3 -12.1 -170.2 -416.9
1807 LGD.cn -69.1 -0.5 101.1 -16.1 -174.2 -420.9
1808 iG -68.7 0.1 101.9 -20.1 -178.2 -424.9
1809 Titan -67.5 1.2 103.2 -24.1 -182.2 -428.9
1811 TongFu -66.6 2.1 104.3 -28.1 -186.2 -432.9
1814 LGD.cn -66.1 2.8 105.2 -32.1 -190.2 -436.9
1815 iG -65.2 4.2 106.9 -36.1 -194.2 -440.9
1817 Mski -64.0 5.4 108.3 -40.1 -198.2 -444.9
1820 Empire -63.1 6.3 109.4 -44.1 -202.2 -448.9
1821 QPandas -67.1 2.3 105.4 -33.3 -191.2 -439.3
1822 Fnatic.eu -66.6 2.9 106.1 -37.3 -195.2 -443.3
1826 Titan -65.6 3.9 107.2 -41.3 -199.2 -447.3
1827 MVP.P -64.7 5.1 108.6 -45.3 -203.2 -451.3
1828 TongFu -68.7 1.1 104.6 -30.9 -192.0 -441.5
1829 Sigma.int -67.4 2.8 106.6 -34.9 -196.0 -445.5
1833 Fnatic.eu -65.9 4.2 108.0 -38.9 -200.0 -449.5
1836 DK -64.5 5.8 109.8 -42.9 -204.0 -453.5
1837 Titan -62.9 7.3 111.5 -46.9 -208.0 -457.5
1840 PR -66.9 3.3 107.5 -34.7 -196.7 -447.0
1842 DK -65.6 4.9 109.3 -38.7 -200.7 -451.0
1846 DK -64.7 6.0 109.9 -42.7 -204.7 -455.0
1847 DK -63.9 7.1 111.2 -46.7 -208.7 -459.0
1850 rox.KIS -62.6 8.7 112.0 -50.7 -212.7 -463.0
1851 Alliance -61.9 9.6 112.6 -54.7 -216.7 -467.0
1853 Alliance -60.9 10.4 113.5 -58.7 -220.7 -471.0
1857 iG -60.2 11.3 114.6 -62.7 -224.7 -475.0
1860 Fnatic.eu -59.6 12.1 115.5 -66.7 -228.7 -479.0
1861 Sigma.int -58.6 13.3 117.0 -70.7 -232.7 -483.0
1862 Next.kz -62.6 9.3 113.0 -59.8 -222.1 -473.2
1863 Fnatic.eu -61.4 10.6 114.0 -63.8 -226.1 -477.2
1865 TongFu -60.6 11.6 115.2 -67.8 -230.1 -481.2
1867 Fnatic.eu -59.7 12.6 115.9 -71.8 -234.1 -485.2
1868 Na'Vi -59.0 13.4 116.4 -75.8 -238.1 -489.2
1870 FSid3 -63.0 9.4 112.4 -66.1 -226.6 -477.9
1874 Revenge -61.6 11.0 113.4 -70.1 -230.6 -481.9
1877 FD -60.0 12.7 114.7 -74.1 -234.6 -485.9
1878 Invasion -64.0 8.7 110.7 -62.5 -224.2 -472.0
1879 Orange -63.2 9.6 111.7 -66.5 -228.2 -476.0
1885 Mski -62.0 10.7 112.9 -70.5 -232.2 -480.0
1886 Invasion -60.7 12.1 113.9 -74.5 -236.2 -484.0
1887 Lowyat -59.4 13.5 115.3 -78.5 -240.2 -488.0
1889 Fnatic.eu -63.4 9.5 111.3 -61.3 -227.1 -476.2
1893 Mski -62.2 10.9 112.0 -65.3 -231.1 -480.2
1894 Spirit -66.2 6.9 108.0 -52.8 -219.6 -463.9
1898 Titan -64.9 8.6 108.8 -56.8 -223.6 -467.9
1906 5inQ -63.8 10.3 110.8 -60.8 -227.6 -471.9
1911 Titan -62.7 11.6 111.8 -64.8 -231.6 -475.9
1913 rox.KIS -61.3 13.2 113.1 -68.8 -235.6 -479.9
1916 rox.KIS -60.0 14.6 114.6 -72.8 -239.6 -483.9
1923 VP -58.5 16.3 116.4 -76.8 -243.6 -487.9
1925 PR -56.8 17.9 117.8 -80.8 -247.6 -491.9
1927 Titan -55.2 19.7 119.0 -84.8 -251.6 -495.9
1928 Zephyr -54.2 21.2 120.8 -88.8 -255.6 -499.9
1929 MVP -52.9 22.7 122.6 -92.8 -259.6 -503.9
1934 Sigma.int -56.9 18.7 118.6 -81.8 -248.2 -493.3
1935 EOT.Ham. -60.9 14.7 114.6 -66.3 -238.2 -485.2
1945 rox.KIS -59.8 16.0 115.4 -70.3 -242.2 -489.2
1948 Empire -58.8 17.1 116.8 -74.3 -246.2 -493.2
1949 EOT.Ham. -62.8 13.1 112.8 -63.4 -236.9 -485.2
1951 Empire -61.6 14.6 113.6 -67.4 -240.9 -489.2
1953 Fnatic.eu -60.6 15.8 114.6 -71.4 -244.9 -493.2
1954 Empire -59.7 16.8 115.8 -75.4 -248.9 -497.2
1956 rox.KIS -58.1 18.2 117.3 -79.4 -252.9 -501.2
1961 Fnatic.eu -57.3 19.1 117.9 -83.4 -256.9 -505.2
1964 Fnatic.eu -56.2 20.5 118.7 -87.4 -260.9 -509.2
1967 Liquid -54.8 21.6 120.0 -91.4 -264.9 -513.2
1971 Relax -58.8 17.6 116.0 -76.7 -252.1 -502.4
1972 PR -62.8 13.6 112.0 -66.7 -243.6 -486.9
1973 Sigma.int -61.6 15.2 112.8 -70.7 -247.6 -490.9
1975 Fnatic.eu -60.9 16.0 113.2 -74.7 -251.6 -494.9
1981 Liquid -60.0 17.2 114.7 -78.7 -255.6 -498.9
1982 Speed -59.0 18.4 115.6 -82.7 -259.6 -502.9
1984 Empire -58.1 19.4 116.4 -86.7 -263.6 -506.9
1985 SADBOYS -62.1 15.4 112.4 -76.9 -254.9 -496.6
1992 Speed -61.2 16.5 113.8 -80.9 -258.9 -500.6
2001 Speed -60.3 17.8 115.3 -84.9 -262.9 -504.6
2009 Fnatic.eu -58.8 19.5 116.6 -88.9 -266.9 -508.6
2010 Na'Vi -57.3 21.1 118.2 -92.9 -270.9 -512.6
2014 Speed -56.1 22.4 119.1 -96.9 -274.9 -516.6
2015 Speed -55.3 23.3 120.3 -100.9 -278.9 -520.6
2019 Na'Vi -53.9 24.7 121.9 -104.9 -282.9 -524.6
2022 Liquid -53.0 25.7 122.5 -108.9 -286.9 -528.6
2023 SADBOYS -52.3 26.6 123.6 -112.9 -290.9 -532.6
2024 SADBOYS -50.9 28.1 124.3 -116.9 -294.9 -536.6
2029 Empire -49.8 29.4 125.0 -120.9 -298.9 -540.6
2032 Liquid -48.9 30.4 126.1 -124.9 -302.9 -544.6
2034 Denial -52.9 26.4 122.1 -114.6 -293.0 -534.2
2035 SADBOYS -51.9 27.5 122.7 -118.6 -297.0 -538.2
2048 Arrow -50.2 29.6 123.7 -122.6 -301.0 -542.2
2053 SADBOYS -49.4 30.7 124.1 -126.6 -305.0 -546.2
2054 Empire -48.4 32.0 125.7 -130.6 -309.0 -550.2
2055 Na'Vi -47.4 33.2 126.4 -134.6 -313.0 -554.2
2058 Cloud9 -46.5 34.5 126.8 -138.6 -317.0 -558.2
2059 Empire -45.6 35.5 127.9 -142.6 -321.0 -562.2
2061 rox.KIS -49.6 31.5 123.9 -127.0 -306.3 -549.1
2064 Cloud9 -48.6 32.7 125.4 -131.0 -310.3 -553.1
2066 Alliance -47.4 33.9 126.7 -135.0 -314.3 -557.1
2067 Na'Vi -46.6 34.8 127.7 -139.0 -318.3 -561.1
2068 Fnatic.eu -45.6 35.9 128.6 -143.0 -322.3 -565.1
2076 Courage -49.6 31.9 124.6 -130.2 -311.5 -543.0
2080 rox.KIS -53.6 27.9 120.6 -113.9 -295.6 -529.7
2082 rox.KIS -52.6 29.1 121.9 -117.9 -299.6 -533.7
2083 PR -51.7 30.1 123.0 -121.9 -303.6 -537.7
2087 Liquid -50.4 31.5 123.9 -125.9 -307.6 -541.7
2089 SADBOYS -49.5 32.6 125.4 -129.9 -311.6 -545.7
2095 Titan -48.1 34.3 126.0 -133.9 -315.6 -549.7
2097 rox.KIS -46.7 35.9 126.8 -137.9 -319.6 -553.7
2098 Zephyr -45.6 37.0 128.2 -141.9 -323.6 -557.7
2100 PR -44.2 38.5 129.4 -145.9 -327.6 -561.7
2113 TCN -42.6 40.5 130.5 -149.9 -331.6 -565.7
2119 Empire -41.9 41.4 131.0 -153.9 -335.6 -569.7
2121 Relax -40.8 42.7 132.1 -157.9 -339.6 -573.7
2123 rox.KIS -39.9 43.8 132.8 -161.9 -343.6 -577.7
2131 Titan -39.2 44.7 133.9 -165.9 -347.6 -581.7
2133 Next.kz -43.2 40.7 129.9 -149.6 -332.8 -561.6
2138 Liquid -42.2 41.8 130.6 -153.6 -336.8 -565.6
2141 WWD -40.7 43.3 132.4 -157.6 -340.8 -569.6
2143 MiTH -39.2 44.8 133.7 -161.6 -344.8 -573.6
2147 Na'Vi -38.1 46.0 135.0 -165.6 -348.8 -577.6
2148 PR -42.1 42.0 131.0 -153.6 -339.0 -569.4
2152 Relax -46.1 38.0 127.0 -143.4 -329.3 -559.7
2156 Cloud9 -45.1 39.2 127.7 -147.4 -333.3 -563.7
2158 Denial -49.1 35.2 123.7 -137.6 -324.0 -551.7
2159 SADBOYS -48.4 36.1 124.8 -141.6 -328.0 -555.7
2160 Dog -47.0 37.9 126.8 -145.6 -332.0 -559.7
2162 Orange -46.1 39.0 128.0 -149.6 -336.0 -563.7
2165 TR -50.1 35.0 124.0 -135.5 -323.4 -544.2
2172 Na'Vi -49.0 36.3 124.8 -139.5 -327.4 -548.2
2175 Liquid -48.1 37.3 126.1 -143.5 -331.4 -552.2
2178 VP -46.8 38.7 127.3 -147.5 -335.4 -556.2
2181 MiT -50.8 34.7 123.3 -134.9 -323.1 -545.0
2185 Scythe -49.5 36.4 123.8 -138.9 -327.1 -549.0
2187 Titan -48.9 37.2 124.8 -142.9 -331.1 -553.0
2188 Everlast -52.9 33.2 120.8 -127.3 -318.6 -542.3
2190 VP -51.7 34.3 122.0 -131.3 -322.6 -546.3
2197 Empire -50.9 35.3 123.3 -135.3 -326.6 -550.3
2200 Alliance -49.6 36.5 124.8 -139.3 -330.6 -554.3
2210 Titan -48.9 37.4 125.9 -143.3 -334.6 -558.3
2213 Arrow -48.2 38.3 127.2 -147.3 -338.6 -562.3
2214 Orange -47.4 39.3 127.7 -151.3 -342.6 -566.3
2216 Alliance -45.9 41.0 129.4 -155.3 -346.6 -570.3
2228 Titan -45.2 41.8 129.8 -159.3 -350.6 -574.3
2229 Scythe -43.7 43.5 130.6 -163.3 -354.6 -578.3
2237 Execration -42.1 45.1 132.3 -167.3 -358.6 -582.3
2238 FD -40.6 46.8 133.8 -171.3 -362.6 -586.3
2239 Orange -44.6 42.8 129.8 -159.2 -353.5 -578.5
2241 hehe -48.6 38.8 125.8 -141.9 -338.5 -551.9
2242 PR -52.6 34.8 121.8 -131.7 -329.1 -538.4
2244 EG -51.0 36.8 122.7 -135.7 -333.1 -542.4
2249 Titan -49.9 38.0 124.1 -139.7 -337.1 -546.4
2251 Zephyr -48.6 39.4 125.8 -143.7 -341.1 -550.4
2260 FL -47.1 41.1 126.8 -147.7 -345.1 -554.4
2261 CIS -51.1 37.1 122.8 -128.5 -331.3 -544.2
2273 VG -50.4 38.0 124.0 -132.5 -335.3 -548.2
2275 Orange -49.7 38.7 124.7 -136.5 -339.3 -552.2
2277 FD -48.4 40.2 125.6 -140.5 -343.3 -556.2
2278 MiTH -47.3 41.3 127.0 -144.5 -347.3 -560.2
2279 DUZA -45.8 42.9 128.3 -148.5 -351.3 -564.2
2280 DK -45.2 43.6 129.2 -152.5 -355.3 -568.2
2282 iG -44.5 44.5 129.7 -156.5 -359.3 -572.2
2284 Zephyr -43.2 45.9 131.0 -160.5 -363.3 -576.2
2285 Na'Vi -42.1 47.0 132.2 -164.5 -367.3 -580.2
2292 Na'Vi -40.6 48.4 133.7 -168.5 -371.3 -584.2
2293 Alliance -39.5 49.7 134.6 -172.5 -375.3 -588.2
2295 Arrow -38.5 50.9 135.9 -176.5 -379.3 -592.2
