0 0 0.0 0.0 0.0 0.0 0.0 0.0
17 Turtle 2.6 2.5 2.8 -4.0 -4.0 -4.0
18 Na'Vi 3.4 3.6 4.3 -8.0 -8.0 -8.0
19 Empire 4.9 5.5 6.2 -12.0 -12.0 -12.0
23 mouz 5.7 6.4 7.4 -16.0 -16.0 -16.0
26 Empire 1.7 2.4 3.4 -5.6 -7.5 -8.2
28 Quantic -2.3 -1.6 -0.6 1.0 -0.4 -1.6
29 GU.pe -6.3 -5.6 -4.6 13.1 9.5 7.9
31 Liquid -4.6 -3.7 -2.5 9.1 5.5 3.9
32 Alliance -3.9 -2.6 -1.3 5.1 1.5 -0.1
34 EG -7.9 -6.6 -5.3 13.3 8.4 6.4
40 Fnatic.eu -6.5 -4.6 -3.3 9.3 4.4 2.4
41 Empire -5.4 -3.3 -1.6 5.3 0.4 -1.6
43 mouz -3.8 -1.4 0.3 1.3 -3.6 -5.6
44 Quantic -2.4 0.5 2.4 -2.7 -7.6 -9.6
45 Quantic -0.4 2.9 4.7 -6.7 -11.6 -13.6
48 VP 1.0 4.5 6.8 -10.7 -15.6 -17.6
49 Liquid 1.8 5.7 8.2 -14.7 -19.6 -21.6
50 3DMAX -2.2 1.7 4.2 10.5 -2.1 -6.6
51 Liquid -6.2 -2.3 0.2 21.6 7.5 1.0
53 VP -10.2 -6.3 -3.8 32.2 16.2 9.1
57 Dignitas -8.5 -4.1 -1.4 28.2 12.2 5.1
58 Na'Vi -7.2 -2.5 0.3 24.2 8.2 1.1
59 VP -11.2 -6.5 -3.7 35.6 17.1 9.4
60 Na'Vi -10.2 -5.3 -2.3 31.6 13.1 5.4
71 Liquid -8.8 -3.7 -0.4 27.6 9.1 1.4
73 Zenith -8.0 -2.7 0.7 23.6 5.1 -2.6
74 Dignitas -12.0 -6.7 -3.3 30.3 11.2 3.5
75 Fnatic.eu -10.7 -5.2 -1.5 26.3 7.2 -0.5
77 VnR.Alpha -8.1 -3.3 1.2 22.3 3.2 -4.5
80 Liquid -12.1 -7.3 -2.8 29.8 11.1 1.6
81 Neo.int -9.6 -5.3 -0.5 25.8 7.1 -2.4
82 Orange -13.6 -9.3 -4.5 33.5 14.7 4.8
89 Liquid -12.1 -7.6 -2.7 29.5 10.7 0.8
93 Na'Vi -10.5 -5.8 -0.7 25.5 6.7 -3.2
95 Na'Vi -8.8 -3.9 1.4 21.5 2.7 -7.2
96 Empire -6.6 -1.6 3.9 17.5 -1.3 -11.2
98 Fnatic.eu -10.6 -5.6 -0.1 31.1 9.1 -1.2
100 Liquid -8.5 -3.4 2.3 27.1 5.1 -5.2
104 PtD.Alpha -6.8 -1.5 4.3 23.1 1.1 -9.2
106 Dignitas -4.5 1.0 7.1 19.1 -2.9 -13.2
108 ASF.R5 -3.1 2.7 8.8 15.1 -6.9 -17.2
110 Empire -1.7 4.3 10.4 11.1 -10.9 -21.2
111 Fnatic.eu 0.3 6.8 13.0 7.1 -14.9 -25.2
112 eN.Legs 1.2 8.3 14.5 3.1 -18.9 -29.2
113 Fnatic.eu 2.8 10.0 16.8 -0.9 -22.9 -33.2
117 VP 4.1 11.5 18.5 -4.9 -26.9 -37.2
118 mouz 0.1 7.5 14.5 8.5 -15.1 -27.8
119 Fnatic.eu 1.4 9.2 16.4 4.5 -19.1 -31.8
121 eN.Legs 2.9 11.0 18.7 0.5 -23.1 -35.8
123 eLPride 4.1 12.5 20.4 -3.5 -27.1 -39.8
124 VP 5.1 13.8 21.9 -7.5 -31.1 -43.8
125 Empire 7.6 16.4 24.7 -11.5 -35.1 -47.8
126 rox.KIS 3.6 12.4 20.7 -4.3 -28.0 -41.8
128 ASF.R5 -0.4 8.4 16.7 5.6 -19.4 -34.4
130 Alliance -4.4 4.4 12.7 15.3 -11.3 -26.7
132 Alliance -8.4 0.4 8.7 23.9 -4.6 -20.2
135 Fnatic.eu -7.1 1.9 10.4 19.9 -8.6 -24.2
136 Alliance -6.2 3.0 11.7 15.9 -12.6 -28.2
138 TCM -10.2 -1.0 7.7 28.5 -1.3 -18.6
141 mouz -7.8 1.6 10.4 24.5 -5.3 -22.6
143 Na'Vi -6.7 3.0 12.0 20.5 -9.3 -26.6
146 Liquid -4.3 5.5 14.8 16.5 -13.3 -30.6
151 EG -8.3 1.5 10.8 26.0 -5.0 -22.6
153 Liquid -12.3 -2.5 6.8 32.8 2.5 -15.0
154 VP -9.8 -0.1 9.2 28.8 -1.5 -19.0
155 iG -7.8 2.2 11.7 24.8 -5.5 -23.0
157 Fnatic.eu -5.5 4.5 14.0 20.8 -9.5 -27.0
159 VP -9.5 0.5 10.0 28.8 -2.4 -21.0
162 rox.KIS -7.6 2.4 12.0 24.8 -6.4 -25.0
164 Dignitas -6.4 3.9 13.7 20.8 -10.4 -29.0
165 eN.Legs -4.6 5.8 16.0 16.8 -14.4 -33.0
166 Fnatic.eu -2.6 7.9 18.3 12.8 -18.4 -37.0
167 LGD.int -1.7 8.9 19.6 8.8 -22.4 -41.0
171 LGD.int -0.8 9.9 20.8 4.8 -26.4 -45.0
172 Liquid 0.8 11.5 22.5 0.8 -30.4 -49.0
173 VP 2.8 13.8 25.0 -3.2 -34.4 -53.0
175 Na'Vi 3.8 15.0 26.6 -7.2 -38.4 -57.0
177 QPandas -0.2 11.0 22.6 6.1 -27.3 -47.6
179 Liquid -4.2 7.0 18.6 15.9 -18.5 -39.5
180 Empire -8.2 3.0 14.6 28.2 -8.9 -31.2
181 iCCup -12.2 -1.0 10.6 43.8 2.4 -21.3
182 Empire -9.8 1.7 13.5 39.8 -1.6 -25.3
183 Fnatic.eu -13.8 -2.3 9.5 47.3 4.9 -19.0
185 LGD.int -12.5 -0.8 11.2 43.3 0.9 -23.0
186 Alliance -10.8 1.1 13.2 39.3 -3.1 -27.0
187 VP -14.8 -2.9 9.2 46.3 3.4 -21.1
189 Dignitas -18.8 -6.9 5.2 53.0 9.7 -15.3
194 Alliance -17.1 -5.0 7.2 49.0 5.7 -19.3
195 Dignitas -21.1 -9.0 3.2 54.6 12.0 -11.6
196 Orange -25.1 -13.0 -0.8 63.8 20.6 -3.5
198 iG -23.8 -11.4 1.1 59.8 16.6 -7.5
202 Alliance -21.2 -8.7 3.9 55.8 12.6 -11.5
206 LGD.cn -19.4 -6.9 5.8 51.8 8.6 -15.5
207 Alliance -17.6 -4.9 8.1 47.8 4.6 -19.5
208 iG -16.6 -3.6 9.7 43.8 0.6 -23.5
209 Liquid -15.0 -1.7 11.9 39.8 -3.4 -27.5
212 Dignitas -19.0 -5.7 7.9 45.9 2.8 -21.5
213 DK -23.0 -9.7 3.9 54.8 11.7 -13.0
215 Liquid -20.7 -7.2 6.4 50.8 7.7 -17.0
216 Liquid -24.7 -11.2 2.4 58.2 14.5 -10.3
218 Fnatic.eu -22.5 -9.1 4.6 54.2 10.5 -14.3
219 Dignitas -20.8 -7.3 6.6 50.2 6.5 -18.3
220 Fnatic.eu -19.1 -5.5 8.6 46.2 2.5 -22.3
221 Alliance -17.5 -3.7 10.6 42.2 -1.5 -26.3
224 mouz -21.5 -7.7 6.6 51.5 7.6 -18.1
226 Alliance -20.7 -6.6 8.0 47.5 3.6 -22.1
227 Kaipi -24.7 -10.6 4.0 56.6 11.8 -15.0
229 Liquid -28.7 -14.6 -5.3290705182e-15 66.8 20.6 -7.1
230 VP -26.5 -12.1 2.7 62.8 16.6 -11.1
231 Na'Vi -25.0 -10.5 4.5 58.8 12.6 -15.1
233 mouz -23.4 -8.8 6.4 54.8 8.6 -19.1
234 rox.KIS -21.9 -7.1 8.2 50.8 4.6 -23.1
235 aL -20.8 -5.8 9.7 46.8 0.6 -27.1
236 mouz -24.8 -9.8 5.7 62.5 13.0 -17.0
237 Na'Vi -23.1 -8.0 7.6 58.5 9.0 -21.0
239 Na'Vi -21.7 -6.4 9.4 54.5 5.0 -25.0
240 Na'Vi -20.8 -5.3 10.7 50.5 1.0 -29.0
242 EG -24.8 -9.3 6.7 58.9 9.1 -21.3
243 Alliance -22.4 -6.7 9.5 54.9 5.1 -25.3
244 Alliance -20.5 -4.5 12.2 50.9 1.1 -29.3
246 Na'Vi -19.5 -3.5 13.5 46.9 -2.9 -33.3
248 Liquid -17.9 -1.8 15.3 42.9 -6.9 -37.3
250 Alliance -21.9 -5.8 11.3 50.1 0.4 -30.6
251 Alliance -20.4 -4.1 13.1 46.1 -3.6 -34.6
252 VP -24.4 -8.1 9.1 52.9 2.3 -29.1
253 Liquid -28.4 -12.1 5.1 69.6 16.1 -17.7
254 EG -32.4 -16.1 1.1 77.4 23.4 -11.2
255 Na'Vi -30.7 -14.2 3.3 73.4 19.4 -15.2
256 Alliance -29.1 -12.3 5.3 69.4 15.4 -19.2
258 Alliance -27.6 -10.6 7.2 65.4 11.4 -23.2
260 Alliance -26.0 -8.8 9.1 61.4 7.4 -27.2
261 Liquid -23.7 -6.2 11.8 57.4 3.4 -31.2
268 Na'Vi -22.7 -5.0 13.3 53.4 -0.6 -35.2
270 Liquid -21.2 -3.3 15.2 49.4 -4.6 -39.2
271 Na'Vi -20.1 -1.9 16.8 45.4 -8.6 -43.2
273 mouz -18.7 -0.5 18.4 41.4 -12.6 -47.2
274 Liquid -17.3 1.2 20.3 37.4 -16.6 -51.2
275 EG -21.3 -2.8 16.3 56.7 0.3 -37.0
276 Alliance -20.3 -1.6 17.6 52.7 -3.7 -41.0
277 Na'Vi -18.6 0.4 20.0 48.7 -7.7 -45.0
279 Dignitas -17.2 2.1 22.0 44.7 -11.7 -49.0
280 Zenith -16.1 3.4 23.6 40.7 -15.7 -53.0
281 EG -20.1 -0.6 19.6 48.8 -8.7 -46.8
282 Alliance -19.2 0.5 21.0 44.8 -12.7 -50.8
283 VG -23.2 -3.5 17.0 59.9 -0.1 -40.7
284 Liquid -21.1 -1.1 19.6 55.9 -4.1 -44.7
286 Dignitas -19.6 0.5 21.3 51.9 -8.1 -48.7
289 Dignitas -17.7 2.8 23.7 47.9 -12.1 -52.7
290 Na'Vi -15.5 5.1 26.2 43.9 -16.1 -56.7
291 Alliance -14.1 6.7 28.1 39.9 -20.1 -60.7
292 rox.KIS -18.1 2.7 24.1 48.3 -12.7 -53.9
293 aL -22.1 -1.3 20.1 62.2 0.1 -42.9
294 Alliance -21.1 -0.1 21.6 58.2 -3.9 -46.9
297 rox.KIS -19.6 1.7 23.6 54.2 -7.9 -50.9
298 Zenith -17.7 3.7 25.8 50.2 -11.9 -54.9
299 rox.KIS -15.7 5.8 28.0 46.2 -15.9 -58.9
300 mouz -14.5 7.2 29.7 42.2 -19.9 -62.9
301 EG -13.4 8.6 31.3 38.2 -23.9 -66.9
302 EG -11.5 10.8 33.8 34.2 -27.9 -70.9
304 VG -10.7 11.7 35.0 30.2 -31.9 -74.9
305 mouz -8.7 13.9 37.4 26.2 -35.9 -78.9
306 LGD.cn -7.9 14.8 38.5 22.2 -39.9 -82.9
307 rox.KIS -11.9 10.8 34.5 30.5 -33.3 -77.2
310 iG -11.0 12.0 36.1 26.5 -37.3 -81.2
313 mouz -15.0 8.0 32.1 33.0 -31.0 -75.3
314 VP -13.6 9.6 33.9 29.0 -35.0 -79.3
315 Liquid -11.9 11.4 35.8 25.0 -39.0 -83.3
316 LGD.cn -11.3 12.2 36.9 21.0 -43.0 -87.3
317 FD -15.3 8.2 32.9 33.8 -33.0 -78.8
319 Na'Vi -14.2 9.4 34.3 29.8 -37.0 -82.8
321 mouz -13.3 10.4 35.6 25.8 -41.0 -86.8
322 RS -11.8 12.2 37.7 21.8 -45.0 -90.8
324 QPandas -15.8 8.2 33.7 35.3 -33.5 -81.2
326 PR -19.8 4.2 29.7 45.4 -24.1 -72.6
327 rox.KIS -23.8 0.2 25.7 55.4 -15.4 -64.7
328 4FC -27.8 -3.8 21.7 61.7 -9.3 -58.9
330 TongFu -31.8 -7.8 17.7 81.3 6.4 -47.7
331 EG -35.8 -11.8 13.7 90.0 14.6 -40.1
333 VG -34.4 -10.1 15.7 86.0 10.6 -44.1
334 VP -33.0 -8.3 17.8 82.0 6.6 -48.1
337 TongFu -32.1 -7.1 19.4 78.0 2.6 -52.1
338 Na'Vi -31.2 -6.0 20.8 74.0 -1.4 -56.1
340 mouz -30.4 -5.1 21.9 70.0 -5.4 -60.1
342 Alliance -27.6 -2.6 24.5 66.0 -9.4 -64.1
344 LGD.cn -31.6 -6.6 20.5 76.6 0.4 -55.4
345 LGD.cn -29.8 -4.8 22.4 72.6 -3.6 -59.4
346 Alliance -28.7 -3.6 23.8 68.6 -7.6 -63.4
347 Orange -32.7 -7.6 19.8 76.9 -1.2 -57.6
348 Na'Vi -31.3 -5.9 21.6 72.9 -5.2 -61.6
351 Alliance -29.3 -3.7 23.9 68.9 -9.2 -65.6
352 LGD.cn -28.2 -2.4 25.4 64.9 -13.2 -69.6
353 iG -26.5 -0.5 27.5 60.9 -17.2 -73.6
355 DK -30.5 -4.5 23.5 69.8 -7.5 -64.5
356 Liquid -34.5 -8.5 19.5 83.9 4.4 -54.7
357 LGD.cn -32.8 -6.7 21.4 79.9 0.4 -58.7
358 Alliance -30.8 -4.6 23.6 75.9 -3.6 -62.7
360 mouz -29.0 -2.7 25.8 71.9 -7.6 -66.7
362 LGD.cn -27.6 -1.4 27.3 67.9 -11.6 -70.7
363 Alliance -25.5 0.7 29.4 63.9 -15.6 -74.7
364 Zenith -24.4 2.0 30.9 59.9 -19.6 -78.7
365 rox.KIS -28.4 -2.0 26.9 68.2 -12.3 -72.4
366 Dignitas -32.4 -6.0 22.9 76.9 -3.4 -64.3
368 mouz -31.0 -4.4 24.8 72.9 -7.4 -68.3
369 iCCup -35.0 -8.4 20.8 83.8 3.0 -58.7
370 iCCup -32.7 -5.7 23.8 79.8 -1.0 -62.7
372 Quantic -36.7 -9.7 19.8 88.3 6.9 -55.9
373 Na'Vi -35.9 -8.8 20.8 84.3 2.9 -59.9
375 VG -34.2 -6.8 22.9 80.3 -1.1 -63.9
376 LGD.cn -33.4 -5.8 24.1 76.3 -5.1 -67.9
377 LGD.cn -32.2 -4.7 25.4 72.3 -9.1 -71.9
378 VP -30.7 -3.1 27.2 68.3 -13.1 -75.9
379 Na'Vi -29.8 -2.0 28.5 64.3 -17.1 -79.9
382 Fnatic.eu -33.8 -6.0 24.5 72.7 -10.0 -73.5
383 RS -37.8 -10.0 20.5 82.0 -0.8 -64.8
384 Alliance -36.8 -8.7 22.1 78.0 -4.8 -68.8
387 LGD.cn -35.6 -7.3 23.7 74.0 -8.8 -72.8
388 Dignitas -34.6 -6.1 25.5 70.0 -12.8 -76.8
389 iG -33.7 -5.1 26.8 66.0 -16.8 -80.8
390 Na'Vi -32.3 -3.5 28.6 62.0 -20.8 -84.8
392 Alliance -31.2 -2.2 30.1 58.0 -24.8 -88.8
393 Kaipi -35.2 -6.2 26.1 67.2 -14.9 -80.3
394 MX -33.0 -3.8 28.8 63.2 -18.9 -84.3
396 Liquid -32.4 -3.1 29.8 59.2 -22.9 -88.3
397 rox.KIS -29.9 -1.0 32.0 55.2 -26.9 -92.3
398 Alliance -29.2 -0.2 33.0 51.2 -30.9 -96.3
399 VP -33.2 -4.2 29.0 59.6 -22.9 -88.6
402 DK -37.2 -8.2 25.0 65.7 -15.6 -81.5
403 RStars -41.2 -12.2 21.0 77.1 -5.0 -72.5
404 MiTH -39.5 -10.3 23.1 73.1 -9.0 -76.5
407 PR -37.7 -8.0 25.9 69.1 -13.0 -80.5
408 TM -36.0 -6.1 28.1 65.1 -17.0 -84.5
409 Orange -34.9 -4.7 29.8 61.1 -21.0 -88.5
410 Alliance -34.2 -3.8 30.9 57.1 -25.0 -92.5
412 mouz -32.3 -1.7 33.2 53.1 -29.0 -96.5
414 Alliance -31.4 -0.6 34.6 49.1 -33.0 -100.5
416 4FC -35.4 -4.6 30.6 67.6 -16.5 -86.6
417 mouz -39.4 -8.6 26.6 81.5 -4.6 -76.6
418 VP -37.6 -6.8 28.7 77.5 -8.6 -80.6
421 Na'Vi -36.1 -5.2 30.5 73.5 -12.6 -84.6
423 Quantic -33.5 -2.6 33.3 69.5 -16.6 -88.6
424 Kaipi -37.5 -6.6 29.3 80.3 -5.8 -78.8
425 mouz -35.6 -4.5 31.6 76.3 -9.8 -82.8
426 Artyk -33.7 -2.1 34.4 72.3 -13.8 -86.8
427 rox.KIS -32.4 -0.7 36.0 68.3 -17.8 -90.8
428 Kaipi -30.8 1.3 38.4 64.3 -21.8 -94.8
429 Liquid -28.2 3.8 41.0 60.3 -25.8 -98.8
430 rox.KIS -27.0 5.1 42.4 56.3 -29.8 -102.8
431 Quantic -26.0 6.4 44.0 52.3 -33.8 -106.8
432 Kaipi -24.4 7.8 45.6 48.3 -37.8 -110.8
433 DK -23.2 9.2 47.3 44.3 -41.8 -114.8
437 Quantic -22.2 10.2 48.6 40.3 -45.8 -118.8
438 Na'Vi -20.2 12.1 50.6 36.3 -49.8 -122.8
439 Artyk -19.3 13.1 52.1 32.3 -53.8 -126.8
440 Orange -17.3 15.6 54.8 28.3 -57.8 -130.8
441 Na'Vi -16.4 16.6 56.0 24.3 -61.8 -134.8
442 Kaipi -14.3 18.5 58.0 20.3 -65.8 -138.8
443 Kaipi -18.3 14.5 54.0 33.0 -52.4 -126.9
444 Artyk -22.3 10.5 50.0 43.9 -42.2 -117.6
445 TM -21.2 11.9 51.6 39.9 -46.2 -121.6
446 Orange -20.3 12.9 52.8 35.9 -50.2 -125.6
447 DK -19.1 14.2 54.4 31.9 -54.2 -129.6
448 VP -23.1 10.2 50.4 43.0 -44.5 -121.2
449 VP -21.6 12.1 52.6 39.0 -48.5 -125.2
451 Kaipi -20.7 13.1 53.8 35.0 -52.5 -129.2
452 EG -19.1 14.9 55.8 31.0 -56.5 -133.2
453 Fnatic.eu -23.1 10.9 51.8 44.1 -45.3 -124.2
456 Fnatic.eu -27.1 6.9 47.8 50.1 -39.2 -118.5
457 Alliance -25.3 8.9 49.9 46.1 -43.2 -122.5
459 Alliance -23.7 10.7 51.9 42.1 -47.2 -126.5
460 Kaipi -27.7 6.7 47.9 48.5 -41.4 -121.0
461 Alliance -26.9 7.6 49.1 44.5 -45.4 -125.0
463 VP -24.2 10.1 51.8 40.5 -49.4 -129.0
464 Fnatic.eu -22.7 11.6 53.4 36.5 -53.4 -133.0
465 Alliance -21.3 13.0 55.0 32.5 -57.4 -137.0
466 iCCup -19.4 15.0 57.3 28.5 -61.4 -141.0
467 Na'Vi -17.6 17.1 59.6 24.5 -65.4 -145.0
468 Quantic -16.1 18.6 61.3 20.5 -69.4 -149.0
469 Alliance -14.5 20.2 63.1 16.5 -73.4 -153.0
471 4FC -18.5 16.2 59.1 29.7 -60.7 -142.1
475 Na'Vi -17.5 17.2 60.3 25.7 -64.7 -146.1
476 Na'Vi -16.0 18.8 62.1 21.7 -68.7 -150.1
479 4FC -14.9 20.0 63.6 17.7 -72.7 -154.1
480 Orange -13.9 21.2 65.1 13.7 -76.7 -158.1
481 TM -12.6 22.9 67.1 9.7 -80.7 -162.1
482 Smeagol -10.8 25.2 69.5 5.7 -84.7 -166.1
483 paiN -14.8 21.2 65.5 14.3 -76.2 -159.0
484 Empire -18.8 17.2 61.5 31.0 -61.0 -147.1
486 Na'Vi -17.6 18.4 62.8 27.0 -65.0 -151.1
487 Kaipi -15.4 21.0 65.7 23.0 -69.0 -155.1
488 Fnatic.eu -19.4 17.0 61.7 40.7 -54.2 -143.5
489 LGD.int -17.8 18.6 63.6 36.7 -58.2 -147.5
491 TM -16.5 20.3 65.5 32.7 -62.2 -151.5
492 iCCup -15.2 21.9 67.3 28.7 -66.2 -155.5
493 iCCup -14.2 23.1 68.7 24.7 -70.2 -159.5
494 zRage -18.2 19.1 64.7 45.2 -52.0 -143.8
495 Artyk -17.0 20.7 66.7 41.2 -56.0 -147.8
496 TongFu -15.0 23.1 69.3 37.2 -60.0 -151.8
498 mouz -13.8 24.4 70.9 33.2 -64.0 -155.8
499 Liquid -12.6 25.8 72.3 29.2 -68.0 -159.8
500 Liquid -16.6 21.8 68.3 35.4 -61.0 -153.1
501 eLPride -20.6 17.8 64.3 41.0 -54.6 -146.6
502 VP -19.9 18.6 65.3 37.0 -58.6 -150.6
503 Dignitas -19.1 19.6 66.6 33.0 -62.6 -154.6
504 VP -17.4 21.4 68.7 29.0 -66.6 -158.6
505 Na'Vi -16.9 22.0 69.5 25.0 -70.6 -162.6
506 EG -16.1 22.9 70.7 21.0 -74.6 -166.6
507 Na'Vi -15.2 23.9 72.0 17.0 -78.6 -170.6
508 Na'Vi -14.7 24.5 72.7 13.0 -82.6 -174.6
509 Keita -11.7 26.9 75.0 9.0 -86.6 -178.6
511 Alliance -9.6 29.2 77.5 5.0 -90.6 -182.6
512 Quantic -13.6 25.2 73.5 22.7 -75.4 -168.7
513 EG -17.6 21.2 69.5 36.0 -64.0 -158.5
514 Dignitas -21.6 17.2 65.5 57.9 -45.4 -142.5
515 Alliance -20.1 19.1 67.7 53.9 -49.4 -146.5
517 Alliance -18.6 20.9 69.8 49.9 -53.4 -150.5
518 Alliance -16.6 23.3 72.4 45.9 -57.4 -154.5
519 FSid3 -14.6 25.7 75.1 41.9 -61.4 -158.5
520 Quantic -13.5 27.0 76.7 37.9 -65.4 -162.5
521 LGD.int -17.5 23.0 72.7 47.8 -57.1 -155.1
522 Na'Vi -16.3 24.4 74.3 43.8 -61.1 -159.1
523 Na'Vi -14.6 26.2 76.3 39.8 -65.1 -163.1
524 Na'Vi -13.3 27.6 77.9 35.8 -69.1 -167.1
525 LGD.cn -11.4 29.6 80.2 31.8 -73.1 -171.1
527 Na'Vi -10.4 30.7 81.6 27.8 -77.1 -175.1
528 Liquid -9.5 31.8 82.9 23.8 -81.1 -179.1
529 EG -8.8 32.6 83.8 19.8 -85.1 -183.1
531 Na'Vi -7.9 33.6 85.0 15.8 -89.1 -187.1
532 Empire -6.9 34.6 86.2 11.8 -93.1 -191.1
533 rox.KIS -5.8 35.6 87.2 7.8 -97.1 -195.1
536 Liquid -5.1 36.4 88.2 3.8 -101.1 -199.1
537 Liquid -4.5 37.1 89.1 -0.2 -105.1 -203.1
538 Alliance -3.7 37.9 90.1 -4.2 -109.1 -207.1
540 EG -1.1 40.4 92.7 -8.2 -113.1 -211.1
541 VP -0.1 41.7 94.1 -12.2 -117.1 -215.1
542 Alliance 1.4 43.3 95.9 -16.2 -121.1 -219.1
543 VP 4.0 45.6 98.5 -20.2 -125.1 -223.1
544 EG -7.9936057773e-15 41.6 94.5 -10.0 -115.4 -214.0
545 Alliance 1.5 43.5 96.7 -14.0 -119.4 -218.0
546 Orange 4.0 45.6 98.8 -18.0 -123.4 -222.0
547 iG 5.9 47.4 100.7 -22.0 -127.4 -226.0
549 Fnatic.eu 1.9 43.4 96.7 -9.5 -116.4 -216.7
550 Kaipi -2.1 39.4 92.7 0.7 -105.9 -207.0
551 Kaipi -6.1 35.4 88.7 10.8 -95.0 -196.3
553 TongFu -10.1 31.4 84.7 26.6 -80.1 -183.5
557 Liquid -14.1 27.4 80.7 37.1 -71.1 -175.4
558 rox.KIS -12.4 29.2 82.7 33.1 -75.1 -179.4
562 TongFu -10.7 31.0 84.6 29.1 -79.1 -183.4
564 EG -14.7 27.0 80.6 36.0 -72.5 -177.3
568 Liquid -12.0 29.6 83.3 32.0 -76.5 -181.3
571 DK -16.0 25.6 79.3 39.4 -69.4 -174.5
573 VP -20.0 21.6 75.3 51.8 -59.2 -165.8
574 Fnatic.eu -24.0 17.6 71.3 63.7 -48.8 -157.0
576 iCCup -28.0 13.6 67.3 76.1 -38.9 -148.5
577 rox.KIS -26.0 15.7 69.8 72.1 -42.9 -152.5
580 VP -25.0 16.9 71.2 68.1 -46.9 -156.5
584 Alliance -23.0 19.4 73.9 64.1 -50.9 -160.5
585 VP -21.5 21.2 75.8 60.1 -54.9 -164.5
587 Alliance -20.1 22.5 77.2 56.1 -58.9 -168.5
588 Zenith -24.1 18.5 73.2 63.5 -51.3 -161.6
589 Alliance -22.1 20.6 75.6 59.5 -55.3 -165.6
590 Na'Vi -20.2 22.4 77.5 55.5 -59.3 -169.6
592 Fnatic.eu -18.4 24.4 79.6 51.5 -63.3 -173.6
593 Quantic -15.9 26.9 82.2 47.5 -67.3 -177.6
595 Alliance -14.3 28.6 84.1 43.5 -71.3 -181.6
597 Alliance -12.5 30.5 86.1 39.5 -75.3 -185.6
598 LGD.cn -11.0 32.2 88.0 35.5 -79.3 -189.6
600 mouz -15.0 28.2 84.0 47.9 -67.5 -179.1
602 Alliance -13.4 30.0 85.9 43.9 -71.5 -183.1
604 Orange -12.3 31.2 87.4 39.9 -75.5 -187.1
605 LGD.int -10.5 32.9 89.3 35.9 -79.5 -191.1
607 Kaipi -14.5 28.9 85.3 44.8 -70.9 -183.5
608 Alliance -13.2 30.4 87.0 40.8 -74.9 -187.5
611 Denial -11.2 32.8 89.7 36.8 -78.9 -191.5
615 Orange -9.9 34.2 91.3 32.8 -82.9 -195.5
616 TongFu -8.1 36.4 93.9 28.8 -86.9 -199.5
617 VP -6.7 38.0 95.7 24.8 -90.9 -203.5
618 Alliance -5.5 39.4 97.3 20.8 -94.9 -207.5
621 iCCup -9.5 35.4 93.3 34.4 -81.8 -197.0
622 Fnatic.eu -7.2 37.5 95.4 30.4 -85.8 -201.0
623 Alliance -5.6 39.3 97.4 26.4 -89.8 -205.0
624 Liquid -4.1 41.0 99.3 22.4 -93.8 -209.0
626 iCCup -8.1 37.0 95.3 33.2 -84.3 -200.8
627 EG -6.3 38.7 97.2 29.2 -88.3 -204.8
628 EG -5.4 39.7 98.4 25.2 -92.3 -208.8
629 LGD.cn -9.4 35.7 94.4 32.1 -85.0 -202.0
630 iG -7.4 37.8 96.7 28.1 -89.0 -206.0
631 Alliance -6.5 39.0 98.2 24.1 -93.0 -210.0
632 mouz -5.0 40.7 100.1 20.1 -97.0 -214.0
635 Dignitas -3.6 42.2 101.9 16.1 -101.0 -218.0
636 EG -2.9 43.1 103.0 12.1 -105.0 -222.0
638 Na'Vi -0.2 45.7 105.7 8.1 -109.0 -226.0
641 mouz 1.9 48.3 108.5 4.1 -113.0 -230.0
642 Alliance 2.9 49.5 110.0 0.1 -117.0 -234.0
643 iG 5.2 51.6 112.3 -3.9 -121.0 -238.0
644 rox.KIS 1.2 47.6 108.3 6.9 -110.9 -229.2
645 VP -2.8 43.6 104.3 15.4 -102.6 -221.7
646 Fnatic.eu -0.4 45.7 106.5 11.4 -106.6 -225.7
648 VP 1.3 47.8 108.9 7.4 -110.6 -229.7
651 Denial -2.7 43.8 104.9 25.4 -95.2 -217.7
653 VG -6.7 39.8 100.9 40.4 -82.1 -206.9
654 DK -4.7 42.4 104.1 36.4 -86.1 -210.9
656 Na'Vi -3.6 43.6 105.6 32.4 -90.1 -214.9
657 mouz -2.0 45.5 107.7 28.4 -94.1 -218.9
658 mouz -6.0 41.5 103.7 39.9 -84.0 -209.1
659 Na'Vi -4.4 43.1 105.4 35.9 -88.0 -213.1
660 RS -8.4 39.1 101.4 48.4 -76.7 -203.5
662 DK -6.7 41.0 103.6 44.4 -80.7 -207.5
664 RStars -10.7 37.0 99.6 60.5 -67.3 -196.3
665 Orange -8.3 39.6 102.6 56.5 -71.3 -200.3
666 LGD.cn -6.0 42.3 105.5 52.5 -75.3 -204.3
667 DK -4.2 44.2 107.7 48.5 -79.3 -208.3
668 mouz -3.4 45.2 109.0 44.5 -83.3 -212.3
669 iNfernity -1.1 47.8 112.2 40.5 -87.3 -216.3
670 EG -0.1 48.9 113.6 36.5 -91.3 -220.3
671 Fnatic.eu 0.8 49.9 114.8 32.5 -95.3 -224.3
672 Orange 2.4 51.6 116.7 28.5 -99.3 -228.3
674 mouz 3.1 52.5 117.8 24.5 -103.3 -232.3
675 EG -0.9 48.5 113.8 30.9 -97.1 -226.4
676 LGD.cn 0.9 50.4 116.0 26.9 -101.1 -230.4
677 mouz 2.9 52.4 118.0 22.9 -105.1 -234.4
678 Kaipi -1.1 48.4 114.0 41.6 -88.6 -220.8
679 Fnatic.eu -5.1 44.4 110.0 51.3 -80.0 -213.0
680 Liquid -9.1 40.4 106.0 57.9 -73.3 -207.3
681 Quantic -13.1 36.4 102.0 64.6 -67.4 -201.9
682 mouz -17.1 32.4 98.0 70.9 -61.5 -196.6
686 VP -15.3 34.3 100.1 66.9 -65.5 -200.6
688 VP -13.3 36.4 102.5 62.9 -69.5 -204.6
690 EG -11.4 38.8 105.1 58.9 -73.5 -208.6
691 Liquid -9.2 41.2 107.7 54.9 -77.5 -212.6
692 Na'Vi -7.6 42.8 109.5 50.9 -81.5 -216.6
693 Alliance -6.0 44.5 111.4 46.9 -85.5 -220.6
695 Alliance -4.0 46.7 113.8 42.9 -89.5 -224.6
696 Fnatic.eu -2.4 48.3 115.6 38.9 -93.5 -228.6
697 Kaipi -0.8 49.9 117.4 34.9 -97.5 -232.6
699 Alliance 0.3 51.2 118.9 30.9 -101.5 -236.6
700 Orange 1.7 52.6 120.6 26.9 -105.5 -240.6
701 VG -2.3 48.6 116.6 33.0 -99.3 -234.8
702 Na'Vi -1.4 49.6 117.8 29.0 -103.3 -238.8
703 mouz -0.5 50.6 119.1 25.0 -107.3 -242.8
704 EG -4.5 46.6 115.1 33.0 -100.3 -236.5
707 Orange -2.6 48.5 117.2 29.0 -104.3 -240.5
708 iCCup -6.6 44.5 113.2 38.9 -95.4 -232.5
712 Na'Vi -5.7 45.6 114.5 34.9 -99.4 -236.5
713 MiTH -4.0 47.5 116.7 30.9 -103.4 -240.5
715 mouz -2.5 49.2 118.6 26.9 -107.4 -244.5
716 mouz -0.4 51.6 121.3 22.9 -111.4 -248.5
718 Dreamz 0.7 52.8 122.8 18.9 -115.4 -252.5
719 Mski 2.8 54.6 124.7 14.9 -119.4 -256.5
720 MiTH 4.6 56.4 126.7 10.9 -123.4 -260.5
721 Mski 0.6 52.4 122.7 20.3 -113.3 -251.3
722 iCCup 2.5 54.4 125.0 16.3 -117.3 -255.3
723 Kaipi 3.4 55.4 126.2 12.3 -121.3 -259.3
725 Romania 5.1 57.4 128.5 8.3 -125.3 -263.3
726 RS 1.1 53.4 124.5 15.2 -118.3 -257.0
727 Fnatic.eu -2.9 49.4 120.5 32.0 -103.8 -245.5
729 DK -1.9 50.9 122.3 28.0 -107.8 -249.5
730 LGD.cn -1.1 51.9 123.4 24.0 -111.8 -253.5
731 iG 0.5 53.8 125.5 20.0 -115.8 -257.5
732 Alliance 1.6 55.1 127.1 16.0 -119.8 -261.5
737 Na'Vi 3.8 57.5 129.7 12.0 -123.8 -265.5
741 TongFu 5.3 59.3 132.2 8.0 -127.8 -269.5
744 Alliance 7.8 61.9 135.0 4.0 -131.8 -273.5
745 Dignitas 3.8 57.9 131.0 25.5 -117.3 -261.8
746 DK 4.5 58.8 132.0 21.5 -121.3 -265.8
748 Na'Vi 5.7 60.1 133.6 17.5 -125.3 -269.8
749 Liquid 1.7 56.1 129.6 30.0 -115.3 -259.9
751 Alliance 2.5 57.2 131.0 26.0 -119.3 -263.9
754 Na'Vi 3.2 58.0 131.9 22.0 -123.3 -267.9
757 Alliance 4.8 59.5 133.4 18.0 -127.3 -271.9
758 iG 6.3 61.3 135.2 14.0 -131.3 -275.9
759 Orange 7.9 63.1 137.2 10.0 -135.3 -279.9
761 Fnatic.eu 8.6 63.9 138.1 6.0 -139.3 -283.9
762 Na'Vi 10.7 65.9 140.3 2.0 -143.3 -287.9
766 Alliance 11.6 66.9 141.4 -2.0 -147.3 -291.9
767 LGD.int 7.6 62.9 137.4 14.0 -133.4 -280.0
769 mouz 8.5 63.9 138.6 10.0 -137.4 -284.0
770 LGD.cn 10.1 65.6 140.4 6.0 -141.4 -288.0
771 Na'Vi 11.3 66.9 141.8 2.0 -145.4 -292.0
773 Alliance 12.0 67.7 142.7 -2.0 -149.4 -296.0
774 TongFu 8.0 63.7 138.7 4.6 -143.2 -290.3
776 Orange 9.3 65.1 140.3 0.6 -147.2 -294.3
778 DK 10.7 66.9 142.3 -3.4 -151.2 -298.3
779 Zenith 11.6 67.9 143.5 -7.4 -155.2 -302.3
781 Alliance 12.5 68.9 144.6 -11.4 -159.2 -306.3
782 iG 15.0 71.6 147.5 -15.4 -163.2 -310.3
783 TongFu 15.9 72.5 148.5 -19.4 -167.2 -314.3
785 LGD.cn 17.9 74.8 151.0 -23.4 -171.2 -318.3
786 Na'Vi 18.9 75.9 152.3 -27.4 -175.2 -322.3
788 Dignitas 21.3 78.3 154.9 -31.4 -179.2 -326.3
791 Orange 23.0 80.2 156.9 -35.4 -183.2 -330.3
792 Fnatic.eu 25.6 82.7 159.6 -39.4 -187.2 -334.3
793 Alliance 26.8 84.0 161.2 -43.4 -191.2 -338.3
795 Liquid 27.7 85.0 162.4 -47.4 -195.2 -342.3
796 Zenith 29.6 87.0 164.7 -51.4 -199.2 -346.3
797 Liquid 25.6 83.0 160.7 -37.6 -187.8 -336.7
798 iG 27.5 85.0 162.9 -41.6 -191.8 -340.7
799 Alliance 28.6 86.2 164.4 -45.6 -195.8 -344.7
800 Na'Vi 30.0 87.6 165.9 -49.6 -199.8 -348.7
802 iG 32.1 89.9 168.5 -53.6 -203.8 -352.7
803 Orange 28.1 85.9 164.5 -41.7 -194.2 -344.5
806 Orange 24.1 81.9 160.5 -34.6 -188.0 -338.8
807 Na'Vi 25.7 83.6 162.4 -38.6 -192.0 -342.8
808 Alliance 28.1 86.4 165.3 -42.6 -196.0 -346.8
811 RStars 29.3 87.9 167.1 -46.6 -200.0 -350.8
812 Empire 30.3 89.1 168.7 -50.6 -204.0 -354.8
813 Empire 31.2 90.0 169.9 -54.6 -208.0 -358.8
814 Kaipi 32.7 91.8 172.0 -58.6 -212.0 -362.8
815 TTD 34.0 93.2 173.7 -62.6 -216.0 -366.8
816 Kaipi 35.3 94.6 175.2 -66.6 -220.0 -370.8
817 Lounge 37.3 96.6 177.5 -70.6 -224.0 -374.8
818 FD 38.5 97.8 179.0 -74.6 -228.0 -378.8
820 4FC 39.2 98.6 180.0 -78.6 -232.0 -382.8
821 4++ 35.2 94.6 176.0 -64.3 -216.8 -370.9
822 MiTH 36.2 95.9 177.5 -68.3 -220.8 -374.9
823 GL.eu 37.6 97.5 179.4 -72.3 -224.8 -378.9
825 WARDGS 39.3 99.2 181.4 -76.3 -228.8 -382.9
826 EVOPLAY 41.0 100.7 183.3 -80.3 -232.8 -386.9
827 TS 37.0 96.7 179.3 -75.2 -225.9 -380.4
828 EVOPLAY 38.9 98.6 181.4 -79.2 -229.9 -384.4
829 TLP 34.9 94.6 177.4 -65.3 -218.0 -375.0
830 DUZA 30.9 90.6 173.4 -57.6 -210.4 -367.6
831 Awake 32.8 92.5 175.4 -61.6 -214.4 -371.6
832 CDCD 28.8 88.5 171.4 -38.4 -196.0 -355.8
833 Menace 24.8 84.5 167.4 -25.5 -184.9 -346.8
835 Poseidon 27.7 87.0 169.8 -29.5 -188.9 -350.8
836 Poseidon 29.5 89.1 172.2 -33.5 -192.9 -354.8
837 Next.kz 25.5 85.1 168.2 -27.7 -186.6 -348.8
838 Kaipi 27.1 86.9 170.5 -31.7 -190.6 -352.8
841 VP 28.1 88.0 171.9 -35.7 -194.6 -356.8
842 Menace 24.1 84.0 167.9 -26.3 -185.6 -348.1
843 Empire 26.0 85.7 169.7 -30.3 -189.6 -352.1
844 Kaipi 27.3 87.0 171.3 -34.3 -193.6 -356.1
845 DUZA 23.3 83.0 167.3 -25.2 -185.1 -348.5
848 DUZA 19.3 79.0 163.3 -18.3 -178.6 -342.7
851 VP 20.3 80.2 164.8 -22.3 -182.6 -346.7
855 Imp 22.5 82.5 167.3 -26.3 -186.6 -350.7
856 Empire 24.0 84.0 169.0 -30.3 -190.6 -354.7
857 Next.kz 25.8 85.8 170.9 -34.3 -194.6 -358.7
858 FSid3 27.7 87.8 173.3 -38.3 -198.6 -362.7
859 FSid3 23.7 83.8 169.3 -28.5 -187.9 -352.9
860 Bambang 19.7 79.8 165.3 -20.9 -179.7 -345.5
861 Aspera 22.0 81.8 167.4 -24.9 -183.7 -349.5
862 rox.KIS 23.5 83.1 168.9 -28.9 -187.7 -353.5
864 Poseidon 24.6 84.4 170.4 -32.9 -191.7 -357.5
865 Mski 25.6 85.5 171.8 -36.9 -195.7 -361.5
866 Poseidon 26.5 86.4 172.9 -40.9 -199.7 -365.5
867 Dreamz 27.6 87.7 174.5 -44.9 -203.7 -369.5
871 Next.kz 28.7 88.9 175.9 -48.9 -207.7 -373.5
872 Aspera 24.7 84.9 171.9 -40.2 -199.7 -366.2
873 PR 20.7 80.9 167.9 -19.5 -182.1 -351.6
876 MSIEvoGT 22.7 83.2 170.6 -23.5 -186.1 -355.6
877 Mski 23.7 84.6 172.3 -27.5 -190.1 -359.6
878 Lowyat 19.7 80.6 168.3 -13.8 -178.7 -350.1
880 Empire 15.7 76.6 164.3 -4.9 -170.0 -342.2
881 Quantic 11.7 72.6 160.3 3.7 -162.4 -335.5
883 Kaipi 12.9 74.0 161.9 -0.3 -166.4 -339.5
885 Aspera 14.6 75.7 163.8 -4.3 -170.4 -343.5
886 Fnatic.eu 16.0 77.2 165.6 -8.3 -174.4 -347.5
888 Mski 17.9 79.2 167.9 -12.3 -178.4 -351.5
889 Next.kz 19.2 80.5 169.4 -16.3 -182.4 -355.5
890 GL.eu 21.5 83.2 172.3 -20.3 -186.4 -359.5
891 Menace 23.4 85.0 174.3 -24.3 -190.4 -363.5
892 Kaipi 25.4 87.3 176.9 -28.3 -194.4 -367.5
893 Menace 21.4 83.3 172.9 -18.1 -184.3 -358.6
896 Life 17.4 79.3 168.9 -9.9 -175.3 -349.7
897 Kaipi 19.0 81.2 171.1 -13.9 -179.3 -353.7
898 Mski 20.6 82.9 173.0 -17.9 -183.3 -357.7
899 Menace 21.9 84.1 174.4 -21.9 -187.3 -361.7
900 VP 17.9 80.1 170.4 -14.9 -180.7 -355.7
901 Fnatic.eu 19.3 81.4 171.9 -18.9 -184.7 -359.7
902 Kaipi 21.5 83.6 174.3 -22.9 -188.7 -363.7
903 Kaipi 22.7 84.9 175.8 -26.9 -192.7 -367.7
905 Dignitas 23.5 85.8 176.9 -30.9 -196.7 -371.7
906 Dignitas 24.4 86.8 178.1 -34.9 -200.7 -375.7
908 iG 25.1 87.6 179.1 -38.9 -204.7 -379.7
909 VG 26.6 89.5 181.4 -42.9 -208.7 -383.7
911 4FC 22.6 85.5 177.4 -29.6 -195.1 -372.3
913 Joiker 18.6 81.5 173.4 -22.0 -188.1 -366.2
914 StayFree 20.9 83.9 176.2 -26.0 -192.1 -370.2
915 Fnatic.eu 21.7 84.9 177.4 -30.0 -196.1 -374.2
916 Property 17.7 80.9 173.4 -17.3 -185.5 -364.9
917 Menace 13.7 76.9 169.4 -6.4 -174.6 -355.4
919 LGD.cn 15.0 78.4 171.1 -10.4 -178.6 -359.4
920 TongFu 15.6 79.1 172.0 -14.4 -182.6 -363.4
921 Alliance 16.6 80.1 173.3 -18.4 -186.6 -367.4
922 PR 12.6 76.1 169.3 -10.8 -179.7 -360.8
923 DUZA 14.4 77.9 171.4 -14.8 -183.7 -364.8
925 Empire 15.7 79.2 172.9 -18.8 -187.7 -368.8
926 Empire 17.1 80.8 174.6 -22.8 -191.7 -372.8
927 iG 18.6 82.2 176.1 -26.8 -195.7 -376.8
930 MiTH 21.3 84.5 178.5 -30.8 -199.7 -380.8
931 Alliance 22.2 85.4 179.5 -34.8 -203.7 -384.8
932 Fnatic.eu 24.2 87.8 182.1 -38.8 -207.7 -388.8
933 Empire 26.5 90.1 184.6 -42.8 -211.7 -392.8
937 OguraYui 22.5 86.1 180.6 -31.7 -199.1 -382.0
938 Mski 24.3 87.6 182.3 -35.7 -203.1 -386.0
941 Alliance 25.2 88.6 183.4 -39.7 -207.1 -390.0
944 Imp 21.2 84.6 179.4 -28.5 -196.3 -380.1
948 Empire 23.4 86.9 181.9 -32.5 -200.3 -384.1
949 VP 24.7 88.2 183.4 -36.5 -204.3 -388.1
950 Kaipi 25.7 89.4 184.9 -40.5 -208.3 -392.1
951 Mski 26.7 90.5 186.2 -44.5 -212.3 -396.1
953 Kaipi 28.4 92.6 188.7 -48.5 -216.3 -400.1
954 Cascade 24.4 88.6 184.7 -35.1 -204.7 -390.1
956 Alliance 24.9 89.1 185.4 -39.1 -208.7 -394.1
957 Na'Vi 25.7 89.8 186.3 -43.1 -212.7 -398.1
958 PR 21.7 85.8 182.3 -18.4 -188.7 -377.3
959 Kaipi 22.5 86.8 183.4 -22.4 -192.7 -381.3
960 Kaipi 23.2 87.7 184.6 -26.4 -196.7 -385.3
963 Na'Vi 24.6 89.1 186.2 -30.4 -200.7 -389.3
964 Alliance 25.8 90.4 187.7 -34.4 -204.7 -393.3
967 mouz 27.2 91.9 189.4 -38.4 -208.7 -397.3
971 iG 29.2 94.4 192.2 -42.4 -212.7 -401.3
972 Aspera 25.2 90.4 188.2 -20.5 -193.7 -385.4
974 Fnatic.eu 28.0 92.8 190.7 -24.5 -197.7 -389.4
975 Dignitas 28.8 93.8 192.0 -28.5 -201.7 -393.4
976 StayFree 30.2 95.5 194.0 -32.5 -205.7 -397.4
977 Na'Vi 31.7 97.2 196.0 -36.5 -209.7 -401.4
978 rox.KIS 27.7 93.2 192.0 -29.4 -201.2 -393.6
979 PR 30.3 95.5 194.4 -33.4 -205.2 -397.6
981 PR 32.3 97.5 196.6 -37.4 -209.2 -401.6
982 Fnatic.eu 33.1 98.3 197.6 -41.4 -213.2 -405.6
983 Fnatic.eu 34.9 100.0 199.4 -45.4 -217.2 -409.6
985 Inv.kwnku 36.7 102.1 201.8 -49.4 -221.2 -413.6
986 Na'Vi 37.7 103.3 203.2 -53.4 -225.2 -417.6
987 Fnatic.eu 39.3 105.1 205.2 -57.4 -229.2 -421.6
988 4FC 35.3 101.1 201.2 -47.8 -219.1 -412.6
990 Kaipi 36.1 102.0 202.3 -51.8 -223.1 -416.6
991 Empire 32.1 98.0 198.3 -40.9 -213.7 -408.7
992 PBS 28.1 94.0 194.3 -30.6 -205.4 -400.9
993 SFEC 24.1 90.0 190.3 -21.9 -197.2 -393.6
995 Inv.kwnku 25.8 92.1 192.9 -25.9 -201.2 -397.6
996 rox.KIS 28.5 94.5 195.4 -29.9 -205.2 -401.6
997 PR 24.5 90.5 191.4 -12.3 -190.4 -389.9
999 Empire 26.4 92.9 194.1 -16.3 -194.4 -393.9
1000 Inv.kwnku 28.1 94.8 196.2 -20.3 -198.4 -397.9
1001 FD 29.8 96.8 198.7 -24.3 -202.4 -401.9
1002 Empire 31.3 98.6 200.9 -28.3 -206.4 -405.9
1004 EG 32.9 100.3 202.8 -32.3 -210.4 -409.9
1005 Dignitas 28.9 96.3 198.8 -20.2 -200.5 -401.5
1008 Menace 24.9 92.3 194.8 -8.1 -188.2 -390.6
1009 Kaipi 25.8 93.2 195.9 -12.1 -192.2 -394.6
1010 Aspera 21.8 89.2 191.9 -4.7 -185.2 -388.0
1012 DK 23.1 90.7 193.7 -8.7 -189.2 -392.0
1015 StayFree 24.8 93.1 196.4 -12.7 -193.2 -396.0
1017 Na'Vi 25.6 94.0 197.4 -16.7 -197.2 -400.0
1018 Alliance 26.4 94.9 198.6 -20.7 -201.2 -404.0
1019 Empire 28.3 97.3 201.3 -24.7 -205.2 -408.0
1020 Na'Vi 30.0 99.0 203.2 -28.7 -209.2 -412.0
1021 Na'Vi 31.2 100.2 204.6 -32.7 -213.2 -416.0
1022 LGD.cn 32.3 101.5 206.0 -36.7 -217.2 -420.0
1023 VG 34.3 103.7 208.2 -40.7 -221.2 -424.0
1024 LGD.cn 36.6 105.7 210.2 -44.7 -225.2 -428.0
1025 Dignitas 37.4 106.6 211.4 -48.7 -229.2 -432.0
1027 Next.kz 33.4 102.6 207.4 -42.6 -221.6 -424.7
1028 4FC 29.4 98.6 203.4 -32.1 -210.1 -414.7
1030 Na'Vi 30.2 99.5 204.4 -36.1 -214.1 -418.7
1032 Na'Vi 31.1 100.6 205.7 -40.1 -218.1 -422.7
1034 Alliance 31.8 101.4 206.7 -44.1 -222.1 -426.7
1035 Alliance 32.5 102.1 207.5 -48.1 -226.1 -430.7
1036 4FC 28.5 98.1 203.5 -42.0 -220.1 -425.3
1037 VP 24.5 94.1 199.5 -30.0 -210.9 -417.4
1039 Ahead.kz 20.5 90.1 195.5 -8.7 -189.1 -399.5
1040 PBS 21.9 92.1 197.8 -12.7 -193.1 -403.5
1041 Alliance 22.9 93.4 199.3 -16.7 -197.1 -407.5
1042 Empire 24.4 95.1 201.2 -20.7 -201.1 -411.5
1044 Quantic 26.4 97.7 203.9 -24.7 -205.1 -415.5
1045 iG 27.3 99.1 205.6 -28.7 -209.1 -419.5
1046 Liquid 28.4 100.3 207.0 -32.7 -213.1 -423.5
1047 EG 24.4 96.3 203.0 -23.8 -205.1 -417.0
1048 MiTH 26.0 98.0 205.0 -27.8 -209.1 -421.0
1049 Dreamz 27.9 100.2 207.5 -31.8 -213.1 -425.0
1050 Alliance 28.7 101.1 208.6 -35.8 -217.1 -429.0
1051 iG 29.5 102.1 209.8 -39.8 -221.1 -433.0
1052 DK 31.1 104.0 211.9 -43.8 -225.1 -437.0
1055 Alliance 31.7 104.7 212.8 -47.8 -229.1 -441.0
1059 TongFu 33.5 106.2 214.4 -51.8 -233.1 -445.0
1060 LGD.int 35.7 108.5 216.9 -55.8 -237.1 -449.0
1061 RS.int 37.2 110.3 219.0 -59.8 -241.1 -453.0
1062 MiTH 38.9 112.0 220.9 -63.8 -245.1 -457.0
1063 Alliance 39.6 112.8 221.8 -67.8 -249.1 -461.0
1064 Alliance 40.4 113.7 222.8 -71.8 -253.1 -465.0
1065 SSD 41.4 115.2 224.5 -75.8 -257.1 -469.0
1067 Hearts 42.9 116.8 226.3 -79.8 -261.1 -473.0
1068 rox.KIS 44.8 118.8 228.6 -83.8 -265.1 -477.0
1069 Poseidon 40.8 114.8 224.6 -77.0 -257.6 -469.5
1070 Quantic 36.8 110.8 220.6 -66.7 -248.3 -461.1
1071 Quantic 38.6 112.4 222.4 -70.7 -252.3 -465.1
1073 Titan 40.1 113.9 224.0 -74.7 -256.3 -469.1
1077 StayFree 41.2 115.4 225.8 -78.7 -260.3 -473.1
1078 VP 43.5 117.7 228.3 -82.7 -264.3 -477.1
1080 SYF 46.0 119.7 230.4 -86.7 -268.3 -481.1
1081 Na'Vi 46.7 120.5 231.4 -90.7 -272.3 -485.1
1082 Fnatic.eu 47.5 121.4 232.4 -94.7 -276.3 -489.1
1083 Titan 48.3 122.3 233.6 -98.7 -280.3 -493.1
1085 FD 49.1 123.4 235.0 -102.7 -284.3 -497.1
1087 UR 51.0 125.4 237.1 -106.7 -288.3 -501.1
1088 FXopen 51.9 126.7 238.6 -110.7 -292.3 -505.1
1089 Imp 52.6 127.7 239.7 -114.7 -296.3 -509.1
1090 MiTH 53.3 128.6 240.8 -118.7 -300.3 -513.1
1091 Na'Vi 54.2 129.6 242.1 -122.7 -304.3 -517.1
1092 ONE.dota 50.2 125.6 238.1 -111.5 -292.7 -506.9
1094 DK 52.5 128.2 241.1 -115.5 -296.7 -510.9
1095 Arcanys 48.5 124.2 237.1 -94.0 -279.4 -497.4
1096 VG 49.5 125.6 238.8 -98.0 -283.4 -501.4
1097 FD 50.2 126.5 240.1 -102.0 -287.4 -505.4
1098 Lowyat 46.2 122.5 236.1 -91.4 -277.2 -496.7
1099 rox.KIS 48.4 124.8 238.6 -95.4 -281.2 -500.7
1101 Fnatic.eu 49.4 126.0 240.1 -99.4 -285.2 -504.7
1104 Poseidon 45.4 122.0 236.1 -83.4 -271.0 -493.5
1105 Na'Vi 46.2 122.9 237.2 -87.4 -275.0 -497.5
1108 eN.Legs 47.7 124.9 239.6 -91.4 -279.0 -501.5
1110 bvd.dotA 49.8 127.3 242.4 -95.4 -283.0 -505.5
1111 LGD.int 50.8 128.4 243.8 -99.4 -287.0 -509.5
1112 DK 51.3 129.1 244.6 -103.4 -291.0 -513.5
1113 Imp 53.2 131.8 247.7 -107.4 -295.0 -517.5
1114 Na'Vi 53.9 132.6 248.7 -111.4 -299.0 -521.5
1117 VG 54.6 133.4 249.7 -115.4 -303.0 -525.5
1118 LGD.cn 55.0 134.0 250.5 -119.4 -307.0 -529.5
1119 FD 51.0 130.0 246.5 -112.6 -300.6 -523.6
1120 Ahead.kz 52.3 131.5 248.3 -116.6 -304.6 -527.6
1122 PR 53.8 132.7 249.6 -120.6 -308.6 -531.6
1123 Na'Vi 54.2 133.3 250.3 -124.6 -312.6 -535.6
1124 bvd.dotA 56.2 135.1 252.1 -128.6 -316.6 -539.6
1125 Empire 57.8 136.7 253.7 -132.6 -320.6 -543.6
1126 Life 53.8 132.7 249.7 -122.2 -306.5 -530.7
1127 EG 56.1 135.2 252.5 -126.2 -310.5 -534.7
1129 iG 56.6 135.9 253.3 -130.2 -314.5 -538.7
1130 TongFu 58.2 137.7 255.3 -134.2 -318.5 -542.7
1131 Na'Vi 59.2 138.7 256.5 -138.2 -322.5 -546.7
1132 Fnatic.eu 60.1 139.8 257.7 -142.2 -326.5 -550.7
1133 MUFC 56.1 135.8 253.7 -131.9 -317.1 -542.2
1135 Empire 57.1 136.9 255.0 -135.9 -321.1 -546.2
1136 Empire 58.5 138.5 256.8 -139.9 -325.1 -550.2
1137 TakeFive 54.5 134.5 252.8 -129.1 -312.0 -538.9
1139 VT 56.5 136.9 255.5 -133.1 -316.0 -542.9
1140 SYM 52.5 132.9 251.5 -127.0 -309.4 -536.4
1141 EOT 53.8 135.1 254.1 -131.0 -313.4 -540.4
1143 DK 54.3 135.8 255.0 -135.0 -317.4 -544.4
1144 VG 50.3 131.8 251.0 -120.4 -304.1 -534.0
1145 Fnatic.eu 53.0 134.1 253.4 -124.4 -308.1 -538.0
1146 iG 53.4 134.7 254.1 -128.4 -312.1 -542.0
1147 LGD.cn 54.6 136.1 255.8 -132.4 -316.1 -546.0
1148 HR 56.3 138.3 258.4 -136.4 -320.1 -550.0
1149 Na'Vi 57.2 139.3 259.7 -140.4 -324.1 -554.0
1151 Alliance 57.7 140.0 260.5 -144.4 -328.1 -558.0
1155 Empire 58.8 141.5 262.2 -148.4 -332.1 -562.0
1156 iG 59.9 143.1 264.1 -152.4 -336.1 -566.0
1157 Na'Vi 60.7 144.0 265.1 -156.4 -340.1 -570.0
1159 SAfrica 61.8 145.4 266.9 -160.4 -344.1 -574.0
1160 Na'Vi 57.8 141.4 262.9 -152.4 -338.6 -569.0
1161 FD 59.6 143.4 264.9 -156.4 -342.6 -573.0
1164 Titan 55.6 139.4 260.9 -149.5 -334.5 -565.1
1165 Titan 51.6 135.4 256.9 -139.0 -323.1 -555.0
1167 EOT 53.5 137.3 259.1 -143.0 -327.1 -559.0
1168 LGD.cn 55.3 139.1 261.1 -147.0 -331.1 -563.0
1169 DK 55.7 139.7 261.9 -151.0 -335.1 -567.0
1170 VG 57.8 141.8 264.2 -155.0 -339.1 -571.0
1171 Empire 58.6 142.8 265.4 -159.0 -343.1 -575.0
1172 Speed 54.6 138.8 261.4 -140.1 -322.3 -554.9
1173 Empire 56.3 140.5 263.3 -144.1 -326.3 -558.9
1174 Fnatic 57.6 141.8 264.7 -148.1 -330.3 -562.9
1175 TongFu 58.3 142.7 265.9 -152.1 -334.3 -566.9
1176 LGD.cn 54.3 138.7 261.9 -140.4 -324.7 -558.7
1177 TongFu 55.8 140.1 263.5 -144.4 -328.7 -562.7
1178 DK 56.2 140.6 264.2 -148.4 -332.7 -566.7
1179 RStars 52.2 136.6 260.2 -139.3 -324.1 -559.0
1181 Alliance 52.9 137.5 261.3 -143.3 -328.1 -563.0
1183 Speed 54.3 138.8 262.8 -147.3 -332.1 -567.0
1185 Liquid 50.3 134.8 258.8 -126.7 -311.3 -547.7
1186 iG 52.5 137.6 261.6 -130.7 -315.3 -551.7
1188 LGD.int 53.1 138.4 262.5 -134.7 -319.3 -555.7
1189 EG 54.2 139.8 264.3 -138.7 -323.3 -559.7
1190 TongFu 55.0 140.9 265.7 -142.7 -327.3 -563.7
1191 DK 55.4 141.6 266.5 -146.7 -331.3 -567.7
1192 Na'Vi 56.2 142.5 267.8 -150.7 -335.3 -571.7
1194 Dignitas 57.7 144.0 269.5 -154.7 -339.3 -575.7
1195 VG 58.2 144.7 270.3 -158.7 -343.3 -579.7
1196 LGD.cn 58.7 145.4 271.2 -162.7 -347.3 -583.7
1197 CSW 60.1 147.1 273.0 -166.7 -351.3 -587.7
1199 Menace 61.8 149.0 275.2 -170.7 -355.3 -591.7
1200 Liquid 63.4 150.4 276.7 -174.7 -359.3 -595.7
1202 SSD 64.7 151.9 278.5 -178.7 -363.3 -599.7
1203 TongFu 65.1 152.5 279.2 -182.7 -367.3 -603.7
1204 iG 65.8 153.4 280.2 -186.7 -371.3 -607.7
1205 HR 61.8 149.4 276.2 -174.3 -356.2 -594.3
1206 EG 63.3 150.5 277.4 -178.3 -360.2 -598.3
1207 mouz 59.3 146.5 273.4 -172.0 -353.9 -592.4
1208 Imp 55.3 142.5 269.4 -163.5 -344.4 -583.4
1209 MiTH 51.3 138.5 265.4 -156.5 -338.1 -577.6
1210 Liquid 47.3 134.5 261.4 -144.2 -325.6 -566.8
1212 Fnatic.eu 49.2 136.7 263.9 -148.2 -329.6 -570.8
1213 Poseidon 45.2 132.7 259.9 -140.9 -321.5 -563.0
1214 VG 41.2 128.7 255.9 -134.7 -314.2 -556.2
1215 iG 41.6 129.4 256.7 -138.7 -318.2 -560.2
1216 LGD.cn 43.0 131.2 258.9 -142.7 -322.2 -564.2
1217 Speed 39.0 127.2 254.9 -132.7 -312.9 -555.9
1220 Empire 40.3 128.8 256.8 -136.7 -316.9 -559.9
1221 iG 36.3 124.8 252.8 -125.4 -308.0 -552.9
1222 LGD.cn 38.2 126.4 254.5 -129.4 -312.0 -556.9
1223 DK 39.1 127.6 256.0 -133.4 -316.0 -560.9
1227 Empire 40.9 129.8 258.4 -137.4 -320.0 -564.9
1230 Property 36.9 125.8 254.4 -124.7 -309.6 -556.3
1231 TTD 32.9 121.8 250.4 -117.4 -300.9 -548.4
1232 Alliance 33.8 122.7 251.5 -121.4 -304.9 -552.4
1234 VG 35.7 124.9 254.1 -125.4 -308.9 -556.4
1235 TongFu 31.7 120.9 250.1 -107.5 -294.9 -545.7
1237 FSid3 27.7 116.9 246.1 -97.1 -285.4 -537.3
1238 LGD.cn 28.3 117.8 247.3 -101.1 -289.4 -541.3
1239 RStars 29.7 119.8 249.8 -105.1 -293.4 -545.3
1240 Na'Vi 31.4 121.6 251.8 -109.1 -297.4 -549.3
1242 mouz 33.0 123.6 254.1 -113.1 -301.4 -553.3
1243 Alliance 33.7 124.4 255.2 -117.1 -305.4 -557.3
1244 Sigma.int 35.4 127.0 258.5 -121.1 -309.4 -561.3
1245 Speed 36.4 128.3 260.1 -125.1 -313.4 -565.3
1247 iG 36.8 128.9 260.9 -129.1 -317.4 -569.3
1251 UR 38.3 130.8 263.0 -133.1 -321.4 -573.3
1253 LGD.int 34.3 126.8 259.0 -104.4 -301.0 -557.2
1255 Empire 36.3 128.9 261.3 -108.4 -305.0 -561.2
1256 RS 37.2 129.9 262.6 -112.4 -309.0 -565.2
1257 mouz 33.2 125.9 258.6 -100.6 -299.2 -556.8
1259 Sigma.int 35.2 128.6 261.6 -104.6 -303.2 -560.8
1261 mouz 31.2 124.6 257.6 -96.6 -297.3 -555.3
1262 iG 32.3 126.0 259.2 -100.6 -301.3 -559.3
1263 LGD.cn 33.0 126.9 260.3 -104.6 -305.3 -563.3
1264 DK 33.7 127.7 261.3 -108.6 -309.3 -567.3
1265 Fnatic.eu 29.7 123.7 257.3 -100.5 -301.8 -560.7
1266 Alliance 30.4 124.5 258.3 -104.5 -305.8 -564.7
1267 Na'Vi 31.8 126.1 260.1 -108.5 -309.8 -568.7
1268 Mski 32.9 127.5 261.7 -112.5 -313.8 -572.7
1269 Orange 33.9 128.5 263.0 -116.5 -317.8 -576.7
1270 MiTH 36.6 130.8 265.6 -120.5 -321.8 -580.7
1271 SYF 38.9 133.4 268.7 -124.5 -325.8 -584.7
1272 iG 40.9 135.9 271.5 -128.5 -329.8 -588.7
1273 RS 36.9 131.9 267.5 -115.8 -318.6 -578.6
1274 LGD.cn 38.4 133.4 269.1 -119.8 -322.6 -582.6
1275 FXopen 40.1 135.4 271.2 -123.8 -326.6 -586.6
1276 CSW 41.6 137.1 273.1 -127.8 -330.6 -590.6
1278 Lowyat 37.6 133.1 269.1 -115.6 -315.2 -576.6
1279 Titan 38.7 134.2 270.4 -119.6 -319.2 -580.6
1283 Speed 39.9 135.4 271.6 -123.6 -323.2 -584.6
1284 Alliance 40.7 136.2 272.6 -127.6 -327.2 -588.6
1286 LGD.int 42.8 138.8 275.3 -131.6 -331.2 -592.6
1288 Alliance 44.6 140.7 277.2 -135.6 -335.2 -596.6
1292 SSD 40.6 136.7 273.2 -127.2 -325.8 -587.6
1293 TongFu 41.6 137.8 274.6 -131.2 -329.8 -591.6
1294 VG 37.6 133.8 270.6 -117.4 -316.6 -580.9
1296 mouz 39.3 135.6 272.6 -121.4 -320.6 -584.9
1297 EG 41.7 137.9 275.2 -125.4 -324.6 -588.9
1299 EG 42.8 139.1 276.5 -129.4 -328.6 -592.9
1300 4FC 44.8 141.2 278.9 -133.4 -332.6 -596.9
1301 Hearts 46.1 142.8 280.7 -137.4 -336.6 -600.9
1302 DK 48.3 145.3 283.4 -141.4 -340.6 -604.9
1303 Sigma.int 49.2 146.5 284.9 -145.4 -344.6 -608.9
1305 Empire 49.8 147.3 285.8 -149.4 -348.6 -612.9
1306 FXopen 50.9 148.7 287.4 -153.4 -352.6 -616.9
1307 LGD.int 51.8 149.7 288.6 -157.4 -356.6 -620.9
1308 LGD.cn 52.5 150.5 289.6 -161.4 -360.6 -624.9
1309 4FC 54.7 152.4 291.7 -165.4 -364.6 -628.9
1310 Sigma.int 55.4 153.2 292.7 -169.4 -368.6 -632.9
1312 Arteezy 57.4 155.2 294.9 -173.4 -372.6 -636.9
1314 TongFu 57.8 155.8 295.6 -177.4 -376.6 -640.9
1315 Empire 58.6 156.7 296.6 -181.4 -380.6 -644.9
1316 VG 59.3 157.6 297.7 -185.4 -384.6 -648.9
1317 Na'Vi 60.3 158.7 299.1 -189.4 -388.6 -652.9
1318 QPandas 56.3 154.7 295.1 -175.8 -375.1 -640.0
1319 Empire 58.4 156.3 296.7 -179.8 -379.1 -644.0
1321 Fnatic.eu 59.1 157.0 297.3 -183.8 -383.1 -648.0
1322 DK 59.5 157.5 298.0 -187.8 -387.1 -652.0
1323 VG 60.3 158.5 299.3 -191.8 -391.1 -656.0
1324 VG 56.3 154.5 295.3 -177.6 -376.6 -643.8
1325 Kawai 52.3 150.5 291.3 -165.5 -366.7 -634.5
1326 Dignitas 48.3 146.5 287.3 -152.5 -354.7 -624.4
1327 Speed 48.9 147.2 288.2 -156.5 -358.7 -628.4
1328 Dignitas 50.6 148.9 290.0 -160.5 -362.7 -632.4
1329 Alliance 51.2 149.6 290.8 -164.5 -366.7 -636.4
1330 Na'Vi 53.2 151.4 292.8 -168.5 -370.7 -640.4
1331 Na'Vi 54.4 152.4 294.0 -172.5 -374.7 -644.4
1332 Fnatic.eu 50.4 148.4 290.0 -162.4 -363.0 -634.1
1333 Alliance 51.2 149.2 291.0 -166.4 -367.0 -638.1
1334 iG 52.7 151.0 293.2 -170.4 -371.0 -642.1
1335 LGD.int 53.9 152.4 294.8 -174.4 -375.0 -646.1
1336 TongFu 54.9 153.3 295.8 -178.4 -379.0 -650.1
1337 Startale 57.4 155.7 298.5 -182.4 -383.0 -654.1
1338 Liquid 58.8 157.2 300.2 -186.4 -387.0 -658.1
1340 Fnatic.eu 59.7 158.2 301.4 -190.4 -391.0 -662.1
1341 Alliance 60.2 158.8 302.1 -194.4 -395.0 -666.1
1343 Fnatic.eu 56.2 154.8 298.1 -186.4 -385.9 -657.6
1345 Sigma.int 57.4 156.3 299.9 -190.4 -389.9 -661.6
1351 VG 57.8 157.0 300.7 -194.4 -393.9 -665.6
1352 DK 58.4 157.6 301.5 -198.4 -397.9 -669.6
1353 Alliance 60.1 159.3 303.4 -202.4 -401.9 -673.6
1354 VP 56.1 155.3 299.4 -189.5 -389.7 -662.7
1355 Alliance 57.3 156.6 301.0 -193.5 -393.7 -666.7
1356 Alliance 58.6 157.8 302.3 -197.5 -397.7 -670.7
1357 Na'Vi 59.7 158.8 303.4 -201.5 -401.7 -674.7
1359 LGD.cn 60.0 159.3 304.0 -205.5 -405.7 -678.7
1360 iG 60.4 159.8 304.6 -209.5 -409.7 -682.7
1361 Dignitas 61.1 160.6 305.6 -213.5 -413.7 -686.7
1362 Speed 61.5 161.1 306.3 -217.5 -417.7 -690.7
1363 Speed 63.6 163.1 308.7 -221.5 -421.7 -694.7
1364 Na'Vi 65.4 165.0 310.7 -225.5 -425.7 -698.7
1365 Alliance 66.1 165.7 311.5 -229.5 -429.7 -702.7
1366 Alliance 66.5 166.2 312.1 -233.5 -433.7 -706.7
1367 Liquid 68.1 168.1 314.3 -237.5 -437.7 -710.7
1368 Fnatic.eu 69.3 169.3 315.6 -241.5 -441.7 -714.7
1369 Na'Vi 70.0 170.1 316.5 -245.5 -445.7 -718.7
1370 LGD.int 66.0 166.1 312.5 -236.3 -435.3 -709.2
1372 VP 62.0 162.1 308.5 -218.4 -420.1 -696.5
1373 Liquid 63.3 163.4 310.0 -222.4 -424.1 -700.5
1375 Startale 59.3 159.4 306.0 -211.9 -417.5 -695.0
1377 LGD.cn 60.8 161.0 307.8 -215.9 -421.5 -699.0
1379 Fnatic.eu 61.9 162.2 309.2 -219.9 -425.5 -703.0
1380 Liquid 63.0 163.4 310.6 -223.9 -429.5 -707.0
1381 Liquid 59.0 159.4 306.6 -209.0 -415.5 -695.1
1382 Titan 59.8 160.4 307.9 -213.0 -419.5 -699.1
1383 LGD.cn 61.3 162.2 309.9 -217.0 -423.5 -703.1
1384 Empire 62.0 163.0 310.9 -221.0 -427.5 -707.1
1386 StayFree 58.0 159.0 306.9 -210.6 -417.4 -698.1
1388 iG 58.5 159.7 307.7 -214.6 -421.4 -702.1
1389 RStars 59.2 160.7 309.1 -218.6 -425.4 -706.1
1390 Alliance 59.7 161.3 309.8 -222.6 -429.4 -710.1
1391 Fnatic.eu 60.9 162.6 311.4 -226.6 -433.4 -714.1
1396 rox.KIS 56.9 158.6 307.4 -191.4 -405.7 -690.9
1399 EG 52.9 154.6 303.4 -176.4 -389.9 -677.6
1400 VP 54.8 156.8 306.0 -180.4 -393.9 -681.6
1401 Alliance 56.6 158.5 307.9 -184.4 -397.9 -685.6
1402 Liquid 58.7 160.7 310.2 -188.4 -401.9 -689.6
1404 VG 59.6 161.8 311.6 -192.4 -405.9 -693.6
1405 Speed 60.4 162.9 313.0 -196.4 -409.9 -697.6
1406 EG 56.4 158.9 309.0 -187.9 -402.6 -691.5
1408 Liquid 58.1 160.8 311.1 -191.9 -406.6 -695.5
1412 DK 58.5 161.5 312.0 -195.9 -410.6 -699.5
1415 VP 54.5 157.5 308.0 -184.0 -397.9 -688.3
1416 Liquid 56.3 159.3 309.9 -188.0 -401.9 -692.3
1421 Na'Vi 57.8 160.9 311.8 -192.0 -405.9 -696.3
1423 Alliance 58.3 161.5 312.5 -196.0 -409.9 -700.3
1424 DK 58.6 161.9 313.1 -200.0 -413.9 -704.3
1425 VG 59.3 162.7 314.1 -204.0 -417.9 -708.3
1426 Speed 60.7 164.2 315.8 -208.0 -421.9 -712.3
1428 EG 56.7 160.2 311.8 -200.5 -413.5 -704.1
1429 Empire 57.9 161.4 313.2 -204.5 -417.5 -708.1
1430 Na'Vi 58.8 162.4 314.4 -208.5 -421.5 -712.1
1431 DK 59.2 162.9 315.0 -212.5 -425.5 -716.1
1433 iG 55.2 158.9 311.0 -205.5 -419.5 -710.8
1437 Liquid 57.2 161.1 313.4 -209.5 -423.5 -714.8
1438 Liquid 57.9 162.0 314.4 -213.5 -427.5 -718.8
1439 Empire 53.9 158.0 310.4 -200.0 -412.9 -704.3
1440 Alliance 56.4 160.7 313.4 -204.0 -416.9 -708.3
1441 PR 52.4 156.7 309.4 -196.1 -408.9 -700.5
1442 LGD.int 52.8 157.3 310.1 -200.1 -412.9 -704.5
1443 TongFu 53.5 158.1 311.1 -204.1 -416.9 -708.5
1445 Speed 55.3 160.5 313.8 -208.1 -420.9 -712.5
1446 mouz 51.3 156.5 309.8 -200.8 -414.6 -706.7
1447 FD 47.3 152.5 305.8 -192.6 -406.9 -699.5
1448 MiTH 43.3 148.5 301.8 -186.4 -400.1 -693.1
1449 Titan 45.2 150.2 303.6 -190.4 -404.1 -697.1
1450 Na'Vi 46.1 151.3 304.9 -194.4 -408.1 -701.1
1451 Na'Vi 47.5 152.7 306.3 -198.4 -412.1 -705.1
1453 Liquid 49.9 155.4 309.1 -202.4 -416.1 -709.1
1456 Liquid 51.4 157.2 311.1 -206.4 -420.1 -713.1
1458 Fnatic.eu 47.4 153.2 307.1 -193.6 -407.7 -701.8
1459 Na'Vi 49.1 154.7 308.8 -197.6 -411.7 -705.8
1460 Alliance 50.0 155.6 309.8 -201.6 -415.7 -709.8
1461 rox.KIS 46.0 151.6 305.8 -192.0 -406.9 -701.7
1462 rox.KIS 47.5 153.1 307.5 -196.0 -410.9 -705.7
1463 Na'Vi 49.6 155.0 309.5 -200.0 -414.9 -709.7
1465 DK 51.1 156.5 311.1 -204.0 -418.9 -713.7
1466 4FC 47.1 152.5 307.1 -191.1 -406.1 -701.9
1468 Alliance 48.9 154.4 309.1 -195.1 -410.1 -705.9
1471 Mts 44.9 150.4 305.1 -186.3 -403.5 -700.5
1472 rox.KIS 40.9 146.4 301.1 -177.9 -397.5 -695.3
1473 LGD.cn 41.5 147.2 302.1 -181.9 -401.5 -699.3
1475 TongFu3 43.3 148.9 304.0 -185.9 -405.5 -703.3
1478 Alliance 44.5 150.2 305.4 -189.9 -409.5 -707.3
1479 Liquid 45.2 151.0 306.4 -193.9 -413.5 -711.3
1480 Na'Vi 46.9 152.5 308.0 -197.9 -417.5 -715.3
1481 DK 42.9 148.5 304.0 -188.6 -409.3 -708.6
1482 Fnatic.eu 43.6 149.4 305.2 -192.6 -413.3 -712.6
1483 Sigma.int 39.6 145.4 301.2 -181.6 -400.9 -701.0
1484 DK 41.5 147.6 303.7 -185.6 -404.9 -705.0
1485 EG 37.5 143.6 299.7 -178.3 -398.2 -698.6
1487 VG 39.6 146.0 302.4 -182.3 -402.2 -702.6
1488 Imp 41.4 148.0 304.9 -186.3 -406.2 -706.6
1489 Na'Vi 43.1 149.7 306.8 -190.3 -410.2 -710.6
1490 EG 43.9 150.7 307.9 -194.3 -414.2 -714.6
1492 Alliance 45.2 152.1 309.4 -198.3 -418.2 -718.6
1494 Na'Vi 45.8 152.8 310.2 -202.3 -422.2 -722.6
1495 DK 46.9 154.1 311.7 -206.3 -426.2 -726.6
1496 Sigma.int 48.8 156.4 314.4 -210.3 -430.2 -730.6
1497 Speed 44.8 152.4 310.4 -196.7 -418.3 -719.7
1498 Fnatic.eu 40.8 148.4 306.4 -180.6 -402.8 -705.0
1499 DK 41.6 149.4 307.4 -184.6 -406.8 -709.0
1500 Speed 42.3 150.3 308.6 -188.6 -410.8 -713.0
1501 Liquid 38.3 146.3 304.6 -175.2 -397.7 -701.2
1503 Speed 40.8 148.4 307.0 -179.2 -401.7 -705.2
1506 Liquid 42.1 149.8 308.5 -183.2 -405.7 -709.2
1507 DK 43.8 151.5 310.2 -187.2 -409.7 -713.2
1508 Alliance 44.4 152.3 311.0 -191.2 -413.7 -717.2
1510 Na'Vi 45.9 153.9 312.8 -195.2 -417.7 -721.2
1511 Sigma.int 46.4 154.6 313.5 -199.2 -421.7 -725.2
1512 Alliance 47.3 155.6 314.7 -203.2 -425.7 -729.2
1513 DK 47.6 156.1 315.3 -207.2 -429.7 -733.2
1514 Fnatic.eu 43.6 152.1 311.3 -201.3 -423.9 -727.3
1515 Speed 39.6 148.1 307.3 -190.3 -413.1 -717.5
1518 Speed 35.6 144.1 303.3 -180.6 -404.7 -709.9
1520 Titan 38.2 146.6 305.9 -184.6 -408.7 -713.9
1521 Next.kz 40.0 148.7 308.4 -188.6 -412.7 -717.9
1522 Next.kz 36.0 144.7 304.4 -182.2 -406.5 -712.3
1523 SSD 32.0 140.7 300.4 -168.8 -393.2 -701.0
1524 Aspera 33.4 142.5 302.4 -172.8 -397.2 -705.0
1526 TongFu3 35.8 145.0 305.2 -176.8 -401.2 -709.0
1527 VP 36.9 146.4 306.8 -180.8 -405.2 -713.0
1528 TongFu 37.6 147.2 307.8 -184.8 -409.2 -717.0
1529 LGD.int 38.2 148.0 308.8 -188.8 -413.2 -721.0
1530 Empire 39.7 149.7 310.7 -192.8 -417.2 -725.0
1531 Aspera 41.1 151.2 312.4 -196.8 -421.2 -729.0
1533 OsG 37.1 147.2 308.4 -183.6 -408.7 -718.7
1534 Poseidon 39.0 149.1 310.5 -187.6 -412.7 -722.7
1535 Venum 41.0 151.6 313.3 -191.6 -416.7 -726.7
1537 FL 37.0 147.6 309.3 -181.8 -405.5 -717.1
1538 NoX 33.0 143.6 305.3 -174.3 -397.1 -709.3
1539 Next.kz 35.7 145.9 307.7 -178.3 -401.1 -713.3
1541 PR 31.7 141.9 303.7 -171.6 -395.0 -707.8
1542 rox.KIS 34.0 144.4 306.6 -175.6 -399.0 -711.8
1543 Fnatic.eu 36.6 146.8 309.1 -179.6 -403.0 -715.8
1544 SSD 38.3 148.7 311.2 -183.6 -407.0 -719.8
1545 LGD.cn 39.8 150.5 313.4 -187.6 -411.0 -723.8
1546 iG 41.0 151.9 315.1 -191.6 -415.0 -727.8
1547 Fnatic.eu 37.0 147.9 311.1 -181.7 -404.8 -718.2
1548 Na'Vi 38.6 149.5 312.9 -185.7 -408.8 -722.2
1549 VG 39.2 150.4 314.1 -189.7 -412.8 -726.2
1550 DK 39.9 151.2 315.1 -193.7 -416.8 -730.2
1553 Fnatic.eu 35.9 147.2 311.1 -184.4 -408.0 -722.6
1554 Alliance 37.8 149.0 313.0 -188.4 -412.0 -726.6
1557 LGD.int 33.8 145.0 309.0 -179.7 -402.5 -718.1
1560 EOT 35.8 147.0 311.2 -183.7 -406.5 -722.1
1561 Na'Vi 38.5 149.5 313.8 -187.7 -410.5 -726.1
1562 VG 34.5 145.5 309.8 -180.7 -400.8 -717.0
1568 Next.kz 35.7 147.0 311.5 -184.7 -404.8 -721.0
1569 Next.kz 31.7 143.0 307.5 -178.6 -398.0 -714.7
1572 Fnatic.eu 33.1 144.3 308.9 -182.6 -402.0 -718.7
1573 iG 34.9 146.2 311.2 -186.6 -406.0 -722.7
1574 DK 36.0 147.4 312.5 -190.6 -410.0 -726.7
1576 5inQ 37.5 149.3 314.8 -194.6 -414.0 -730.7
1578 VG 33.5 145.3 310.8 -185.4 -405.1 -722.4
1579 DK 34.6 146.8 312.5 -189.4 -409.1 -726.4
1580 Alliance 35.7 148.1 314.0 -193.4 -413.1 -730.4
1582 PR 37.1 149.4 315.4 -197.4 -417.1 -734.4
1583 Sigma.int 38.5 151.1 317.4 -201.4 -421.1 -738.4
1584 SSD 40.9 153.9 320.3 -205.4 -425.1 -742.4
1585 Fnatic.eu 41.8 154.9 321.5 -209.4 -429.1 -746.4
1586 Fnatic.eu 37.8 150.9 317.5 -199.8 -419.7 -737.1
1587 Idol 39.3 152.7 319.8 -203.8 -423.7 -741.1
1589 FD 40.3 153.8 321.1 -207.8 -427.7 -745.1
1590 Orange 41.1 154.8 322.4 -211.8 -431.7 -749.1
1593 FD 41.8 155.8 323.7 -215.8 -435.7 -753.1
1594 FD 37.8 151.8 319.7 -207.0 -425.7 -743.9
1595 Idol 33.8 147.8 315.7 -200.9 -417.8 -735.8
1597 Empire 35.6 149.6 317.5 -204.9 -421.8 -739.8
1598 Alliance 36.5 150.6 318.6 -208.9 -425.8 -743.8
1599 OsG 32.5 146.6 314.6 -200.1 -418.0 -736.7
1600 TR 28.5 142.6 310.6 -189.2 -409.6 -729.6
1602 VP 30.2 144.5 312.6 -193.2 -413.6 -733.6
1603 Fnatic.eu 31.7 146.0 314.1 -197.2 -417.6 -737.6
1604 Sigma.int 27.7 142.0 310.1 -186.8 -406.8 -727.5
1605 VG 30.1 144.9 313.3 -190.8 -410.8 -731.5
1607 Idol 31.1 146.3 315.0 -194.8 -414.8 -735.5
1608 VP 27.1 142.3 311.0 -184.9 -405.9 -728.0
1611 Sigma.int 28.1 143.6 312.5 -188.9 -409.9 -732.0
1612 Fnatic.eu 30.0 145.5 314.7 -192.9 -413.9 -736.0
1613 Fnatic.eu 31.4 146.9 316.3 -196.9 -417.9 -740.0
1614 Alliance 32.0 147.7 317.2 -200.9 -421.9 -744.0
1617 Siltherin 34.0 150.0 319.8 -204.9 -425.9 -748.0
1618 FD 35.6 151.7 321.9 -208.9 -429.9 -752.0
1619 XctN 37.9 154.3 324.7 -212.9 -433.9 -756.0
1620 VP 39.4 155.7 326.3 -216.9 -437.9 -760.0
1622 Aspera 35.4 151.7 322.3 -210.8 -431.5 -754.0
1623 SSD 37.3 153.6 324.3 -214.8 -435.5 -758.0
1624 PR 38.9 155.4 326.3 -218.8 -439.5 -762.0
1625 Idol 34.9 151.4 322.3 -209.7 -430.7 -754.3
1626 FD 35.8 152.6 323.7 -213.7 -434.7 -758.3
1627 MVP 37.8 154.3 325.5 -217.7 -438.7 -762.3
1628 Alliance 38.5 155.0 326.4 -221.7 -442.7 -766.3
1629 Fnatic.eu 39.0 155.6 327.2 -225.7 -446.7 -770.3
1630 Na'Vi 41.6 157.9 329.7 -229.7 -450.7 -774.3
1631 VG 42.1 158.6 330.7 -233.7 -454.7 -778.3
1634 Alliance 42.8 159.5 331.7 -237.7 -458.7 -782.3
1635 VG 38.8 155.5 327.7 -232.6 -451.5 -774.6
1636 Sigma.int 39.5 156.3 328.8 -236.6 -455.5 -778.6
1637 Na'Vi 41.4 158.1 330.7 -240.6 -459.5 -782.6
1641 RRQ 37.4 154.1 326.7 -231.4 -449.5 -773.0
1642 MiTH 39.1 156.2 328.9 -235.4 -453.5 -777.0
1645 RRQ 41.5 158.5 331.3 -239.4 -457.5 -781.0
1648 Poseidon 37.5 154.5 327.3 -231.0 -449.1 -772.9
1650 VP 39.4 156.7 329.5 -235.0 -453.1 -776.9
1651 rox.KIS 41.1 158.4 331.4 -239.0 -457.1 -780.9
1652 PR 42.2 159.7 332.9 -243.0 -461.1 -784.9
1653 mouz 43.8 161.3 334.7 -247.0 -465.1 -788.9
1654 MVP.P 44.8 162.7 336.3 -251.0 -469.1 -792.9
1655 RRQ 47.3 164.6 338.2 -255.0 -473.1 -796.9
1656 HR 43.3 160.6 334.2 -246.0 -462.5 -787.1
1657 RRQ 44.0 161.5 335.3 -250.0 -466.5 -791.1
1660 Poseidon 40.0 157.5 331.3 -233.6 -451.9 -779.5
1662 Fnatic.eu 40.8 158.5 332.5 -237.6 -455.9 -783.5
1664 DK 41.5 159.3 333.5 -241.6 -459.9 -787.5
1665 LGD.cn 42.1 160.0 334.5 -245.6 -463.9 -791.5
1666 Lowyat 38.1 156.0 330.5 -238.9 -458.2 -786.4
1667 Fnatic.eu 39.6 157.4 332.1 -242.9 -462.2 -790.4
1668 Duskbin 40.4 158.7 333.7 -246.9 -466.2 -794.4
1669 Neon 36.4 154.7 329.7 -238.2 -458.1 -787.4
1672 MiTH 38.3 156.6 331.8 -242.2 -462.1 -791.4
1674 Empire 39.5 157.9 333.2 -246.2 -466.1 -795.4
1676 TR 35.5 153.9 329.2 -232.0 -454.5 -785.6
1677 Na'Vi 36.7 155.1 330.7 -236.0 -458.5 -789.6
1678 Na'Vi 37.6 156.2 331.9 -240.0 -462.5 -793.6
1679 Speed 39.3 157.9 333.8 -244.0 -466.5 -797.6
1681 Mski 40.2 159.0 335.1 -248.0 -470.5 -801.6
1682 Lowyat 41.4 160.3 336.7 -252.0 -474.5 -805.6
1683 rox.KIS 42.7 161.9 338.6 -256.0 -478.5 -809.6
1684 Alliance 44.1 163.2 340.0 -260.0 -482.5 -813.6
1685 Alliance 44.6 163.8 340.7 -264.0 -486.5 -817.6
1686 Sigma.int 45.8 165.0 342.1 -268.0 -490.5 -821.6
1688 Fnatic.eu 47.2 166.4 343.6 -272.0 -494.5 -825.6
1689 iG 47.7 167.0 344.3 -276.0 -498.5 -829.6
1690 Mski 49.7 168.5 345.8 -280.0 -502.5 -833.6
1697 mouz 45.7 164.5 341.8 -263.1 -482.4 -813.5
1698 Alliance 47.2 165.8 343.2 -267.1 -486.4 -817.5
1699 OsG 43.2 161.8 339.2 -238.7 -460.1 -794.1
1701 TongFu 44.2 162.8 340.3 -242.7 -464.1 -798.1
1705 Next.kz 45.9 164.7 342.5 -246.7 -468.1 -802.1
1706 Sigma.int 46.8 165.5 343.4 -250.7 -472.1 -806.1
1707 mouz 48.0 166.6 344.6 -254.7 -476.1 -810.1
1708 HR 49.1 167.9 346.2 -258.7 -480.1 -814.1
1709 iG 50.5 169.5 348.2 -262.7 -484.1 -818.1
1709 iG 51.9 171.1 350.2 -266.7 -488.1 -822.1
1710 Speed 47.9 167.1 346.2 -260.6 -481.9 -816.2
1710 Speed 43.9 163.1 342.2 -254.1 -475.4 -810.3
1711 Next.kz 44.7 164.1 343.4 -258.1 -479.4 -814.3
1711 Next.kz 45.4 165.0 344.4 -262.1 -483.4 -818.3
1712 VP 47.1 166.7 346.2 -266.1 -487.4 -822.3
1712 VP 49.0 168.3 347.9 -270.1 -491.4 -826.3
1713 Alliance 50.6 169.9 349.6 -274.1 -495.4 -830.3
1713 Sigma.int 52.4 171.3 351.3 -278.1 -499.4 -834.3
1714 rox.KIS 53.1 172.2 352.3 -282.1 -503.4 -838.3
1714 rox.KIS 54.0 173.1 353.5 -286.1 -507.4 -842.3
1716 rox.KIS 56.4 175.8 356.3 -290.1 -511.4 -846.3
1716 rox.KIS 59.0 178.4 359.2 -294.1 -515.4 -850.3
1718 Fnatic.eu 55.0 174.4 355.2 -287.7 -508.5 -844.5
1718 Fnatic.eu 51.0 170.4 351.2 -280.8 -501.9 -838.7
1719 HR 52.8 171.9 352.8 -284.8 -505.9 -842.7
1719 HR 54.6 173.4 354.4 -288.8 -509.9 -846.7
1720 Mski 55.5 174.4 355.5 -292.8 -513.9 -850.7
1721 Lowyat 56.6 175.4 357.0 -296.8 -517.9 -854.7
1722 Mski 57.4 176.2 358.0 -300.8 -521.9 -858.7
1723 Mski 59.1 177.8 359.6 -304.8 -525.9 -862.7
1724 LGD.cn 60.7 179.5 361.5 -308.8 -529.9 -866.7
1725 VG 61.8 180.7 362.9 -312.8 -533.9 -870.7
1726 Lowyat 62.8 181.7 364.1 -316.8 -537.9 -874.7
1727 Mski 63.6 182.6 365.0 -320.8 -541.9 -878.7
1728 sQreen 59.6 178.6 361.0 -308.6 -529.4 -867.7
1730 rox.KIS 60.6 180.0 362.5 -312.6 -533.4 -871.7
1731 Empire 56.6 176.0 358.5 -300.4 -520.5 -860.4
1732 rox.KIS 52.6 172.0 354.5 -294.5 -513.2 -853.1
1733 PR 48.6 168.0 350.5 -283.6 -502.7 -843.4
1735 Mski 49.4 168.8 351.5 -287.6 -506.7 -847.4
1736 Lowyat 45.4 164.8 347.5 -278.4 -497.7 -839.5
1738 Lowyat 47.5 166.6 349.4 -282.4 -501.7 -843.5
1739 5inQ 43.5 162.6 345.4 -274.6 -493.9 -837.1
1742 Na'Vi 45.0 164.6 347.6 -278.6 -497.9 -841.1
1743 Na'Vi 46.7 166.7 350.0 -282.6 -501.9 -845.1
1744 Sigma.int 47.7 168.0 351.5 -286.6 -505.9 -849.1
1745 Na'Vi 48.4 168.9 352.6 -290.6 -509.9 -853.1
1746 Alliance 49.1 169.7 353.7 -294.6 -513.9 -857.1
1750 Alliance 49.8 170.5 354.7 -298.6 -517.9 -861.1
1751 Na'Vi 50.7 171.5 355.9 -302.6 -521.9 -865.1
1753 Na'Vi 52.0 172.9 357.5 -306.6 -525.9 -869.1
1754 TR 48.0 168.9 353.5 -293.7 -514.5 -859.4
1755 SSD 49.1 170.3 355.2 -297.7 -518.5 -863.4
1756 TongFu 45.1 166.3 351.2 -289.9 -511.6 -857.7
1758 DK 46.7 168.1 353.3 -293.9 -515.6 -861.7
1760 Duskbin 42.7 164.1 349.3 -284.4 -505.0 -851.8
1761 Mski 43.7 165.4 350.7 -288.4 -509.0 -855.8
1762 TR 39.7 161.4 346.7 -279.0 -500.7 -848.6
1763 rox.KIS 40.6 162.4 347.9 -283.0 -504.7 -852.6
1764 Na'Vi 41.7 163.5 349.2 -287.0 -508.7 -856.6
1768 QPandas 37.7 159.5 345.2 -276.6 -498.9 -848.1
1770 5inQ 39.4 162.1 348.2 -280.6 -502.9 -852.1
1771 VG 40.3 163.3 349.8 -284.6 -506.9 -856.1
1773 FD 42.4 165.1 351.8 -288.6 -510.9 -860.1
1774 Idol 43.4 166.6 353.7 -292.6 -514.9 -864.1
1776 Fnatic.eu 44.5 167.8 355.1 -296.6 -518.9 -868.1
1777 PR 46.0 169.4 356.9 -300.6 -522.9 -872.1
1778 FSid3 42.0 165.4 352.9 -294.6 -516.3 -865.6
1779 Fnatic.eu 43.8 166.9 354.5 -298.6 -520.3 -869.6
1780 Titan 45.2 168.5 356.3 -302.6 -524.3 -873.6
1781 FD 46.9 170.4 358.4 -306.6 -528.3 -877.6
1783 Titan 47.9 171.4 359.7 -310.6 -532.3 -881.6
1784 LGD.cn 49.5 173.0 361.7 -314.6 -536.3 -885.6
1785 Fnatic.eu 50.6 174.2 363.0 -318.6 -540.3 -889.6
1786 Fnatic.eu 52.0 175.6 364.5 -322.6 -544.3 -893.6
1787 Sigma.int 54.5 178.1 367.1 -326.6 -548.3 -897.6
1788 Sigma.int 55.1 178.8 368.0 -330.6 -552.3 -901.6
1790 Na'Vi 56.1 179.7 369.0 -334.6 -556.3 -905.6
1791 Revenge 52.1 175.7 365.0 -325.2 -544.8 -894.0
1792 Empire 48.1 171.7 361.0 -317.3 -537.1 -887.1
1793 Fnatic.eu 49.4 173.0 362.5 -321.3 -541.1 -891.1
1795 Empire 51.0 174.8 364.3 -325.3 -545.1 -895.1
1796 Titan 53.5 177.5 366.9 -329.3 -549.1 -899.1
1797 TR 49.5 173.5 362.9 -319.9 -539.3 -889.6
1798 OsG 51.8 176.2 365.7 -323.9 -543.3 -893.6
1799 VP 47.8 172.2 361.7 -315.2 -536.6 -887.8
1800 Empire 49.4 173.8 363.5 -319.2 -540.6 -891.8
1801 Na'Vi 51.1 175.2 365.1 -323.2 -544.6 -895.8
1802 PR 47.1 171.2 361.1 -310.1 -528.7 -881.0
1803 Sigma.int 48.3 172.6 362.6 -314.1 -532.7 -885.0
1804 DK 48.7 173.2 363.3 -318.1 -536.7 -889.0
1805 VG 49.3 173.9 364.2 -322.1 -540.7 -893.0
1806 DT 51.0 175.5 366.0 -326.1 -544.7 -897.0
1807 LGD.cn 51.5 176.1 366.8 -330.1 -548.7 -901.0
1808 iG 51.9 176.7 367.6 -334.1 -552.7 -905.0
1809 Titan 53.1 177.8 368.9 -338.1 -556.7 -909.0
1811 TongFu 54.0 178.7 370.0 -342.1 -560.7 -913.0
1813 DK 56.3 181.2 372.7 -346.1 -564.7 -917.0
1814 LGD.cn 56.8 181.9 373.6 -350.1 -568.7 -921.0
1815 iG 57.7 183.3 375.3 -354.1 -572.7 -925.0
1817 Mski 58.9 184.5 376.7 -358.1 -576.7 -929.0
1818 FD 61.1 186.6 378.8 -362.1 -580.7 -933.0
1819 rox.KIS 63.5 188.9 381.3 -366.1 -584.7 -937.0
1820 Empire 64.4 189.8 382.4 -370.1 -588.7 -941.0
1821 QPandas 60.4 185.8 378.4 -359.3 -577.7 -931.4
1822 Fnatic.eu 60.9 186.4 379.1 -363.3 -581.7 -935.4
1823 SSD 62.6 188.0 380.8 -367.3 -585.7 -939.4
1825 DK 64.2 189.8 382.9 -371.3 -589.7 -943.4
1826 Titan 65.2 190.8 384.0 -375.3 -593.7 -947.4
1827 MVP.P 66.1 192.0 385.4 -379.3 -597.7 -951.4
1828 TongFu 62.1 188.0 381.4 -364.9 -586.5 -941.6
1829 Sigma.int 63.4 189.7 383.4 -368.9 -590.5 -945.6
1830 mouz 65.6 191.9 385.6 -372.9 -594.5 -949.6
1831 rox.KIS 61.6 187.9 381.6 -363.9 -587.0 -942.6
1833 Fnatic.eu 63.1 189.3 383.0 -367.9 -591.0 -946.6
1836 DK 64.5 190.9 384.8 -371.9 -595.0 -950.6
1837 Titan 66.1 192.4 386.5 -375.9 -599.0 -954.6
1838 Titan 62.1 188.4 382.5 -369.6 -592.3 -948.1
1839 Sigma.int 58.1 184.4 378.5 -360.8 -583.8 -940.2
1840 PR 54.1 180.4 374.5 -348.6 -572.5 -929.7
1841 SSD 55.9 182.4 376.7 -352.6 -576.5 -933.7
1842 DK 57.2 184.0 378.5 -356.6 -580.5 -937.7
1843 iG 59.2 186.4 381.1 -360.6 -584.5 -941.7
1845 DK 61.1 188.6 382.3 -364.6 -588.5 -945.7
1846 DK 62.0 189.7 382.9 -368.6 -592.5 -949.7
1847 DK 62.8 190.8 384.2 -372.6 -596.5 -953.7
1848 TongFu 64.5 192.9 386.6 -376.6 -600.5 -957.7
1849 PBS 66.2 195.1 389.2 -380.6 -604.5 -961.7
1850 rox.KIS 67.5 196.7 390.0 -384.6 -608.5 -965.7
1851 Alliance 68.2 197.6 390.6 -388.6 -612.5 -969.7
1852 SSD 69.9 199.2 392.3 -392.6 -616.5 -973.7
1853 Alliance 70.9 200.0 393.2 -396.6 -620.5 -977.7
1854 SSD 66.9 196.0 389.2 -389.7 -612.3 -969.9
1857 iG 67.6 196.9 390.3 -393.7 -616.3 -973.9
1858 Empire 69.9 199.6 391.7 -397.7 -620.3 -977.9
1860 Fnatic.eu 70.5 200.4 392.6 -401.7 -624.3 -981.9
1861 Sigma.int 71.5 201.6 394.1 -405.7 -628.3 -985.9
1862 Next.kz 67.5 197.6 390.1 -394.8 -617.7 -976.1
1863 Fnatic.eu 68.7 198.9 391.1 -398.8 -621.7 -980.1
1864 Revenge 71.0 201.4 393.9 -402.8 -625.7 -984.1
1865 TongFu 71.8 202.4 395.1 -406.8 -629.7 -988.1
1866 Sigma.int 73.7 204.7 396.7 -410.8 -633.7 -992.1
1867 Fnatic.eu 74.6 205.7 397.4 -414.8 -637.7 -996.1
1868 Na'Vi 75.3 206.5 397.9 -418.8 -641.7 -1000.1
1869 FSid3 71.3 202.5 393.9 -411.0 -634.2 -993.8
1870 FSid3 67.3 198.5 389.9 -401.3 -622.7 -982.5
1871 Relax 69.0 200.3 392.1 -405.3 -626.7 -986.5
1874 Revenge 70.4 201.9 393.1 -409.3 -630.7 -990.5
1875 iG 72.0 203.6 395.0 -413.3 -634.7 -994.5
1876 GB 73.8 205.5 397.2 -417.3 -638.7 -998.5
1877 FD 75.4 207.2 398.5 -421.3 -642.7 -1002.5
1878 Invasion 71.4 203.2 394.5 -409.7 -632.3 -988.6
1879 Orange 72.2 204.1 395.5 -413.7 -636.3 -992.6
1880 VG 68.2 200.1 391.5 -407.1 -628.9 -985.5
1883 iG 64.2 196.1 387.5 -398.7 -621.4 -975.8
1885 Mski 65.4 197.2 388.7 -402.7 -625.4 -979.8
1886 Invasion 66.7 198.6 389.7 -406.7 -629.4 -983.8
1887 Lowyat 68.0 200.0 391.1 -410.7 -633.4 -987.8
1889 Fnatic.eu 64.0 196.0 387.1 -393.5 -620.3 -976.0
1890 LGD.cn 60.0 192.0 383.1 -387.0 -614.4 -970.5
1892 nAra 56.0 188.0 379.1 -379.2 -607.6 -962.1
1893 Mski 57.2 189.4 379.8 -383.2 -611.6 -966.1
1894 Spirit 53.2 185.4 375.8 -370.7 -600.1 -949.8
1897 Idol 49.2 181.4 371.8 -364.8 -594.1 -944.1
1898 Titan 50.5 183.1 372.6 -368.8 -598.1 -948.1
1899 LGD.cn 53.0 185.7 374.6 -372.8 -602.1 -952.1
1900 PBS 55.2 188.1 377.2 -376.8 -606.1 -956.1
1903 Titan 57.2 190.5 378.5 -380.8 -610.1 -960.1
1904 Mastery 53.2 186.5 374.5 -374.3 -603.8 -952.6
1905 Swage 49.2 182.5 370.5 -366.7 -597.1 -946.6
1906 5inQ 50.3 184.2 372.5 -370.7 -601.1 -950.6
1910 FD 52.2 186.4 374.0 -374.7 -605.1 -954.6
1911 Titan 53.3 187.7 375.0 -378.7 -609.1 -958.6
1912 Orange 55.4 189.7 377.0 -382.7 -613.1 -962.6
1913 rox.KIS 56.8 191.3 378.3 -386.7 -617.1 -966.6
1914 rox.KIS 58.6 193.1 380.3 -390.7 -621.1 -970.6
1916 rox.KIS 59.9 194.5 381.8 -394.7 -625.1 -974.6
1917 Orange 61.9 196.1 383.5 -398.7 -629.1 -978.6
1918 Orange 64.0 198.0 385.4 -402.7 -633.1 -982.6
1920 Mski 60.0 194.0 381.4 -394.4 -626.6 -976.6
1921 VP 62.5 196.4 383.7 -398.4 -630.6 -980.6
1923 VP 64.0 198.1 385.5 -402.4 -634.6 -984.6
1924 Sigma.int 66.3 200.8 387.2 -406.4 -638.6 -988.6
1925 PR 68.0 202.4 388.6 -410.4 -642.6 -992.6
1926 PR 70.6 204.5 390.8 -414.4 -646.6 -996.6
1927 Titan 72.2 206.3 392.0 -418.4 -650.6 -1000.6
1928 Zephyr 73.2 207.8 393.8 -422.4 -654.6 -1004.6
1929 MVP 74.5 209.3 395.6 -426.4 -658.6 -1008.6
1930 Alliance 76.6 211.4 398.0 -430.4 -662.6 -1012.6
1931 Swage 72.6 207.4 394.0 -422.4 -655.3 -1006.0
1933 Alliance 74.8 209.6 396.4 -426.4 -659.3 -1010.0
1934 Sigma.int 70.8 205.6 392.4 -415.4 -647.9 -999.4
1935 EOT.Ham. 66.8 201.6 388.4 -399.9 -637.9 -991.3
1936 Alliance 68.6 203.6 390.1 -403.9 -641.9 -995.3
1937 Na'Vi 70.4 205.6 392.3 -407.9 -645.9 -999.3
1938 DK 72.9 208.3 395.2 -411.9 -649.9 -1003.3
1939 Na'Vi 74.6 210.2 396.6 -415.9 -653.9 -1007.3
1941 Zephyr 76.7 212.8 397.8 -419.9 -657.9 -1011.3
1943 PR 78.6 214.7 400.0 -423.9 -661.9 -1015.3
1944 VP 80.5 216.8 401.5 -427.9 -665.9 -1019.3
1945 rox.KIS 81.6 218.1 402.3 -431.9 -669.9 -1023.3
1946 PR 77.6 214.1 398.3 -425.3 -662.8 -1016.7
1947 Relax 73.6 210.1 394.3 -418.3 -655.9 -1010.6
1948 Empire 74.6 211.2 395.7 -422.3 -659.9 -1014.6
1949 EOT.Ham. 70.6 207.2 391.7 -411.4 -650.6 -1006.6
1951 Empire 71.8 208.7 392.5 -415.4 -654.6 -1010.6
1953 Fnatic.eu 72.8 209.9 393.5 -419.4 -658.6 -1014.6
1954 Empire 73.7 210.9 394.7 -423.4 -662.6 -1018.6
1955 Life 76.5 214.4 396.4 -427.4 -666.6 -1022.6
1956 rox.KIS 78.1 215.8 397.9 -431.4 -670.6 -1026.6
1960 Empire 79.8 217.6 400.1 -435.4 -674.6 -1030.6
1961 Fnatic.eu 80.6 218.5 400.7 -439.4 -678.6 -1034.6
1962 Fnatic.eu 82.9 220.9 403.1 -443.4 -682.6 -1038.6
1963 Life 78.9 216.9 399.1 -434.0 -673.0 -1031.7
1964 Fnatic.eu 80.0 218.3 399.9 -438.0 -677.0 -1035.7
1965 Relax 81.7 220.3 401.5 -442.0 -681.0 -1039.7
1967 Liquid 83.1 221.4 402.8 -446.0 -685.0 -1043.7
1968 Denial 85.4 224.0 405.7 -450.0 -689.0 -1047.7
1970 hehe 87.5 226.1 407.6 -454.0 -693.0 -1051.7
1971 Relax 83.5 222.1 403.6 -439.3 -680.2 -1040.9
1972 PR 79.5 218.1 399.6 -429.3 -671.7 -1025.4
1973 Sigma.int 80.7 219.7 400.4 -433.3 -675.7 -1029.4
1975 Fnatic.eu 81.4 220.5 400.8 -437.3 -679.7 -1033.4
1978 eHug 84.3 223.9 402.3 -441.3 -683.7 -1037.4
1979 Empire 86.6 226.7 405.4 -445.3 -687.7 -1041.4
1981 Liquid 87.5 227.9 406.9 -449.3 -691.7 -1045.4
1982 Speed 88.5 229.1 407.8 -453.3 -695.7 -1049.4
1983 SADBOYS 84.5 225.1 403.8 -446.2 -687.1 -1040.8
1984 Empire 85.4 226.1 404.6 -450.2 -691.1 -1044.8
1985 SADBOYS 81.4 222.1 400.6 -440.4 -682.4 -1034.5
1986 eHug 77.4 218.1 396.6 -434.3 -676.3 -1028.6
1987 Empire 73.4 214.1 392.6 -428.0 -670.8 -1020.6
1988 Liquid 69.4 210.1 388.6 -420.5 -664.2 -1014.0
1991 PR 71.4 212.2 390.8 -424.5 -668.2 -1018.0
1992 Speed 72.3 213.3 392.2 -428.5 -672.2 -1022.0
1995 SADBOYS 73.8 215.3 394.7 -432.5 -676.2 -1026.0
1996 TR 69.8 211.3 390.7 -424.5 -668.7 -1019.1
2001 Speed 70.7 212.6 392.2 -428.5 -672.7 -1023.1
2002 Swage 73.6 215.7 393.8 -432.5 -676.7 -1027.1
2003 Empire 69.6 211.7 389.8 -426.3 -671.3 -1018.6
2005 5inQ 72.2 214.6 391.3 -430.3 -675.3 -1022.6
2008 SADBOYS 68.2 210.6 387.3 -423.0 -668.2 -1015.5
2009 Fnatic.eu 69.7 212.3 388.6 -427.0 -672.2 -1019.5
2010 Na'Vi 71.2 213.9 390.2 -431.0 -676.2 -1023.5
2013 Empire 73.5 216.2 392.5 -435.0 -680.2 -1027.5
2014 Speed 74.7 217.5 393.4 -439.0 -684.2 -1031.5
2015 Speed 75.5 218.4 394.6 -443.0 -688.2 -1035.5
2016 Revenge 77.4 220.4 396.7 -447.0 -692.2 -1039.5
2018 Fnatic.eu 73.4 216.4 392.7 -438.1 -682.7 -1030.7
2019 Na'Vi 74.8 217.8 394.3 -442.1 -686.7 -1034.7
2020 PR 76.6 219.7 396.3 -446.1 -690.7 -1038.7
2022 Liquid 77.5 220.7 396.9 -450.1 -694.7 -1042.7
2023 SADBOYS 78.2 221.6 398.0 -454.1 -698.7 -1046.7
2024 SADBOYS 79.6 223.1 398.7 -458.1 -702.7 -1050.7
2026 Execration 81.6 225.4 401.3 -462.1 -706.7 -1054.7
2028 Next.kz 77.6 221.4 397.3 -453.7 -699.1 -1047.7
2029 Empire 78.7 222.7 398.0 -457.7 -703.1 -1051.7
2031 Sigma.int 74.7 218.7 394.0 -451.3 -696.6 -1045.1
2032 Liquid 75.6 219.7 395.1 -455.3 -700.6 -1049.1
2033 eHug 71.6 215.7 391.1 -448.8 -693.9 -1042.5
2034 Denial 67.6 211.7 387.1 -438.5 -684.0 -1032.1
2035 SADBOYS 68.6 212.8 387.7 -442.5 -688.0 -1036.1
2039 Speed 64.6 208.8 383.7 -436.1 -681.6 -1029.6
2043 Liquid 67.1 211.4 385.0 -440.1 -685.6 -1033.6
2044 Arrow 69.4 214.2 386.4 -444.1 -689.6 -1037.6
2047 Empire 71.1 216.2 387.7 -448.1 -693.6 -1041.6
2048 Arrow 72.8 218.3 388.7 -452.1 -697.6 -1045.6
2049 GL 74.9 220.6 390.3 -456.1 -701.6 -1049.6
2051 Nullis 76.9 222.7 392.6 -460.1 -705.6 -1053.6
2052 Nullis 72.9 218.7 388.6 -452.3 -698.5 -1044.7
2053 SADBOYS 73.7 219.8 389.0 -456.3 -702.5 -1048.7
2054 Empire 74.7 221.1 390.6 -460.3 -706.5 -1052.7
2055 Na'Vi 75.7 222.3 391.3 -464.3 -710.5 -1056.7
2056 bvd.dotA 77.2 224.0 393.4 -468.3 -714.5 -1060.7
2057 Aura 79.4 226.4 396.0 -472.3 -718.5 -1064.7
2058 Cloud9 80.3 227.7 396.4 -476.3 -722.5 -1068.7
2059 Empire 81.2 228.7 397.5 -480.3 -726.5 -1072.7
2061 rox.KIS 77.2 224.7 393.5 -464.7 -711.8 -1059.6
2062 PR 73.2 220.7 389.5 -458.2 -705.6 -1053.7
2064 Cloud9 74.2 221.9 391.0 -462.2 -709.6 -1057.7
2066 Alliance 75.4 223.1 392.3 -466.2 -713.6 -1061.7
2067 Na'Vi 76.2 224.0 393.3 -470.2 -717.6 -1065.7
2068 Fnatic.eu 77.2 225.1 394.2 -474.2 -721.6 -1069.7
2069 VP 73.2 221.1 390.2 -467.9 -715.8 -1063.7
2070 rox.KIS 69.2 217.1 386.2 -460.8 -709.3 -1054.0
2071 Cloud9 72.3 220.5 388.3 -464.8 -713.3 -1058.0
2072 About 68.3 216.5 384.3 -457.4 -706.2 -1050.3
2073 4FC 70.1 218.6 385.8 -461.4 -710.2 -1054.3
2074 vhoul 66.1 214.6 381.8 -451.0 -700.5 -1047.4
2075 Liquid 62.1 210.6 377.8 -443.8 -694.5 -1038.3
2076 Courage 58.1 206.6 373.8 -431.0 -683.7 -1016.2
2078 Empire 60.6 209.2 375.8 -435.0 -687.7 -1020.2
2079 Empire 62.2 211.1 377.9 -439.0 -691.7 -1024.2
2080 rox.KIS 58.2 207.1 373.9 -422.7 -675.8 -1010.9
2082 rox.KIS 59.2 208.3 375.2 -426.7 -679.8 -1014.9
2083 PR 60.1 209.3 376.3 -430.7 -683.8 -1018.9
2086 PssT 56.1 205.3 372.3 -423.4 -678.0 -1010.3
2087 Liquid 57.4 206.7 373.2 -427.4 -682.0 -1014.3
2089 SADBOYS 58.3 207.8 374.7 -431.4 -686.0 -1018.3
2093 rox.KIS 60.1 209.7 375.9 -435.4 -690.0 -1022.3
2094 Insane 56.1 205.7 371.9 -427.6 -683.0 -1016.1
2095 Titan 57.5 207.4 372.5 -431.6 -687.0 -1020.1
2097 rox.KIS 58.9 209.0 373.3 -435.6 -691.0 -1024.1
2098 Zephyr 60.0 210.1 374.7 -439.6 -695.0 -1028.1
2099 rox.KIS 62.0 212.0 376.6 -443.6 -699.0 -1032.1
2100 PR 63.4 213.5 377.8 -447.6 -703.0 -1036.1
2102 MYM 65.0 215.2 379.7 -451.6 -707.0 -1040.1
2104 Arrow 61.0 211.2 375.7 -442.6 -698.1 -1032.2
2112 DUZA 63.5 213.8 378.3 -446.6 -702.1 -1036.2
2113 TCN 65.1 215.8 379.4 -450.6 -706.1 -1040.2
2115 Mongolz 61.1 211.8 375.4 -444.2 -699.3 -1033.8
2117 Titan 63.2 214.3 376.9 -448.2 -703.3 -1037.8
2119 Empire 63.9 215.2 377.4 -452.2 -707.3 -1041.8
2121 Relax 65.0 216.5 378.5 -456.2 -711.3 -1045.8
2123 rox.KIS 65.9 217.6 379.2 -460.2 -715.3 -1049.8
2124 neXt! 61.9 213.6 375.2 -453.8 -708.4 -1042.6
2126 ZR 64.1 215.9 377.3 -457.8 -712.4 -1046.6
2128 Alliance 65.7 217.6 378.9 -461.8 -716.4 -1050.6
2129 vhoul 68.2 220.3 380.7 -465.8 -720.4 -1054.6
2131 Titan 68.9 221.2 381.8 -469.8 -724.4 -1058.6
2132 Fnatic.eu 70.6 222.9 383.4 -473.8 -728.4 -1062.6
2133 Next.kz 66.6 218.9 379.4 -457.5 -713.6 -1042.5
2135 rox.KIS 68.6 221.1 381.9 -461.5 -717.6 -1046.5
2136 Swage 70.3 223.0 383.7 -465.5 -721.6 -1050.5
2137 Revenge 72.0 224.8 384.9 -469.5 -725.6 -1054.5
2138 Liquid 73.0 225.9 385.6 -473.5 -729.6 -1058.5
2139 eHug 74.7 227.7 387.1 -477.5 -733.6 -1062.5
2140 PssT 70.7 223.7 383.1 -470.1 -725.6 -1055.2
2141 WWD 72.2 225.2 384.9 -474.1 -729.6 -1059.2
2143 MiTH 73.7 226.7 386.2 -478.1 -733.6 -1063.2
2146 Fnatic.eu 75.6 228.8 387.9 -482.1 -737.6 -1067.2
2147 Na'Vi 76.7 230.0 389.2 -486.1 -741.6 -1071.2
2148 PR 72.7 226.0 385.2 -474.1 -731.8 -1063.0
2149 Sigma.int 74.3 227.7 387.1 -478.1 -735.8 -1067.0
2152 Relax 70.3 223.7 383.1 -467.9 -726.1 -1057.3
2155 MYM 72.0 225.3 385.0 -471.9 -730.1 -1061.3
2156 Cloud9 73.0 226.5 385.7 -475.9 -734.1 -1065.3
2158 Denial 69.0 222.5 381.7 -466.1 -724.8 -1053.3
2159 SADBOYS 69.7 223.4 382.8 -470.1 -728.8 -1057.3
2160 Dog 71.1 225.2 384.8 -474.1 -732.8 -1061.3
2161 Osiris 67.1 221.2 380.8 -466.3 -725.8 -1057.4
2162 Orange 68.0 222.3 382.0 -470.3 -729.8 -1061.4
2164 Puck 64.0 218.3 378.0 -464.0 -722.8 -1054.6
2165 TR 60.0 214.3 374.0 -449.9 -710.2 -1035.1
2166 DUZA 56.0 210.3 370.0 -442.5 -703.2 -1028.6
2167 Scythe 58.8 213.5 371.7 -446.5 -707.2 -1032.6
2169 WWD 61.1 216.2 373.0 -450.5 -711.2 -1036.6
2170 ZR 57.1 212.2 369.0 -441.4 -701.5 -1027.7
2171 Relax 58.9 214.0 370.8 -445.4 -705.5 -1031.7
2172 Na'Vi 60.0 215.3 371.6 -449.4 -709.5 -1035.7
2175 Liquid 60.9 216.3 372.9 -453.4 -713.5 -1039.7
2176 neXt! 56.9 212.3 368.9 -447.0 -707.7 -1034.2
2177 Dog 58.3 214.1 371.3 -451.0 -711.7 -1038.2
2178 VP 59.6 215.5 372.5 -455.0 -715.7 -1042.2
2179 PR 62.0 218.1 374.3 -459.0 -719.7 -1046.2
2180 Puck 58.0 214.1 370.3 -452.1 -713.6 -1037.8
2181 MiT 54.0 210.1 366.3 -439.5 -701.3 -1026.6
2182 MM 56.7 213.0 367.9 -443.5 -705.3 -1030.6
2185 Scythe 58.0 214.7 368.4 -447.5 -709.3 -1034.6
2186 RRQ 54.0 210.7 364.4 -441.8 -704.3 -1026.8
2187 Titan 54.6 211.5 365.4 -445.8 -708.3 -1030.8
2188 Everlast 50.6 207.5 361.4 -430.2 -695.8 -1020.1
2190 VP 51.8 208.6 362.6 -434.2 -699.8 -1024.1
2191 Orange 53.9 210.7 364.7 -438.2 -703.8 -1028.1
2192 PR 49.9 206.7 360.7 -431.3 -697.6 -1022.9
2193 Na'Vi 51.8 208.4 362.4 -435.3 -701.6 -1026.9
2194 Zephyr 54.5 211.2 364.7 -439.3 -705.6 -1030.9
2197 Empire 55.3 212.2 366.0 -443.3 -709.6 -1034.9
2200 Alliance 56.6 213.4 367.5 -447.3 -713.6 -1038.9
2201 eN.Legs 58.8 215.6 369.7 -451.3 -717.6 -1042.9
2202 neXt! 61.2 218.1 372.0 -455.3 -721.6 -1046.9
2203 BIP 63.8 221.1 373.7 -459.3 -725.6 -1050.9
2204 Osiris 59.8 217.1 369.7 -450.0 -716.0 -1041.9
2210 Titan 60.5 218.0 370.8 -454.0 -720.0 -1045.9
2213 Arrow 61.2 218.9 372.1 -458.0 -724.0 -1049.9
2214 Orange 62.0 219.9 372.6 -462.0 -728.0 -1053.9
2215 ADN 58.0 215.9 368.6 -452.9 -718.3 -1047.1
2216 Alliance 59.5 217.6 370.3 -456.9 -722.3 -1051.1
2218 VP 55.5 213.6 366.3 -447.4 -714.1 -1043.4
2225 Empire 51.5 209.6 362.3 -441.7 -706.7 -1035.7
2226 Empire 47.5 205.6 358.3 -431.8 -696.8 -1029.3
2228 Titan 48.2 206.4 358.7 -435.8 -700.8 -1033.3
2229 Scythe 49.7 208.1 359.5 -439.8 -704.8 -1037.3
2230 Orange 51.9 210.2 361.7 -443.8 -708.8 -1041.3
2231 Arrow 53.9 212.6 363.4 -447.8 -712.8 -1045.3
2233 CIS 56.6 215.6 366.1 -451.8 -716.8 -1049.3
2234 5inQ 59.2 217.7 368.3 -455.8 -720.8 -1053.3
2237 Execration 60.8 219.3 370.0 -459.8 -724.8 -1057.3
2238 FD 62.3 221.0 371.5 -463.8 -728.8 -1061.3
2239 Orange 58.3 217.0 367.5 -451.7 -719.7 -1053.5
2240 Spirit 54.3 213.0 363.5 -443.9 -711.9 -1044.4
2241 hehe 50.3 209.0 359.5 -426.6 -696.9 -1017.8
2242 PR 46.3 205.0 355.5 -416.4 -687.5 -1004.3
2244 EG 47.9 207.0 356.4 -420.4 -691.5 -1008.3
2248 DT.NGC 49.6 209.0 358.8 -424.4 -695.5 -1012.3
2249 Titan 50.7 210.2 360.2 -428.4 -699.5 -1016.3
2251 Zephyr 52.0 211.6 361.9 -432.4 -703.5 -1020.3
2252 FD 54.3 214.0 363.8 -436.4 -707.5 -1024.3
2255 rox.KIS 56.8 216.4 366.2 -440.4 -711.5 -1028.3
2258 Arrow 52.8 212.4 362.2 -432.1 -704.7 -1022.6
2259 VG 55.5 215.2 364.0 -436.1 -708.7 -1026.6
2260 FL 57.0 216.9 365.0 -440.1 -712.7 -1030.6
2261 CIS 53.0 212.9 361.0 -420.9 -698.9 -1020.4
2262 Mski 55.0 215.1 362.7 -424.9 -702.9 -1024.4
2263 Cloud9 57.2 217.7 365.6 -428.9 -706.9 -1028.4
2269 Na'Vi 59.0 219.6 367.3 -432.9 -710.9 -1032.4
2270 RRQ 55.0 215.6 363.3 -425.5 -703.6 -1025.4
2271 Titan 56.8 217.5 365.1 -429.5 -707.6 -1029.4
2273 VG 57.5 218.4 366.3 -433.5 -711.6 -1033.4
2274 LGD.cn 59.4 220.7 367.6 -437.5 -715.6 -1037.4
2275 Orange 60.1 221.4 368.3 -441.5 -719.6 -1041.4
2277 FD 61.4 222.9 369.2 -445.5 -723.6 -1045.4
2278 MiTH 62.5 224.0 370.6 -449.5 -727.6 -1049.4
2279 DUZA 64.0 225.6 371.9 -453.5 -731.6 -1053.4
2280 DK 64.6 226.3 372.8 -457.5 -735.6 -1057.4
2281 Titan 67.2 228.4 374.8 -461.5 -739.6 -1061.4
2282 iG 67.9 229.3 375.3 -465.5 -743.6 -1065.4
2283 Fnatic.eu 69.6 231.2 377.2 -469.5 -747.6 -1069.4
2284 Zephyr 70.9 232.6 378.5 -473.5 -751.6 -1073.4
2285 Na'Vi 72.0 233.7 379.7 -477.5 -755.6 -1077.4
2288 EG 68.0 229.7 375.7 -468.0 -745.9 -1069.6
2289 DT.NGC 64.0 225.7 371.7 -457.5 -734.4 -1063.7
2290 Orange 60.0 221.7 367.7 -448.3 -726.0 -1055.9
2291 Na'Vi 62.4 224.1 370.8 -452.3 -730.0 -1059.9
2292 Na'Vi 63.9 225.5 372.3 -456.3 -734.0 -1063.9
2293 Alliance 65.0 226.8 373.2 -460.3 -738.0 -1067.9
2295 Arrow 66.0 228.0 374.5 -464.3 -742.0 -1071.9
