0 0 0.0 0.0 0.0 0.0 0.0 0.0
18 Na'Vi 0.8 1.1 1.5 -4.0 -4.0 -4.0
19 Empire 2.3 3.0 3.4 -8.0 -8.0 -8.0
23 mouz 3.1 3.9 4.6 -12.0 -12.0 -12.0
26 Empire -0.9 -0.1 0.6 -1.6 -3.5 -4.2
28 Quantic -4.9 -4.1 -3.4 5.0 3.6 2.4
29 GU.pe -8.9 -8.1 -7.4 17.1 13.5 11.9
31 Liquid -7.2 -6.2 -5.3 13.1 9.5 7.9
32 Alliance -6.5 -5.1 -4.1 9.1 5.5 3.9
34 EG -10.5 -9.1 -8.1 17.3 12.4 10.4
40 Fnatic.eu -9.1 -7.1 -6.1 13.3 8.4 6.4
41 Empire -8.0 -5.8 -4.4 9.3 4.4 2.4
43 mouz -6.4 -3.9 -2.5 5.3 0.4 -1.6
44 Quantic -5.0 -2.0 -0.4 1.3 -3.6 -5.6
45 Quantic -3.0 0.4 1.9 -2.7 -7.6 -9.6
48 VP -1.6 2.0 4.0 -6.7 -11.6 -13.6
49 Liquid -0.8 3.2 5.4 -10.7 -15.6 -17.6
50 3DMAX -4.8 -0.8 1.4 14.5 1.9 -2.6
51 Liquid -8.8 -4.8 -2.6 25.6 11.5 5.0
53 VP -12.8 -8.8 -6.6 36.2 20.2 13.1
57 Dignitas -11.1 -6.6 -4.2 32.2 16.2 9.1
58 Na'Vi -9.8 -5.0 -2.5 28.2 12.2 5.1
59 VP -13.8 -9.0 -6.5 39.6 21.1 13.4
60 Na'Vi -12.8 -7.8 -5.1 35.6 17.1 9.4
71 Liquid -11.4 -6.2 -3.2 31.6 13.1 5.4
73 Zenith -10.6 -5.2 -2.1 27.6 9.1 1.4
75 Fnatic.eu -9.3 -3.7 -0.3 23.6 5.1 -2.6
77 VnR.Alpha -6.7 -1.8 2.4 19.6 1.1 -6.6
80 Liquid -10.7 -5.8 -1.6 27.1 9.0 -0.5
81 Neo.int -8.2 -3.8 0.7 23.1 5.0 -4.5
82 Orange -12.2 -7.8 -3.3 30.8 12.6 2.7
89 Liquid -10.7 -6.1 -1.5 26.8 8.6 -1.3
93 Na'Vi -9.1 -4.3 0.5 22.8 4.6 -5.3
95 Na'Vi -7.4 -2.4 2.6 18.8 0.6 -9.3
96 Empire -5.2 -0.1 5.1 14.8 -3.4 -13.3
98 Fnatic.eu -9.2 -4.1 1.1 28.4 7.0 -3.3
100 Liquid -7.1 -1.9 3.5 24.4 3.0 -7.3
104 PtD.Alpha -5.4 4.4408920985e-16 5.5 20.4 -1.0 -11.3
108 ASF.R5 -4.0 1.7 7.2 16.4 -5.0 -15.3
110 Empire -2.6 3.3 8.8 12.4 -9.0 -19.3
111 Fnatic.eu -0.6 5.8 11.4 8.4 -13.0 -23.3
112 eN.Legs 0.3 7.3 12.9 4.4 -17.0 -27.3
113 Fnatic.eu 1.9 9.0 15.2 0.4 -21.0 -31.3
117 VP 3.2 10.5 16.9 -3.6 -25.0 -35.3
118 mouz -0.8 6.5 12.9 9.8 -13.2 -25.9
119 Fnatic.eu 0.5 8.2 14.8 5.8 -17.2 -29.9
121 eN.Legs 2.0 10.0 17.1 1.8 -21.2 -33.9
123 eLPride 3.2 11.5 18.8 -2.2 -25.2 -37.9
124 VP 4.2 12.8 20.3 -6.2 -29.2 -41.9
126 rox.KIS 0.2 8.8 16.3 1.0 -22.1 -35.9
128 ASF.R5 -3.8 4.8 12.3 10.9 -13.5 -28.5
130 Alliance -7.8 0.8 8.3 20.6 -5.4 -20.8
132 Alliance -11.8 -3.2 4.3 29.2 1.3 -14.3
135 Fnatic.eu -10.5 -1.7 6.0 25.2 -2.7 -18.3
136 Alliance -9.6 -0.6 7.3 21.2 -6.7 -22.3
138 TCM -13.6 -4.6 3.3 33.8 4.6 -12.7
143 Na'Vi -12.5 -3.2 4.9 29.8 0.6 -16.7
151 EG -16.5 -7.2 0.9 39.3 8.9 -8.7
153 Liquid -20.5 -11.2 -3.1 46.1 16.4 -1.1
154 VP -18.0 -8.8 -0.7 42.1 12.4 -5.1
155 iG -16.0 -6.5 1.8 38.1 8.4 -9.1
157 Fnatic.eu -13.7 -4.2 4.1 34.1 4.4 -13.1
159 VP -17.7 -8.2 0.1 42.1 11.5 -7.1
162 rox.KIS -15.8 -6.3 2.1 38.1 7.5 -11.1
164 Dignitas -14.6 -4.8 3.8 34.1 3.5 -15.1
165 eN.Legs -12.8 -2.9 6.1 30.1 -0.5 -19.1
166 Fnatic.eu -10.8 -0.8 8.4 26.1 -4.5 -23.1
167 LGD.int -9.9 0.2 9.7 22.1 -8.5 -27.1
171 LGD.int -9.0 1.2 10.9 18.1 -12.5 -31.1
172 Liquid -7.4 2.8 12.6 14.1 -16.5 -35.1
173 VP -5.4 5.1 15.1 10.1 -20.5 -39.1
175 Na'Vi -4.4 6.3 16.7 6.1 -24.5 -43.1
177 QPandas -8.4 2.3 12.7 19.4 -13.4 -33.7
179 Liquid -12.4 -1.7 8.7 29.2 -4.6 -25.6
180 Empire -16.4 -5.7 4.7 41.5 5.0 -17.3
181 iCCup -20.4 -9.7 0.7 57.1 16.3 -7.4
183 Fnatic.eu -24.4 -13.7 -3.3 64.6 22.8 -1.1
185 LGD.int -23.1 -12.2 -1.6 60.6 18.8 -5.1
186 Alliance -21.4 -10.3 0.4 56.6 14.8 -9.1
187 VP -25.4 -14.3 -3.6 63.6 21.3 -3.2
194 Alliance -23.7 -12.4 -1.6 59.6 17.3 -7.2
195 Dignitas -27.7 -16.4 -5.6 65.2 23.6 0.5
196 Orange -31.7 -20.4 -9.6 74.4 32.2 8.6
198 iG -30.4 -18.8 -7.7 70.4 28.2 4.6
206 LGD.cn -28.6 -17.0 -5.8 66.4 24.2 0.6
207 Alliance -26.8 -15.0 -3.5 62.4 20.2 -3.4
208 iG -25.8 -13.7 -1.9 58.4 16.2 -7.4
209 Liquid -24.2 -11.8 0.3 54.4 12.2 -11.4
213 DK -28.2 -15.8 -3.7 63.3 21.1 -2.9
215 Liquid -25.9 -13.3 -1.2 59.3 17.1 -6.9
216 Liquid -29.9 -17.3 -5.2 66.7 23.9 -0.2
218 Fnatic.eu -27.7 -15.2 -3.0 62.7 19.9 -4.2
219 Dignitas -26.0 -13.4 -1.0 58.7 15.9 -8.2
220 Fnatic.eu -24.3 -11.6 1.0 54.7 11.9 -12.2
221 Alliance -22.7 -9.8 3.0 50.7 7.9 -16.2
224 mouz -26.7 -13.8 -1.0 60.0 17.0 -8.0
226 Alliance -25.9 -12.7 0.4 56.0 13.0 -12.0
227 Kaipi -29.9 -16.7 -3.6 65.1 21.2 -4.9
229 Liquid -33.9 -20.7 -7.6 75.3 30.0 3.0
231 Na'Vi -32.4 -19.1 -5.8 71.3 26.0 -1.0
233 mouz -30.8 -17.4 -3.9 67.3 22.0 -5.0
234 rox.KIS -29.3 -15.7 -2.1 63.3 18.0 -9.0
235 aL -28.2 -14.4 -0.6 59.3 14.0 -13.0
236 mouz -32.2 -18.4 -4.6 75.0 26.4 -2.9
237 Na'Vi -30.5 -16.6 -2.7 71.0 22.4 -6.9
239 Na'Vi -29.1 -15.0 -0.9 67.0 18.4 -10.9
240 Na'Vi -28.2 -13.9 0.4 63.0 14.4 -14.9
242 EG -32.2 -17.9 -3.6 71.4 22.5 -7.2
244 Alliance -30.3 -15.7 -0.9 67.4 18.5 -11.2
246 Na'Vi -29.3 -14.7 0.4 63.4 14.5 -15.2
248 Liquid -27.7 -13.0 2.2 59.4 10.5 -19.2
250 Alliance -31.7 -17.0 -1.8 66.6 17.8 -12.5
251 Alliance -30.2 -15.3 -4.66293670343e-15 62.6 13.8 -16.5
253 Liquid -34.2 -19.3 -4.0 79.3 27.6 -5.1
254 EG -38.2 -23.3 -8.0 87.1 34.9 1.4
255 Na'Vi -36.5 -21.4 -5.8 83.1 30.9 -2.6
256 Alliance -34.9 -19.5 -3.8 79.1 26.9 -6.6
258 Alliance -33.4 -17.8 -1.9 75.1 22.9 -10.6
260 Alliance -31.8 -16.0 -3.5527136788e-15 71.1 18.9 -14.6
268 Na'Vi -30.8 -14.8 1.5 67.1 14.9 -18.6
270 Liquid -29.3 -13.1 3.4 63.1 10.9 -22.6
271 Na'Vi -28.2 -11.7 5.0 59.1 6.9 -26.6
273 mouz -26.8 -10.3 6.6 55.1 2.9 -30.6
274 Liquid -25.4 -8.6 8.5 51.1 -1.1 -34.6
275 EG -29.4 -12.6 4.5 70.4 15.8 -20.4
276 Alliance -28.4 -11.4 5.8 66.4 11.8 -24.4
277 Na'Vi -26.7 -9.4 8.2 62.4 7.8 -28.4
279 Dignitas -25.3 -7.7 10.2 58.4 3.8 -32.4
280 Zenith -24.2 -6.4 11.8 54.4 -0.2 -36.4
281 EG -28.2 -10.4 7.8 62.5 6.8 -30.2
282 Alliance -27.3 -9.3 9.2 58.5 2.8 -34.2
283 VG -31.3 -13.3 5.2 73.6 15.4 -24.1
284 Liquid -29.2 -10.9 7.8 69.6 11.4 -28.1
286 Dignitas -27.7 -9.3 9.5 65.6 7.4 -32.1
289 Dignitas -25.8 -7.0 11.9 61.6 3.4 -36.1
290 Na'Vi -23.6 -4.7 14.4 57.6 -0.6 -40.1
291 Alliance -22.2 -3.1 16.3 53.6 -4.6 -44.1
292 rox.KIS -26.2 -7.1 12.3 62.0 2.8 -37.3
293 aL -30.2 -11.1 8.3 75.9 15.6 -26.3
294 Alliance -29.2 -9.9 9.8 71.9 11.6 -30.3
297 rox.KIS -27.7 -8.1 11.8 67.9 7.6 -34.3
298 Zenith -25.8 -6.1 14.0 63.9 3.6 -38.3
299 rox.KIS -23.8 -4.0 16.2 59.9 -0.4 -42.3
300 mouz -22.6 -2.6 17.9 55.9 -4.4 -46.3
301 EG -21.5 -1.2 19.5 51.9 -8.4 -50.3
302 EG -19.6 1.0 22.0 47.9 -12.4 -54.3
304 VG -18.8 1.9 23.2 43.9 -16.4 -58.3
305 mouz -16.8 4.1 25.6 39.9 -20.4 -62.3
306 LGD.cn -16.0 5.0 26.7 35.9 -24.4 -66.3
307 rox.KIS -20.0 1.0 22.7 44.2 -17.8 -60.6
310 iG -19.1 2.2 24.3 40.2 -21.8 -64.6
314 VP -17.7 3.8 26.1 36.2 -25.8 -68.6
315 Liquid -16.0 5.6 28.0 32.2 -29.8 -72.6
316 LGD.cn -15.4 6.4 29.1 28.2 -33.8 -76.6
317 FD -19.4 2.4 25.1 41.0 -23.8 -68.1
319 Na'Vi -18.3 3.6 26.5 37.0 -27.8 -72.1
321 mouz -17.4 4.6 27.8 33.0 -31.8 -76.1
322 RS -15.9 6.4 29.9 29.0 -35.8 -80.1
324 QPandas -19.9 2.4 25.9 42.5 -24.3 -70.5
326 PR -23.9 -1.6 21.9 52.6 -14.9 -61.9
327 rox.KIS -27.9 -5.6 17.9 62.6 -6.2 -54.0
330 TongFu -31.9 -9.6 13.9 82.2 9.5 -42.8
331 EG -35.9 -13.6 9.9 90.9 17.7 -35.2
333 VG -34.5 -11.9 11.9 86.9 13.7 -39.2
334 VP -33.1 -10.1 14.0 82.9 9.7 -43.2
337 TongFu -32.2 -8.9 15.6 78.9 5.7 -47.2
338 Na'Vi -31.3 -7.8 17.0 74.9 1.7 -51.2
340 mouz -30.5 -6.9 18.1 70.9 -2.3 -55.2
344 LGD.cn -34.5 -10.9 14.1 81.5 7.5 -46.5
345 LGD.cn -32.7 -9.1 16.0 77.5 3.5 -50.5
346 Alliance -31.6 -7.9 17.4 73.5 -0.5 -54.5
347 Orange -35.6 -11.9 13.4 81.8 5.9 -48.7
348 Na'Vi -34.2 -10.2 15.2 77.8 1.9 -52.7
351 Alliance -32.2 -8.0 17.5 73.8 -2.1 -56.7
352 LGD.cn -31.1 -6.7 19.0 69.8 -6.1 -60.7
353 iG -29.4 -4.8 21.1 65.8 -10.1 -64.7
355 DK -33.4 -8.8 17.1 74.7 -0.4 -55.6
356 Liquid -37.4 -12.8 13.1 88.8 11.5 -45.8
357 LGD.cn -35.7 -11.0 15.0 84.8 7.5 -49.8
358 Alliance -33.7 -8.9 17.2 80.8 3.5 -53.8
360 mouz -31.9 -7.0 19.4 76.8 -0.5 -57.8
362 LGD.cn -30.5 -5.7 20.9 72.8 -4.5 -61.8
363 Alliance -28.4 -3.6 23.0 68.8 -8.5 -65.8
364 Zenith -27.3 -2.3 24.5 64.8 -12.5 -69.8
365 rox.KIS -31.3 -6.3 20.5 73.1 -5.2 -63.5
366 Dignitas -35.3 -10.3 16.5 81.8 3.7 -55.4
368 mouz -33.9 -8.7 18.4 77.8 -0.3 -59.4
369 iCCup -37.9 -12.7 14.4 88.7 10.1 -49.8
372 Quantic -41.9 -16.7 10.4 97.2 18.0 -43.0
373 Na'Vi -41.1 -15.8 11.4 93.2 14.0 -47.0
375 VG -39.4 -13.8 13.5 89.2 10.0 -51.0
376 LGD.cn -38.6 -12.8 14.7 85.2 6.0 -55.0
377 LGD.cn -37.4 -11.7 16.0 81.2 2.0 -59.0
378 VP -35.9 -10.1 17.8 77.2 -2.0 -63.0
379 Na'Vi -35.0 -9.0 19.1 73.2 -6.0 -67.0
382 Fnatic.eu -39.0 -13.0 15.1 81.6 1.1 -60.6
383 RS -43.0 -17.0 11.1 90.9 10.3 -51.9
384 Alliance -42.0 -15.7 12.7 86.9 6.3 -55.9
387 LGD.cn -40.8 -14.3 14.3 82.9 2.3 -59.9
388 Dignitas -39.8 -13.1 16.1 78.9 -1.7 -63.9
389 iG -38.9 -12.1 17.4 74.9 -5.7 -67.9
390 Na'Vi -37.5 -10.5 19.2 70.9 -9.7 -71.9
392 Alliance -36.4 -9.2 20.7 66.9 -13.7 -75.9
393 Kaipi -40.4 -13.2 16.7 76.1 -3.8 -67.4
396 Liquid -39.8 -12.5 17.7 72.1 -7.8 -71.4
397 rox.KIS -37.3 -10.4 19.9 68.1 -11.8 -75.4
398 Alliance -36.6 -9.6 20.9 64.1 -15.8 -79.4
399 VP -40.6 -13.6 16.9 72.5 -7.8 -71.7
402 DK -44.6 -17.6 12.9 78.6 -0.5 -64.6
403 RStars -48.6 -21.6 8.9 90.0 10.1 -55.6
404 MiTH -46.9 -19.7 11.0 86.0 6.1 -59.6
407 PR -45.1 -17.4 13.8 82.0 2.1 -63.6
408 TM -43.4 -15.5 16.0 78.0 -1.9 -67.6
409 Orange -42.3 -14.1 17.7 74.0 -5.9 -71.6
410 Alliance -41.6 -13.2 18.8 70.0 -9.9 -75.6
412 mouz -39.7 -11.1 21.1 66.0 -13.9 -79.6
414 Alliance -38.8 -10.0 22.5 62.0 -17.9 -83.6
416 4FC -42.8 -14.0 18.5 80.5 -1.4 -69.7
417 mouz -46.8 -18.0 14.5 94.4 10.5 -59.7
418 VP -45.0 -16.2 16.6 90.4 6.5 -63.7
421 Na'Vi -43.5 -14.6 18.4 86.4 2.5 -67.7
424 Kaipi -47.5 -18.6 14.4 97.2 13.3 -57.9
425 mouz -45.6 -16.5 16.7 93.2 9.3 -61.9
426 Artyk -43.7 -14.1 19.5 89.2 5.3 -65.9
427 rox.KIS -42.4 -12.7 21.1 85.2 1.3 -69.9
428 Kaipi -40.8 -10.7 23.5 81.2 -2.7 -73.9
430 rox.KIS -39.6 -9.4 24.9 77.2 -6.7 -77.9
431 Quantic -38.6 -8.1 26.5 73.2 -10.7 -81.9
432 Kaipi -37.0 -6.7 28.1 69.2 -14.7 -85.9
433 DK -35.8 -5.3 29.8 65.2 -18.7 -89.9
437 Quantic -34.8 -4.3 31.1 61.2 -22.7 -93.9
438 Na'Vi -32.8 -2.4 33.1 57.2 -26.7 -97.9
439 Artyk -31.9 -1.4 34.6 53.2 -30.7 -101.9
440 Orange -29.9 1.1 37.3 49.2 -34.7 -105.9
441 Na'Vi -29.0 2.1 38.5 45.2 -38.7 -109.9
442 Kaipi -26.9 4.0 40.5 41.2 -42.7 -113.9
443 Kaipi -30.9 2.6645352591e-15 36.5 53.9 -29.3 -102.0
444 Artyk -34.9 -4.0 32.5 64.8 -19.1 -92.7
445 TM -33.8 -2.6 34.1 60.8 -23.1 -96.7
446 Orange -32.9 -1.6 35.3 56.8 -27.1 -100.7
447 DK -31.7 -0.3 36.9 52.8 -31.1 -104.7
448 VP -35.7 -4.3 32.9 63.9 -21.4 -96.3
449 VP -34.2 -2.4 35.1 59.9 -25.4 -100.3
451 Kaipi -33.3 -1.4 36.3 55.9 -29.4 -104.3
452 EG -31.7 0.4 38.3 51.9 -33.4 -108.3
453 Fnatic.eu -35.7 -3.6 34.3 65.0 -22.2 -99.3
457 Alliance -33.9 -1.6 36.4 61.0 -26.2 -103.3
459 Alliance -32.3 0.2 38.4 57.0 -30.2 -107.3
461 Alliance -31.5 1.1 39.6 53.0 -34.2 -111.3
464 Fnatic.eu -30.0 2.6 41.2 49.0 -38.2 -115.3
465 Alliance -28.6 4.0 42.8 45.0 -42.2 -119.3
466 iCCup -26.7 6.0 45.1 41.0 -46.2 -123.3
467 Na'Vi -24.9 8.1 47.4 37.0 -50.2 -127.3
468 Quantic -23.4 9.6 49.1 33.0 -54.2 -131.3
469 Alliance -21.8 11.2 50.9 29.0 -58.2 -135.3
471 4FC -25.8 7.2 46.9 42.2 -45.5 -124.4
475 Na'Vi -24.8 8.2 48.1 38.2 -49.5 -128.4
476 Na'Vi -23.3 9.8 49.9 34.2 -53.5 -132.4
479 4FC -22.2 11.0 51.4 30.2 -57.5 -136.4
480 Orange -21.2 12.2 52.9 26.2 -61.5 -140.4
481 TM -19.9 13.9 54.9 22.2 -65.5 -144.4
482 Smeagol -18.1 16.2 57.3 18.2 -69.5 -148.4
483 paiN -22.1 12.2 53.3 26.8 -61.0 -141.3
484 Empire -26.1 8.2 49.3 43.5 -45.8 -129.4
486 Na'Vi -24.9 9.4 50.6 39.5 -49.8 -133.4
488 Fnatic.eu -28.9 5.4 46.6 57.2 -35.0 -121.8
489 LGD.int -27.3 7.0 48.5 53.2 -39.0 -125.8
491 TM -26.0 8.7 50.4 49.2 -43.0 -129.8
492 iCCup -24.7 10.3 52.2 45.2 -47.0 -133.8
493 iCCup -23.7 11.5 53.6 41.2 -51.0 -137.8
494 zRage -27.7 7.5 49.6 61.7 -32.8 -122.1
495 Artyk -26.5 9.1 51.6 57.7 -36.8 -126.1
496 TongFu -24.5 11.5 54.2 53.7 -40.8 -130.1
498 mouz -23.3 12.8 55.8 49.7 -44.8 -134.1
499 Liquid -22.1 14.2 57.2 45.7 -48.8 -138.1
500 Liquid -26.1 10.2 53.2 51.9 -41.8 -131.4
502 VP -25.4 11.0 54.2 47.9 -45.8 -135.4
503 Dignitas -24.6 12.0 55.5 43.9 -49.8 -139.4
504 VP -22.9 13.8 57.6 39.9 -53.8 -143.4
505 Na'Vi -22.4 14.4 58.4 35.9 -57.8 -147.4
506 EG -21.6 15.3 59.6 31.9 -61.8 -151.4
507 Na'Vi -20.7 16.3 60.9 27.9 -65.8 -155.4
508 Na'Vi -20.2 16.9 61.6 23.9 -69.8 -159.4
511 Alliance -18.1 19.2 64.1 19.9 -73.8 -163.4
512 Quantic -22.1 15.2 60.1 37.6 -58.6 -149.5
513 EG -26.1 11.2 56.1 50.9 -47.2 -139.3
514 Dignitas -30.1 7.2 52.1 72.8 -28.6 -123.3
515 Alliance -28.6 9.1 54.3 68.8 -32.6 -127.3
517 Alliance -27.1 10.9 56.4 64.8 -36.6 -131.3
518 Alliance -25.1 13.3 59.0 60.8 -40.6 -135.3
519 FSid3 -23.1 15.7 61.7 56.8 -44.6 -139.3
520 Quantic -22.0 17.0 63.3 52.8 -48.6 -143.3
521 LGD.int -26.0 13.0 59.3 62.7 -40.3 -135.9
522 Na'Vi -24.8 14.4 60.9 58.7 -44.3 -139.9
523 Na'Vi -23.1 16.2 62.9 54.7 -48.3 -143.9
524 Na'Vi -21.8 17.6 64.5 50.7 -52.3 -147.9
525 LGD.cn -19.9 19.6 66.8 46.7 -56.3 -151.9
527 Na'Vi -18.9 20.7 68.2 42.7 -60.3 -155.9
528 Liquid -18.0 21.8 69.5 38.7 -64.3 -159.9
529 EG -17.3 22.6 70.4 34.7 -68.3 -163.9
531 Na'Vi -16.4 23.6 71.6 30.7 -72.3 -167.9
532 Empire -15.4 24.6 72.8 26.7 -76.3 -171.9
533 rox.KIS -14.3 25.6 73.8 22.7 -80.3 -175.9
536 Liquid -13.6 26.4 74.8 18.7 -84.3 -179.9
537 Liquid -13.0 27.1 75.7 14.7 -88.3 -183.9
538 Alliance -12.2 27.9 76.7 10.7 -92.3 -187.9
541 VP -11.2 29.2 78.1 6.7 -96.3 -191.9
542 Alliance -9.7 30.8 79.9 2.7 -100.3 -195.9
543 VP -7.1 33.1 82.5 -1.3 -104.3 -199.9
544 EG -11.1 29.1 78.5 8.9 -94.6 -190.8
545 Alliance -9.6 31.0 80.7 4.9 -98.6 -194.8
546 Orange -7.1 33.1 82.8 0.9 -102.6 -198.8
547 iG -5.2 34.9 84.7 -3.1 -106.6 -202.8
549 Fnatic.eu -9.2 30.9 80.7 9.4 -95.6 -193.5
550 Kaipi -13.2 26.9 76.7 19.6 -85.1 -183.8
551 Kaipi -17.2 22.9 72.7 29.7 -74.2 -173.1
553 TongFu -21.2 18.9 68.7 45.5 -59.3 -160.3
557 Liquid -25.2 14.9 64.7 56.0 -50.3 -152.2
558 rox.KIS -23.5 16.7 66.7 52.0 -54.3 -156.2
562 TongFu -21.8 18.5 68.6 48.0 -58.3 -160.2
564 EG -25.8 14.5 64.6 54.9 -51.7 -154.1
571 DK -29.8 10.5 60.6 62.3 -44.6 -147.3
573 VP -33.8 6.5 56.6 74.7 -34.4 -138.6
574 Fnatic.eu -37.8 2.5 52.6 86.6 -24.0 -129.8
576 iCCup -41.8 -1.5 48.6 99.0 -14.1 -121.3
577 rox.KIS -39.8 0.6 51.1 95.0 -18.1 -125.3
580 VP -38.8 1.8 52.5 91.0 -22.1 -129.3
584 Alliance -36.8 4.3 55.2 87.0 -26.1 -133.3
585 VP -35.3 6.1 57.1 83.0 -30.1 -137.3
587 Alliance -33.9 7.4 58.5 79.0 -34.1 -141.3
588 Zenith -37.9 3.4 54.5 86.4 -26.5 -134.4
589 Alliance -35.9 5.5 56.9 82.4 -30.5 -138.4
590 Na'Vi -34.0 7.3 58.8 78.4 -34.5 -142.4
592 Fnatic.eu -32.2 9.3 60.9 74.4 -38.5 -146.4
595 Alliance -30.6 11.0 62.8 70.4 -42.5 -150.4
597 Alliance -28.8 12.9 64.8 66.4 -46.5 -154.4
598 LGD.cn -27.3 14.6 66.7 62.4 -50.5 -158.4
600 mouz -31.3 10.6 62.7 74.8 -38.7 -147.9
602 Alliance -29.7 12.4 64.6 70.8 -42.7 -151.9
604 Orange -28.6 13.6 66.1 66.8 -46.7 -155.9
605 LGD.int -26.8 15.3 68.0 62.8 -50.7 -159.9
607 Kaipi -30.8 11.3 64.0 71.7 -42.1 -152.3
608 Alliance -29.5 12.8 65.7 67.7 -46.1 -156.3
611 Denial -27.5 15.2 68.4 63.7 -50.1 -160.3
615 Orange -26.2 16.6 70.0 59.7 -54.1 -164.3
616 TongFu -24.4 18.8 72.6 55.7 -58.1 -168.3
617 VP -23.0 20.4 74.4 51.7 -62.1 -172.3
618 Alliance -21.8 21.8 76.0 47.7 -66.1 -176.3
621 iCCup -25.8 17.8 72.0 61.3 -53.0 -165.8
622 Fnatic.eu -23.5 19.9 74.1 57.3 -57.0 -169.8
623 Alliance -21.9 21.7 76.1 53.3 -61.0 -173.8
624 Liquid -20.4 23.4 78.0 49.3 -65.0 -177.8
626 iCCup -24.4 19.4 74.0 60.1 -55.5 -169.6
627 EG -22.6 21.1 75.9 56.1 -59.5 -173.6
628 EG -21.7 22.1 77.1 52.1 -63.5 -177.6
629 LGD.cn -25.7 18.1 73.1 59.0 -56.2 -170.8
630 iG -23.7 20.2 75.4 55.0 -60.2 -174.8
631 Alliance -22.8 21.4 76.9 51.0 -64.2 -178.8
632 mouz -21.3 23.1 78.8 47.0 -68.2 -182.8
635 Dignitas -19.9 24.6 80.6 43.0 -72.2 -186.8
636 EG -19.2 25.5 81.7 39.0 -76.2 -190.8
641 mouz -17.1 28.1 84.5 35.0 -80.2 -194.8
642 Alliance -16.1 29.3 86.0 31.0 -84.2 -198.8
643 iG -13.8 31.4 88.3 27.0 -88.2 -202.8
644 rox.KIS -17.8 27.4 84.3 37.8 -78.1 -194.0
645 VP -21.8 23.4 80.3 46.3 -69.8 -186.5
646 Fnatic.eu -19.4 25.5 82.5 42.3 -73.8 -190.5
648 VP -17.7 27.6 84.9 38.3 -77.8 -194.5
651 Denial -21.7 23.6 80.9 56.3 -62.4 -182.5
653 VG -25.7 19.6 76.9 71.3 -49.3 -171.7
656 Na'Vi -24.6 20.8 78.4 67.3 -53.3 -175.7
657 mouz -23.0 22.7 80.5 63.3 -57.3 -179.7
658 mouz -27.0 18.7 76.5 74.8 -47.2 -169.9
659 Na'Vi -25.4 20.3 78.2 70.8 -51.2 -173.9
660 RS -29.4 16.3 74.2 83.3 -39.9 -164.3
662 DK -27.7 18.2 76.4 79.3 -43.9 -168.3
664 RStars -31.7 14.2 72.4 95.4 -30.5 -157.1
667 DK -29.9 16.1 74.6 91.4 -34.5 -161.1
668 mouz -29.1 17.1 75.9 87.4 -38.5 -165.1
670 EG -28.1 18.2 77.3 83.4 -42.5 -169.1
671 Fnatic.eu -27.2 19.2 78.5 79.4 -46.5 -173.1
672 Orange -25.6 20.9 80.4 75.4 -50.5 -177.1
674 mouz -24.9 21.8 81.5 71.4 -54.5 -181.1
676 LGD.cn -23.1 23.7 83.7 67.4 -58.5 -185.1
677 mouz -21.1 25.7 85.7 63.4 -62.5 -189.1
678 Kaipi -25.1 21.7 81.7 82.1 -46.0 -175.5
679 Fnatic.eu -29.1 17.7 77.7 91.8 -37.4 -167.7
686 VP -27.3 19.6 79.8 87.8 -41.4 -171.7
688 VP -25.3 21.7 82.2 83.8 -45.4 -175.7
690 EG -23.4 24.1 84.8 79.8 -49.4 -179.7
691 Liquid -21.2 26.5 87.4 75.8 -53.4 -183.7
692 Na'Vi -19.6 28.1 89.2 71.8 -57.4 -187.7
693 Alliance -18.0 29.8 91.1 67.8 -61.4 -191.7
695 Alliance -16.0 32.0 93.5 63.8 -65.4 -195.7
696 Fnatic.eu -14.4 33.6 95.3 59.8 -69.4 -199.7
697 Kaipi -12.8 35.2 97.1 55.8 -73.4 -203.7
699 Alliance -11.7 36.5 98.6 51.8 -77.4 -207.7
700 Orange -10.3 37.9 100.3 47.8 -81.4 -211.7
702 Na'Vi -9.4 38.9 101.5 43.8 -85.4 -215.7
703 mouz -8.5 39.9 102.8 39.8 -89.4 -219.7
704 EG -12.5 35.9 98.8 47.8 -82.4 -213.4
707 Orange -10.6 37.8 100.9 43.8 -86.4 -217.4
708 iCCup -14.6 33.8 96.9 53.7 -77.5 -209.4
712 Na'Vi -13.7 34.9 98.2 49.7 -81.5 -213.4
713 MiTH -12.0 36.8 100.4 45.7 -85.5 -217.4
715 mouz -10.5 38.5 102.3 41.7 -89.5 -221.4
716 mouz -8.4 40.9 105.0 37.7 -93.5 -225.4
718 Dreamz -7.3 42.1 106.5 33.7 -97.5 -229.4
719 Mski -5.2 43.9 108.4 29.7 -101.5 -233.4
720 MiTH -3.4 45.7 110.4 25.7 -105.5 -237.4
721 Mski -7.4 41.7 106.4 35.1 -95.4 -228.2
722 iCCup -5.5 43.7 108.7 31.1 -99.4 -232.2
723 Kaipi -4.6 44.7 109.9 27.1 -103.4 -236.2
725 Romania -2.9 46.7 112.2 23.1 -107.4 -240.2
726 RS -6.9 42.7 108.2 30.0 -100.4 -233.9
727 Fnatic.eu -10.9 38.7 104.2 46.8 -85.9 -222.4
729 DK -9.9 40.2 106.0 42.8 -89.9 -226.4
730 LGD.cn -9.1 41.2 107.1 38.8 -93.9 -230.4
731 iG -7.5 43.1 109.2 34.8 -97.9 -234.4
732 Alliance -6.4 44.4 110.8 30.8 -101.9 -238.4
737 Na'Vi -4.2 46.8 113.4 26.8 -105.9 -242.4
741 TongFu -2.7 48.6 115.9 22.8 -109.9 -246.4
745 Dignitas -6.7 44.6 111.9 44.3 -95.4 -234.7
746 DK -6.0 45.5 112.9 40.3 -99.4 -238.7
748 Na'Vi -4.8 46.8 114.5 36.3 -103.4 -242.7
749 Liquid -8.8 42.8 110.5 48.8 -93.4 -232.8
751 Alliance -8.0 43.9 111.9 44.8 -97.4 -236.8
754 Na'Vi -7.3 44.7 112.8 40.8 -101.4 -240.8
757 Alliance -5.7 46.2 114.3 36.8 -105.4 -244.8
758 iG -4.2 48.0 116.1 32.8 -109.4 -248.8
759 Orange -2.6 49.8 118.1 28.8 -113.4 -252.8
761 Fnatic.eu -1.9 50.6 119.0 24.8 -117.4 -256.8
762 Na'Vi 0.2 52.6 121.2 20.8 -121.4 -260.8
766 Alliance 1.1 53.6 122.3 16.8 -125.4 -264.8
767 LGD.int -2.9 49.6 118.3 32.8 -111.5 -252.9
769 mouz -2.0 50.6 119.5 28.8 -115.5 -256.9
770 LGD.cn -0.4 52.3 121.3 24.8 -119.5 -260.9
771 Na'Vi 0.8 53.6 122.7 20.8 -123.5 -264.9
773 Alliance 1.5 54.4 123.6 16.8 -127.5 -268.9
776 Orange 2.8 55.8 125.2 12.8 -131.5 -272.9
778 DK 4.2 57.6 127.2 8.8 -135.5 -276.9
779 Zenith 5.1 58.6 128.4 4.8 -139.5 -280.9
781 Alliance 6.0 59.6 129.5 0.8 -143.5 -284.9
783 TongFu 6.9 60.5 130.5 -3.2 -147.5 -288.9
785 LGD.cn 8.9 62.8 133.0 -7.2 -151.5 -292.9
786 Na'Vi 9.9 63.9 134.3 -11.2 -155.5 -296.9
788 Dignitas 12.3 66.3 136.9 -15.2 -159.5 -300.9
791 Orange 14.0 68.2 138.9 -19.2 -163.5 -304.9
793 Alliance 15.2 69.5 140.5 -23.2 -167.5 -308.9
795 Liquid 16.1 70.5 141.7 -27.2 -171.5 -312.9
796 Zenith 18.0 72.5 144.0 -31.2 -175.5 -316.9
797 Liquid 14.0 68.5 140.0 -17.4 -164.1 -307.3
798 iG 15.9 70.5 142.2 -21.4 -168.1 -311.3
799 Alliance 17.0 71.7 143.7 -25.4 -172.1 -315.3
800 Na'Vi 18.4 73.1 145.2 -29.4 -176.1 -319.3
802 iG 20.5 75.4 147.8 -33.4 -180.1 -323.3
803 Orange 16.5 71.4 143.8 -21.5 -170.5 -315.1
806 Orange 12.5 67.4 139.8 -14.4 -164.3 -309.4
807 Na'Vi 14.1 69.1 141.7 -18.4 -168.3 -313.4
811 RStars 15.3 70.6 143.5 -22.4 -172.3 -317.4
812 Empire 16.3 71.8 145.1 -26.4 -176.3 -321.4
813 Empire 17.2 72.7 146.3 -30.4 -180.3 -325.4
814 Kaipi 18.7 74.5 148.4 -34.4 -184.3 -329.4
815 TTD 20.0 75.9 150.1 -38.4 -188.3 -333.4
816 Kaipi 21.3 77.3 151.6 -42.4 -192.3 -337.4
817 Lounge 23.3 79.3 153.9 -46.4 -196.3 -341.4
818 FD 24.5 80.5 155.4 -50.4 -200.3 -345.4
820 4FC 25.2 81.3 156.4 -54.4 -204.3 -349.4
821 4++ 21.2 77.3 152.4 -40.1 -189.1 -337.5
822 MiTH 22.2 78.6 153.9 -44.1 -193.1 -341.5
823 GL.eu 23.6 80.2 155.8 -48.1 -197.1 -345.5
825 WARDGS 25.3 81.9 157.8 -52.1 -201.1 -349.5
826 EVOPLAY 27.0 83.4 159.7 -56.1 -205.1 -353.5
828 EVOPLAY 28.9 85.3 161.8 -60.1 -209.1 -357.5
829 TLP 24.9 81.3 157.8 -46.2 -197.2 -348.1
830 DUZA 20.9 77.3 153.8 -38.5 -189.6 -340.7
831 Awake 22.8 79.2 155.8 -42.5 -193.6 -344.7
832 CDCD 18.8 75.2 151.8 -19.3 -175.2 -328.9
833 Menace 14.8 71.2 147.8 -6.4 -164.1 -319.9
836 Poseidon 16.6 73.3 150.2 -10.4 -168.1 -323.9
838 Kaipi 18.2 75.1 152.5 -14.4 -172.1 -327.9
841 VP 19.2 76.2 153.9 -18.4 -176.1 -331.9
842 Menace 15.2 72.2 149.9 -9.0 -167.1 -323.2
843 Empire 17.1 73.9 151.7 -13.0 -171.1 -327.2
844 Kaipi 18.4 75.2 153.3 -17.0 -175.1 -331.2
845 DUZA 14.4 71.2 149.3 -7.9 -166.6 -323.6
848 DUZA 10.4 67.2 145.3 -1.0 -160.1 -317.8
851 VP 11.4 68.4 146.8 -5.0 -164.1 -321.8
855 Imp 13.6 70.7 149.3 -9.0 -168.1 -325.8
856 Empire 15.1 72.2 151.0 -13.0 -172.1 -329.8
857 Next.kz 16.9 74.0 152.9 -17.0 -176.1 -333.8
858 FSid3 18.8 76.0 155.3 -21.0 -180.1 -337.8
859 FSid3 14.8 72.0 151.3 -11.2 -169.4 -328.0
860 Bambang 10.8 68.0 147.3 -3.6 -161.2 -320.6
861 Aspera 13.1 70.0 149.4 -7.6 -165.2 -324.6
862 rox.KIS 14.6 71.3 150.9 -11.6 -169.2 -328.6
864 Poseidon 15.7 72.6 152.4 -15.6 -173.2 -332.6
865 Mski 16.7 73.7 153.8 -19.6 -177.2 -336.6
866 Poseidon 17.6 74.6 154.9 -23.6 -181.2 -340.6
867 Dreamz 18.7 75.9 156.5 -27.6 -185.2 -344.6
871 Next.kz 19.8 77.1 157.9 -31.6 -189.2 -348.6
872 Aspera 15.8 73.1 153.9 -22.9 -181.2 -341.3
873 PR 11.8 69.1 149.9 -2.2 -163.6 -326.7
876 MSIEvoGT 13.8 71.4 152.6 -6.2 -167.6 -330.7
877 Mski 14.8 72.8 154.3 -10.2 -171.6 -334.7
878 Lowyat 10.8 68.8 150.3 3.5 -160.2 -325.2
880 Empire 6.8 64.8 146.3 12.4 -151.5 -317.3
881 Quantic 2.8 60.8 142.3 21.0 -143.9 -310.6
883 Kaipi 4.0 62.2 143.9 17.0 -147.9 -314.6
885 Aspera 5.7 63.9 145.8 13.0 -151.9 -318.6
886 Fnatic.eu 7.1 65.4 147.6 9.0 -155.9 -322.6
888 Mski 9.0 67.4 149.9 5.0 -159.9 -326.6
889 Next.kz 10.3 68.7 151.4 1.0 -163.9 -330.6
891 Menace 12.2 70.5 153.4 -3.0 -167.9 -334.6
892 Kaipi 14.2 72.8 156.0 -7.0 -171.9 -338.6
893 Menace 10.2 68.8 152.0 3.2 -161.8 -329.7
896 Life 6.2 64.8 148.0 11.4 -152.8 -320.8
897 Kaipi 7.8 66.7 150.2 7.4 -156.8 -324.8
898 Mski 9.4 68.4 152.1 3.4 -160.8 -328.8
899 Menace 10.7 69.6 153.5 -0.6 -164.8 -332.8
900 VP 6.7 65.6 149.5 6.4 -158.2 -326.8
901 Fnatic.eu 8.1 66.9 151.0 2.4 -162.2 -330.8
902 Kaipi 10.3 69.1 153.4 -1.6 -166.2 -334.8
903 Kaipi 11.5 70.4 154.9 -5.6 -170.2 -338.8
905 Dignitas 12.3 71.3 156.0 -9.6 -174.2 -342.8
906 Dignitas 13.2 72.3 157.2 -13.6 -178.2 -346.8
908 iG 13.9 73.1 158.2 -17.6 -182.2 -350.8
909 VG 15.4 75.0 160.5 -21.6 -186.2 -354.8
911 4FC 11.4 71.0 156.5 -8.3 -172.6 -343.4
913 Joiker 7.4 67.0 152.5 -0.7 -165.6 -337.3
915 Fnatic.eu 8.2 68.0 153.7 -4.7 -169.6 -341.3
916 Property 4.2 64.0 149.7 8.0 -159.0 -332.0
917 Menace 0.2 60.0 145.7 18.9 -148.1 -322.5
919 LGD.cn 1.5 61.5 147.4 14.9 -152.1 -326.5
920 TongFu 2.1 62.2 148.3 10.9 -156.1 -330.5
921 Alliance 3.1 63.2 149.6 6.9 -160.1 -334.5
922 PR -0.9 59.2 145.6 14.5 -153.2 -327.9
923 DUZA 0.9 61.0 147.7 10.5 -157.2 -331.9
925 Empire 2.2 62.3 149.2 6.5 -161.2 -335.9
926 Empire 3.6 63.9 150.9 2.5 -165.2 -339.9
927 iG 5.1 65.3 152.4 -1.5 -169.2 -343.9
931 Alliance 6.0 66.2 153.4 -5.5 -173.2 -347.9
932 Fnatic.eu 8.0 68.6 156.0 -9.5 -177.2 -351.9
933 Empire 10.3 70.9 158.5 -13.5 -181.2 -355.9
937 OguraYui 6.3 66.9 154.5 -2.4 -168.6 -345.1
938 Mski 8.1 68.4 156.2 -6.4 -172.6 -349.1
941 Alliance 9.0 69.4 157.3 -10.4 -176.6 -353.1
944 Imp 5.0 65.4 153.3 0.8 -165.8 -343.2
948 Empire 7.2 67.7 155.8 -3.2 -169.8 -347.2
949 VP 8.5 69.0 157.3 -7.2 -173.8 -351.2
950 Kaipi 9.5 70.2 158.8 -11.2 -177.8 -355.2
951 Mski 10.5 71.3 160.1 -15.2 -181.8 -359.2
953 Kaipi 12.2 73.4 162.6 -19.2 -185.8 -363.2
954 Cascade 8.2 69.4 158.6 -5.8 -174.2 -353.2
956 Alliance 8.7 69.9 159.3 -9.8 -178.2 -357.2
957 Na'Vi 9.5 70.6 160.2 -13.8 -182.2 -361.2
958 PR 5.5 66.6 156.2 10.9 -158.2 -340.4
959 Kaipi 6.3 67.6 157.3 6.9 -162.2 -344.4
960 Kaipi 7.0 68.5 158.5 2.9 -166.2 -348.4
963 Na'Vi 8.4 69.9 160.1 -1.1 -170.2 -352.4
964 Alliance 9.6 71.2 161.6 -5.1 -174.2 -356.4
967 mouz 11.0 72.7 163.3 -9.1 -178.2 -360.4
971 iG 13.0 75.2 166.1 -13.1 -182.2 -364.4
972 Aspera 9.0 71.2 162.1 8.8 -163.2 -348.5
975 Dignitas 9.8 72.2 163.4 4.8 -167.2 -352.5
976 StayFree 11.2 73.9 165.4 0.8 -171.2 -356.5
977 Na'Vi 12.7 75.6 167.4 -3.2 -175.2 -360.5
978 rox.KIS 8.7 71.6 163.4 3.9 -166.7 -352.7
979 PR 11.3 73.9 165.8 -0.0999999999999 -170.7 -356.7
981 PR 13.3 75.9 168.0 -4.1 -174.7 -360.7
982 Fnatic.eu 14.1 76.7 169.0 -8.1 -178.7 -364.7
983 Fnatic.eu 15.9 78.4 170.8 -12.1 -182.7 -368.7
985 Inv.kwnku 17.7 80.5 173.2 -16.1 -186.7 -372.7
986 Na'Vi 18.7 81.7 174.6 -20.1 -190.7 -376.7
987 Fnatic.eu 20.3 83.5 176.6 -24.1 -194.7 -380.7
988 4FC 16.3 79.5 172.6 -14.5 -184.6 -371.7
990 Kaipi 17.1 80.4 173.7 -18.5 -188.6 -375.7
991 Empire 13.1 76.4 169.7 -7.6 -179.2 -367.8
992 PBS 9.1 72.4 165.7 2.7 -170.9 -360.0
993 SFEC 5.1 68.4 161.7 11.4 -162.7 -352.7
995 Inv.kwnku 6.8 70.5 164.3 7.4 -166.7 -356.7
997 PR 2.8 66.5 160.3 25.0 -151.9 -345.0
999 Empire 4.7 68.9 163.0 21.0 -155.9 -349.0
1000 Inv.kwnku 6.4 70.8 165.1 17.0 -159.9 -353.0
1001 FD 8.1 72.8 167.6 13.0 -163.9 -357.0
1002 Empire 9.6 74.6 169.8 9.0 -167.9 -361.0
1004 EG 11.2 76.3 171.7 5.0 -171.9 -365.0
1005 Dignitas 7.2 72.3 167.7 17.1 -162.0 -356.6
1008 Menace 3.2 68.3 163.7 29.2 -149.7 -345.7
1009 Kaipi 4.1 69.2 164.8 25.2 -153.7 -349.7
1010 Aspera 0.1 65.2 160.8 32.6 -146.7 -343.1
1012 DK 1.4 66.7 162.6 28.6 -150.7 -347.1
1015 StayFree 3.1 69.1 165.3 24.6 -154.7 -351.1
1017 Na'Vi 3.9 70.0 166.3 20.6 -158.7 -355.1
1018 Alliance 4.7 70.9 167.5 16.6 -162.7 -359.1
1019 Empire 6.6 73.3 170.2 12.6 -166.7 -363.1
1020 Na'Vi 8.3 75.0 172.1 8.6 -170.7 -367.1
1021 Na'Vi 9.5 76.2 173.5 4.6 -174.7 -371.1
1022 LGD.cn 10.6 77.5 174.9 0.6 -178.7 -375.1
1023 VG 12.6 79.7 177.1 -3.4 -182.7 -379.1
1024 LGD.cn 14.9 81.7 179.1 -7.4 -186.7 -383.1
1025 Dignitas 15.7 82.6 180.3 -11.4 -190.7 -387.1
1027 Next.kz 11.7 78.6 176.3 -5.3 -183.1 -379.8
1028 4FC 7.7 74.6 172.3 5.2 -171.6 -369.8
1030 Na'Vi 8.5 75.5 173.3 1.2 -175.6 -373.8
1032 Na'Vi 9.4 76.6 174.6 -2.8 -179.6 -377.8
1034 Alliance 10.1 77.4 175.6 -6.8 -183.6 -381.8
1035 Alliance 10.8 78.1 176.4 -10.8 -187.6 -385.8
1037 VP 6.8 74.1 172.4 1.2 -178.4 -377.9
1039 Ahead.kz 2.8 70.1 168.4 22.5 -156.6 -360.0
1040 PBS 4.2 72.1 170.7 18.5 -160.6 -364.0
1041 Alliance 5.2 73.4 172.2 14.5 -164.6 -368.0
1042 Empire 6.7 75.1 174.1 10.5 -168.6 -372.0
1044 Quantic 8.7 77.7 176.8 6.5 -172.6 -376.0
1045 iG 9.6 79.1 178.5 2.5 -176.6 -380.0
1046 Liquid 10.7 80.3 179.9 -1.5 -180.6 -384.0
1047 EG 6.7 76.3 175.9 7.4 -172.6 -377.5
1048 MiTH 8.3 78.0 177.9 3.4 -176.6 -381.5
1049 Dreamz 10.2 80.2 180.4 -0.6 -180.6 -385.5
1050 Alliance 11.0 81.1 181.5 -4.6 -184.6 -389.5
1051 iG 11.8 82.1 182.7 -8.6 -188.6 -393.5
1052 DK 13.4 84.0 184.8 -12.6 -192.6 -397.5
1055 Alliance 14.0 84.7 185.7 -16.6 -196.6 -401.5
1059 TongFu 15.8 86.2 187.3 -20.6 -200.6 -405.5
1060 LGD.int 18.0 88.5 189.8 -24.6 -204.6 -409.5
1061 RS.int 19.5 90.3 191.9 -28.6 -208.6 -413.5
1062 MiTH 21.2 92.0 193.8 -32.6 -212.6 -417.5
1063 Alliance 21.9 92.8 194.7 -36.6 -216.6 -421.5
1064 Alliance 22.7 93.7 195.7 -40.6 -220.6 -425.5
1065 SSD 23.7 95.2 197.4 -44.6 -224.6 -429.5
1067 Hearts 25.2 96.8 199.2 -48.6 -228.6 -433.5
1068 rox.KIS 27.1 98.8 201.5 -52.6 -232.6 -437.5
1069 Poseidon 23.1 94.8 197.5 -45.8 -225.1 -430.0
1070 Quantic 19.1 90.8 193.5 -35.5 -215.8 -421.6
1071 Quantic 20.9 92.4 195.3 -39.5 -219.8 -425.6
1073 Titan 22.4 93.9 196.9 -43.5 -223.8 -429.6
1077 StayFree 23.5 95.4 198.7 -47.5 -227.8 -433.6
1078 VP 25.8 97.7 201.2 -51.5 -231.8 -437.6
1080 SYF 28.3 99.7 203.3 -55.5 -235.8 -441.6
1081 Na'Vi 29.0 100.5 204.3 -59.5 -239.8 -445.6
1082 Fnatic.eu 29.8 101.4 205.3 -63.5 -243.8 -449.6
1083 Titan 30.6 102.3 206.5 -67.5 -247.8 -453.6
1085 FD 31.4 103.4 207.9 -71.5 -251.8 -457.6
1087 UR 33.3 105.4 210.0 -75.5 -255.8 -461.6
1088 FXopen 34.2 106.7 211.5 -79.5 -259.8 -465.6
1089 Imp 34.9 107.7 212.6 -83.5 -263.8 -469.6
1090 MiTH 35.6 108.6 213.7 -87.5 -267.8 -473.6
1091 Na'Vi 36.5 109.6 215.0 -91.5 -271.8 -477.6
1092 ONE.dota 32.5 105.6 211.0 -80.3 -260.2 -467.4
1095 Arcanys 28.5 101.6 207.0 -58.8 -242.9 -453.9
1096 VG 29.5 103.0 208.7 -62.8 -246.9 -457.9
1097 FD 30.2 103.9 210.0 -66.8 -250.9 -461.9
1098 Lowyat 26.2 99.9 206.0 -56.2 -240.7 -453.2
1099 rox.KIS 28.4 102.2 208.5 -60.2 -244.7 -457.2
1101 Fnatic.eu 29.4 103.4 210.0 -64.2 -248.7 -461.2
1104 Poseidon 25.4 99.4 206.0 -48.2 -234.5 -450.0
1105 Na'Vi 26.2 100.3 207.1 -52.2 -238.5 -454.0
1108 eN.Legs 27.7 102.3 209.5 -56.2 -242.5 -458.0
1110 bvd.dotA 29.8 104.7 212.3 -60.2 -246.5 -462.0
1111 LGD.int 30.8 105.8 213.7 -64.2 -250.5 -466.0
1112 DK 31.3 106.5 214.5 -68.2 -254.5 -470.0
1113 Imp 33.2 109.2 217.6 -72.2 -258.5 -474.0
1114 Na'Vi 33.9 110.0 218.6 -76.2 -262.5 -478.0
1117 VG 34.6 110.8 219.6 -80.2 -266.5 -482.0
1118 LGD.cn 35.0 111.4 220.4 -84.2 -270.5 -486.0
1119 FD 31.0 107.4 216.4 -77.4 -264.1 -480.1
1120 Ahead.kz 32.3 108.9 218.2 -81.4 -268.1 -484.1
1122 PR 33.8 110.1 219.5 -85.4 -272.1 -488.1
1123 Na'Vi 34.2 110.7 220.2 -89.4 -276.1 -492.1
1124 bvd.dotA 36.2 112.5 222.0 -93.4 -280.1 -496.1
1125 Empire 37.8 114.1 223.6 -97.4 -284.1 -500.1
1126 Life 33.8 110.1 219.6 -87.0 -270.0 -487.2
1129 iG 34.3 110.8 220.4 -91.0 -274.0 -491.2
1130 TongFu 35.9 112.6 222.4 -95.0 -278.0 -495.2
1131 Na'Vi 36.9 113.6 223.6 -99.0 -282.0 -499.2
1132 Fnatic.eu 37.8 114.7 224.8 -103.0 -286.0 -503.2
1133 MUFC 33.8 110.7 220.8 -92.7 -276.6 -494.7
1135 Empire 34.8 111.8 222.1 -96.7 -280.6 -498.7
1136 Empire 36.2 113.4 223.9 -100.7 -284.6 -502.7
1137 TakeFive 32.2 109.4 219.9 -89.9 -271.5 -491.4
1139 VT 34.2 111.8 222.6 -93.9 -275.5 -495.4
1140 SYM 30.2 107.8 218.6 -87.8 -268.9 -488.9
1141 EOT 31.5 110.0 221.2 -91.8 -272.9 -492.9
1143 DK 32.0 110.7 222.1 -95.8 -276.9 -496.9
1144 VG 28.0 106.7 218.1 -81.2 -263.6 -486.5
1146 iG 28.4 107.3 218.8 -85.2 -267.6 -490.5
1147 LGD.cn 29.6 108.7 220.5 -89.2 -271.6 -494.5
1148 HR 31.3 110.9 223.1 -93.2 -275.6 -498.5
1149 Na'Vi 32.2 111.9 224.4 -97.2 -279.6 -502.5
1151 Alliance 32.7 112.6 225.2 -101.2 -283.6 -506.5
1155 Empire 33.8 114.1 226.9 -105.2 -287.6 -510.5
1156 iG 34.9 115.7 228.8 -109.2 -291.6 -514.5
1157 Na'Vi 35.7 116.6 229.8 -113.2 -295.6 -518.5
1159 SAfrica 36.8 118.0 231.6 -117.2 -299.6 -522.5
1161 FD 38.6 120.0 233.6 -121.2 -303.6 -526.5
1164 Titan 34.6 116.0 229.6 -114.3 -295.5 -518.6
1165 Titan 30.6 112.0 225.6 -103.8 -284.1 -508.5
1167 EOT 32.5 113.9 227.8 -107.8 -288.1 -512.5
1168 LGD.cn 34.3 115.7 229.8 -111.8 -292.1 -516.5
1169 DK 34.7 116.3 230.6 -115.8 -296.1 -520.5
1170 VG 36.8 118.4 232.9 -119.8 -300.1 -524.5
1171 Empire 37.6 119.4 234.1 -123.8 -304.1 -528.5
1172 Speed 33.6 115.4 230.1 -104.9 -283.3 -508.4
1173 Empire 35.3 117.1 232.0 -108.9 -287.3 -512.4
1174 Fnatic 36.6 118.4 233.4 -112.9 -291.3 -516.4
1175 TongFu 37.3 119.3 234.6 -116.9 -295.3 -520.4
1176 LGD.cn 33.3 115.3 230.6 -105.2 -285.7 -512.2
1177 TongFu 34.8 116.7 232.2 -109.2 -289.7 -516.2
1178 DK 35.2 117.2 232.9 -113.2 -293.7 -520.2
1179 RStars 31.2 113.2 228.9 -104.1 -285.1 -512.5
1181 Alliance 31.9 114.1 230.0 -108.1 -289.1 -516.5
1183 Speed 33.3 115.4 231.5 -112.1 -293.1 -520.5
1185 Liquid 29.3 111.4 227.5 -91.5 -272.3 -501.2
1188 LGD.int 29.9 112.2 228.4 -95.5 -276.3 -505.2
1189 EG 31.0 113.6 230.2 -99.5 -280.3 -509.2
1190 TongFu 31.8 114.7 231.6 -103.5 -284.3 -513.2
1191 DK 32.2 115.4 232.4 -107.5 -288.3 -517.2
1192 Na'Vi 33.0 116.3 233.7 -111.5 -292.3 -521.2
1194 Dignitas 34.5 117.8 235.4 -115.5 -296.3 -525.2
1195 VG 35.0 118.5 236.2 -119.5 -300.3 -529.2
1196 LGD.cn 35.5 119.2 237.1 -123.5 -304.3 -533.2
1197 CSW 36.9 120.9 238.9 -127.5 -308.3 -537.2
1199 Menace 38.6 122.8 241.1 -131.5 -312.3 -541.2
1200 Liquid 40.2 124.2 242.6 -135.5 -316.3 -545.2
1202 SSD 41.5 125.7 244.4 -139.5 -320.3 -549.2
1203 TongFu 41.9 126.3 245.1 -143.5 -324.3 -553.2
1204 iG 42.6 127.2 246.1 -147.5 -328.3 -557.2
1205 HR 38.6 123.2 242.1 -135.1 -313.2 -543.8
1206 EG 40.1 124.3 243.3 -139.1 -317.2 -547.8
1208 Imp 36.1 120.3 239.3 -130.6 -307.7 -538.8
1209 MiTH 32.1 116.3 235.3 -123.6 -301.4 -533.0
1210 Liquid 28.1 112.3 231.3 -111.3 -288.9 -522.2
1212 Fnatic.eu 30.0 114.5 233.8 -115.3 -292.9 -526.2
1213 Poseidon 26.0 110.5 229.8 -108.0 -284.8 -518.4
1214 VG 22.0 106.5 225.8 -101.8 -277.5 -511.6
1215 iG 22.4 107.2 226.6 -105.8 -281.5 -515.6
1216 LGD.cn 23.8 109.0 228.8 -109.8 -285.5 -519.6
1217 Speed 19.8 105.0 224.8 -99.8 -276.2 -511.3
1220 Empire 21.1 106.6 226.7 -103.8 -280.2 -515.3
1221 iG 17.1 102.6 222.7 -92.5 -271.3 -508.3
1222 LGD.cn 19.0 104.2 224.4 -96.5 -275.3 -512.3
1223 DK 19.9 105.4 225.9 -100.5 -279.3 -516.3
1227 Empire 21.7 107.6 228.3 -104.5 -283.3 -520.3
1230 Property 17.7 103.6 224.3 -91.8 -272.9 -511.7
1231 TTD 13.7 99.6 220.3 -84.5 -264.2 -503.8
1232 Alliance 14.6 100.5 221.4 -88.5 -268.2 -507.8
1234 VG 16.5 102.7 224.0 -92.5 -272.2 -511.8
1235 TongFu 12.5 98.7 220.0 -74.6 -258.2 -501.1
1237 FSid3 8.5 94.7 216.0 -64.2 -248.7 -492.7
1238 LGD.cn 9.1 95.6 217.2 -68.2 -252.7 -496.7
1239 RStars 10.5 97.6 219.7 -72.2 -256.7 -500.7
1240 Na'Vi 12.2 99.4 221.7 -76.2 -260.7 -504.7
1242 mouz 13.8 101.4 224.0 -80.2 -264.7 -508.7
1243 Alliance 14.5 102.2 225.1 -84.2 -268.7 -512.7
1244 Sigma.int 16.2 104.8 228.4 -88.2 -272.7 -516.7
1245 Speed 17.2 106.1 230.0 -92.2 -276.7 -520.7
1247 iG 17.6 106.7 230.8 -96.2 -280.7 -524.7
1251 UR 19.1 108.6 232.9 -100.2 -284.7 -528.7
1253 LGD.int 15.1 104.6 228.9 -71.5 -264.3 -512.6
1255 Empire 17.1 106.7 231.2 -75.5 -268.3 -516.6
1256 RS 18.0 107.7 232.5 -79.5 -272.3 -520.6
1257 mouz 14.0 103.7 228.5 -67.7 -262.5 -512.2
1261 mouz 10.0 99.7 224.5 -59.7 -256.6 -506.7
1262 iG 11.1 101.1 226.1 -63.7 -260.6 -510.7
1263 LGD.cn 11.8 102.0 227.2 -67.7 -264.6 -514.7
1264 DK 12.5 102.8 228.2 -71.7 -268.6 -518.7
1265 Fnatic.eu 8.5 98.8 224.2 -63.6 -261.1 -512.1
1266 Alliance 9.2 99.6 225.2 -67.6 -265.1 -516.1
1267 Na'Vi 10.6 101.2 227.0 -71.6 -269.1 -520.1
1268 Mski 11.7 102.6 228.6 -75.6 -273.1 -524.1
1269 Orange 12.7 103.6 229.9 -79.6 -277.1 -528.1
1272 iG 14.7 106.1 232.7 -83.6 -281.1 -532.1
1273 RS 10.7 102.1 228.7 -70.9 -269.9 -522.0
1274 LGD.cn 12.2 103.6 230.3 -74.9 -273.9 -526.0
1275 FXopen 13.9 105.6 232.4 -78.9 -277.9 -530.0
1276 CSW 15.4 107.3 234.3 -82.9 -281.9 -534.0
1278 Lowyat 11.4 103.3 230.3 -70.7 -266.5 -520.0
1279 Titan 12.5 104.4 231.6 -74.7 -270.5 -524.0
1283 Speed 13.7 105.6 232.8 -78.7 -274.5 -528.0
1284 Alliance 14.5 106.4 233.8 -82.7 -278.5 -532.0
1286 LGD.int 16.6 109.0 236.5 -86.7 -282.5 -536.0
1288 Alliance 18.4 110.9 238.4 -90.7 -286.5 -540.0
1292 SSD 14.4 106.9 234.4 -82.3 -277.1 -531.0
1293 TongFu 15.4 108.0 235.8 -86.3 -281.1 -535.0
1294 VG 11.4 104.0 231.8 -72.5 -267.9 -524.3
1296 mouz 13.1 105.8 233.8 -76.5 -271.9 -528.3
1297 EG 15.5 108.1 236.4 -80.5 -275.9 -532.3
1299 EG 16.6 109.3 237.7 -84.5 -279.9 -536.3
1300 4FC 18.6 111.4 240.1 -88.5 -283.9 -540.3
1301 Hearts 19.9 113.0 241.9 -92.5 -287.9 -544.3
1302 DK 22.1 115.5 244.6 -96.5 -291.9 -548.3
1303 Sigma.int 23.0 116.7 246.1 -100.5 -295.9 -552.3
1305 Empire 23.6 117.5 247.0 -104.5 -299.9 -556.3
1306 FXopen 24.7 118.9 248.6 -108.5 -303.9 -560.3
1307 LGD.int 25.6 119.9 249.8 -112.5 -307.9 -564.3
1308 LGD.cn 26.3 120.7 250.8 -116.5 -311.9 -568.3
1309 4FC 28.5 122.6 252.9 -120.5 -315.9 -572.3
1310 Sigma.int 29.2 123.4 253.9 -124.5 -319.9 -576.3
1312 Arteezy 31.2 125.4 256.1 -128.5 -323.9 -580.3
1314 TongFu 31.6 126.0 256.8 -132.5 -327.9 -584.3
1315 Empire 32.4 126.9 257.8 -136.5 -331.9 -588.3
1316 VG 33.1 127.8 258.9 -140.5 -335.9 -592.3
1317 Na'Vi 34.1 128.9 260.3 -144.5 -339.9 -596.3
1318 QPandas 30.1 124.9 256.3 -130.9 -326.4 -583.4
1319 Empire 32.2 126.5 257.9 -134.9 -330.4 -587.4
1321 Fnatic.eu 32.9 127.2 258.5 -138.9 -334.4 -591.4
1322 DK 33.3 127.7 259.2 -142.9 -338.4 -595.4
1323 VG 34.1 128.7 260.5 -146.9 -342.4 -599.4
1324 VG 30.1 124.7 256.5 -132.7 -327.9 -587.2
1325 Kawai 26.1 120.7 252.5 -120.6 -318.0 -577.9
1326 Dignitas 22.1 116.7 248.5 -107.6 -306.0 -567.8
1327 Speed 22.7 117.4 249.4 -111.6 -310.0 -571.8
1328 Dignitas 24.4 119.1 251.2 -115.6 -314.0 -575.8
1329 Alliance 25.0 119.8 252.0 -119.6 -318.0 -579.8
1330 Na'Vi 27.0 121.6 254.0 -123.6 -322.0 -583.8
1331 Na'Vi 28.2 122.6 255.2 -127.6 -326.0 -587.8
1332 Fnatic.eu 24.2 118.6 251.2 -117.5 -314.3 -577.5
1333 Alliance 25.0 119.4 252.2 -121.5 -318.3 -581.5
1334 iG 26.5 121.2 254.4 -125.5 -322.3 -585.5
1335 LGD.int 27.7 122.6 256.0 -129.5 -326.3 -589.5
1336 TongFu 28.7 123.5 257.0 -133.5 -330.3 -593.5
1338 Liquid 30.1 125.0 258.7 -137.5 -334.3 -597.5
1340 Fnatic.eu 31.0 126.0 259.9 -141.5 -338.3 -601.5
1341 Alliance 31.5 126.6 260.6 -145.5 -342.3 -605.5
1343 Fnatic.eu 27.5 122.6 256.6 -137.5 -333.2 -597.0
1345 Sigma.int 28.7 124.1 258.4 -141.5 -337.2 -601.0
1351 VG 29.1 124.8 259.2 -145.5 -341.2 -605.0
1352 DK 29.7 125.4 260.0 -149.5 -345.2 -609.0
1353 Alliance 31.4 127.1 261.9 -153.5 -349.2 -613.0
1354 VP 27.4 123.1 257.9 -140.6 -337.0 -602.1
1355 Alliance 28.6 124.4 259.5 -144.6 -341.0 -606.1
1356 Alliance 29.9 125.6 260.8 -148.6 -345.0 -610.1
1357 Na'Vi 31.0 126.6 261.9 -152.6 -349.0 -614.1
1359 LGD.cn 31.3 127.1 262.5 -156.6 -353.0 -618.1
1360 iG 31.7 127.6 263.1 -160.6 -357.0 -622.1
1361 Dignitas 32.4 128.4 264.1 -164.6 -361.0 -626.1
1362 Speed 32.8 128.9 264.8 -168.6 -365.0 -630.1
1363 Speed 34.9 130.9 267.2 -172.6 -369.0 -634.1
1364 Na'Vi 36.7 132.8 269.2 -176.6 -373.0 -638.1
1365 Alliance 37.4 133.5 270.0 -180.6 -377.0 -642.1
1366 Alliance 37.8 134.0 270.6 -184.6 -381.0 -646.1
1367 Liquid 39.4 135.9 272.8 -188.6 -385.0 -650.1
1368 Fnatic.eu 40.6 137.1 274.1 -192.6 -389.0 -654.1
1369 Na'Vi 41.3 137.9 275.0 -196.6 -393.0 -658.1
1370 LGD.int 37.3 133.9 271.0 -187.4 -382.6 -648.6
1372 VP 33.3 129.9 267.0 -169.5 -367.4 -635.9
1373 Liquid 34.6 131.2 268.5 -173.5 -371.4 -639.9
1375 Startale 30.6 127.2 264.5 -163.0 -364.8 -634.4
1377 LGD.cn 32.1 128.8 266.3 -167.0 -368.8 -638.4
1379 Fnatic.eu 33.2 130.0 267.7 -171.0 -372.8 -642.4
1380 Liquid 34.3 131.2 269.1 -175.0 -376.8 -646.4
1381 Liquid 30.3 127.2 265.1 -160.1 -362.8 -634.5
1382 Titan 31.1 128.2 266.4 -164.1 -366.8 -638.5
1383 LGD.cn 32.6 130.0 268.4 -168.1 -370.8 -642.5
1384 Empire 33.3 130.8 269.4 -172.1 -374.8 -646.5
1386 StayFree 29.3 126.8 265.4 -161.7 -364.7 -637.5
1388 iG 29.8 127.5 266.2 -165.7 -368.7 -641.5
1389 RStars 30.5 128.5 267.6 -169.7 -372.7 -645.5
1390 Alliance 31.0 129.1 268.3 -173.7 -376.7 -649.5
1391 Fnatic.eu 32.2 130.4 269.9 -177.7 -380.7 -653.5
1396 rox.KIS 28.2 126.4 265.9 -142.5 -353.0 -630.3
1399 EG 24.2 122.4 261.9 -127.5 -337.2 -617.0
1400 VP 26.1 124.6 264.5 -131.5 -341.2 -621.0
1401 Alliance 27.9 126.3 266.4 -135.5 -345.2 -625.0
1402 Liquid 30.0 128.5 268.7 -139.5 -349.2 -629.0
1404 VG 30.9 129.6 270.1 -143.5 -353.2 -633.0
1405 Speed 31.7 130.7 271.5 -147.5 -357.2 -637.0
1406 EG 27.7 126.7 267.5 -139.0 -349.9 -630.9
1408 Liquid 29.4 128.6 269.6 -143.0 -353.9 -634.9
1412 DK 29.8 129.3 270.5 -147.0 -357.9 -638.9
1415 VP 25.8 125.3 266.5 -135.1 -345.2 -627.7
1416 Liquid 27.6 127.1 268.4 -139.1 -349.2 -631.7
1421 Na'Vi 29.1 128.7 270.3 -143.1 -353.2 -635.7
1423 Alliance 29.6 129.3 271.0 -147.1 -357.2 -639.7
1424 DK 29.9 129.7 271.6 -151.1 -361.2 -643.7
1425 VG 30.6 130.5 272.6 -155.1 -365.2 -647.7
1426 Speed 32.0 132.0 274.3 -159.1 -369.2 -651.7
1428 EG 28.0 128.0 270.3 -151.6 -360.8 -643.5
1429 Empire 29.2 129.2 271.7 -155.6 -364.8 -647.5
1430 Na'Vi 30.1 130.2 272.9 -159.6 -368.8 -651.5
1431 DK 30.5 130.7 273.5 -163.6 -372.8 -655.5
1437 Liquid 32.5 132.9 275.9 -167.6 -376.8 -659.5
1438 Liquid 33.2 133.8 276.9 -171.6 -380.8 -663.5
1439 Empire 29.2 129.8 272.9 -158.1 -366.2 -649.0
1441 PR 25.2 125.8 268.9 -150.2 -358.2 -641.2
1442 LGD.int 25.6 126.4 269.6 -154.2 -362.2 -645.2
1443 TongFu 26.3 127.2 270.6 -158.2 -366.2 -649.2
1445 Speed 28.1 129.6 273.3 -162.2 -370.2 -653.2
1446 mouz 24.1 125.6 269.3 -154.9 -363.9 -647.4
1447 FD 20.1 121.6 265.3 -146.7 -356.2 -640.2
1448 MiTH 16.1 117.6 261.3 -140.5 -349.4 -633.8
1449 Titan 18.0 119.3 263.1 -144.5 -353.4 -637.8
1450 Na'Vi 18.9 120.4 264.4 -148.5 -357.4 -641.8
1451 Na'Vi 20.3 121.8 265.8 -152.5 -361.4 -645.8
1456 Liquid 21.8 123.6 267.8 -156.5 -365.4 -649.8
1458 Fnatic.eu 17.8 119.6 263.8 -143.7 -353.0 -638.5
1459 Na'Vi 19.5 121.1 265.5 -147.7 -357.0 -642.5
1460 Alliance 20.4 122.0 266.5 -151.7 -361.0 -646.5
1461 rox.KIS 16.4 118.0 262.5 -142.1 -352.2 -638.4
1462 rox.KIS 17.9 119.5 264.2 -146.1 -356.2 -642.4
1463 Na'Vi 20.0 121.4 266.2 -150.1 -360.2 -646.4
1465 DK 21.5 122.9 267.8 -154.1 -364.2 -650.4
1466 4FC 17.5 118.9 263.8 -141.2 -351.4 -638.6
1468 Alliance 19.3 120.8 265.8 -145.2 -355.4 -642.6
1471 Mts 15.3 116.8 261.8 -136.4 -348.8 -637.2
1472 rox.KIS 11.3 112.8 257.8 -128.0 -342.8 -632.0
1473 LGD.cn 11.9 113.6 258.8 -132.0 -346.8 -636.0
1475 TongFu3 13.7 115.3 260.7 -136.0 -350.8 -640.0
1478 Alliance 14.9 116.6 262.1 -140.0 -354.8 -644.0
1479 Liquid 15.6 117.4 263.1 -144.0 -358.8 -648.0
1480 Na'Vi 17.3 118.9 264.7 -148.0 -362.8 -652.0
1481 DK 13.3 114.9 260.7 -138.7 -354.6 -645.3
1482 Fnatic.eu 14.0 115.8 261.9 -142.7 -358.6 -649.3
1483 Sigma.int 10.0 111.8 257.9 -131.7 -346.2 -637.7
1484 DK 11.9 114.0 260.4 -135.7 -350.2 -641.7
1485 EG 7.9 110.0 256.4 -128.4 -343.5 -635.3
1487 VG 10.0 112.4 259.1 -132.4 -347.5 -639.3
1488 Imp 11.8 114.4 261.6 -136.4 -351.5 -643.3
1489 Na'Vi 13.5 116.1 263.5 -140.4 -355.5 -647.3
1490 EG 14.3 117.1 264.6 -144.4 -359.5 -651.3
1492 Alliance 15.6 118.5 266.1 -148.4 -363.5 -655.3
1494 Na'Vi 16.2 119.2 266.9 -152.4 -367.5 -659.3
1495 DK 17.3 120.5 268.4 -156.4 -371.5 -663.3
1496 Sigma.int 19.2 122.8 271.1 -160.4 -375.5 -667.3
1497 Speed 15.2 118.8 267.1 -146.8 -363.6 -656.4
1498 Fnatic.eu 11.2 114.8 263.1 -130.7 -348.1 -641.7
1499 DK 12.0 115.8 264.1 -134.7 -352.1 -645.7
1500 Speed 12.7 116.7 265.3 -138.7 -356.1 -649.7
1501 Liquid 8.7 112.7 261.3 -125.3 -343.0 -637.9
1503 Speed 11.2 114.8 263.7 -129.3 -347.0 -641.9
1506 Liquid 12.5 116.2 265.2 -133.3 -351.0 -645.9
1507 DK 14.2 117.9 266.9 -137.3 -355.0 -649.9
1508 Alliance 14.8 118.7 267.7 -141.3 -359.0 -653.9
1510 Na'Vi 16.3 120.3 269.5 -145.3 -363.0 -657.9
1511 Sigma.int 16.8 121.0 270.2 -149.3 -367.0 -661.9
1512 Alliance 17.7 122.0 271.4 -153.3 -371.0 -665.9
1513 DK 18.0 122.5 272.0 -157.3 -375.0 -669.9
1515 Speed 14.0 118.5 268.0 -146.3 -364.2 -660.1
1518 Speed 10.0 114.5 264.0 -136.6 -355.8 -652.5
1521 Next.kz 11.8 116.6 266.5 -140.6 -359.8 -656.5
1523 SSD 7.8 112.6 262.5 -127.2 -346.5 -645.2
1524 Aspera 9.2 114.4 264.5 -131.2 -350.5 -649.2
1527 VP 10.3 115.8 266.1 -135.2 -354.5 -653.2
1528 TongFu 11.0 116.6 267.1 -139.2 -358.5 -657.2
1529 LGD.int 11.6 117.4 268.1 -143.2 -362.5 -661.2
1530 Empire 13.1 119.1 270.0 -147.2 -366.5 -665.2
1531 Aspera 14.5 120.6 271.7 -151.2 -370.5 -669.2
1533 OsG 10.5 116.6 267.7 -138.0 -358.0 -658.9
1534 Poseidon 12.4 118.5 269.8 -142.0 -362.0 -662.9
1535 Venum 14.4 121.0 272.6 -146.0 -366.0 -666.9
1537 FL 10.4 117.0 268.6 -136.2 -354.8 -657.3
1538 NoX 6.4 113.0 264.6 -128.7 -346.4 -649.5
1544 SSD 8.1 114.9 266.7 -132.7 -350.4 -653.5
1545 LGD.cn 9.6 116.7 268.9 -136.7 -354.4 -657.5
1546 iG 10.8 118.1 270.6 -140.7 -358.4 -661.5
1547 Fnatic.eu 6.8 114.1 266.6 -130.8 -348.2 -651.9
1548 Na'Vi 8.4 115.7 268.4 -134.8 -352.2 -655.9
1549 VG 9.0 116.6 269.6 -138.8 -356.2 -659.9
1550 DK 9.7 117.4 270.6 -142.8 -360.2 -663.9
1553 Fnatic.eu 5.7 113.4 266.6 -133.5 -351.4 -656.3
1554 Alliance 7.6 115.2 268.5 -137.5 -355.4 -660.3
1557 LGD.int 3.6 111.2 264.5 -128.8 -345.9 -651.8
1560 EOT 5.6 113.2 266.7 -132.8 -349.9 -655.8
1562 VG 1.6 109.2 262.7 -125.8 -340.2 -646.7
1568 Next.kz 2.8 110.7 264.4 -129.8 -344.2 -650.7
1572 Fnatic.eu 4.2 112.0 265.8 -133.8 -348.2 -654.7
1573 iG 6.0 113.9 268.1 -137.8 -352.2 -658.7
1574 DK 7.1 115.1 269.4 -141.8 -356.2 -662.7
1576 5inQ 8.6 117.0 271.7 -145.8 -360.2 -666.7
1578 VG 4.6 113.0 267.7 -136.6 -351.3 -658.4
1579 DK 5.7 114.5 269.4 -140.6 -355.3 -662.4
1580 Alliance 6.8 115.8 270.9 -144.6 -359.3 -666.4
1582 PR 8.2 117.1 272.3 -148.6 -363.3 -670.4
1583 Sigma.int 9.6 118.8 274.3 -152.6 -367.3 -674.4
1585 Fnatic.eu 10.5 119.8 275.5 -156.6 -371.3 -678.4
1586 Fnatic.eu 6.5 115.8 271.5 -147.0 -361.9 -669.1
1587 Idol 8.0 117.6 273.8 -151.0 -365.9 -673.1
1589 FD 9.0 118.7 275.1 -155.0 -369.9 -677.1
1590 Orange 9.8 119.7 276.4 -159.0 -373.9 -681.1
1593 FD 10.5 120.7 277.7 -163.0 -377.9 -685.1
1594 FD 6.5 116.7 273.7 -154.2 -367.9 -675.9
1595 Idol 2.5 112.7 269.7 -148.1 -360.0 -667.8
1597 Empire 4.3 114.5 271.5 -152.1 -364.0 -671.8
1598 Alliance 5.2 115.5 272.6 -156.1 -368.0 -675.8
1599 OsG 1.2 111.5 268.6 -147.3 -360.2 -668.7
1600 TR -2.8 107.5 264.6 -136.4 -351.8 -661.6
1602 VP -1.1 109.4 266.6 -140.4 -355.8 -665.6
1603 Fnatic.eu 0.4 110.9 268.1 -144.4 -359.8 -669.6
1604 Sigma.int -3.6 106.9 264.1 -134.0 -349.0 -659.5
1607 Idol -2.6 108.3 265.8 -138.0 -353.0 -663.5
1608 VP -6.6 104.3 261.8 -128.1 -344.1 -656.0
1611 Sigma.int -5.6 105.6 263.3 -132.1 -348.1 -660.0
1612 Fnatic.eu -3.7 107.5 265.5 -136.1 -352.1 -664.0
1613 Fnatic.eu -2.3 108.9 267.1 -140.1 -356.1 -668.0
1614 Alliance -1.7 109.7 268.0 -144.1 -360.1 -672.0
1617 Siltherin 0.3 112.0 270.6 -148.1 -364.1 -676.0
1618 FD 1.9 113.7 272.7 -152.1 -368.1 -680.0
1620 VP 3.4 115.1 274.3 -156.1 -372.1 -684.0
1623 SSD 5.3 117.0 276.3 -160.1 -376.1 -688.0
1624 PR 6.9 118.8 278.3 -164.1 -380.1 -692.0
1625 Idol 2.9 114.8 274.3 -155.0 -371.3 -684.3
1626 FD 3.8 116.0 275.7 -159.0 -375.3 -688.3
1627 MVP 5.8 117.7 277.5 -163.0 -379.3 -692.3
1628 Alliance 6.5 118.4 278.4 -167.0 -383.3 -696.3
1629 Fnatic.eu 7.0 119.0 279.2 -171.0 -387.3 -700.3
1630 Na'Vi 9.6 121.3 281.7 -175.0 -391.3 -704.3
1631 VG 10.1 122.0 282.7 -179.0 -395.3 -708.3
1634 Alliance 10.8 122.9 283.7 -183.0 -399.3 -712.3
1636 Sigma.int 11.5 123.7 284.8 -187.0 -403.3 -716.3
1637 Na'Vi 13.4 125.5 286.7 -191.0 -407.3 -720.3
1641 RRQ 9.4 121.5 282.7 -181.8 -397.3 -710.7
1642 MiTH 11.1 123.6 284.9 -185.8 -401.3 -714.7
1645 RRQ 13.5 125.9 287.3 -189.8 -405.3 -718.7
1648 Poseidon 9.5 121.9 283.3 -181.4 -396.9 -710.6
1650 VP 11.4 124.1 285.5 -185.4 -400.9 -714.6
1651 rox.KIS 13.1 125.8 287.4 -189.4 -404.9 -718.6
1652 PR 14.2 127.1 288.9 -193.4 -408.9 -722.6
1653 mouz 15.8 128.7 290.7 -197.4 -412.9 -726.6
1654 MVP.P 16.8 130.1 292.3 -201.4 -416.9 -730.6
1655 RRQ 19.3 132.0 294.2 -205.4 -420.9 -734.6
1656 HR 15.3 128.0 290.2 -196.4 -410.3 -724.8
1657 RRQ 16.0 128.9 291.3 -200.4 -414.3 -728.8
1660 Poseidon 12.0 124.9 287.3 -184.0 -399.7 -717.2
1662 Fnatic.eu 12.8 125.9 288.5 -188.0 -403.7 -721.2
1664 DK 13.5 126.7 289.5 -192.0 -407.7 -725.2
1665 LGD.cn 14.1 127.4 290.5 -196.0 -411.7 -729.2
1667 Fnatic.eu 15.6 128.8 292.1 -200.0 -415.7 -733.2
1668 Duskbin 16.4 130.1 293.7 -204.0 -419.7 -737.2
1669 Neon 12.4 126.1 289.7 -195.3 -411.6 -730.2
1672 MiTH 14.3 128.0 291.8 -199.3 -415.6 -734.2
1674 Empire 15.5 129.3 293.2 -203.3 -419.6 -738.2
1676 TR 11.5 125.3 289.2 -189.1 -408.0 -728.4
1677 Na'Vi 12.7 126.5 290.7 -193.1 -412.0 -732.4
1678 Na'Vi 13.6 127.6 291.9 -197.1 -416.0 -736.4
1679 Speed 15.3 129.3 293.8 -201.1 -420.0 -740.4
1681 Mski 16.2 130.4 295.1 -205.1 -424.0 -744.4
1682 Lowyat 17.4 131.7 296.7 -209.1 -428.0 -748.4
1683 rox.KIS 18.7 133.3 298.6 -213.1 -432.0 -752.4
1684 Alliance 20.1 134.6 300.0 -217.1 -436.0 -756.4
1685 Alliance 20.6 135.2 300.7 -221.1 -440.0 -760.4
1686 Sigma.int 21.8 136.4 302.1 -225.1 -444.0 -764.4
1688 Fnatic.eu 23.2 137.8 303.6 -229.1 -448.0 -768.4
1689 iG 23.7 138.4 304.3 -233.1 -452.0 -772.4
1690 Mski 25.7 139.9 305.8 -237.1 -456.0 -776.4
1697 mouz 21.7 135.9 301.8 -220.2 -435.9 -756.3
1698 Alliance 23.2 137.2 303.2 -224.2 -439.9 -760.3
1699 OsG 19.2 133.2 299.2 -195.8 -413.6 -736.9
1701 TongFu 20.2 134.2 300.3 -199.8 -417.6 -740.9
1705 Next.kz 21.9 136.1 302.5 -203.8 -421.6 -744.9
1706 Sigma.int 22.8 136.9 303.4 -207.8 -425.6 -748.9
1707 mouz 24.0 138.0 304.6 -211.8 -429.6 -752.9
1708 HR 25.1 139.3 306.2 -215.8 -433.6 -756.9
1709 iG 26.5 140.9 308.2 -219.8 -437.6 -760.9
1709 iG 27.9 142.5 310.2 -223.8 -441.6 -764.9
1711 Next.kz 28.7 143.5 311.4 -227.8 -445.6 -768.9
1711 Next.kz 29.4 144.4 312.4 -231.8 -449.6 -772.9
1712 VP 31.1 146.1 314.2 -235.8 -453.6 -776.9
1712 VP 33.0 147.7 315.9 -239.8 -457.6 -780.9
1713 Alliance 34.6 149.3 317.6 -243.8 -461.6 -784.9
1713 Sigma.int 36.4 150.7 319.3 -247.8 -465.6 -788.9
1714 rox.KIS 37.1 151.6 320.3 -251.8 -469.6 -792.9
1714 rox.KIS 38.0 152.5 321.5 -255.8 -473.6 -796.9
1718 Fnatic.eu 34.0 148.5 317.5 -248.9 -467.0 -791.1
1719 HR 35.8 150.0 319.1 -252.9 -471.0 -795.1
1719 HR 37.6 151.5 320.7 -256.9 -475.0 -799.1
1720 Mski 38.5 152.5 321.8 -260.9 -479.0 -803.1
1721 Lowyat 39.6 153.5 323.3 -264.9 -483.0 -807.1
1722 Mski 40.4 154.3 324.3 -268.9 -487.0 -811.1
1723 Mski 42.1 155.9 325.9 -272.9 -491.0 -815.1
1724 LGD.cn 43.7 157.6 327.8 -276.9 -495.0 -819.1
1725 VG 44.8 158.8 329.2 -280.9 -499.0 -823.1
1726 Lowyat 45.8 159.8 330.4 -284.9 -503.0 -827.1
1727 Mski 46.6 160.7 331.3 -288.9 -507.0 -831.1
1728 sQreen 42.6 156.7 327.3 -276.7 -494.5 -820.1
1730 rox.KIS 43.6 158.1 328.8 -280.7 -498.5 -824.1
1731 Empire 39.6 154.1 324.8 -268.5 -485.6 -812.8
1732 rox.KIS 35.6 150.1 320.8 -262.6 -478.3 -805.5
1733 PR 31.6 146.1 316.8 -251.7 -467.8 -795.8
1735 Mski 32.4 146.9 317.8 -255.7 -471.8 -799.8
1736 Lowyat 28.4 142.9 313.8 -246.5 -462.8 -791.9
1738 Lowyat 30.5 144.7 315.7 -250.5 -466.8 -795.9
1739 5inQ 26.5 140.7 311.7 -242.7 -459.0 -789.5
1742 Na'Vi 28.0 142.7 313.9 -246.7 -463.0 -793.5
1743 Na'Vi 29.7 144.8 316.3 -250.7 -467.0 -797.5
1744 Sigma.int 30.7 146.1 317.8 -254.7 -471.0 -801.5
1745 Na'Vi 31.4 147.0 318.9 -258.7 -475.0 -805.5
1746 Alliance 32.1 147.8 320.0 -262.7 -479.0 -809.5
1750 Alliance 32.8 148.6 321.0 -266.7 -483.0 -813.5
1751 Na'Vi 33.7 149.6 322.2 -270.7 -487.0 -817.5
1753 Na'Vi 35.0 151.0 323.8 -274.7 -491.0 -821.5
1754 TR 31.0 147.0 319.8 -261.8 -479.6 -811.8
1755 SSD 32.1 148.4 321.5 -265.8 -483.6 -815.8
1756 TongFu 28.1 144.4 317.5 -258.0 -476.7 -810.1
1758 DK 29.7 146.2 319.6 -262.0 -480.7 -814.1
1760 Duskbin 25.7 142.2 315.6 -252.5 -470.1 -804.2
1761 Mski 26.7 143.5 317.0 -256.5 -474.1 -808.2
1762 TR 22.7 139.5 313.0 -247.1 -465.8 -801.0
1763 rox.KIS 23.6 140.5 314.2 -251.1 -469.8 -805.0
1764 Na'Vi 24.7 141.6 315.5 -255.1 -473.8 -809.0
1768 QPandas 20.7 137.6 311.5 -244.7 -464.0 -800.5
1770 5inQ 22.4 140.2 314.5 -248.7 -468.0 -804.5
1771 VG 23.3 141.4 316.1 -252.7 -472.0 -808.5
1773 FD 25.4 143.2 318.1 -256.7 -476.0 -812.5
1774 Idol 26.4 144.7 320.0 -260.7 -480.0 -816.5
1776 Fnatic.eu 27.5 145.9 321.4 -264.7 -484.0 -820.5
1777 PR 29.0 147.5 323.2 -268.7 -488.0 -824.5
1779 Fnatic.eu 30.8 149.0 324.8 -272.7 -492.0 -828.5
1780 Titan 32.2 150.6 326.6 -276.7 -496.0 -832.5
1781 FD 33.9 152.5 328.7 -280.7 -500.0 -836.5
1783 Titan 34.9 153.5 330.0 -284.7 -504.0 -840.5
1784 LGD.cn 36.5 155.1 332.0 -288.7 -508.0 -844.5
1785 Fnatic.eu 37.6 156.3 333.3 -292.7 -512.0 -848.5
1786 Fnatic.eu 39.0 157.7 334.8 -296.7 -516.0 -852.5
1788 Sigma.int 39.6 158.4 335.7 -300.7 -520.0 -856.5
1790 Na'Vi 40.6 159.3 336.7 -304.7 -524.0 -860.5
1791 Revenge 36.6 155.3 332.7 -295.3 -512.5 -848.9
1792 Empire 32.6 151.3 328.7 -287.4 -504.8 -842.0
1793 Fnatic.eu 33.9 152.6 330.2 -291.4 -508.8 -846.0
1795 Empire 35.5 154.4 332.0 -295.4 -512.8 -850.0
1797 TR 31.5 150.4 328.0 -286.0 -503.0 -840.5
1799 VP 27.5 146.4 324.0 -277.3 -496.3 -834.7
1800 Empire 29.1 148.0 325.8 -281.3 -500.3 -838.7
1801 Na'Vi 30.8 149.4 327.4 -285.3 -504.3 -842.7
1802 PR 26.8 145.4 323.4 -272.2 -488.4 -827.9
1803 Sigma.int 28.0 146.8 324.9 -276.2 -492.4 -831.9
1804 DK 28.4 147.4 325.6 -280.2 -496.4 -835.9
1805 VG 29.0 148.1 326.5 -284.2 -500.4 -839.9
1806 DT 30.7 149.7 328.3 -288.2 -504.4 -843.9
1807 LGD.cn 31.2 150.3 329.1 -292.2 -508.4 -847.9
1808 iG 31.6 150.9 329.9 -296.2 -512.4 -851.9
1809 Titan 32.8 152.0 331.2 -300.2 -516.4 -855.9
1811 TongFu 33.7 152.9 332.3 -304.2 -520.4 -859.9
1813 DK 36.0 155.4 335.0 -308.2 -524.4 -863.9
1814 LGD.cn 36.5 156.1 335.9 -312.2 -528.4 -867.9
1815 iG 37.4 157.5 337.6 -316.2 -532.4 -871.9
1817 Mski 38.6 158.7 339.0 -320.2 -536.4 -875.9
1818 FD 40.8 160.8 341.1 -324.2 -540.4 -879.9
1819 rox.KIS 43.2 163.1 343.6 -328.2 -544.4 -883.9
1820 Empire 44.1 164.0 344.7 -332.2 -548.4 -887.9
1821 QPandas 40.1 160.0 340.7 -321.4 -537.4 -878.3
1822 Fnatic.eu 40.6 160.6 341.4 -325.4 -541.4 -882.3
1823 SSD 42.3 162.2 343.1 -329.4 -545.4 -886.3
1825 DK 43.9 164.0 345.2 -333.4 -549.4 -890.3
1826 Titan 44.9 165.0 346.3 -337.4 -553.4 -894.3
1827 MVP.P 45.8 166.2 347.7 -341.4 -557.4 -898.3
1828 TongFu 41.8 162.2 343.7 -327.0 -546.2 -888.5
1829 Sigma.int 43.1 163.9 345.7 -331.0 -550.2 -892.5
1830 mouz 45.3 166.1 347.9 -335.0 -554.2 -896.5
1831 rox.KIS 41.3 162.1 343.9 -326.0 -546.7 -889.5
1833 Fnatic.eu 42.8 163.5 345.3 -330.0 -550.7 -893.5
1836 DK 44.2 165.1 347.1 -334.0 -554.7 -897.5
1837 Titan 45.8 166.6 348.8 -338.0 -558.7 -901.5
1838 Titan 41.8 162.6 344.8 -331.7 -552.0 -895.0
1839 Sigma.int 37.8 158.6 340.8 -322.9 -543.5 -887.1
1840 PR 33.8 154.6 336.8 -310.7 -532.2 -876.6
1841 SSD 35.6 156.6 339.0 -314.7 -536.2 -880.6
1842 DK 36.9 158.2 340.8 -318.7 -540.2 -884.6
1843 iG 38.9 160.6 343.4 -322.7 -544.2 -888.6
1845 DK 40.8 162.8 344.6 -326.7 -548.2 -892.6
1846 DK 41.7 163.9 345.2 -330.7 -552.2 -896.6
1847 DK 42.5 165.0 346.5 -334.7 -556.2 -900.6
1848 TongFu 44.2 167.1 348.9 -338.7 -560.2 -904.6
1849 PBS 45.9 169.3 351.5 -342.7 -564.2 -908.6
1850 rox.KIS 47.2 170.9 352.3 -346.7 -568.2 -912.6
1851 Alliance 47.9 171.8 352.9 -350.7 -572.2 -916.6
1852 SSD 49.6 173.4 354.6 -354.7 -576.2 -920.6
1853 Alliance 50.6 174.2 355.5 -358.7 -580.2 -924.6
1854 SSD 46.6 170.2 351.5 -351.8 -572.0 -916.8
1857 iG 47.3 171.1 352.6 -355.8 -576.0 -920.8
1858 Empire 49.6 173.8 354.0 -359.8 -580.0 -924.8
1860 Fnatic.eu 50.2 174.6 354.9 -363.8 -584.0 -928.8
1861 Sigma.int 51.2 175.8 356.4 -367.8 -588.0 -932.8
1862 Next.kz 47.2 171.8 352.4 -356.9 -577.4 -923.0
1863 Fnatic.eu 48.4 173.1 353.4 -360.9 -581.4 -927.0
1864 Revenge 50.7 175.6 356.2 -364.9 -585.4 -931.0
1865 TongFu 51.5 176.6 357.4 -368.9 -589.4 -935.0
1866 Sigma.int 53.4 178.9 359.0 -372.9 -593.4 -939.0
1867 Fnatic.eu 54.3 179.9 359.7 -376.9 -597.4 -943.0
1868 Na'Vi 55.0 180.7 360.2 -380.9 -601.4 -947.0
1869 FSid3 51.0 176.7 356.2 -373.1 -593.9 -940.7
1870 FSid3 47.0 172.7 352.2 -363.4 -582.4 -929.4
1871 Relax 48.7 174.5 354.4 -367.4 -586.4 -933.4
1874 Revenge 50.1 176.1 355.4 -371.4 -590.4 -937.4
1875 iG 51.7 177.8 357.3 -375.4 -594.4 -941.4
1876 GB 53.5 179.7 359.5 -379.4 -598.4 -945.4
1877 FD 55.1 181.4 360.8 -383.4 -602.4 -949.4
1878 Invasion 51.1 177.4 356.8 -371.8 -592.0 -935.5
1879 Orange 51.9 178.3 357.8 -375.8 -596.0 -939.5
1880 VG 47.9 174.3 353.8 -369.2 -588.6 -932.4
1883 iG 43.9 170.3 349.8 -360.8 -581.1 -922.7
1885 Mski 45.1 171.4 351.0 -364.8 -585.1 -926.7
1886 Invasion 46.4 172.8 352.0 -368.8 -589.1 -930.7
1887 Lowyat 47.7 174.2 353.4 -372.8 -593.1 -934.7
1889 Fnatic.eu 43.7 170.2 349.4 -355.6 -580.0 -922.9
1892 nAra 39.7 166.2 345.4 -347.8 -573.2 -914.5
1893 Mski 40.9 167.6 346.1 -351.8 -577.2 -918.5
1894 Spirit 36.9 163.6 342.1 -339.3 -565.7 -902.2
1898 Titan 38.2 165.3 342.9 -343.3 -569.7 -906.2
1899 LGD.cn 40.7 167.9 344.9 -347.3 -573.7 -910.2
1900 PBS 42.9 170.3 347.5 -351.3 -577.7 -914.2
1903 Titan 44.9 172.7 348.8 -355.3 -581.7 -918.2
1904 Mastery 40.9 168.7 344.8 -348.8 -575.4 -910.7
1905 Swage 36.9 164.7 340.8 -341.2 -568.7 -904.7
1906 5inQ 38.0 166.4 342.8 -345.2 -572.7 -908.7
1910 FD 39.9 168.6 344.3 -349.2 -576.7 -912.7
1911 Titan 41.0 169.9 345.3 -353.2 -580.7 -916.7
1912 Orange 43.1 171.9 347.3 -357.2 -584.7 -920.7
1913 rox.KIS 44.5 173.5 348.6 -361.2 -588.7 -924.7
1914 rox.KIS 46.3 175.3 350.6 -365.2 -592.7 -928.7
1916 rox.KIS 47.6 176.7 352.1 -369.2 -596.7 -932.7
1917 Orange 49.6 178.3 353.8 -373.2 -600.7 -936.7
1918 Orange 51.7 180.2 355.7 -377.2 -604.7 -940.7
1920 Mski 47.7 176.2 351.7 -368.9 -598.2 -934.7
1921 VP 50.2 178.6 354.0 -372.9 -602.2 -938.7
1923 VP 51.7 180.3 355.8 -376.9 -606.2 -942.7
1924 Sigma.int 54.0 183.0 357.5 -380.9 -610.2 -946.7
1925 PR 55.7 184.6 358.9 -384.9 -614.2 -950.7
1926 PR 58.3 186.7 361.1 -388.9 -618.2 -954.7
1927 Titan 59.9 188.5 362.3 -392.9 -622.2 -958.7
1928 Zephyr 60.9 190.0 364.1 -396.9 -626.2 -962.7
1929 MVP 62.2 191.5 365.9 -400.9 -630.2 -966.7
1930 Alliance 64.3 193.6 368.3 -404.9 -634.2 -970.7
1931 Swage 60.3 189.6 364.3 -396.9 -626.9 -964.1
1933 Alliance 62.5 191.8 366.7 -400.9 -630.9 -968.1
1934 Sigma.int 58.5 187.8 362.7 -389.9 -619.5 -957.5
1935 EOT.Ham. 54.5 183.8 358.7 -374.4 -609.5 -949.4
1936 Alliance 56.3 185.8 360.4 -378.4 -613.5 -953.4
1937 Na'Vi 58.1 187.8 362.6 -382.4 -617.5 -957.4
1939 Na'Vi 59.8 189.7 364.0 -386.4 -621.5 -961.4
1941 Zephyr 61.9 192.3 365.2 -390.4 -625.5 -965.4
1943 PR 63.8 194.2 367.4 -394.4 -629.5 -969.4
1944 VP 65.7 196.3 368.9 -398.4 -633.5 -973.4
1945 rox.KIS 66.8 197.6 369.7 -402.4 -637.5 -977.4
1946 PR 62.8 193.6 365.7 -395.8 -630.4 -970.8
1947 Relax 58.8 189.6 361.7 -388.8 -623.5 -964.7
1948 Empire 59.8 190.7 363.1 -392.8 -627.5 -968.7
1949 EOT.Ham. 55.8 186.7 359.1 -381.9 -618.2 -960.7
1951 Empire 57.0 188.2 359.9 -385.9 -622.2 -964.7
1953 Fnatic.eu 58.0 189.4 360.9 -389.9 -626.2 -968.7
1954 Empire 58.9 190.4 362.1 -393.9 -630.2 -972.7
1956 rox.KIS 60.5 191.8 363.6 -397.9 -634.2 -976.7
1960 Empire 62.2 193.6 365.8 -401.9 -638.2 -980.7
1961 Fnatic.eu 63.0 194.5 366.4 -405.9 -642.2 -984.7
1962 Fnatic.eu 65.3 196.9 368.8 -409.9 -646.2 -988.7
1963 Life 61.3 192.9 364.8 -400.5 -636.6 -981.8
1964 Fnatic.eu 62.4 194.3 365.6 -404.5 -640.6 -985.8
1965 Relax 64.1 196.3 367.2 -408.5 -644.6 -989.8
1967 Liquid 65.5 197.4 368.5 -412.5 -648.6 -993.8
1970 hehe 67.6 199.5 370.4 -416.5 -652.6 -997.8
1971 Relax 63.6 195.5 366.4 -401.8 -639.8 -987.0
1972 PR 59.6 191.5 362.4 -391.8 -631.3 -971.5
1973 Sigma.int 60.8 193.1 363.2 -395.8 -635.3 -975.5
1975 Fnatic.eu 61.5 193.9 363.6 -399.8 -639.3 -979.5
1981 Liquid 62.4 195.1 365.1 -403.8 -643.3 -983.5
1982 Speed 63.4 196.3 366.0 -407.8 -647.3 -987.5
1983 SADBOYS 59.4 192.3 362.0 -400.7 -638.7 -978.9
1984 Empire 60.3 193.3 362.8 -404.7 -642.7 -982.9
1985 SADBOYS 56.3 189.3 358.8 -394.9 -634.0 -972.6
1987 Empire 52.3 185.3 354.8 -388.6 -628.5 -964.6
1988 Liquid 48.3 181.3 350.8 -381.1 -621.9 -958.0
1991 PR 50.3 183.4 353.0 -385.1 -625.9 -962.0
1992 Speed 51.2 184.5 354.4 -389.1 -629.9 -966.0
1995 SADBOYS 52.7 186.5 356.9 -393.1 -633.9 -970.0
1996 TR 48.7 182.5 352.9 -385.1 -626.4 -963.1
2001 Speed 49.6 183.8 354.4 -389.1 -630.4 -967.1
2003 Empire 45.6 179.8 350.4 -382.9 -625.0 -958.6
2005 5inQ 48.2 182.7 351.9 -386.9 -629.0 -962.6
2008 SADBOYS 44.2 178.7 347.9 -379.6 -621.9 -955.5
2009 Fnatic.eu 45.7 180.4 349.2 -383.6 -625.9 -959.5
2010 Na'Vi 47.2 182.0 350.8 -387.6 -629.9 -963.5
2013 Empire 49.5 184.3 353.1 -391.6 -633.9 -967.5
2014 Speed 50.7 185.6 354.0 -395.6 -637.9 -971.5
2015 Speed 51.5 186.5 355.2 -399.6 -641.9 -975.5
2016 Revenge 53.4 188.5 357.3 -403.6 -645.9 -979.5
2018 Fnatic.eu 49.4 184.5 353.3 -394.7 -636.4 -970.7
2019 Na'Vi 50.8 185.9 354.9 -398.7 -640.4 -974.7
2020 PR 52.6 187.8 356.9 -402.7 -644.4 -978.7
2022 Liquid 53.5 188.8 357.5 -406.7 -648.4 -982.7
2023 SADBOYS 54.2 189.7 358.6 -410.7 -652.4 -986.7
2024 SADBOYS 55.6 191.2 359.3 -414.7 -656.4 -990.7
2026 Execration 57.6 193.5 361.9 -418.7 -660.4 -994.7
2028 Next.kz 53.6 189.5 357.9 -410.3 -652.8 -987.7
2029 Empire 54.7 190.8 358.6 -414.3 -656.8 -991.7
2031 Sigma.int 50.7 186.8 354.6 -407.9 -650.3 -985.1
2032 Liquid 51.6 187.8 355.7 -411.9 -654.3 -989.1
2033 eHug 47.6 183.8 351.7 -405.4 -647.6 -982.5
2034 Denial 43.6 179.8 347.7 -395.1 -637.7 -972.1
2035 SADBOYS 44.6 180.9 348.3 -399.1 -641.7 -976.1
2039 Speed 40.6 176.9 344.3 -392.7 -635.3 -969.6
2043 Liquid 43.1 179.5 345.6 -396.7 -639.3 -973.6
2044 Arrow 45.4 182.3 347.0 -400.7 -643.3 -977.6
2047 Empire 47.1 184.3 348.3 -404.7 -647.3 -981.6
2048 Arrow 48.8 186.4 349.3 -408.7 -651.3 -985.6
2049 GL 50.9 188.7 350.9 -412.7 -655.3 -989.6
2051 Nullis 52.9 190.8 353.2 -416.7 -659.3 -993.6
2052 Nullis 48.9 186.8 349.2 -408.9 -652.2 -984.7
2053 SADBOYS 49.7 187.9 349.6 -412.9 -656.2 -988.7
2054 Empire 50.7 189.2 351.2 -416.9 -660.2 -992.7
2055 Na'Vi 51.7 190.4 351.9 -420.9 -664.2 -996.7
2056 bvd.dotA 53.2 192.1 354.0 -424.9 -668.2 -1000.7
2057 Aura 55.4 194.5 356.6 -428.9 -672.2 -1004.7
2058 Cloud9 56.3 195.8 357.0 -432.9 -676.2 -1008.7
2059 Empire 57.2 196.8 358.1 -436.9 -680.2 -1012.7
2061 rox.KIS 53.2 192.8 354.1 -421.3 -665.5 -999.6
2062 PR 49.2 188.8 350.1 -414.8 -659.3 -993.7
2064 Cloud9 50.2 190.0 351.6 -418.8 -663.3 -997.7
2066 Alliance 51.4 191.2 352.9 -422.8 -667.3 -1001.7
2067 Na'Vi 52.2 192.1 353.9 -426.8 -671.3 -1005.7
2068 Fnatic.eu 53.2 193.2 354.8 -430.8 -675.3 -1009.7
2070 rox.KIS 49.2 189.2 350.8 -423.7 -668.8 -1000.0
2072 About 45.2 185.2 346.8 -416.3 -661.7 -992.3
2073 4FC 47.0 187.3 348.3 -420.3 -665.7 -996.3
2074 vhoul 43.0 183.3 344.3 -409.9 -656.0 -989.4
2075 Liquid 39.0 179.3 340.3 -402.7 -650.0 -980.3
2076 Courage 35.0 175.3 336.3 -389.9 -639.2 -958.2
2078 Empire 37.5 177.9 338.3 -393.9 -643.2 -962.2
2079 Empire 39.1 179.8 340.4 -397.9 -647.2 -966.2
2080 rox.KIS 35.1 175.8 336.4 -381.6 -631.3 -952.9
2082 rox.KIS 36.1 177.0 337.7 -385.6 -635.3 -956.9
2083 PR 37.0 178.0 338.8 -389.6 -639.3 -960.9
2086 PssT 33.0 174.0 334.8 -382.3 -633.5 -952.3
2087 Liquid 34.3 175.4 335.7 -386.3 -637.5 -956.3
2089 SADBOYS 35.2 176.5 337.2 -390.3 -641.5 -960.3
2093 rox.KIS 37.0 178.4 338.4 -394.3 -645.5 -964.3
2094 Insane 33.0 174.4 334.4 -386.5 -638.5 -958.1
2095 Titan 34.4 176.1 335.0 -390.5 -642.5 -962.1
2097 rox.KIS 35.8 177.7 335.8 -394.5 -646.5 -966.1
2098 Zephyr 36.9 178.8 337.2 -398.5 -650.5 -970.1
2099 rox.KIS 38.9 180.7 339.1 -402.5 -654.5 -974.1
2100 PR 40.3 182.2 340.3 -406.5 -658.5 -978.1
2102 MYM 41.9 183.9 342.2 -410.5 -662.5 -982.1
2104 Arrow 37.9 179.9 338.2 -401.5 -653.6 -974.2
2113 TCN 39.5 181.9 339.3 -405.5 -657.6 -978.2
2115 Mongolz 35.5 177.9 335.3 -399.1 -650.8 -971.8
2117 Titan 37.6 180.4 336.8 -403.1 -654.8 -975.8
2119 Empire 38.3 181.3 337.3 -407.1 -658.8 -979.8
2121 Relax 39.4 182.6 338.4 -411.1 -662.8 -983.8
2123 rox.KIS 40.3 183.7 339.1 -415.1 -666.8 -987.8
2124 neXt! 36.3 179.7 335.1 -408.7 -659.9 -980.6
2126 ZR 38.5 182.0 337.2 -412.7 -663.9 -984.6
2128 Alliance 40.1 183.7 338.8 -416.7 -667.9 -988.6
2129 vhoul 42.6 186.4 340.6 -420.7 -671.9 -992.6
2131 Titan 43.3 187.3 341.7 -424.7 -675.9 -996.6
2132 Fnatic.eu 45.0 189.0 343.3 -428.7 -679.9 -1000.6
2133 Next.kz 41.0 185.0 339.3 -412.4 -665.1 -980.5
2135 rox.KIS 43.0 187.2 341.8 -416.4 -669.1 -984.5
2136 Swage 44.7 189.1 343.6 -420.4 -673.1 -988.5
2137 Revenge 46.4 190.9 344.8 -424.4 -677.1 -992.5
2138 Liquid 47.4 192.0 345.5 -428.4 -681.1 -996.5
2139 eHug 49.1 193.8 347.0 -432.4 -685.1 -1000.5
2140 PssT 45.1 189.8 343.0 -425.0 -677.1 -993.2
2141 WWD 46.6 191.3 344.8 -429.0 -681.1 -997.2
2143 MiTH 48.1 192.8 346.1 -433.0 -685.1 -1001.2
2146 Fnatic.eu 50.0 194.9 347.8 -437.0 -689.1 -1005.2
2147 Na'Vi 51.1 196.1 349.1 -441.0 -693.1 -1009.2
2148 PR 47.1 192.1 345.1 -429.0 -683.3 -1001.0
2149 Sigma.int 48.7 193.8 347.0 -433.0 -687.3 -1005.0
2152 Relax 44.7 189.8 343.0 -422.8 -677.6 -995.3
2155 MYM 46.4 191.4 344.9 -426.8 -681.6 -999.3
2156 Cloud9 47.4 192.6 345.6 -430.8 -685.6 -1003.3
2158 Denial 43.4 188.6 341.6 -421.0 -676.3 -991.3
2159 SADBOYS 44.1 189.5 342.7 -425.0 -680.3 -995.3
2160 Dog 45.5 191.3 344.7 -429.0 -684.3 -999.3
2161 Osiris 41.5 187.3 340.7 -421.2 -677.3 -995.4
2162 Orange 42.4 188.4 341.9 -425.2 -681.3 -999.4
2164 Puck 38.4 184.4 337.9 -418.9 -674.3 -992.6
2165 TR 34.4 180.4 333.9 -404.8 -661.7 -973.1
2166 DUZA 30.4 176.4 329.9 -397.4 -654.7 -966.6
2167 Scythe 33.2 179.6 331.6 -401.4 -658.7 -970.6
2169 WWD 35.5 182.3 332.9 -405.4 -662.7 -974.6
2170 ZR 31.5 178.3 328.9 -396.3 -653.0 -965.7
2171 Relax 33.3 180.1 330.7 -400.3 -657.0 -969.7
2172 Na'Vi 34.4 181.4 331.5 -404.3 -661.0 -973.7
2175 Liquid 35.3 182.4 332.8 -408.3 -665.0 -977.7
2177 Dog 36.7 184.2 335.2 -412.3 -669.0 -981.7
2178 VP 38.0 185.6 336.4 -416.3 -673.0 -985.7
2179 PR 40.4 188.2 338.2 -420.3 -677.0 -989.7
2180 Puck 36.4 184.2 334.2 -413.4 -670.9 -981.3
2181 MiT 32.4 180.2 330.2 -400.8 -658.6 -970.1
2182 MM 35.1 183.1 331.8 -404.8 -662.6 -974.1
2185 Scythe 36.4 184.8 332.3 -408.8 -666.6 -978.1
2187 Titan 37.0 185.6 333.3 -412.8 -670.6 -982.1
2188 Everlast 33.0 181.6 329.3 -397.2 -658.1 -971.4
2190 VP 34.2 182.7 330.5 -401.2 -662.1 -975.4
2191 Orange 36.3 184.8 332.6 -405.2 -666.1 -979.4
2192 PR 32.3 180.8 328.6 -398.3 -659.9 -974.2
2193 Na'Vi 34.2 182.5 330.3 -402.3 -663.9 -978.2
2197 Empire 35.0 183.5 331.6 -406.3 -667.9 -982.2
2200 Alliance 36.3 184.7 333.1 -410.3 -671.9 -986.2
2201 eN.Legs 38.5 186.9 335.3 -414.3 -675.9 -990.2
2202 neXt! 40.9 189.4 337.6 -418.3 -679.9 -994.2
2203 BIP 43.5 192.4 339.3 -422.3 -683.9 -998.2
2204 Osiris 39.5 188.4 335.3 -413.0 -674.3 -989.2
2210 Titan 40.2 189.3 336.4 -417.0 -678.3 -993.2
2213 Arrow 40.9 190.2 337.7 -421.0 -682.3 -997.2
2214 Orange 41.7 191.2 338.2 -425.0 -686.3 -1001.2
2215 ADN 37.7 187.2 334.2 -415.9 -676.6 -994.4
2216 Alliance 39.2 188.9 335.9 -419.9 -680.6 -998.4
2218 VP 35.2 184.9 331.9 -410.4 -672.4 -990.7
2226 Empire 31.2 180.9 327.9 -400.5 -662.5 -984.3
2228 Titan 31.9 181.7 328.3 -404.5 -666.5 -988.3
2229 Scythe 33.4 183.4 329.1 -408.5 -670.5 -992.3
2230 Orange 35.6 185.5 331.3 -412.5 -674.5 -996.3
2231 Arrow 37.6 187.9 333.0 -416.5 -678.5 -1000.3
2234 5inQ 40.2 190.0 335.2 -420.5 -682.5 -1004.3
2237 Execration 41.8 191.6 336.9 -424.5 -686.5 -1008.3
2238 FD 43.3 193.3 338.4 -428.5 -690.5 -1012.3
2239 Orange 39.3 189.3 334.4 -416.4 -681.4 -1004.5
2240 Spirit 35.3 185.3 330.4 -408.6 -673.6 -995.4
2241 hehe 31.3 181.3 326.4 -391.3 -658.6 -968.8
2242 PR 27.3 177.3 322.4 -381.1 -649.2 -955.3
2244 EG 28.9 179.3 323.3 -385.1 -653.2 -959.3
2248 DT.NGC 30.6 181.3 325.7 -389.1 -657.2 -963.3
2249 Titan 31.7 182.5 327.1 -393.1 -661.2 -967.3
2251 Zephyr 33.0 183.9 328.8 -397.1 -665.2 -971.3
2252 FD 35.3 186.3 330.7 -401.1 -669.2 -975.3
2258 Arrow 31.3 182.3 326.7 -392.8 -662.4 -969.6
2259 VG 34.0 185.1 328.5 -396.8 -666.4 -973.6
2260 FL 35.5 186.8 329.5 -400.8 -670.4 -977.6
2261 CIS 31.5 182.8 325.5 -381.6 -656.6 -967.4
2262 Mski 33.5 185.0 327.2 -385.6 -660.6 -971.4
2263 Cloud9 35.7 187.6 330.1 -389.6 -664.6 -975.4
2269 Na'Vi 37.5 189.5 331.8 -393.6 -668.6 -979.4
2270 RRQ 33.5 185.5 327.8 -386.2 -661.3 -972.4
2271 Titan 35.3 187.4 329.6 -390.2 -665.3 -976.4
2273 VG 36.0 188.3 330.8 -394.2 -669.3 -980.4
2274 LGD.cn 37.9 190.6 332.1 -398.2 -673.3 -984.4
2275 Orange 38.6 191.3 332.8 -402.2 -677.3 -988.4
2277 FD 39.9 192.8 333.7 -406.2 -681.3 -992.4
2278 MiTH 41.0 193.9 335.1 -410.2 -685.3 -996.4
2279 DUZA 42.5 195.5 336.4 -414.2 -689.3 -1000.4
2280 DK 43.1 196.2 337.3 -418.2 -693.3 -1004.4
2281 Titan 45.7 198.3 339.3 -422.2 -697.3 -1008.4
2282 iG 46.4 199.2 339.8 -426.2 -701.3 -1012.4
2283 Fnatic.eu 48.1 201.1 341.7 -430.2 -705.3 -1016.4
2284 Zephyr 49.4 202.5 343.0 -434.2 -709.3 -1020.4
2285 Na'Vi 50.5 203.6 344.2 -438.2 -713.3 -1024.4
2288 EG 46.5 199.6 340.2 -428.7 -703.6 -1016.6
2289 DT.NGC 42.5 195.6 336.2 -418.2 -692.1 -1010.7
2290 Orange 38.5 191.6 332.2 -409.0 -683.7 -1002.9
2292 Na'Vi 40.0 193.0 333.7 -413.0 -687.7 -1006.9
2293 Alliance 41.1 194.3 334.6 -417.0 -691.7 -1010.9
2295 Arrow 42.1 195.5 335.9 -421.0 -695.7 -1014.9
