0 0 0.0 0.0 0.0 0.0 0.0 0.0
18 Na'Vi 0.8 1.1 1.5 -4.0 -4.0 -4.0
23 mouz 1.6 2.0 2.7 -8.0 -8.0 -8.0
29 GU.pe -2.4 -2.0 -1.3 4.1 1.9 1.5
32 Alliance -1.7 -0.9 -0.1 0.1 -2.1 -2.5
41 Empire -0.6 0.4 1.6 -3.9 -6.1 -6.5
49 Liquid 0.2 1.6 3.0 -7.9 -10.1 -10.5
50 3DMAX -3.8 -2.4 -1.0 17.3 7.4 4.5
58 Na'Vi -2.5 -0.8 0.7 13.3 3.4 0.5
60 Na'Vi -1.5 0.4 2.1 9.3 -0.6 -3.5
73 Zenith -0.7 1.4 3.2 5.3 -4.6 -7.5
98 Fnatic.eu -4.7 -2.6 -0.8 18.9 5.8 2.5
110 Empire -3.3 -1.0 0.8 14.9 1.8 -1.5
112 eN.Legs -2.4 0.5 2.3 10.9 -2.2 -5.5
117 VP -1.1 2.0 4.0 6.9 -6.2 -9.5
118 mouz -5.1 -2.0 0.0 20.3 5.6 -0.1
123 eLPride -3.9 -0.5 1.7 16.3 1.6 -4.1
124 VP -2.9 0.8 3.2 12.3 -2.4 -8.1
135 Fnatic.eu -1.6 2.3 4.9 8.3 -6.4 -12.1
136 Alliance -0.7 3.4 6.2 4.3 -10.4 -16.1
138 TCM -4.7 -0.6 2.2 16.9 0.9 -6.5
143 Na'Vi -3.6 0.8 3.8 12.9 -3.1 -10.5
164 Dignitas -2.4 2.3 5.5 8.9 -7.1 -14.5
167 LGD.int -1.5 3.3 6.8 4.9 -11.1 -18.5
171 LGD.int -0.6 4.3 8.0 0.9 -15.1 -22.5
175 Na'Vi 0.4 5.5 9.6 -3.1 -19.1 -26.5
177 QPandas -3.6 1.5 5.6 10.2 -8.0 -17.1
181 iCCup -7.6 -2.5 1.6 25.8 3.3 -7.2
185 LGD.int -6.3 -1.0 3.3 21.8 -0.7 -11.2
208 iG -5.3 0.3 4.9 17.8 -4.7 -15.2
226 Alliance -4.5 1.4 6.3 13.8 -8.7 -19.2
235 aL -3.4 2.7 7.8 9.8 -12.7 -23.2
236 mouz -7.4 -1.3 3.8 25.5 -0.3 -13.1
240 Na'Vi -6.5 -0.2 5.1 21.5 -4.3 -17.1
246 Na'Vi -5.5 0.8 6.4 17.5 -8.3 -21.1
253 Liquid -9.5 -3.2 2.4 34.2 5.5 -9.7
268 Na'Vi -8.5 -2.0 3.9 30.2 1.5 -13.7
271 Na'Vi -7.4 -0.6 5.5 26.2 -2.5 -17.7
273 mouz -6.0 0.8 7.1 22.2 -6.5 -21.7
275 EG -10.0 -3.2 3.1 41.5 10.4 -7.5
276 Alliance -9.0 -2.0 4.4 37.5 6.4 -11.5
280 Zenith -7.9 -0.7 6.0 33.5 2.4 -15.5
282 Alliance -7.0 0.4 7.4 29.5 -1.6 -19.5
283 VG -11.0 -3.6 3.4 44.6 11.0 -9.4
293 aL -15.0 -7.6 -0.6 58.5 23.8 1.6
294 Alliance -14.0 -6.4 0.9 54.5 19.8 -2.4
300 mouz -12.8 -5.0 2.6 50.5 15.8 -6.4
301 EG -11.7 -3.6 4.2 46.5 11.8 -10.4
304 VG -10.9 -2.7 5.4 42.5 7.8 -14.4
306 LGD.cn -10.1 -1.8 6.5 38.5 3.8 -18.4
310 iG -9.2 -0.6 8.1 34.5 -0.2 -22.4
316 LGD.cn -8.6 0.2 9.2 30.5 -4.2 -26.4
317 FD -12.6 -3.8 5.2 43.3 5.8 -17.9
319 Na'Vi -11.5 -2.6 6.6 39.3 1.8 -21.9
321 mouz -10.6 -1.6 7.9 35.3 -2.2 -25.9
324 QPandas -14.6 -5.6 3.9 48.8 9.3 -16.3
330 TongFu -18.6 -9.6 -0.1 68.4 25.0 -5.1
337 TongFu -17.7 -8.4 1.5 64.4 21.0 -9.1
338 Na'Vi -16.8 -7.3 2.9 60.4 17.0 -13.1
340 mouz -16.0 -6.4 4.0 56.4 13.0 -17.1
346 Alliance -14.9 -5.2 5.4 52.4 9.0 -21.1
352 LGD.cn -13.8 -3.9 6.9 48.4 5.0 -25.1
356 Liquid -17.8 -7.9 2.9 62.5 16.9 -15.3
362 LGD.cn -16.4 -6.6 4.4 58.5 12.9 -19.3
364 Zenith -15.3 -5.3 5.9 54.5 8.9 -23.3
369 iCCup -19.3 -9.3 1.9 65.4 19.3 -13.7
373 Na'Vi -18.5 -8.4 2.9 61.4 15.3 -17.7
376 LGD.cn -17.7 -7.4 4.1 57.4 11.3 -21.7
377 LGD.cn -16.5 -6.3 5.4 53.4 7.3 -25.7
379 Na'Vi -15.6 -5.2 6.7 49.4 3.3 -29.7
384 Alliance -14.6 -3.9 8.3 45.4 -0.7 -33.7
387 LGD.cn -13.4 -2.5 9.9 41.4 -4.7 -37.7
388 Dignitas -12.4 -1.3 11.7 37.4 -8.7 -41.7
389 iG -11.5 -0.3 13.0 33.4 -12.7 -45.7
392 Alliance -10.4 1.0 14.5 29.4 -16.7 -49.7
396 Liquid -9.8 1.7 15.5 25.4 -20.7 -53.7
398 Alliance -9.1 2.5 16.5 21.4 -24.7 -57.7
403 RStars -13.1 -1.5 12.5 32.8 -14.1 -48.7
409 Orange -12.0 -0.1 14.2 28.8 -18.1 -52.7
410 Alliance -11.3 0.8 15.3 24.8 -22.1 -56.7
414 Alliance -10.4 1.9 16.7 20.8 -26.1 -60.7
416 4FC -14.4 -2.1 12.7 39.3 -9.6 -46.8
417 mouz -18.4 -6.1 8.7 53.2 2.3 -36.8
424 Kaipi -22.4 -10.1 4.7 64.0 13.1 -27.0
427 rox.KIS -21.1 -8.7 6.3 60.0 9.1 -31.0
430 rox.KIS -19.9 -7.4 7.7 56.0 5.1 -35.0
431 Quantic -18.9 -6.1 9.3 52.0 1.1 -39.0
432 Kaipi -17.3 -4.7 10.9 48.0 -2.9 -43.0
433 DK -16.1 -3.3 12.6 44.0 -6.9 -47.0
437 Quantic -15.1 -2.3 13.9 40.0 -10.9 -51.0
439 Artyk -14.2 -1.3 15.4 36.0 -14.9 -55.0
441 Na'Vi -13.3 -0.3 16.6 32.0 -18.9 -59.0
443 Kaipi -17.3 -4.3 12.6 44.7 -5.5 -47.1
444 Artyk -21.3 -8.3 8.6 55.6 4.7 -37.8
445 TM -20.2 -6.9 10.2 51.6 0.7 -41.8
446 Orange -19.3 -5.9 11.4 47.6 -3.3 -45.8
447 DK -18.1 -4.6 13.0 43.6 -7.3 -49.8
451 Kaipi -17.2 -3.6 14.2 39.6 -11.3 -53.8
453 Fnatic.eu -21.2 -7.6 10.2 52.7 -0.1 -44.8
461 Alliance -20.4 -6.7 11.4 48.7 -4.1 -48.8
464 Fnatic.eu -18.9 -5.2 13.0 44.7 -8.1 -52.8
465 Alliance -17.5 -3.8 14.6 40.7 -12.1 -56.8
471 4FC -21.5 -7.8 10.6 53.9 0.6 -45.9
475 Na'Vi -20.5 -6.8 11.8 49.9 -3.4 -49.9
479 4FC -19.4 -5.6 13.3 45.9 -7.4 -53.9
480 Orange -18.4 -4.4 14.8 41.9 -11.4 -57.9
484 Empire -22.4 -8.4 10.8 58.6 3.8 -46.0
486 Na'Vi -21.2 -7.2 12.1 54.6 -0.2 -50.0
488 Fnatic.eu -25.2 -11.2 8.1 72.3 14.6 -38.4
493 iCCup -24.2 -10.0 9.5 68.3 10.6 -42.4
494 zRage -28.2 -14.0 5.5 88.8 28.8 -26.7
495 Artyk -27.0 -12.4 7.5 84.8 24.8 -30.7
498 mouz -25.8 -11.1 9.1 80.8 20.8 -34.7
499 Liquid -24.6 -9.7 10.5 76.8 16.8 -38.7
502 VP -23.9 -8.9 11.5 72.8 12.8 -42.7
503 Dignitas -23.1 -7.9 12.8 68.8 8.8 -46.7
505 Na'Vi -22.6 -7.3 13.6 64.8 4.8 -50.7
506 EG -21.8 -6.4 14.8 60.8 0.8 -54.7
507 Na'Vi -20.9 -5.4 16.1 56.8 -3.2 -58.7
508 Na'Vi -20.4 -4.8 16.8 52.8 -7.2 -62.7
512 Quantic -24.4 -8.8 12.8 70.5 8.0 -48.8
513 EG -28.4 -12.8 8.8 83.8 19.4 -38.6
514 Dignitas -32.4 -16.8 4.8 105.7 38.0 -22.6
520 Quantic -31.3 -15.5 6.4 101.7 34.0 -26.6
522 Na'Vi -30.1 -14.1 8.0 97.7 30.0 -30.6
524 Na'Vi -28.8 -12.7 9.6 93.7 26.0 -34.6
527 Na'Vi -27.8 -11.6 11.0 89.7 22.0 -38.6
528 Liquid -26.9 -10.5 12.3 85.7 18.0 -42.6
529 EG -26.2 -9.7 13.2 81.7 14.0 -46.6
531 Na'Vi -25.3 -8.7 14.4 77.7 10.0 -50.6
532 Empire -24.3 -7.7 15.6 73.7 6.0 -54.6
533 rox.KIS -23.2 -6.7 16.6 69.7 2.0 -58.6
536 Liquid -22.5 -5.9 17.6 65.7 -2.0 -62.6
537 Liquid -21.9 -5.2 18.5 61.7 -6.0 -66.6
538 Alliance -21.1 -4.4 19.5 57.7 -10.0 -70.6
541 VP -20.1 -3.1 20.9 53.7 -14.0 -74.6
549 Fnatic.eu -24.1 -7.1 16.9 66.2 -3.0 -65.3
550 Kaipi -28.1 -11.1 12.9 76.4 7.5 -55.6
551 Kaipi -32.1 -15.1 8.9 86.5 18.4 -44.9
553 TongFu -36.1 -19.1 4.9 102.3 33.3 -32.1
573 VP -40.1 -23.1 0.9 114.7 43.5 -23.4
574 Fnatic.eu -44.1 -27.1 -3.1 126.6 53.9 -14.6
580 VP -43.1 -25.9 -1.7 122.6 49.9 -18.6
587 Alliance -41.7 -24.6 -0.3 118.6 45.9 -22.6
600 mouz -45.7 -28.6 -4.3 131.0 57.7 -12.1
604 Orange -44.6 -27.4 -2.8 127.0 53.7 -16.1
608 Alliance -43.3 -25.9 -1.1 123.0 49.7 -20.1
615 Orange -42.0 -24.5 0.5 119.0 45.7 -24.1
618 Alliance -40.8 -23.1 2.1 115.0 41.7 -28.1
621 iCCup -44.8 -27.1 -1.9 128.6 54.8 -17.6
628 EG -43.9 -26.1 -0.7 124.6 50.8 -21.6
631 Alliance -43.0 -24.9 0.8 120.6 46.8 -25.6
635 Dignitas -41.6 -23.4 2.6 116.6 42.8 -29.6
636 EG -40.9 -22.5 3.7 112.6 38.8 -33.6
642 Alliance -39.9 -21.3 5.2 108.6 34.8 -37.6
651 Denial -43.9 -25.3 1.2 126.6 50.2 -25.6
653 VG -47.9 -29.3 -2.8 141.6 63.3 -14.8
656 Na'Vi -46.8 -28.1 -1.3 137.6 59.3 -18.8
658 mouz -50.8 -32.1 -5.3 149.1 69.4 -9.0
660 RS -54.8 -36.1 -9.3 161.6 80.7 0.6
664 RStars -58.8 -40.1 -13.3 177.7 94.1 11.8
668 mouz -58.0 -39.1 -12.0 173.7 90.1 7.8
670 EG -57.0 -38.0 -10.6 169.7 86.1 3.8
671 Fnatic.eu -56.1 -37.0 -9.4 165.7 82.1 -0.2
674 mouz -55.4 -36.1 -8.3 161.7 78.1 -4.2
678 Kaipi -59.4 -40.1 -12.3 180.4 94.6 9.4
699 Alliance -58.3 -38.8 -10.8 176.4 90.6 5.4
700 Orange -56.9 -37.4 -9.1 172.4 86.6 1.4
702 Na'Vi -56.0 -36.4 -7.9 168.4 82.6 -2.6
703 mouz -55.1 -35.4 -6.6 164.4 78.6 -6.6
712 Na'Vi -54.2 -34.3 -5.3 160.4 74.6 -10.6
718 Dreamz -53.1 -33.1 -3.8 156.4 70.6 -14.6
723 Kaipi -52.2 -32.1 -2.6 152.4 66.6 -18.6
727 Fnatic.eu -56.2 -36.1 -6.6 169.2 81.1 -7.1
729 DK -55.2 -34.6 -4.8 165.2 77.1 -11.1
730 LGD.cn -54.4 -33.6 -3.7 161.2 73.1 -15.1
732 Alliance -53.3 -32.3 -2.1 157.2 69.1 -19.1
745 Dignitas -57.3 -36.3 -6.1 178.7 83.6 -7.4
746 DK -56.6 -35.4 -5.1 174.7 79.6 -11.4
748 Na'Vi -55.4 -34.1 -3.5 170.7 75.6 -15.4
749 Liquid -59.4 -38.1 -7.5 183.2 85.6 -5.5
751 Alliance -58.6 -37.0 -6.1 179.2 81.6 -9.5
754 Na'Vi -57.9 -36.2 -5.2 175.2 77.6 -13.5
757 Alliance -56.3 -34.7 -3.7 171.2 73.6 -17.5
761 Fnatic.eu -55.6 -33.9 -2.8 167.2 69.6 -21.5
766 Alliance -54.7 -32.9 -1.7 163.2 65.6 -25.5
767 LGD.int -58.7 -36.9 -5.7 179.2 79.5 -13.6
769 mouz -57.8 -35.9 -4.5 175.2 75.5 -17.6
771 Na'Vi -56.6 -34.6 -3.1 171.2 71.5 -21.6
773 Alliance -55.9 -33.8 -2.2 167.2 67.5 -25.6
776 Orange -54.6 -32.4 -0.6 163.2 63.5 -29.6
779 Zenith -53.7 -31.4 0.6 159.2 59.5 -33.6
781 Alliance -52.8 -30.4 1.7 155.2 55.5 -37.6
783 TongFu -51.9 -29.5 2.7 151.2 51.5 -41.6
786 Na'Vi -50.9 -28.4 4.0 147.2 47.5 -45.6
793 Alliance -49.7 -27.1 5.6 143.2 43.5 -49.6
795 Liquid -48.8 -26.1 6.8 139.2 39.5 -53.6
797 Liquid -52.8 -30.1 2.8 153.0 50.9 -44.0
799 Alliance -51.7 -28.9 4.3 149.0 46.9 -48.0
800 Na'Vi -50.3 -27.5 5.8 145.0 42.9 -52.0
803 Orange -54.3 -31.5 1.8 156.9 52.5 -43.8
811 RStars -53.1 -30.0 3.6 152.9 48.5 -47.8
812 Empire -52.1 -28.8 5.2 148.9 44.5 -51.8
813 Empire -51.2 -27.9 6.4 144.9 40.5 -55.8
815 TTD -49.9 -26.5 8.1 140.9 36.5 -59.8
816 Kaipi -48.6 -25.1 9.6 136.9 32.5 -63.8
818 FD -47.4 -23.9 11.1 132.9 28.5 -67.8
820 4FC -46.7 -23.1 12.1 128.9 24.5 -71.8
821 4++ -50.7 -27.1 8.1 143.2 39.7 -59.9
822 MiTH -49.7 -25.8 9.6 139.2 35.7 -63.9
829 TLP -53.7 -29.8 5.6 153.1 47.6 -54.5
832 CDCD -57.7 -33.8 1.6 176.3 66.0 -38.7
833 Menace -61.7 -37.8 -2.4 189.2 77.1 -29.7
841 VP -60.7 -36.7 -1.0 185.2 73.1 -33.7
844 Kaipi -59.4 -35.4 0.6 181.2 69.1 -37.7
851 VP -58.4 -34.2 2.1 177.2 65.1 -41.7
859 FSid3 -62.4 -38.2 -1.9 187.0 75.8 -31.9
862 rox.KIS -60.9 -36.9 -0.4 183.0 71.8 -35.9
864 Poseidon -59.8 -35.6 1.1 179.0 67.8 -39.9
865 Mski -58.8 -34.5 2.5 175.0 63.8 -43.9
866 Poseidon -57.9 -33.6 3.6 171.0 59.8 -47.9
867 Dreamz -56.8 -32.3 5.2 167.0 55.8 -51.9
871 Next.kz -55.7 -31.1 6.6 163.0 51.8 -55.9
873 PR -59.7 -35.1 2.6 183.7 69.4 -41.3
877 Mski -58.7 -33.7 4.3 179.7 65.4 -45.3
878 Lowyat -62.7 -37.7 0.3 193.4 76.8 -35.8
883 Kaipi -61.5 -36.3 1.9 189.4 72.8 -39.8
886 Fnatic.eu -60.1 -34.8 3.7 185.4 68.8 -43.8
889 Next.kz -58.8 -33.5 5.2 181.4 64.8 -47.8
899 Menace -57.5 -32.3 6.6 177.4 60.8 -51.8
901 Fnatic.eu -56.1 -31.0 8.1 173.4 56.8 -55.8
903 Kaipi -54.9 -29.7 9.6 169.4 52.8 -59.8
905 Dignitas -54.1 -28.8 10.7 165.4 48.8 -63.8
906 Dignitas -53.2 -27.8 11.9 161.4 44.8 -67.8
908 iG -52.5 -27.0 12.9 157.4 40.8 -71.8
911 4FC -56.5 -31.0 8.9 170.7 54.4 -60.4
915 Fnatic.eu -55.7 -30.0 10.1 166.7 50.4 -64.4
916 Property -59.7 -34.0 6.1 179.4 61.0 -55.1
917 Menace -63.7 -38.0 2.1 190.3 71.9 -45.6
919 LGD.cn -62.4 -36.5 3.8 186.3 67.9 -49.6
920 TongFu -61.8 -35.8 4.7 182.3 63.9 -53.6
921 Alliance -60.8 -34.8 6.0 178.3 59.9 -57.6
925 Empire -59.5 -33.5 7.5 174.3 55.9 -61.6
926 Empire -58.1 -31.9 9.2 170.3 51.9 -65.6
927 iG -56.6 -30.5 10.7 166.3 47.9 -69.6
931 Alliance -55.7 -29.6 11.7 162.3 43.9 -73.6
937 OguraYui -59.7 -33.6 7.7 173.4 56.5 -62.8
941 Alliance -58.8 -32.6 8.8 169.4 52.5 -66.8
944 Imp -62.8 -36.6 4.8 180.6 63.3 -56.9
949 VP -61.5 -35.3 6.3 176.6 59.3 -60.9
950 Kaipi -60.5 -34.1 7.8 172.6 55.3 -64.9
951 Mski -59.5 -33.0 9.1 168.6 51.3 -68.9
954 Cascade -63.5 -37.0 5.1 182.0 62.9 -58.9
956 Alliance -63.0 -36.5 5.8 178.0 58.9 -62.9
957 Na'Vi -62.2 -35.8 6.7 174.0 54.9 -66.9
958 PR -66.2 -39.8 2.7 198.7 78.9 -46.1
959 Kaipi -65.4 -38.8 3.8 194.7 74.9 -50.1
960 Kaipi -64.7 -37.9 5.0 190.7 70.9 -54.1
963 Na'Vi -63.3 -36.5 6.6 186.7 66.9 -58.1
964 Alliance -62.1 -35.2 8.1 182.7 62.9 -62.1
967 mouz -60.7 -33.7 9.8 178.7 58.9 -66.1
972 Aspera -64.7 -37.7 5.8 200.6 77.9 -50.2
975 Dignitas -63.9 -36.7 7.1 196.6 73.9 -54.2
982 Fnatic.eu -63.1 -35.9 8.1 192.6 69.9 -58.2
986 Na'Vi -62.1 -34.7 9.5 188.6 65.9 -62.2
990 Kaipi -61.3 -33.8 10.6 184.6 61.9 -66.2
997 PR -65.3 -37.8 6.6 202.2 76.7 -54.5
1005 Dignitas -69.3 -41.8 2.6 214.3 86.6 -46.1
1008 Menace -73.3 -45.8 -1.4 226.4 98.9 -35.2
1009 Kaipi -72.4 -44.9 -0.3 222.4 94.9 -39.2
1012 DK -71.1 -43.4 1.5 218.4 90.9 -43.2
1017 Na'Vi -70.3 -42.5 2.5 214.4 86.9 -47.2
1018 Alliance -69.5 -41.6 3.7 210.4 82.9 -51.2
1021 Na'Vi -68.3 -40.4 5.1 206.4 78.9 -55.2
1022 LGD.cn -67.2 -39.1 6.5 202.4 74.9 -59.2
1025 Dignitas -66.4 -38.2 7.7 198.4 70.9 -63.2
1028 4FC -70.4 -42.2 3.7 208.9 82.4 -53.2
1030 Na'Vi -69.6 -41.3 4.7 204.9 78.4 -57.2
1032 Na'Vi -68.7 -40.2 6.0 200.9 74.4 -61.2
1034 Alliance -68.0 -39.4 7.0 196.9 70.4 -65.2
1035 Alliance -67.3 -38.7 7.8 192.9 66.4 -69.2
1039 Ahead.kz -71.3 -42.7 3.8 214.2 88.2 -51.3
1041 Alliance -70.3 -41.4 5.3 210.2 84.2 -55.3
1045 iG -69.4 -40.0 7.0 206.2 80.2 -59.3
1046 Liquid -68.3 -38.8 8.4 202.2 76.2 -63.3
1050 Alliance -67.5 -37.9 9.5 198.2 72.2 -67.3
1051 iG -66.7 -36.9 10.7 194.2 68.2 -71.3
1055 Alliance -66.1 -36.2 11.6 190.2 64.2 -75.3
1063 Alliance -65.4 -35.4 12.5 186.2 60.2 -79.3
1064 Alliance -64.6 -34.5 13.5 182.2 56.2 -83.3
1065 SSD -63.6 -33.0 15.2 178.2 52.2 -87.3
1073 Titan -62.1 -31.5 16.8 174.2 48.2 -91.3
1077 StayFree -61.0 -30.0 18.6 170.2 44.2 -95.3
1081 Na'Vi -60.3 -29.2 19.6 166.2 40.2 -99.3
1082 Fnatic.eu -59.5 -28.3 20.6 162.2 36.2 -103.3
1083 Titan -58.7 -27.4 21.8 158.2 32.2 -107.3
1085 FD -57.9 -26.3 23.2 154.2 28.2 -111.3
1088 FXopen -57.0 -25.0 24.7 150.2 24.2 -115.3
1089 Imp -56.3 -24.0 25.8 146.2 20.2 -119.3
1090 MiTH -55.6 -23.1 26.9 142.2 16.2 -123.3
1091 Na'Vi -54.7 -22.1 28.2 138.2 12.2 -127.3
1092 ONE.dota -58.7 -26.1 24.2 149.4 23.8 -117.1
1095 Arcanys -62.7 -30.1 20.2 170.9 41.1 -103.6
1096 VG -61.7 -28.7 21.9 166.9 37.1 -107.6
1097 FD -61.0 -27.8 23.2 162.9 33.1 -111.6
1101 Fnatic.eu -60.0 -26.6 24.7 158.9 29.1 -115.6
1104 Poseidon -64.0 -30.6 20.7 174.9 43.3 -104.4
1105 Na'Vi -63.2 -29.7 21.8 170.9 39.3 -108.4
1111 LGD.int -62.2 -28.6 23.2 166.9 35.3 -112.4
1112 DK -61.7 -27.9 24.0 162.9 31.3 -116.4
1114 Na'Vi -61.0 -27.1 25.0 158.9 27.3 -120.4
1117 VG -60.3 -26.3 26.0 154.9 23.3 -124.4
1118 LGD.cn -59.9 -25.7 26.8 150.9 19.3 -128.4
1120 Ahead.kz -58.6 -24.2 28.6 146.9 15.3 -132.4
1122 PR -57.1 -23.0 29.9 142.9 11.3 -136.4
1123 Na'Vi -56.7 -22.4 30.6 138.9 7.3 -140.4
1126 Life -60.7 -26.4 26.6 149.3 21.4 -127.5
1129 iG -60.2 -25.7 27.4 145.3 17.4 -131.5
1131 Na'Vi -59.2 -24.7 28.6 141.3 13.4 -135.5
1132 Fnatic.eu -58.3 -23.6 29.8 137.3 9.4 -139.5
1135 Empire -57.3 -22.5 31.1 133.3 5.4 -143.5
1137 TakeFive -61.3 -26.5 27.1 144.1 18.5 -132.2
1143 DK -60.8 -25.8 28.0 140.1 14.5 -136.2
1144 VG -64.8 -29.8 24.0 154.7 27.8 -125.8
1146 iG -64.4 -29.2 24.7 150.7 23.8 -129.8
1147 LGD.cn -63.2 -27.8 26.4 146.7 19.8 -133.8
1149 Na'Vi -62.3 -26.8 27.7 142.7 15.8 -137.8
1151 Alliance -61.8 -26.1 28.5 138.7 11.8 -141.8
1155 Empire -60.7 -24.6 30.2 134.7 7.8 -145.8
1156 iG -59.6 -23.0 32.1 130.7 3.8 -149.8
1157 Na'Vi -58.8 -22.1 33.1 126.7 -0.2 -153.8
1159 SAfrica -57.7 -20.7 34.9 122.7 -4.2 -157.8
1165 Titan -61.7 -24.7 30.9 133.2 7.2 -147.7
1169 DK -61.3 -24.1 31.7 129.2 3.2 -151.7
1171 Empire -60.5 -23.1 32.9 125.2 -0.8 -155.7
1172 Speed -64.5 -27.1 28.9 144.1 20.0 -135.6
1174 Fnatic -63.2 -25.8 30.3 140.1 16.0 -139.6
1175 TongFu -62.5 -24.9 31.5 136.1 12.0 -143.6
1177 TongFu -61.0 -23.5 33.1 132.1 8.0 -147.6
1178 DK -60.6 -23.0 33.8 128.1 4.0 -151.6
1181 Alliance -59.9 -22.1 34.9 124.1 4.26325641456e-14 -155.6
1183 Speed -58.5 -20.8 36.4 120.1 -4.0 -159.6
1185 Liquid -62.5 -24.8 32.4 140.7 16.8 -140.3
1188 LGD.int -61.9 -24.0 33.3 136.7 12.8 -144.3
1189 EG -60.8 -22.6 35.1 132.7 8.8 -148.3
1190 TongFu -60.0 -21.5 36.5 128.7 4.8 -152.3
1191 DK -59.6 -20.8 37.3 124.7 0.8 -156.3
1192 Na'Vi -58.8 -19.9 38.6 120.7 -3.2 -160.3
1195 VG -58.3 -19.2 39.4 116.7 -7.2 -164.3
1196 LGD.cn -57.8 -18.5 40.3 112.7 -11.2 -168.3
1200 Liquid -56.2 -17.1 41.8 108.7 -15.2 -172.3
1202 SSD -54.9 -15.6 43.6 104.7 -19.2 -176.3
1203 TongFu -54.5 -15.0 44.3 100.7 -23.2 -180.3
1204 iG -53.8 -14.1 45.3 96.7 -27.2 -184.3
1205 HR -57.8 -18.1 41.3 109.1 -12.1 -170.9
1206 EG -56.3 -17.0 42.5 105.1 -16.1 -174.9
1210 Liquid -60.3 -21.0 38.5 117.4 -3.6 -164.1
1215 iG -59.9 -20.3 39.3 113.4 -7.6 -168.1
1223 DK -59.0 -19.1 40.8 109.4 -11.6 -172.1
1230 Property -63.0 -23.1 36.8 122.1 -1.2 -163.5
1232 Alliance -62.1 -22.2 37.9 118.1 -5.2 -167.5
1235 TongFu -66.1 -26.2 33.9 136.0 8.8 -156.8
1238 LGD.cn -65.5 -25.3 35.1 132.0 4.8 -160.8
1243 Alliance -64.8 -24.5 36.2 128.0 0.8 -164.8
1245 Speed -63.8 -23.2 37.8 124.0 -3.2 -168.8
1247 iG -63.4 -22.6 38.6 120.0 -7.2 -172.8
1253 LGD.int -67.4 -26.6 34.6 148.7 13.2 -156.7
1256 RS -66.5 -25.6 35.9 144.7 9.2 -160.7
1262 iG -65.4 -24.2 37.5 140.7 5.2 -164.7
1263 LGD.cn -64.7 -23.3 38.6 136.7 1.2 -168.7
1264 DK -64.0 -22.5 39.6 132.7 -2.8 -172.7
1266 Alliance -63.3 -21.7 40.6 128.7 -6.8 -176.7
1268 Mski -62.2 -20.3 42.2 124.7 -10.8 -180.7
1269 Orange -61.2 -19.3 43.5 120.7 -14.8 -184.7
1273 RS -65.2 -23.3 39.5 133.4 -3.6 -174.6
1274 LGD.cn -63.7 -21.8 41.1 129.4 -7.6 -178.6
1278 Lowyat -67.7 -25.8 37.1 141.6 7.8 -164.6
1279 Titan -66.6 -24.7 38.4 137.6 3.8 -168.6
1283 Speed -65.4 -23.5 39.6 133.6 -0.2 -172.6
1284 Alliance -64.6 -22.7 40.6 129.6 -4.2 -176.6
1293 TongFu -63.6 -21.6 42.0 125.6 -8.2 -180.6
1294 VG -67.6 -25.6 38.0 139.4 5.0 -169.9
1299 EG -66.5 -24.4 39.3 135.4 1.0 -173.9
1301 Hearts -65.2 -22.8 41.1 131.4 -3.0 -177.9
1303 Sigma.int -64.3 -21.6 42.6 127.4 -7.0 -181.9
1305 Empire -63.7 -20.8 43.5 123.4 -11.0 -185.9
1306 FXopen -62.6 -19.4 45.1 119.4 -15.0 -189.9
1307 LGD.int -61.7 -18.4 46.3 115.4 -19.0 -193.9
1308 LGD.cn -61.0 -17.6 47.3 111.4 -23.0 -197.9
1310 Sigma.int -60.3 -16.8 48.3 107.4 -27.0 -201.9
1314 TongFu -59.9 -16.2 49.0 103.4 -31.0 -205.9
1315 Empire -59.1 -15.3 50.0 99.4 -35.0 -209.9
1316 VG -58.4 -14.4 51.1 95.4 -39.0 -213.9
1317 Na'Vi -57.4 -13.3 52.5 91.4 -43.0 -217.9
1318 QPandas -61.4 -17.3 48.5 105.0 -29.5 -205.0
1321 Fnatic.eu -60.7 -16.6 49.1 101.0 -33.5 -209.0
1322 DK -60.3 -16.1 49.8 97.0 -37.5 -213.0
1323 VG -59.5 -15.1 51.1 93.0 -41.5 -217.0
1324 VG -63.5 -19.1 47.1 107.2 -27.0 -204.8
1325 Kawai -67.5 -23.1 43.1 119.3 -17.1 -195.5
1326 Dignitas -71.5 -27.1 39.1 132.3 -5.1 -185.4
1327 Speed -70.9 -26.4 40.0 128.3 -9.1 -189.4
1329 Alliance -70.3 -25.7 40.8 124.3 -13.1 -193.4
1331 Na'Vi -69.1 -24.7 42.0 120.3 -17.1 -197.4
1332 Fnatic.eu -73.1 -28.7 38.0 130.4 -5.4 -187.1
1333 Alliance -72.3 -27.9 39.0 126.4 -9.4 -191.1
1335 LGD.int -71.1 -26.5 40.6 122.4 -13.4 -195.1
1336 TongFu -70.1 -25.6 41.6 118.4 -17.4 -199.1
1338 Liquid -68.7 -24.1 43.3 114.4 -21.4 -203.1
1340 Fnatic.eu -67.8 -23.1 44.5 110.4 -25.4 -207.1
1341 Alliance -67.3 -22.5 45.2 106.4 -29.4 -211.1
1345 Sigma.int -66.1 -21.0 47.0 102.4 -33.4 -215.1
1351 VG -65.7 -20.3 47.8 98.4 -37.4 -219.1
1352 DK -65.1 -19.7 48.6 94.4 -41.4 -223.1
1354 VP -69.1 -23.7 44.6 107.3 -29.2 -212.2
1355 Alliance -67.9 -22.4 46.2 103.3 -33.2 -216.2
1356 Alliance -66.6 -21.2 47.5 99.3 -37.2 -220.2
1357 Na'Vi -65.5 -20.2 48.6 95.3 -41.2 -224.2
1359 LGD.cn -65.2 -19.7 49.2 91.3 -45.2 -228.2
1360 iG -64.8 -19.2 49.8 87.3 -49.2 -232.2
1361 Dignitas -64.1 -18.4 50.8 83.3 -53.2 -236.2
1362 Speed -63.7 -17.9 51.5 79.3 -57.2 -240.2
1365 Alliance -63.0 -17.2 52.3 75.3 -61.2 -244.2
1366 Alliance -62.6 -16.7 52.9 71.3 -65.2 -248.2
1368 Fnatic.eu -61.4 -15.5 54.2 67.3 -69.2 -252.2
1369 Na'Vi -60.7 -14.7 55.1 63.3 -73.2 -256.2
1372 VP -64.7 -18.7 51.1 81.2 -58.0 -243.5
1373 Liquid -63.4 -17.4 52.6 77.2 -62.0 -247.5
1379 Fnatic.eu -62.3 -16.2 54.0 73.2 -66.0 -251.5
1380 Liquid -61.2 -15.0 55.4 69.2 -70.0 -255.5
1381 Liquid -65.2 -19.0 51.4 84.1 -56.0 -243.6
1382 Titan -64.4 -18.0 52.7 80.1 -60.0 -247.6
1384 Empire -63.7 -17.2 53.7 76.1 -64.0 -251.6
1388 iG -63.2 -16.5 54.5 72.1 -68.0 -255.6
1389 RStars -62.5 -15.5 55.9 68.1 -72.0 -259.6
1390 Alliance -62.0 -14.9 56.6 64.1 -76.0 -263.6
1391 Fnatic.eu -60.8 -13.6 58.2 60.1 -80.0 -267.6
1396 rox.KIS -64.8 -17.6 54.2 95.3 -52.3 -244.4
1399 EG -68.8 -21.6 50.2 110.3 -36.5 -231.1
1404 VG -67.9 -20.5 51.6 106.3 -40.5 -235.1
1405 Speed -67.1 -19.4 53.0 102.3 -44.5 -239.1
1412 DK -66.7 -18.7 53.9 98.3 -48.5 -243.1
1415 VP -70.7 -22.7 49.9 110.2 -35.8 -231.9
1423 Alliance -70.2 -22.1 50.6 106.2 -39.8 -235.9
1424 DK -69.9 -21.7 51.2 102.2 -43.8 -239.9
1425 VG -69.2 -20.9 52.2 98.2 -47.8 -243.9
1426 Speed -67.8 -19.4 53.9 94.2 -51.8 -247.9
1429 Empire -66.6 -18.2 55.3 90.2 -55.8 -251.9
1430 Na'Vi -65.7 -17.2 56.5 86.2 -59.8 -255.9
1431 DK -65.3 -16.7 57.1 82.2 -63.8 -259.9
1438 Liquid -64.6 -15.8 58.1 78.2 -67.8 -263.9
1439 Empire -68.6 -19.8 54.1 91.7 -53.2 -249.4
1442 LGD.int -68.2 -19.2 54.8 87.7 -57.2 -253.4
1443 TongFu -67.5 -18.4 55.8 83.7 -61.2 -257.4
1450 Na'Vi -66.6 -17.3 57.1 79.7 -65.2 -261.4
1451 Na'Vi -65.2 -15.9 58.5 75.7 -69.2 -265.4
1458 Fnatic.eu -69.2 -19.9 54.5 88.5 -56.8 -254.1
1460 Alliance -68.3 -19.0 55.5 84.5 -60.8 -258.1
1462 rox.KIS -66.8 -17.5 57.2 80.5 -64.8 -262.1
1465 DK -65.3 -16.0 58.8 76.5 -68.8 -266.1
1466 4FC -69.3 -20.0 54.8 89.4 -56.0 -254.3
1473 LGD.cn -68.7 -19.2 55.8 85.4 -60.0 -258.3
1478 Alliance -67.5 -17.9 57.2 81.4 -64.0 -262.3
1479 Liquid -66.8 -17.1 58.2 77.4 -68.0 -266.3
1482 Fnatic.eu -66.1 -16.2 59.4 73.4 -72.0 -270.3
1483 Sigma.int -70.1 -20.2 55.4 84.4 -59.6 -258.7
1490 EG -69.3 -19.2 56.5 80.4 -63.6 -262.7
1492 Alliance -68.0 -17.8 58.0 76.4 -67.6 -266.7
1494 Na'Vi -67.4 -17.1 58.8 72.4 -71.6 -270.7
1495 DK -66.3 -15.8 60.3 68.4 -75.6 -274.7
1497 Speed -70.3 -19.8 56.3 82.0 -63.7 -263.8
1498 Fnatic.eu -74.3 -23.8 52.3 98.1 -48.2 -249.1
1499 DK -73.5 -22.8 53.3 94.1 -52.2 -253.1
1500 Speed -72.8 -21.9 54.5 90.1 -56.2 -257.1
1501 Liquid -76.8 -25.9 50.5 103.5 -43.1 -245.3
1506 Liquid -75.5 -24.5 52.0 99.5 -47.1 -249.3
1508 Alliance -74.9 -23.7 52.8 95.5 -51.1 -253.3
1511 Sigma.int -74.4 -23.0 53.5 91.5 -55.1 -257.3
1512 Alliance -73.5 -22.0 54.7 87.5 -59.1 -261.3
1513 DK -73.2 -21.5 55.3 83.5 -63.1 -265.3
1515 Speed -77.2 -25.5 51.3 94.5 -52.3 -255.5
1523 SSD -81.2 -29.5 47.3 107.9 -39.0 -244.2
1527 VP -80.1 -28.1 48.9 103.9 -43.0 -248.2
1528 TongFu -79.4 -27.3 49.9 99.9 -47.0 -252.2
1529 LGD.int -78.8 -26.5 50.9 95.9 -51.0 -256.2
1531 Aspera -77.4 -25.0 52.6 91.9 -55.0 -260.2
1533 OsG -81.4 -29.0 48.6 105.1 -42.5 -249.9
1537 FL -85.4 -33.0 44.6 114.9 -31.3 -240.3
1546 iG -84.2 -31.6 46.3 110.9 -35.3 -244.3
1549 VG -83.6 -30.7 47.5 106.9 -39.3 -248.3
1550 DK -82.9 -29.9 48.5 102.9 -43.3 -252.3
1568 Next.kz -81.7 -28.4 50.2 98.9 -47.3 -256.3
1572 Fnatic.eu -80.3 -27.1 51.6 94.9 -51.3 -260.3
1574 DK -79.2 -25.9 52.9 90.9 -55.3 -264.3
1579 DK -78.1 -24.4 54.6 86.9 -59.3 -268.3
1580 Alliance -77.0 -23.1 56.1 82.9 -63.3 -272.3
1582 PR -75.6 -21.8 57.5 78.9 -67.3 -276.3
1585 Fnatic.eu -74.7 -20.8 58.7 74.9 -71.3 -280.3
1589 FD -73.7 -19.7 60.0 70.9 -75.3 -284.3
1590 Orange -72.9 -18.7 61.3 66.9 -79.3 -288.3
1593 FD -72.2 -17.7 62.6 62.9 -83.3 -292.3
1598 Alliance -71.3 -16.7 63.7 58.9 -87.3 -296.3
1603 Fnatic.eu -69.8 -15.2 65.2 54.9 -91.3 -300.3
1604 Sigma.int -73.8 -19.2 61.2 65.3 -80.5 -290.2
1607 Idol -72.8 -17.8 62.9 61.3 -84.5 -294.2
1611 Sigma.int -71.8 -16.5 64.4 57.3 -88.5 -298.2
1613 Fnatic.eu -70.4 -15.1 66.0 53.3 -92.5 -302.2
1614 Alliance -69.8 -14.3 66.9 49.3 -96.5 -306.2
1620 VP -68.3 -12.9 68.5 45.3 -100.5 -310.2
1626 FD -67.4 -11.7 69.9 41.3 -104.5 -314.2
1628 Alliance -66.7 -11.0 70.8 37.3 -108.5 -318.2
1629 Fnatic.eu -66.2 -10.4 71.6 33.3 -112.5 -322.2
1631 VG -65.7 -9.7 72.6 29.3 -116.5 -326.2
1634 Alliance -65.0 -8.8 73.6 25.3 -120.5 -330.2
1636 Sigma.int -64.3 -8.0 74.7 21.3 -124.5 -334.2
1652 PR -63.2 -6.7 76.2 17.3 -128.5 -338.2
1654 MVP.P -62.2 -5.3 77.8 13.3 -132.5 -342.2
1657 RRQ -61.5 -4.4 78.9 9.3 -136.5 -346.2
1660 Poseidon -65.5 -8.4 74.9 25.7 -121.9 -334.6
1662 Fnatic.eu -64.7 -7.4 76.1 21.7 -125.9 -338.6
1664 DK -64.0 -6.6 77.1 17.7 -129.9 -342.6
1665 LGD.cn -63.4 -5.9 78.1 13.7 -133.9 -346.6
1667 Fnatic.eu -61.9 -4.5 79.7 9.7 -137.9 -350.6
1668 Duskbin -61.1 -3.2 81.3 5.7 -141.9 -354.6
1674 Empire -59.9 -1.9 82.7 1.7 -145.9 -358.6
1676 TR -63.9 -5.9 78.7 15.9 -134.3 -348.8
1677 Na'Vi -62.7 -4.7 80.2 11.9 -138.3 -352.8
1678 Na'Vi -61.8 -3.6 81.4 7.9 -142.3 -356.8
1681 Mski -60.9 -2.5 82.7 3.9 -146.3 -360.8
1682 Lowyat -59.7 -1.2 84.3 -0.1 -150.3 -364.8
1683 rox.KIS -58.4 0.4 86.2 -4.1 -154.3 -368.8
1684 Alliance -57.0 1.7 87.6 -8.1 -158.3 -372.8
1685 Alliance -56.5 2.3 88.3 -12.1 -162.3 -376.8
1686 Sigma.int -55.3 3.5 89.7 -16.1 -166.3 -380.8
1688 Fnatic.eu -53.9 4.9 91.2 -20.1 -170.3 -384.8
1689 iG -53.4 5.5 91.9 -24.1 -174.3 -388.8
1697 mouz -57.4 1.5 87.9 -7.2 -154.2 -368.7
1698 Alliance -55.9 2.8 89.3 -11.2 -158.2 -372.7
1699 OsG -59.9 -1.2 85.3 17.2 -131.9 -349.3
1701 TongFu -58.9 -0.2 86.4 13.2 -135.9 -353.3
1706 Sigma.int -58.0 0.6 87.3 9.2 -139.9 -357.3
1707 mouz -56.8 1.7 88.5 5.2 -143.9 -361.3
1708 HR -55.7 3.0 90.1 1.2 -147.9 -365.3
1711 Next.kz -54.9 4.0 91.3 -2.8 -151.9 -369.3
1711 Next.kz -54.2 4.9 92.3 -6.8 -155.9 -373.3
1714 rox.KIS -53.5 5.8 93.3 -10.8 -159.9 -377.3
1714 rox.KIS -52.6 6.7 94.5 -14.8 -163.9 -381.3
1720 Mski -51.7 7.7 95.6 -18.8 -167.9 -385.3
1721 Lowyat -50.6 8.7 97.1 -22.8 -171.9 -389.3
1722 Mski -49.8 9.5 98.1 -26.8 -175.9 -393.3
1725 VG -48.7 10.7 99.5 -30.8 -179.9 -397.3
1726 Lowyat -47.7 11.7 100.7 -34.8 -183.9 -401.3
1727 Mski -46.9 12.6 101.6 -38.8 -187.9 -405.3
1728 sQreen -50.9 8.6 97.6 -26.6 -175.4 -394.3
1730 rox.KIS -49.9 10.0 99.1 -30.6 -179.4 -398.3
1731 Empire -53.9 6.0 95.1 -18.4 -166.5 -387.0
1733 PR -57.9 2.0 91.1 -7.5 -156.0 -377.3
1735 Mski -57.1 2.8 92.1 -11.5 -160.0 -381.3
1744 Sigma.int -56.1 4.1 93.6 -15.5 -164.0 -385.3
1745 Na'Vi -55.4 5.0 94.7 -19.5 -168.0 -389.3
1746 Alliance -54.7 5.8 95.8 -23.5 -172.0 -393.3
1750 Alliance -54.0 6.6 96.8 -27.5 -176.0 -397.3
1751 Na'Vi -53.1 7.6 98.0 -31.5 -180.0 -401.3
1753 Na'Vi -51.8 9.0 99.6 -35.5 -184.0 -405.3
1754 TR -55.8 5.0 95.6 -22.6 -172.6 -395.6
1755 SSD -54.7 6.4 97.3 -26.6 -176.6 -399.6
1761 Mski -53.7 7.7 98.7 -30.6 -180.6 -403.6
1763 rox.KIS -52.8 8.7 99.9 -34.6 -184.6 -407.6
1764 Na'Vi -51.7 9.8 101.2 -38.6 -188.6 -411.6
1771 VG -50.8 11.0 102.8 -42.6 -192.6 -415.6
1774 Idol -49.8 12.5 104.7 -46.6 -196.6 -419.6
1776 Fnatic.eu -48.7 13.7 106.1 -50.6 -200.6 -423.6
1780 Titan -47.3 15.3 107.9 -54.6 -204.6 -427.6
1783 Titan -46.3 16.3 109.2 -58.6 -208.6 -431.6
1785 Fnatic.eu -45.2 17.5 110.5 -62.6 -212.6 -435.6
1786 Fnatic.eu -43.8 18.9 112.0 -66.6 -216.6 -439.6
1788 Sigma.int -43.2 19.6 112.9 -70.6 -220.6 -443.6
1790 Na'Vi -42.2 20.5 113.9 -74.6 -224.6 -447.6
1791 Revenge -46.2 16.5 109.9 -65.2 -213.1 -436.0
1793 Fnatic.eu -44.9 17.8 111.4 -69.2 -217.1 -440.0
1802 PR -48.9 13.8 107.4 -56.1 -201.2 -425.2
1803 Sigma.int -47.7 15.2 108.9 -60.1 -205.2 -429.2
1804 DK -47.3 15.8 109.6 -64.1 -209.2 -433.2
1805 VG -46.7 16.5 110.5 -68.1 -213.2 -437.2
1807 LGD.cn -46.2 17.1 111.3 -72.1 -217.2 -441.2
1808 iG -45.8 17.7 112.1 -76.1 -221.2 -445.2
1809 Titan -44.6 18.8 113.4 -80.1 -225.2 -449.2
1811 TongFu -43.7 19.7 114.5 -84.1 -229.2 -453.2
1814 LGD.cn -43.2 20.4 115.4 -88.1 -233.2 -457.2
1815 iG -42.3 21.8 117.1 -92.1 -237.2 -461.2
1817 Mski -41.1 23.0 118.5 -96.1 -241.2 -465.2
1820 Empire -40.2 23.9 119.6 -100.1 -245.2 -469.2
1821 QPandas -44.2 19.9 115.6 -89.3 -234.2 -459.6
1822 Fnatic.eu -43.7 20.5 116.3 -93.3 -238.2 -463.6
1826 Titan -42.7 21.5 117.4 -97.3 -242.2 -467.6
1827 MVP.P -41.8 22.7 118.8 -101.3 -246.2 -471.6
1828 TongFu -45.8 18.7 114.8 -86.9 -235.0 -461.8
1829 Sigma.int -44.5 20.4 116.8 -90.9 -239.0 -465.8
1833 Fnatic.eu -43.0 21.8 118.2 -94.9 -243.0 -469.8
1836 DK -41.6 23.4 120.0 -98.9 -247.0 -473.8
1840 PR -45.6 19.4 116.0 -86.7 -235.7 -463.3
1842 DK -44.3 21.0 117.8 -90.7 -239.7 -467.3
1846 DK -43.4 22.1 118.4 -94.7 -243.7 -471.3
1847 DK -42.6 23.2 119.7 -98.7 -247.7 -475.3
1850 rox.KIS -41.3 24.8 120.5 -102.7 -251.7 -479.3
1851 Alliance -40.6 25.7 121.1 -106.7 -255.7 -483.3
1853 Alliance -39.6 26.5 122.0 -110.7 -259.7 -487.3
1857 iG -38.9 27.4 123.1 -114.7 -263.7 -491.3
1860 Fnatic.eu -38.3 28.2 124.0 -118.7 -267.7 -495.3
1861 Sigma.int -37.3 29.4 125.5 -122.7 -271.7 -499.3
1862 Next.kz -41.3 25.4 121.5 -111.8 -261.1 -489.5
1863 Fnatic.eu -40.1 26.7 122.5 -115.8 -265.1 -493.5
1865 TongFu -39.3 27.7 123.7 -119.8 -269.1 -497.5
1867 Fnatic.eu -38.4 28.7 124.4 -123.8 -273.1 -501.5
1868 Na'Vi -37.7 29.5 124.9 -127.8 -277.1 -505.5
1870 FSid3 -41.7 25.5 120.9 -118.1 -265.6 -494.2
1874 Revenge -40.3 27.1 121.9 -122.1 -269.6 -498.2
1878 Invasion -44.3 23.1 117.9 -110.5 -259.2 -484.3
1879 Orange -43.5 24.0 118.9 -114.5 -263.2 -488.3
1885 Mski -42.3 25.1 120.1 -118.5 -267.2 -492.3
1886 Invasion -41.0 26.5 121.1 -122.5 -271.2 -496.3
1887 Lowyat -39.7 27.9 122.5 -126.5 -275.2 -500.3
1889 Fnatic.eu -43.7 23.9 118.5 -109.3 -262.1 -488.5
1893 Mski -42.5 25.3 119.2 -113.3 -266.1 -492.5
1894 Spirit -46.5 21.3 115.2 -100.8 -254.6 -476.2
1898 Titan -45.2 23.0 116.0 -104.8 -258.6 -480.2
1906 5inQ -44.1 24.7 118.0 -108.8 -262.6 -484.2
1911 Titan -43.0 26.0 119.0 -112.8 -266.6 -488.2
1913 rox.KIS -41.6 27.6 120.3 -116.8 -270.6 -492.2
1916 rox.KIS -40.3 29.0 121.8 -120.8 -274.6 -496.2
1927 Titan -38.7 30.8 123.0 -124.8 -278.6 -500.2
1928 Zephyr -37.7 32.3 124.8 -128.8 -282.6 -504.2
1929 MVP -36.4 33.8 126.6 -132.8 -286.6 -508.2
1934 Sigma.int -40.4 29.8 122.6 -121.8 -275.2 -497.6
1935 EOT.Ham. -44.4 25.8 118.6 -106.3 -265.2 -489.5
1945 rox.KIS -43.3 27.1 119.4 -110.3 -269.2 -493.5
1948 Empire -42.3 28.2 120.8 -114.3 -273.2 -497.5
1951 Empire -41.1 29.7 121.6 -118.3 -277.2 -501.5
1953 Fnatic.eu -40.1 30.9 122.6 -122.3 -281.2 -505.5
1954 Empire -39.2 31.9 123.8 -126.3 -285.2 -509.5
1956 rox.KIS -37.6 33.3 125.3 -130.3 -289.2 -513.5
1961 Fnatic.eu -36.8 34.2 125.9 -134.3 -293.2 -517.5
1964 Fnatic.eu -35.7 35.6 126.7 -138.3 -297.2 -521.5
1967 Liquid -34.3 36.7 128.0 -142.3 -301.2 -525.5
1971 Relax -38.3 32.7 124.0 -127.6 -288.4 -514.7
1972 PR -42.3 28.7 120.0 -117.6 -279.9 -499.2
1973 Sigma.int -41.1 30.3 120.8 -121.6 -283.9 -503.2
1975 Fnatic.eu -40.4 31.1 121.2 -125.6 -287.9 -507.2
1981 Liquid -39.5 32.3 122.7 -129.6 -291.9 -511.2
1982 Speed -38.5 33.5 123.6 -133.6 -295.9 -515.2
1984 Empire -37.6 34.5 124.4 -137.6 -299.9 -519.2
1985 SADBOYS -41.6 30.5 120.4 -127.8 -291.2 -508.9
1992 Speed -40.7 31.6 121.8 -131.8 -295.2 -512.9
2001 Speed -39.8 32.9 123.3 -135.8 -299.2 -516.9
2009 Fnatic.eu -38.3 34.6 124.6 -139.8 -303.2 -520.9
2014 Speed -37.1 35.9 125.5 -143.8 -307.2 -524.9
2015 Speed -36.3 36.8 126.7 -147.8 -311.2 -528.9
2019 Na'Vi -34.9 38.2 128.3 -151.8 -315.2 -532.9
2022 Liquid -34.0 39.2 128.9 -155.8 -319.2 -536.9
2023 SADBOYS -33.3 40.1 130.0 -159.8 -323.2 -540.9
2024 SADBOYS -31.9 41.6 130.7 -163.8 -327.2 -544.9
2029 Empire -30.8 42.9 131.4 -167.8 -331.2 -548.9
2032 Liquid -29.9 43.9 132.5 -171.8 -335.2 -552.9
2034 Denial -33.9 39.9 128.5 -161.5 -325.3 -542.5
2035 SADBOYS -32.9 41.0 129.1 -165.5 -329.3 -546.5
2053 SADBOYS -32.1 42.1 129.5 -169.5 -333.3 -550.5
2054 Empire -31.1 43.4 131.1 -173.5 -337.3 -554.5
2055 Na'Vi -30.1 44.6 131.8 -177.5 -341.3 -558.5
2058 Cloud9 -29.2 45.9 132.2 -181.5 -345.3 -562.5
2059 Empire -28.3 46.9 133.3 -185.5 -349.3 -566.5
2061 rox.KIS -32.3 42.9 129.3 -169.9 -334.6 -553.4
2064 Cloud9 -31.3 44.1 130.8 -173.9 -338.6 -557.4
2066 Alliance -30.1 45.3 132.1 -177.9 -342.6 -561.4
2067 Na'Vi -29.3 46.2 133.1 -181.9 -346.6 -565.4
2068 Fnatic.eu -28.3 47.3 134.0 -185.9 -350.6 -569.4
2076 Courage -32.3 43.3 130.0 -173.1 -339.8 -547.3
2080 rox.KIS -36.3 39.3 126.0 -156.8 -323.9 -534.0
2082 rox.KIS -35.3 40.5 127.3 -160.8 -327.9 -538.0
2083 PR -34.4 41.5 128.4 -164.8 -331.9 -542.0
2087 Liquid -33.1 42.9 129.3 -168.8 -335.9 -546.0
2089 SADBOYS -32.2 44.0 130.8 -172.8 -339.9 -550.0
2095 Titan -30.8 45.7 131.4 -176.8 -343.9 -554.0
2097 rox.KIS -29.4 47.3 132.2 -180.8 -347.9 -558.0
2098 Zephyr -28.3 48.4 133.6 -184.8 -351.9 -562.0
2100 PR -26.9 49.9 134.8 -188.8 -355.9 -566.0
2113 TCN -25.3 51.9 135.9 -192.8 -359.9 -570.0
2119 Empire -24.6 52.8 136.4 -196.8 -363.9 -574.0
2121 Relax -23.5 54.1 137.5 -200.8 -367.9 -578.0
2123 rox.KIS -22.6 55.2 138.2 -204.8 -371.9 -582.0
2131 Titan -21.9 56.1 139.3 -208.8 -375.9 -586.0
2133 Next.kz -25.9 52.1 135.3 -192.5 -361.1 -565.9
2138 Liquid -24.9 53.2 136.0 -196.5 -365.1 -569.9
2141 WWD -23.4 54.7 137.8 -200.5 -369.1 -573.9
2147 Na'Vi -22.3 55.9 139.1 -204.5 -373.1 -577.9
2148 PR -26.3 51.9 135.1 -192.5 -363.3 -569.7
2156 Cloud9 -25.3 53.1 135.8 -196.5 -367.3 -573.7
2158 Denial -29.3 49.1 131.8 -186.7 -358.0 -561.7
2159 SADBOYS -28.6 50.0 132.9 -190.7 -362.0 -565.7
2162 Orange -27.7 51.1 134.1 -194.7 -366.0 -569.7
2165 TR -31.7 47.1 130.1 -180.6 -353.4 -550.2
2172 Na'Vi -30.6 48.4 130.9 -184.6 -357.4 -554.2
2175 Liquid -29.7 49.4 132.2 -188.6 -361.4 -558.2
2178 VP -28.4 50.8 133.4 -192.6 -365.4 -562.2
2181 MiT -32.4 46.8 129.4 -180.0 -353.1 -551.0
2185 Scythe -31.1 48.5 129.9 -184.0 -357.1 -555.0
2187 Titan -30.5 49.3 130.9 -188.0 -361.1 -559.0
2188 Everlast -34.5 45.3 126.9 -172.4 -348.6 -548.3
2190 VP -33.3 46.4 128.1 -176.4 -352.6 -552.3
2197 Empire -32.5 47.4 129.4 -180.4 -356.6 -556.3
2200 Alliance -31.2 48.6 130.9 -184.4 -360.6 -560.3
2210 Titan -30.5 49.5 132.0 -188.4 -364.6 -564.3
2213 Arrow -29.8 50.4 133.3 -192.4 -368.6 -568.3
2214 Orange -29.0 51.4 133.8 -196.4 -372.6 -572.3
2216 Alliance -27.5 53.1 135.5 -200.4 -376.6 -576.3
2228 Titan -26.8 53.9 135.9 -204.4 -380.6 -580.3
2229 Scythe -25.3 55.6 136.7 -208.4 -384.6 -584.3
2239 Orange -29.3 51.6 132.7 -196.3 -375.5 -576.5
2241 hehe -33.3 47.6 128.7 -179.0 -360.5 -549.9
2242 PR -37.3 43.6 124.7 -168.8 -351.1 -536.4
2244 EG -35.7 45.6 125.6 -172.8 -355.1 -540.4
2249 Titan -34.6 46.8 127.0 -176.8 -359.1 -544.4
2251 Zephyr -33.3 48.2 128.7 -180.8 -363.1 -548.4
2260 FL -31.8 49.9 129.7 -184.8 -367.1 -552.4
2261 CIS -35.8 45.9 125.7 -165.6 -353.3 -542.2
2273 VG -35.1 46.8 126.9 -169.6 -357.3 -546.2
2275 Orange -34.4 47.5 127.6 -173.6 -361.3 -550.2
2277 FD -33.1 49.0 128.5 -177.6 -365.3 -554.2
2278 MiTH -32.0 50.1 129.9 -181.6 -369.3 -558.2
2279 DUZA -30.5 51.7 131.2 -185.6 -373.3 -562.2
2280 DK -29.9 52.4 132.1 -189.6 -377.3 -566.2
2282 iG -29.2 53.3 132.6 -193.6 -381.3 -570.2
2284 Zephyr -27.9 54.7 133.9 -197.6 -385.3 -574.2
2285 Na'Vi -26.8 55.8 135.1 -201.6 -389.3 -578.2
2292 Na'Vi -25.3 57.2 136.6 -205.6 -393.3 -582.2
2293 Alliance -24.2 58.5 137.5 -209.6 -397.3 -586.2
2295 Arrow -23.2 59.7 138.8 -213.6 -401.3 -590.2
