0 0 0.0 0.0 0.0 0.0 0.0 0.0
18 Na'Vi 0.8 1.1 1.5 -4.0 -4.0 -4.0
19 Empire 2.3 3.0 3.4 -8.0 -8.0 -8.0
23 mouz 3.1 3.9 4.6 -12.0 -12.0 -12.0
26 Empire -0.9 -0.1 0.6 -1.6 -3.5 -4.2
28 Quantic -4.9 -4.1 -3.4 5.0 3.6 2.4
29 GU.pe -8.9 -8.1 -7.4 17.1 13.5 11.9
31 Liquid -7.2 -6.2 -5.3 13.1 9.5 7.9
32 Alliance -6.5 -5.1 -4.1 9.1 5.5 3.9
34 EG -10.5 -9.1 -8.1 17.3 12.4 10.4
40 Fnatic.eu -9.1 -7.1 -6.1 13.3 8.4 6.4
41 Empire -8.0 -5.8 -4.4 9.3 4.4 2.4
43 mouz -6.4 -3.9 -2.5 5.3 0.4 -1.6
44 Quantic -5.0 -2.0 -0.4 1.3 -3.6 -5.6
45 Quantic -3.0 0.4 1.9 -2.7 -7.6 -9.6
48 VP -1.6 2.0 4.0 -6.7 -11.6 -13.6
49 Liquid -0.8 3.2 5.4 -10.7 -15.6 -17.6
50 3DMAX -4.8 -0.8 1.4 14.5 1.9 -2.6
51 Liquid -8.8 -4.8 -2.6 25.6 11.5 5.0
53 VP -12.8 -8.8 -6.6 36.2 20.2 13.1
57 Dignitas -11.1 -6.6 -4.2 32.2 16.2 9.1
58 Na'Vi -9.8 -5.0 -2.5 28.2 12.2 5.1
59 VP -13.8 -9.0 -6.5 39.6 21.1 13.4
60 Na'Vi -12.8 -7.8 -5.1 35.6 17.1 9.4
71 Liquid -11.4 -6.2 -3.2 31.6 13.1 5.4
73 Zenith -10.6 -5.2 -2.1 27.6 9.1 1.4
74 Dignitas -14.6 -9.2 -6.1 34.3 15.2 7.5
75 Fnatic.eu -13.3 -7.7 -4.3 30.3 11.2 3.5
77 VnR.Alpha -10.7 -5.8 -1.6 26.3 7.2 -0.5
80 Liquid -14.7 -9.8 -5.6 33.8 15.1 5.6
81 Neo.int -12.2 -7.8 -3.3 29.8 11.1 1.6
82 Orange -16.2 -11.8 -7.3 37.5 18.7 8.8
89 Liquid -14.7 -10.1 -5.5 33.5 14.7 4.8
93 Na'Vi -13.1 -8.3 -3.5 29.5 10.7 0.8
95 Na'Vi -11.4 -6.4 -1.4 25.5 6.7 -3.2
96 Empire -9.2 -4.1 1.1 21.5 2.7 -7.2
98 Fnatic.eu -13.2 -8.1 -2.9 35.1 13.1 2.8
100 Liquid -11.1 -5.9 -0.5 31.1 9.1 -1.2
104 PtD.Alpha -9.4 -4.0 1.5 27.1 5.1 -5.2
106 Dignitas -7.1 -1.5 4.3 23.1 1.1 -9.2
108 ASF.R5 -5.7 0.2 6.0 19.1 -2.9 -13.2
110 Empire -4.3 1.8 7.6 15.1 -6.9 -17.2
111 Fnatic.eu -2.3 4.3 10.2 11.1 -10.9 -21.2
112 eN.Legs -1.4 5.8 11.7 7.1 -14.9 -25.2
113 Fnatic.eu 0.2 7.5 14.0 3.1 -18.9 -29.2
117 VP 1.5 9.0 15.7 -0.9 -22.9 -33.2
118 mouz -2.5 5.0 11.7 12.5 -11.1 -23.8
119 Fnatic.eu -1.2 6.7 13.6 8.5 -15.1 -27.8
121 eN.Legs 0.3 8.5 15.9 4.5 -19.1 -31.8
123 eLPride 1.5 10.0 17.6 0.5 -23.1 -35.8
124 VP 2.5 11.3 19.1 -3.5 -27.1 -39.8
126 rox.KIS -1.5 7.3 15.1 3.7 -20.0 -33.8
128 ASF.R5 -5.5 3.3 11.1 13.6 -11.4 -26.4
130 Alliance -9.5 -0.7 7.1 23.3 -3.3 -18.7
132 Alliance -13.5 -4.7 3.1 31.9 3.4 -12.2
135 Fnatic.eu -12.2 -3.2 4.8 27.9 -0.6 -16.2
136 Alliance -11.3 -2.1 6.1 23.9 -4.6 -20.2
138 TCM -15.3 -6.1 2.1 36.5 6.7 -10.6
143 Na'Vi -14.2 -4.7 3.7 32.5 2.7 -14.6
151 EG -18.2 -8.7 -0.3 42.0 11.0 -6.6
153 Liquid -22.2 -12.7 -4.3 48.8 18.5 1.0
154 VP -19.7 -10.3 -1.9 44.8 14.5 -3.0
155 iG -17.7 -8.0 0.6 40.8 10.5 -7.0
157 Fnatic.eu -15.4 -5.7 2.9 36.8 6.5 -11.0
159 VP -19.4 -9.7 -1.1 44.8 13.6 -5.0
162 rox.KIS -17.5 -7.8 0.9 40.8 9.6 -9.0
164 Dignitas -16.3 -6.3 2.6 36.8 5.6 -13.0
165 eN.Legs -14.5 -4.4 4.9 32.8 1.6 -17.0
166 Fnatic.eu -12.5 -2.3 7.2 28.8 -2.4 -21.0
167 LGD.int -11.6 -1.3 8.5 24.8 -6.4 -25.0
171 LGD.int -10.7 -0.3 9.7 20.8 -10.4 -29.0
172 Liquid -9.1 1.3 11.4 16.8 -14.4 -33.0
173 VP -7.1 3.6 13.9 12.8 -18.4 -37.0
175 Na'Vi -6.1 4.8 15.5 8.8 -22.4 -41.0
177 QPandas -10.1 0.8 11.5 22.1 -11.3 -31.6
179 Liquid -14.1 -3.2 7.5 31.9 -2.5 -23.5
180 Empire -18.1 -7.2 3.5 44.2 7.1 -15.2
181 iCCup -22.1 -11.2 -0.5 59.8 18.4 -5.3
183 Fnatic.eu -26.1 -15.2 -4.5 67.3 24.9 1.0
185 LGD.int -24.8 -13.7 -2.8 63.3 20.9 -3.0
186 Alliance -23.1 -11.8 -0.8 59.3 16.9 -7.0
187 VP -27.1 -15.8 -4.8 66.3 23.4 -1.1
189 Dignitas -31.1 -19.8 -8.8 73.0 29.7 4.7
194 Alliance -29.4 -17.9 -6.8 69.0 25.7 0.7
195 Dignitas -33.4 -21.9 -10.8 74.6 32.0 8.4
196 Orange -37.4 -25.9 -14.8 83.8 40.6 16.5
198 iG -36.1 -24.3 -12.9 79.8 36.6 12.5
206 LGD.cn -34.3 -22.5 -11.0 75.8 32.6 8.5
207 Alliance -32.5 -20.5 -8.7 71.8 28.6 4.5
208 iG -31.5 -19.2 -7.1 67.8 24.6 0.5
209 Liquid -29.9 -17.3 -4.9 63.8 20.6 -3.5
212 Dignitas -33.9 -21.3 -8.9 69.9 26.8 2.5
213 DK -37.9 -25.3 -12.9 78.8 35.7 11.0
215 Liquid -35.6 -22.8 -10.4 74.8 31.7 7.0
216 Liquid -39.6 -26.8 -14.4 82.2 38.5 13.7
218 Fnatic.eu -37.4 -24.7 -12.2 78.2 34.5 9.7
219 Dignitas -35.7 -22.9 -10.2 74.2 30.5 5.7
220 Fnatic.eu -34.0 -21.1 -8.2 70.2 26.5 1.7
221 Alliance -32.4 -19.3 -6.2 66.2 22.5 -2.3
224 mouz -36.4 -23.3 -10.2 75.5 31.6 5.9
226 Alliance -35.6 -22.2 -8.8 71.5 27.6 1.9
227 Kaipi -39.6 -26.2 -12.8 80.6 35.8 9.0
229 Liquid -43.6 -30.2 -16.8 90.8 44.6 16.9
230 VP -41.4 -27.7 -14.1 86.8 40.6 12.9
231 Na'Vi -39.9 -26.1 -12.3 82.8 36.6 8.9
233 mouz -38.3 -24.4 -10.4 78.8 32.6 4.9
234 rox.KIS -36.8 -22.7 -8.6 74.8 28.6 0.9
235 aL -35.7 -21.4 -7.1 70.8 24.6 -3.1
236 mouz -39.7 -25.4 -11.1 86.5 37.0 7.0
237 Na'Vi -38.0 -23.6 -9.2 82.5 33.0 3.0
239 Na'Vi -36.6 -22.0 -7.4 78.5 29.0 -1.0
240 Na'Vi -35.7 -20.9 -6.1 74.5 25.0 -5.0
242 EG -39.7 -24.9 -10.1 82.9 33.1 2.7
244 Alliance -37.8 -22.7 -7.4 78.9 29.1 -1.3
246 Na'Vi -36.8 -21.7 -6.1 74.9 25.1 -5.3
248 Liquid -35.2 -20.0 -4.3 70.9 21.1 -9.3
250 Alliance -39.2 -24.0 -8.3 78.1 28.4 -2.6
251 Alliance -37.7 -22.3 -6.5 74.1 24.4 -6.6
253 Liquid -41.7 -26.3 -10.5 90.8 38.2 4.8
254 EG -45.7 -30.3 -14.5 98.6 45.5 11.3
255 Na'Vi -44.0 -28.4 -12.3 94.6 41.5 7.3
256 Alliance -42.4 -26.5 -10.3 90.6 37.5 3.3
258 Alliance -40.9 -24.8 -8.4 86.6 33.5 -0.7
260 Alliance -39.3 -23.0 -6.5 82.6 29.5 -4.7
261 Liquid -37.0 -20.4 -3.8 78.6 25.5 -8.7
268 Na'Vi -36.0 -19.2 -2.3 74.6 21.5 -12.7
270 Liquid -34.5 -17.5 -0.4 70.6 17.5 -16.7
271 Na'Vi -33.4 -16.1 1.2 66.6 13.5 -20.7
273 mouz -32.0 -14.7 2.8 62.6 9.5 -24.7
274 Liquid -30.6 -13.0 4.7 58.6 5.5 -28.7
275 EG -34.6 -17.0 0.7 77.9 22.4 -14.5
276 Alliance -33.6 -15.8 2.0 73.9 18.4 -18.5
277 Na'Vi -31.9 -13.8 4.4 69.9 14.4 -22.5
279 Dignitas -30.5 -12.1 6.4 65.9 10.4 -26.5
280 Zenith -29.4 -10.8 8.0 61.9 6.4 -30.5
281 EG -33.4 -14.8 4.0 70.0 13.4 -24.3
282 Alliance -32.5 -13.7 5.4 66.0 9.4 -28.3
283 VG -36.5 -17.7 1.4 81.1 22.0 -18.2
284 Liquid -34.4 -15.3 4.0 77.1 18.0 -22.2
286 Dignitas -32.9 -13.7 5.7 73.1 14.0 -26.2
289 Dignitas -31.0 -11.4 8.1 69.1 10.0 -30.2
290 Na'Vi -28.8 -9.1 10.6 65.1 6.0 -34.2
291 Alliance -27.4 -7.5 12.5 61.1 2.0 -38.2
292 rox.KIS -31.4 -11.5 8.5 69.5 9.4 -31.4
293 aL -35.4 -15.5 4.5 83.4 22.2 -20.4
294 Alliance -34.4 -14.3 6.0 79.4 18.2 -24.4
297 rox.KIS -32.9 -12.5 8.0 75.4 14.2 -28.4
298 Zenith -31.0 -10.5 10.2 71.4 10.2 -32.4
299 rox.KIS -29.0 -8.4 12.4 67.4 6.2 -36.4
300 mouz -27.8 -7.0 14.1 63.4 2.2 -40.4
301 EG -26.7 -5.6 15.7 59.4 -1.8 -44.4
302 EG -24.8 -3.4 18.2 55.4 -5.8 -48.4
304 VG -24.0 -2.5 19.4 51.4 -9.8 -52.4
305 mouz -22.0 -0.3 21.8 47.4 -13.8 -56.4
306 LGD.cn -21.2 0.6 22.9 43.4 -17.8 -60.4
307 rox.KIS -25.2 -3.4 18.9 51.7 -11.2 -54.7
310 iG -24.3 -2.2 20.5 47.7 -15.2 -58.7
313 mouz -28.3 -6.2 16.5 54.2 -8.9 -52.8
314 VP -26.9 -4.6 18.3 50.2 -12.9 -56.8
315 Liquid -25.2 -2.8 20.2 46.2 -16.9 -60.8
316 LGD.cn -24.6 -2.0 21.3 42.2 -20.9 -64.8
317 FD -28.6 -6.0 17.3 55.0 -10.9 -56.3
319 Na'Vi -27.5 -4.8 18.7 51.0 -14.9 -60.3
321 mouz -26.6 -3.8 20.0 47.0 -18.9 -64.3
322 RS -25.1 -2.0 22.1 43.0 -22.9 -68.3
324 QPandas -29.1 -6.0 18.1 56.5 -11.4 -58.7
326 PR -33.1 -10.0 14.1 66.6 -2.0 -50.1
327 rox.KIS -37.1 -14.0 10.1 76.6 6.7 -42.2
330 TongFu -41.1 -18.0 6.1 96.2 22.4 -31.0
331 EG -45.1 -22.0 2.1 104.9 30.6 -23.4
333 VG -43.7 -20.3 4.1 100.9 26.6 -27.4
334 VP -42.3 -18.5 6.2 96.9 22.6 -31.4
337 TongFu -41.4 -17.3 7.8 92.9 18.6 -35.4
338 Na'Vi -40.5 -16.2 9.2 88.9 14.6 -39.4
340 mouz -39.7 -15.3 10.3 84.9 10.6 -43.4
344 LGD.cn -43.7 -19.3 6.3 95.5 20.4 -34.7
345 LGD.cn -41.9 -17.5 8.2 91.5 16.4 -38.7
346 Alliance -40.8 -16.3 9.6 87.5 12.4 -42.7
347 Orange -44.8 -20.3 5.6 95.8 18.8 -36.9
348 Na'Vi -43.4 -18.6 7.4 91.8 14.8 -40.9
351 Alliance -41.4 -16.4 9.7 87.8 10.8 -44.9
352 LGD.cn -40.3 -15.1 11.2 83.8 6.8 -48.9
353 iG -38.6 -13.2 13.3 79.8 2.8 -52.9
355 DK -42.6 -17.2 9.3 88.7 12.5 -43.8
356 Liquid -46.6 -21.2 5.3 102.8 24.4 -34.0
357 LGD.cn -44.9 -19.4 7.2 98.8 20.4 -38.0
358 Alliance -42.9 -17.3 9.4 94.8 16.4 -42.0
360 mouz -41.1 -15.4 11.6 90.8 12.4 -46.0
362 LGD.cn -39.7 -14.1 13.1 86.8 8.4 -50.0
363 Alliance -37.6 -12.0 15.2 82.8 4.4 -54.0
364 Zenith -36.5 -10.7 16.7 78.8 0.4 -58.0
365 rox.KIS -40.5 -14.7 12.7 87.1 7.7 -51.7
366 Dignitas -44.5 -18.7 8.7 95.8 16.6 -43.6
368 mouz -43.1 -17.1 10.6 91.8 12.6 -47.6
369 iCCup -47.1 -21.1 6.6 102.7 23.0 -38.0
372 Quantic -51.1 -25.1 2.6 111.2 30.9 -31.2
373 Na'Vi -50.3 -24.2 3.6 107.2 26.9 -35.2
375 VG -48.6 -22.2 5.7 103.2 22.9 -39.2
376 LGD.cn -47.8 -21.2 6.9 99.2 18.9 -43.2
377 LGD.cn -46.6 -20.1 8.2 95.2 14.9 -47.2
378 VP -45.1 -18.5 10.0 91.2 10.9 -51.2
379 Na'Vi -44.2 -17.4 11.3 87.2 6.9 -55.2
382 Fnatic.eu -48.2 -21.4 7.3 95.6 14.0 -48.8
383 RS -52.2 -25.4 3.3 104.9 23.2 -40.1
384 Alliance -51.2 -24.1 4.9 100.9 19.2 -44.1
387 LGD.cn -50.0 -22.7 6.5 96.9 15.2 -48.1
388 Dignitas -49.0 -21.5 8.3 92.9 11.2 -52.1
389 iG -48.1 -20.5 9.6 88.9 7.2 -56.1
390 Na'Vi -46.7 -18.9 11.4 84.9 3.2 -60.1
392 Alliance -45.6 -17.6 12.9 80.9 -0.8 -64.1
393 Kaipi -49.6 -21.6 8.9 90.1 9.1 -55.6
394 MX -47.4 -19.2 11.6 86.1 5.1 -59.6
396 Liquid -46.8 -18.5 12.6 82.1 1.1 -63.6
397 rox.KIS -44.3 -16.4 14.8 78.1 -2.9 -67.6
398 Alliance -43.6 -15.6 15.8 74.1 -6.9 -71.6
399 VP -47.6 -19.6 11.8 82.5 1.1 -63.9
402 DK -51.6 -23.6 7.8 88.6 8.4 -56.8
403 RStars -55.6 -27.6 3.8 100.0 19.0 -47.8
404 MiTH -53.9 -25.7 5.9 96.0 15.0 -51.8
407 PR -52.1 -23.4 8.7 92.0 11.0 -55.8
408 TM -50.4 -21.5 10.9 88.0 7.0 -59.8
409 Orange -49.3 -20.1 12.6 84.0 3.0 -63.8
410 Alliance -48.6 -19.2 13.7 80.0 -1.0 -67.8
412 mouz -46.7 -17.1 16.0 76.0 -5.0 -71.8
414 Alliance -45.8 -16.0 17.4 72.0 -9.0 -75.8
416 4FC -49.8 -20.0 13.4 90.5 7.5 -61.9
417 mouz -53.8 -24.0 9.4 104.4 19.4 -51.9
418 VP -52.0 -22.2 11.5 100.4 15.4 -55.9
421 Na'Vi -50.5 -20.6 13.3 96.4 11.4 -59.9
424 Kaipi -54.5 -24.6 9.3 107.2 22.2 -50.1
425 mouz -52.6 -22.5 11.6 103.2 18.2 -54.1
426 Artyk -50.7 -20.1 14.4 99.2 14.2 -58.1
427 rox.KIS -49.4 -18.7 16.0 95.2 10.2 -62.1
428 Kaipi -47.8 -16.7 18.4 91.2 6.2 -66.1
429 Liquid -45.2 -14.2 21.0 87.2 2.2 -70.1
430 rox.KIS -44.0 -12.9 22.4 83.2 -1.8 -74.1
431 Quantic -43.0 -11.6 24.0 79.2 -5.8 -78.1
432 Kaipi -41.4 -10.2 25.6 75.2 -9.8 -82.1
433 DK -40.2 -8.8 27.3 71.2 -13.8 -86.1
437 Quantic -39.2 -7.8 28.6 67.2 -17.8 -90.1
438 Na'Vi -37.2 -5.9 30.6 63.2 -21.8 -94.1
439 Artyk -36.3 -4.9 32.1 59.2 -25.8 -98.1
440 Orange -34.3 -2.4 34.8 55.2 -29.8 -102.1
441 Na'Vi -33.4 -1.4 36.0 51.2 -33.8 -106.1
442 Kaipi -31.3 0.5 38.0 47.2 -37.8 -110.1
443 Kaipi -35.3 -3.5 34.0 59.9 -24.4 -98.2
444 Artyk -39.3 -7.5 30.0 70.8 -14.2 -88.9
445 TM -38.2 -6.1 31.6 66.8 -18.2 -92.9
446 Orange -37.3 -5.1 32.8 62.8 -22.2 -96.9
447 DK -36.1 -3.8 34.4 58.8 -26.2 -100.9
448 VP -40.1 -7.8 30.4 69.9 -16.5 -92.5
449 VP -38.6 -5.9 32.6 65.9 -20.5 -96.5
451 Kaipi -37.7 -4.9 33.8 61.9 -24.5 -100.5
452 EG -36.1 -3.1 35.8 57.9 -28.5 -104.5
453 Fnatic.eu -40.1 -7.1 31.8 71.0 -17.3 -95.5
457 Alliance -38.3 -5.1 33.9 67.0 -21.3 -99.5
459 Alliance -36.7 -3.3 35.9 63.0 -25.3 -103.5
461 Alliance -35.9 -2.4 37.1 59.0 -29.3 -107.5
464 Fnatic.eu -34.4 -0.9 38.7 55.0 -33.3 -111.5
465 Alliance -33.0 0.5 40.3 51.0 -37.3 -115.5
466 iCCup -31.1 2.5 42.6 47.0 -41.3 -119.5
467 Na'Vi -29.3 4.6 44.9 43.0 -45.3 -123.5
468 Quantic -27.8 6.1 46.6 39.0 -49.3 -127.5
469 Alliance -26.2 7.7 48.4 35.0 -53.3 -131.5
471 4FC -30.2 3.7 44.4 48.2 -40.6 -120.6
475 Na'Vi -29.2 4.7 45.6 44.2 -44.6 -124.6
476 Na'Vi -27.7 6.3 47.4 40.2 -48.6 -128.6
479 4FC -26.6 7.5 48.9 36.2 -52.6 -132.6
480 Orange -25.6 8.7 50.4 32.2 -56.6 -136.6
481 TM -24.3 10.4 52.4 28.2 -60.6 -140.6
482 Smeagol -22.5 12.7 54.8 24.2 -64.6 -144.6
483 paiN -26.5 8.7 50.8 32.8 -56.1 -137.5
484 Empire -30.5 4.7 46.8 49.5 -40.9 -125.6
486 Na'Vi -29.3 5.9 48.1 45.5 -44.9 -129.6
487 Kaipi -27.1 8.5 51.0 41.5 -48.9 -133.6
488 Fnatic.eu -31.1 4.5 47.0 59.2 -34.1 -122.0
489 LGD.int -29.5 6.1 48.9 55.2 -38.1 -126.0
491 TM -28.2 7.8 50.8 51.2 -42.1 -130.0
492 iCCup -26.9 9.4 52.6 47.2 -46.1 -134.0
493 iCCup -25.9 10.6 54.0 43.2 -50.1 -138.0
494 zRage -29.9 6.6 50.0 63.7 -31.9 -122.3
495 Artyk -28.7 8.2 52.0 59.7 -35.9 -126.3
496 TongFu -26.7 10.6 54.6 55.7 -39.9 -130.3
498 mouz -25.5 11.9 56.2 51.7 -43.9 -134.3
499 Liquid -24.3 13.3 57.6 47.7 -47.9 -138.3
500 Liquid -28.3 9.3 53.6 53.9 -40.9 -131.6
501 eLPride -32.3 5.3 49.6 59.5 -34.5 -125.1
502 VP -31.6 6.1 50.6 55.5 -38.5 -129.1
503 Dignitas -30.8 7.1 51.9 51.5 -42.5 -133.1
504 VP -29.1 8.9 54.0 47.5 -46.5 -137.1
505 Na'Vi -28.6 9.5 54.8 43.5 -50.5 -141.1
506 EG -27.8 10.4 56.0 39.5 -54.5 -145.1
507 Na'Vi -26.9 11.4 57.3 35.5 -58.5 -149.1
508 Na'Vi -26.4 12.0 58.0 31.5 -62.5 -153.1
511 Alliance -24.3 14.3 60.5 27.5 -66.5 -157.1
512 Quantic -28.3 10.3 56.5 45.2 -51.3 -143.2
513 EG -32.3 6.3 52.5 58.5 -39.9 -133.0
514 Dignitas -36.3 2.3 48.5 80.4 -21.3 -117.0
515 Alliance -34.8 4.2 50.7 76.4 -25.3 -121.0
517 Alliance -33.3 6.0 52.8 72.4 -29.3 -125.0
518 Alliance -31.3 8.4 55.4 68.4 -33.3 -129.0
519 FSid3 -29.3 10.8 58.1 64.4 -37.3 -133.0
520 Quantic -28.2 12.1 59.7 60.4 -41.3 -137.0
521 LGD.int -32.2 8.1 55.7 70.3 -33.0 -129.6
522 Na'Vi -31.0 9.5 57.3 66.3 -37.0 -133.6
523 Na'Vi -29.3 11.3 59.3 62.3 -41.0 -137.6
524 Na'Vi -28.0 12.7 60.9 58.3 -45.0 -141.6
525 LGD.cn -26.1 14.7 63.2 54.3 -49.0 -145.6
527 Na'Vi -25.1 15.8 64.6 50.3 -53.0 -149.6
528 Liquid -24.2 16.9 65.9 46.3 -57.0 -153.6
529 EG -23.5 17.7 66.8 42.3 -61.0 -157.6
531 Na'Vi -22.6 18.7 68.0 38.3 -65.0 -161.6
532 Empire -21.6 19.7 69.2 34.3 -69.0 -165.6
533 rox.KIS -20.5 20.7 70.2 30.3 -73.0 -169.6
536 Liquid -19.8 21.5 71.2 26.3 -77.0 -173.6
537 Liquid -19.2 22.2 72.1 22.3 -81.0 -177.6
538 Alliance -18.4 23.0 73.1 18.3 -85.0 -181.6
540 EG -15.8 25.5 75.7 14.3 -89.0 -185.6
541 VP -14.8 26.8 77.1 10.3 -93.0 -189.6
542 Alliance -13.3 28.4 78.9 6.3 -97.0 -193.6
543 VP -10.7 30.7 81.5 2.3 -101.0 -197.6
544 EG -14.7 26.7 77.5 12.5 -91.3 -188.5
545 Alliance -13.2 28.6 79.7 8.5 -95.3 -192.5
546 Orange -10.7 30.7 81.8 4.5 -99.3 -196.5
547 iG -8.8 32.5 83.7 0.5 -103.3 -200.5
549 Fnatic.eu -12.8 28.5 79.7 13.0 -92.3 -191.2
550 Kaipi -16.8 24.5 75.7 23.2 -81.8 -181.5
551 Kaipi -20.8 20.5 71.7 33.3 -70.9 -170.8
553 TongFu -24.8 16.5 67.7 49.1 -56.0 -158.0
557 Liquid -28.8 12.5 63.7 59.6 -47.0 -149.9
558 rox.KIS -27.1 14.3 65.7 55.6 -51.0 -153.9
562 TongFu -25.4 16.1 67.6 51.6 -55.0 -157.9
564 EG -29.4 12.1 63.6 58.5 -48.4 -151.8
571 DK -33.4 8.1 59.6 65.9 -41.3 -145.0
573 VP -37.4 4.1 55.6 78.3 -31.1 -136.3
574 Fnatic.eu -41.4 0.1 51.6 90.2 -20.7 -127.5
576 iCCup -45.4 -3.9 47.6 102.6 -10.8 -119.0
577 rox.KIS -43.4 -1.8 50.1 98.6 -14.8 -123.0
580 VP -42.4 -0.6 51.5 94.6 -18.8 -127.0
584 Alliance -40.4 1.9 54.2 90.6 -22.8 -131.0
585 VP -38.9 3.7 56.1 86.6 -26.8 -135.0
587 Alliance -37.5 5.0 57.5 82.6 -30.8 -139.0
588 Zenith -41.5 1.0 53.5 90.0 -23.2 -132.1
589 Alliance -39.5 3.1 55.9 86.0 -27.2 -136.1
590 Na'Vi -37.6 4.9 57.8 82.0 -31.2 -140.1
592 Fnatic.eu -35.8 6.9 59.9 78.0 -35.2 -144.1
593 Quantic -33.3 9.4 62.5 74.0 -39.2 -148.1
595 Alliance -31.7 11.1 64.4 70.0 -43.2 -152.1
597 Alliance -29.9 13.0 66.4 66.0 -47.2 -156.1
598 LGD.cn -28.4 14.7 68.3 62.0 -51.2 -160.1
600 mouz -32.4 10.7 64.3 74.4 -39.4 -149.6
602 Alliance -30.8 12.5 66.2 70.4 -43.4 -153.6
604 Orange -29.7 13.7 67.7 66.4 -47.4 -157.6
605 LGD.int -27.9 15.4 69.6 62.4 -51.4 -161.6
607 Kaipi -31.9 11.4 65.6 71.3 -42.8 -154.0
608 Alliance -30.6 12.9 67.3 67.3 -46.8 -158.0
611 Denial -28.6 15.3 70.0 63.3 -50.8 -162.0
615 Orange -27.3 16.7 71.6 59.3 -54.8 -166.0
616 TongFu -25.5 18.9 74.2 55.3 -58.8 -170.0
617 VP -24.1 20.5 76.0 51.3 -62.8 -174.0
618 Alliance -22.9 21.9 77.6 47.3 -66.8 -178.0
621 iCCup -26.9 17.9 73.6 60.9 -53.7 -167.5
622 Fnatic.eu -24.6 20.0 75.7 56.9 -57.7 -171.5
623 Alliance -23.0 21.8 77.7 52.9 -61.7 -175.5
624 Liquid -21.5 23.5 79.6 48.9 -65.7 -179.5
626 iCCup -25.5 19.5 75.6 59.7 -56.2 -171.3
627 EG -23.7 21.2 77.5 55.7 -60.2 -175.3
628 EG -22.8 22.2 78.7 51.7 -64.2 -179.3
629 LGD.cn -26.8 18.2 74.7 58.6 -56.9 -172.5
630 iG -24.8 20.3 77.0 54.6 -60.9 -176.5
631 Alliance -23.9 21.5 78.5 50.6 -64.9 -180.5
632 mouz -22.4 23.2 80.4 46.6 -68.9 -184.5
635 Dignitas -21.0 24.7 82.2 42.6 -72.9 -188.5
636 EG -20.3 25.6 83.3 38.6 -76.9 -192.5
641 mouz -18.2 28.2 86.1 34.6 -80.9 -196.5
642 Alliance -17.2 29.4 87.6 30.6 -84.9 -200.5
643 iG -14.9 31.5 89.9 26.6 -88.9 -204.5
644 rox.KIS -18.9 27.5 85.9 37.4 -78.8 -195.7
645 VP -22.9 23.5 81.9 45.9 -70.5 -188.2
646 Fnatic.eu -20.5 25.6 84.1 41.9 -74.5 -192.2
648 VP -18.8 27.7 86.5 37.9 -78.5 -196.2
651 Denial -22.8 23.7 82.5 55.9 -63.1 -184.2
653 VG -26.8 19.7 78.5 70.9 -50.0 -173.4
654 DK -24.8 22.3 81.7 66.9 -54.0 -177.4
656 Na'Vi -23.7 23.5 83.2 62.9 -58.0 -181.4
657 mouz -22.1 25.4 85.3 58.9 -62.0 -185.4
658 mouz -26.1 21.4 81.3 70.4 -51.9 -175.6
659 Na'Vi -24.5 23.0 83.0 66.4 -55.9 -179.6
660 RS -28.5 19.0 79.0 78.9 -44.6 -170.0
662 DK -26.8 20.9 81.2 74.9 -48.6 -174.0
664 RStars -30.8 16.9 77.2 91.0 -35.2 -162.8
667 DK -29.0 18.8 79.4 87.0 -39.2 -166.8
668 mouz -28.2 19.8 80.7 83.0 -43.2 -170.8
670 EG -27.2 20.9 82.1 79.0 -47.2 -174.8
671 Fnatic.eu -26.3 21.9 83.3 75.0 -51.2 -178.8
672 Orange -24.7 23.6 85.2 71.0 -55.2 -182.8
674 mouz -24.0 24.5 86.3 67.0 -59.2 -186.8
675 EG -28.0 20.5 82.3 73.4 -53.0 -180.9
676 LGD.cn -26.2 22.4 84.5 69.4 -57.0 -184.9
677 mouz -24.2 24.4 86.5 65.4 -61.0 -188.9
678 Kaipi -28.2 20.4 82.5 84.1 -44.5 -175.3
679 Fnatic.eu -32.2 16.4 78.5 93.8 -35.9 -167.5
680 Liquid -36.2 12.4 74.5 100.4 -29.2 -161.8
686 VP -34.4 14.3 76.6 96.4 -33.2 -165.8
688 VP -32.4 16.4 79.0 92.4 -37.2 -169.8
690 EG -30.5 18.8 81.6 88.4 -41.2 -173.8
691 Liquid -28.3 21.2 84.2 84.4 -45.2 -177.8
692 Na'Vi -26.7 22.8 86.0 80.4 -49.2 -181.8
693 Alliance -25.1 24.5 87.9 76.4 -53.2 -185.8
695 Alliance -23.1 26.7 90.3 72.4 -57.2 -189.8
696 Fnatic.eu -21.5 28.3 92.1 68.4 -61.2 -193.8
697 Kaipi -19.9 29.9 93.9 64.4 -65.2 -197.8
699 Alliance -18.8 31.2 95.4 60.4 -69.2 -201.8
700 Orange -17.4 32.6 97.1 56.4 -73.2 -205.8
702 Na'Vi -16.5 33.6 98.3 52.4 -77.2 -209.8
703 mouz -15.6 34.6 99.6 48.4 -81.2 -213.8
704 EG -19.6 30.6 95.6 56.4 -74.2 -207.5
707 Orange -17.7 32.5 97.7 52.4 -78.2 -211.5
708 iCCup -21.7 28.5 93.7 62.3 -69.3 -203.5
712 Na'Vi -20.8 29.6 95.0 58.3 -73.3 -207.5
713 MiTH -19.1 31.5 97.2 54.3 -77.3 -211.5
715 mouz -17.6 33.2 99.1 50.3 -81.3 -215.5
716 mouz -15.5 35.6 101.8 46.3 -85.3 -219.5
718 Dreamz -14.4 36.8 103.3 42.3 -89.3 -223.5
719 Mski -12.3 38.6 105.2 38.3 -93.3 -227.5
720 MiTH -10.5 40.4 107.2 34.3 -97.3 -231.5
721 Mski -14.5 36.4 103.2 43.7 -87.2 -222.3
722 iCCup -12.6 38.4 105.5 39.7 -91.2 -226.3
723 Kaipi -11.7 39.4 106.7 35.7 -95.2 -230.3
725 Romania -10.0 41.4 109.0 31.7 -99.2 -234.3
726 RS -14.0 37.4 105.0 38.6 -92.2 -228.0
727 Fnatic.eu -18.0 33.4 101.0 55.4 -77.7 -216.5
729 DK -17.0 34.9 102.8 51.4 -81.7 -220.5
730 LGD.cn -16.2 35.9 103.9 47.4 -85.7 -224.5
731 iG -14.6 37.8 106.0 43.4 -89.7 -228.5
732 Alliance -13.5 39.1 107.6 39.4 -93.7 -232.5
737 Na'Vi -11.3 41.5 110.2 35.4 -97.7 -236.5
741 TongFu -9.8 43.3 112.7 31.4 -101.7 -240.5
745 Dignitas -13.8 39.3 108.7 52.9 -87.2 -228.8
746 DK -13.1 40.2 109.7 48.9 -91.2 -232.8
748 Na'Vi -11.9 41.5 111.3 44.9 -95.2 -236.8
749 Liquid -15.9 37.5 107.3 57.4 -85.2 -226.9
751 Alliance -15.1 38.6 108.7 53.4 -89.2 -230.9
754 Na'Vi -14.4 39.4 109.6 49.4 -93.2 -234.9
757 Alliance -12.8 40.9 111.1 45.4 -97.2 -238.9
758 iG -11.3 42.7 112.9 41.4 -101.2 -242.9
759 Orange -9.7 44.5 114.9 37.4 -105.2 -246.9
761 Fnatic.eu -9.0 45.3 115.8 33.4 -109.2 -250.9
762 Na'Vi -6.9 47.3 118.0 29.4 -113.2 -254.9
766 Alliance -6.0 48.3 119.1 25.4 -117.2 -258.9
767 LGD.int -10.0 44.3 115.1 41.4 -103.3 -247.0
769 mouz -9.1 45.3 116.3 37.4 -107.3 -251.0
770 LGD.cn -7.5 47.0 118.1 33.4 -111.3 -255.0
771 Na'Vi -6.3 48.3 119.5 29.4 -115.3 -259.0
773 Alliance -5.6 49.1 120.4 25.4 -119.3 -263.0
774 TongFu -9.6 45.1 116.4 32.0 -113.1 -257.3
776 Orange -8.3 46.5 118.0 28.0 -117.1 -261.3
778 DK -6.9 48.3 120.0 24.0 -121.1 -265.3
779 Zenith -6.0 49.3 121.2 20.0 -125.1 -269.3
781 Alliance -5.1 50.3 122.3 16.0 -129.1 -273.3
783 TongFu -4.2 51.2 123.3 12.0 -133.1 -277.3
785 LGD.cn -2.2 53.5 125.8 8.0 -137.1 -281.3
786 Na'Vi -1.2 54.6 127.1 4.0 -141.1 -285.3
788 Dignitas 1.2 57.0 129.7 9.23705556488e-14 -145.1 -289.3
791 Orange 2.9 58.9 131.7 -4.0 -149.1 -293.3
792 Fnatic.eu 5.5 61.4 134.4 -8.0 -153.1 -297.3
793 Alliance 6.7 62.7 136.0 -12.0 -157.1 -301.3
795 Liquid 7.6 63.7 137.2 -16.0 -161.1 -305.3
796 Zenith 9.5 65.7 139.5 -20.0 -165.1 -309.3
797 Liquid 5.5 61.7 135.5 -6.2 -153.7 -299.7
798 iG 7.4 63.7 137.7 -10.2 -157.7 -303.7
799 Alliance 8.5 64.9 139.2 -14.2 -161.7 -307.7
800 Na'Vi 9.9 66.3 140.7 -18.2 -165.7 -311.7
802 iG 12.0 68.6 143.3 -22.2 -169.7 -315.7
803 Orange 8.0 64.6 139.3 -10.3 -160.1 -307.5
806 Orange 4.0 60.6 135.3 -3.2 -153.9 -301.8
807 Na'Vi 5.6 62.3 137.2 -7.2 -157.9 -305.8
811 RStars 6.8 63.8 139.0 -11.2 -161.9 -309.8
812 Empire 7.8 65.0 140.6 -15.2 -165.9 -313.8
813 Empire 8.7 65.9 141.8 -19.2 -169.9 -317.8
814 Kaipi 10.2 67.7 143.9 -23.2 -173.9 -321.8
815 TTD 11.5 69.1 145.6 -27.2 -177.9 -325.8
816 Kaipi 12.8 70.5 147.1 -31.2 -181.9 -329.8
817 Lounge 14.8 72.5 149.4 -35.2 -185.9 -333.8
818 FD 16.0 73.7 150.9 -39.2 -189.9 -337.8
820 4FC 16.7 74.5 151.9 -43.2 -193.9 -341.8
821 4++ 12.7 70.5 147.9 -28.9 -178.7 -329.9
822 MiTH 13.7 71.8 149.4 -32.9 -182.7 -333.9
823 GL.eu 15.1 73.4 151.3 -36.9 -186.7 -337.9
825 WARDGS 16.8 75.1 153.3 -40.9 -190.7 -341.9
826 EVOPLAY 18.5 76.6 155.2 -44.9 -194.7 -345.9
827 TS 14.5 72.6 151.2 -39.8 -187.8 -339.4
828 EVOPLAY 16.4 74.5 153.3 -43.8 -191.8 -343.4
829 TLP 12.4 70.5 149.3 -29.9 -179.9 -334.0
830 DUZA 8.4 66.5 145.3 -22.2 -172.3 -326.6
831 Awake 10.3 68.4 147.3 -26.2 -176.3 -330.6
832 CDCD 6.3 64.4 143.3 -3.0 -157.9 -314.8
833 Menace 2.3 60.4 139.3 9.9 -146.8 -305.8
836 Poseidon 4.1 62.5 141.7 5.9 -150.8 -309.8
838 Kaipi 5.7 64.3 144.0 1.9 -154.8 -313.8
841 VP 6.7 65.4 145.4 -2.1 -158.8 -317.8
842 Menace 2.7 61.4 141.4 7.3 -149.8 -309.1
843 Empire 4.6 63.1 143.2 3.3 -153.8 -313.1
844 Kaipi 5.9 64.4 144.8 -0.7 -157.8 -317.1
845 DUZA 1.9 60.4 140.8 8.4 -149.3 -309.5
848 DUZA -2.1 56.4 136.8 15.3 -142.8 -303.7
851 VP -1.1 57.6 138.3 11.3 -146.8 -307.7
855 Imp 1.1 59.9 140.8 7.3 -150.8 -311.7
856 Empire 2.6 61.4 142.5 3.3 -154.8 -315.7
857 Next.kz 4.4 63.2 144.4 -0.7 -158.8 -319.7
858 FSid3 6.3 65.2 146.8 -4.7 -162.8 -323.7
859 FSid3 2.3 61.2 142.8 5.1 -152.1 -313.9
860 Bambang -1.7 57.2 138.8 12.7 -143.9 -306.5
861 Aspera 0.6 59.2 140.9 8.7 -147.9 -310.5
862 rox.KIS 2.1 60.5 142.4 4.7 -151.9 -314.5
864 Poseidon 3.2 61.8 143.9 0.7 -155.9 -318.5
865 Mski 4.2 62.9 145.3 -3.3 -159.9 -322.5
866 Poseidon 5.1 63.8 146.4 -7.3 -163.9 -326.5
867 Dreamz 6.2 65.1 148.0 -11.3 -167.9 -330.5
871 Next.kz 7.3 66.3 149.4 -15.3 -171.9 -334.5
872 Aspera 3.3 62.3 145.4 -6.6 -163.9 -327.2
873 PR -0.7 58.3 141.4 14.1 -146.3 -312.6
876 MSIEvoGT 1.3 60.6 144.1 10.1 -150.3 -316.6
877 Mski 2.3 62.0 145.8 6.1 -154.3 -320.6
878 Lowyat -1.7 58.0 141.8 19.8 -142.9 -311.1
880 Empire -5.7 54.0 137.8 28.7 -134.2 -303.2
881 Quantic -9.7 50.0 133.8 37.3 -126.6 -296.5
883 Kaipi -8.5 51.4 135.4 33.3 -130.6 -300.5
885 Aspera -6.8 53.1 137.3 29.3 -134.6 -304.5
886 Fnatic.eu -5.4 54.6 139.1 25.3 -138.6 -308.5
888 Mski -3.5 56.6 141.4 21.3 -142.6 -312.5
889 Next.kz -2.2 57.9 142.9 17.3 -146.6 -316.5
891 Menace -0.3 59.7 144.9 13.3 -150.6 -320.5
892 Kaipi 1.7 62.0 147.5 9.3 -154.6 -324.5
893 Menace -2.3 58.0 143.5 19.5 -144.5 -315.6
896 Life -6.3 54.0 139.5 27.7 -135.5 -306.7
897 Kaipi -4.7 55.9 141.7 23.7 -139.5 -310.7
898 Mski -3.1 57.6 143.6 19.7 -143.5 -314.7
899 Menace -1.8 58.8 145.0 15.7 -147.5 -318.7
900 VP -5.8 54.8 141.0 22.7 -140.9 -312.7
901 Fnatic.eu -4.4 56.1 142.5 18.7 -144.9 -316.7
902 Kaipi -2.2 58.3 144.9 14.7 -148.9 -320.7
903 Kaipi -1.0 59.6 146.4 10.7 -152.9 -324.7
905 Dignitas -0.2 60.5 147.5 6.7 -156.9 -328.7
906 Dignitas 0.7 61.5 148.7 2.7 -160.9 -332.7
908 iG 1.4 62.3 149.7 -1.3 -164.9 -336.7
909 VG 2.9 64.2 152.0 -5.3 -168.9 -340.7
911 4FC -1.1 60.2 148.0 8.0 -155.3 -329.3
913 Joiker -5.1 56.2 144.0 15.6 -148.3 -323.2
914 StayFree -2.8 58.6 146.8 11.6 -152.3 -327.2
915 Fnatic.eu -2.0 59.6 148.0 7.6 -156.3 -331.2
916 Property -6.0 55.6 144.0 20.3 -145.7 -321.9
917 Menace -10.0 51.6 140.0 31.2 -134.8 -312.4
919 LGD.cn -8.7 53.1 141.7 27.2 -138.8 -316.4
920 TongFu -8.1 53.8 142.6 23.2 -142.8 -320.4
921 Alliance -7.1 54.8 143.9 19.2 -146.8 -324.4
922 PR -11.1 50.8 139.9 26.8 -139.9 -317.8
923 DUZA -9.3 52.6 142.0 22.8 -143.9 -321.8
925 Empire -8.0 53.9 143.5 18.8 -147.9 -325.8
926 Empire -6.6 55.5 145.2 14.8 -151.9 -329.8
927 iG -5.1 56.9 146.7 10.8 -155.9 -333.8
930 MiTH -2.4 59.2 149.1 6.8 -159.9 -337.8
931 Alliance -1.5 60.1 150.1 2.8 -163.9 -341.8
932 Fnatic.eu 0.5 62.5 152.7 -1.2 -167.9 -345.8
933 Empire 2.8 64.8 155.2 -5.2 -171.9 -349.8
937 OguraYui -1.2 60.8 151.2 5.9 -159.3 -339.0
938 Mski 0.6 62.3 152.9 1.9 -163.3 -343.0
941 Alliance 1.5 63.3 154.0 -2.1 -167.3 -347.0
944 Imp -2.5 59.3 150.0 9.1 -156.5 -337.1
948 Empire -0.3 61.6 152.5 5.1 -160.5 -341.1
949 VP 1.0 62.9 154.0 1.1 -164.5 -345.1
950 Kaipi 2.0 64.1 155.5 -2.9 -168.5 -349.1
951 Mski 3.0 65.2 156.8 -6.9 -172.5 -353.1
953 Kaipi 4.7 67.3 159.3 -10.9 -176.5 -357.1
954 Cascade 0.7 63.3 155.3 2.5 -164.9 -347.1
956 Alliance 1.2 63.8 156.0 -1.5 -168.9 -351.1
957 Na'Vi 2.0 64.5 156.9 -5.5 -172.9 -355.1
958 PR -2.0 60.5 152.9 19.2 -148.9 -334.3
959 Kaipi -1.2 61.5 154.0 15.2 -152.9 -338.3
960 Kaipi -0.5 62.4 155.2 11.2 -156.9 -342.3
963 Na'Vi 0.9 63.8 156.8 7.2 -160.9 -346.3
964 Alliance 2.1 65.1 158.3 3.2 -164.9 -350.3
967 mouz 3.5 66.6 160.0 -0.8 -168.9 -354.3
971 iG 5.5 69.1 162.8 -4.8 -172.9 -358.3
972 Aspera 1.5 65.1 158.8 17.1 -153.9 -342.4
975 Dignitas 2.3 66.1 160.1 13.1 -157.9 -346.4
976 StayFree 3.7 67.8 162.1 9.1 -161.9 -350.4
977 Na'Vi 5.2 69.5 164.1 5.1 -165.9 -354.4
978 rox.KIS 1.2 65.5 160.1 12.2 -157.4 -346.6
979 PR 3.8 67.8 162.5 8.2 -161.4 -350.6
981 PR 5.8 69.8 164.7 4.2 -165.4 -354.6
982 Fnatic.eu 6.6 70.6 165.7 0.2 -169.4 -358.6
983 Fnatic.eu 8.4 72.3 167.5 -3.8 -173.4 -362.6
985 Inv.kwnku 10.2 74.4 169.9 -7.8 -177.4 -366.6
986 Na'Vi 11.2 75.6 171.3 -11.8 -181.4 -370.6
987 Fnatic.eu 12.8 77.4 173.3 -15.8 -185.4 -374.6
988 4FC 8.8 73.4 169.3 -6.2 -175.3 -365.6
990 Kaipi 9.6 74.3 170.4 -10.2 -179.3 -369.6
991 Empire 5.6 70.3 166.4 0.7 -169.9 -361.7
992 PBS 1.6 66.3 162.4 11.0 -161.6 -353.9
993 SFEC -2.4 62.3 158.4 19.7 -153.4 -346.6
995 Inv.kwnku -0.7 64.4 161.0 15.7 -157.4 -350.6
996 rox.KIS 2.0 66.8 163.5 11.7 -161.4 -354.6
997 PR -2.0 62.8 159.5 29.3 -146.6 -342.9
999 Empire -0.1 65.2 162.2 25.3 -150.6 -346.9
1000 Inv.kwnku 1.6 67.1 164.3 21.3 -154.6 -350.9
1001 FD 3.3 69.1 166.8 17.3 -158.6 -354.9
1002 Empire 4.8 70.9 169.0 13.3 -162.6 -358.9
1004 EG 6.4 72.6 170.9 9.3 -166.6 -362.9
1005 Dignitas 2.4 68.6 166.9 21.4 -156.7 -354.5
1008 Menace -1.6 64.6 162.9 33.5 -144.4 -343.6
1009 Kaipi -0.7 65.5 164.0 29.5 -148.4 -347.6
1010 Aspera -4.7 61.5 160.0 36.9 -141.4 -341.0
1012 DK -3.4 63.0 161.8 32.9 -145.4 -345.0
1015 StayFree -1.7 65.4 164.5 28.9 -149.4 -349.0
1017 Na'Vi -0.9 66.3 165.5 24.9 -153.4 -353.0
1018 Alliance -0.1 67.2 166.7 20.9 -157.4 -357.0
1019 Empire 1.8 69.6 169.4 16.9 -161.4 -361.0
1020 Na'Vi 3.5 71.3 171.3 12.9 -165.4 -365.0
1021 Na'Vi 4.7 72.5 172.7 8.9 -169.4 -369.0
1022 LGD.cn 5.8 73.8 174.1 4.9 -173.4 -373.0
1023 VG 7.8 76.0 176.3 0.9 -177.4 -377.0
1024 LGD.cn 10.1 78.0 178.3 -3.1 -181.4 -381.0
1025 Dignitas 10.9 78.9 179.5 -7.1 -185.4 -385.0
1027 Next.kz 6.9 74.9 175.5 -1.0 -177.8 -377.7
1028 4FC 2.9 70.9 171.5 9.5 -166.3 -367.7
1030 Na'Vi 3.7 71.8 172.5 5.5 -170.3 -371.7
1032 Na'Vi 4.6 72.9 173.8 1.5 -174.3 -375.7
1034 Alliance 5.3 73.7 174.8 -2.5 -178.3 -379.7
1035 Alliance 6.0 74.4 175.6 -6.5 -182.3 -383.7
1037 VP 2.0 70.4 171.6 5.5 -173.1 -375.8
1039 Ahead.kz -2.0 66.4 167.6 26.8 -151.3 -357.9
1040 PBS -0.6 68.4 169.9 22.8 -155.3 -361.9
1041 Alliance 0.4 69.7 171.4 18.8 -159.3 -365.9
1042 Empire 1.9 71.4 173.3 14.8 -163.3 -369.9
1044 Quantic 3.9 74.0 176.0 10.8 -167.3 -373.9
1045 iG 4.8 75.4 177.7 6.8 -171.3 -377.9
1046 Liquid 5.9 76.6 179.1 2.8 -175.3 -381.9
1047 EG 1.9 72.6 175.1 11.7 -167.3 -375.4
1048 MiTH 3.5 74.3 177.1 7.7 -171.3 -379.4
1049 Dreamz 5.4 76.5 179.6 3.7 -175.3 -383.4
1050 Alliance 6.2 77.4 180.7 -0.3 -179.3 -387.4
1051 iG 7.0 78.4 181.9 -4.3 -183.3 -391.4
1052 DK 8.6 80.3 184.0 -8.3 -187.3 -395.4
1055 Alliance 9.2 81.0 184.9 -12.3 -191.3 -399.4
1059 TongFu 11.0 82.5 186.5 -16.3 -195.3 -403.4
1060 LGD.int 13.2 84.8 189.0 -20.3 -199.3 -407.4
1061 RS.int 14.7 86.6 191.1 -24.3 -203.3 -411.4
1062 MiTH 16.4 88.3 193.0 -28.3 -207.3 -415.4
1063 Alliance 17.1 89.1 193.9 -32.3 -211.3 -419.4
1064 Alliance 17.9 90.0 194.9 -36.3 -215.3 -423.4
1065 SSD 18.9 91.5 196.6 -40.3 -219.3 -427.4
1067 Hearts 20.4 93.1 198.4 -44.3 -223.3 -431.4
1068 rox.KIS 22.3 95.1 200.7 -48.3 -227.3 -435.4
1069 Poseidon 18.3 91.1 196.7 -41.5 -219.8 -427.9
1070 Quantic 14.3 87.1 192.7 -31.2 -210.5 -419.5
1071 Quantic 16.1 88.7 194.5 -35.2 -214.5 -423.5
1073 Titan 17.6 90.2 196.1 -39.2 -218.5 -427.5
1077 StayFree 18.7 91.7 197.9 -43.2 -222.5 -431.5
1078 VP 21.0 94.0 200.4 -47.2 -226.5 -435.5
1080 SYF 23.5 96.0 202.5 -51.2 -230.5 -439.5
1081 Na'Vi 24.2 96.8 203.5 -55.2 -234.5 -443.5
1082 Fnatic.eu 25.0 97.7 204.5 -59.2 -238.5 -447.5
1083 Titan 25.8 98.6 205.7 -63.2 -242.5 -451.5
1085 FD 26.6 99.7 207.1 -67.2 -246.5 -455.5
1087 UR 28.5 101.7 209.2 -71.2 -250.5 -459.5
1088 FXopen 29.4 103.0 210.7 -75.2 -254.5 -463.5
1089 Imp 30.1 104.0 211.8 -79.2 -258.5 -467.5
1090 MiTH 30.8 104.9 212.9 -83.2 -262.5 -471.5
1091 Na'Vi 31.7 105.9 214.2 -87.2 -266.5 -475.5
1092 ONE.dota 27.7 101.9 210.2 -76.0 -254.9 -465.3
1095 Arcanys 23.7 97.9 206.2 -54.5 -237.6 -451.8
1096 VG 24.7 99.3 207.9 -58.5 -241.6 -455.8
1097 FD 25.4 100.2 209.2 -62.5 -245.6 -459.8
1098 Lowyat 21.4 96.2 205.2 -51.9 -235.4 -451.1
1099 rox.KIS 23.6 98.5 207.7 -55.9 -239.4 -455.1
1101 Fnatic.eu 24.6 99.7 209.2 -59.9 -243.4 -459.1
1104 Poseidon 20.6 95.7 205.2 -43.9 -229.2 -447.9
1105 Na'Vi 21.4 96.6 206.3 -47.9 -233.2 -451.9
1108 eN.Legs 22.9 98.6 208.7 -51.9 -237.2 -455.9
1110 bvd.dotA 25.0 101.0 211.5 -55.9 -241.2 -459.9
1111 LGD.int 26.0 102.1 212.9 -59.9 -245.2 -463.9
1112 DK 26.5 102.8 213.7 -63.9 -249.2 -467.9
1113 Imp 28.4 105.5 216.8 -67.9 -253.2 -471.9
1114 Na'Vi 29.1 106.3 217.8 -71.9 -257.2 -475.9
1117 VG 29.8 107.1 218.8 -75.9 -261.2 -479.9
1118 LGD.cn 30.2 107.7 219.6 -79.9 -265.2 -483.9
1119 FD 26.2 103.7 215.6 -73.1 -258.8 -478.0
1120 Ahead.kz 27.5 105.2 217.4 -77.1 -262.8 -482.0
1122 PR 29.0 106.4 218.7 -81.1 -266.8 -486.0
1123 Na'Vi 29.4 107.0 219.4 -85.1 -270.8 -490.0
1124 bvd.dotA 31.4 108.8 221.2 -89.1 -274.8 -494.0
1125 Empire 33.0 110.4 222.8 -93.1 -278.8 -498.0
1126 Life 29.0 106.4 218.8 -82.7 -264.7 -485.1
1127 EG 31.3 108.9 221.6 -86.7 -268.7 -489.1
1129 iG 31.8 109.6 222.4 -90.7 -272.7 -493.1
1130 TongFu 33.4 111.4 224.4 -94.7 -276.7 -497.1
1131 Na'Vi 34.4 112.4 225.6 -98.7 -280.7 -501.1
1132 Fnatic.eu 35.3 113.5 226.8 -102.7 -284.7 -505.1
1133 MUFC 31.3 109.5 222.8 -92.4 -275.3 -496.6
1135 Empire 32.3 110.6 224.1 -96.4 -279.3 -500.6
1136 Empire 33.7 112.2 225.9 -100.4 -283.3 -504.6
1137 TakeFive 29.7 108.2 221.9 -89.6 -270.2 -493.3
1139 VT 31.7 110.6 224.6 -93.6 -274.2 -497.3
1140 SYM 27.7 106.6 220.6 -87.5 -267.6 -490.8
1141 EOT 29.0 108.8 223.2 -91.5 -271.6 -494.8
1143 DK 29.5 109.5 224.1 -95.5 -275.6 -498.8
1144 VG 25.5 105.5 220.1 -80.9 -262.3 -488.4
1145 Fnatic.eu 28.2 107.8 222.5 -84.9 -266.3 -492.4
1146 iG 28.6 108.4 223.2 -88.9 -270.3 -496.4
1147 LGD.cn 29.8 109.8 224.9 -92.9 -274.3 -500.4
1148 HR 31.5 112.0 227.5 -96.9 -278.3 -504.4
1149 Na'Vi 32.4 113.0 228.8 -100.9 -282.3 -508.4
1151 Alliance 32.9 113.7 229.6 -104.9 -286.3 -512.4
1155 Empire 34.0 115.2 231.3 -108.9 -290.3 -516.4
1156 iG 35.1 116.8 233.2 -112.9 -294.3 -520.4
1157 Na'Vi 35.9 117.7 234.2 -116.9 -298.3 -524.4
1159 SAfrica 37.0 119.1 236.0 -120.9 -302.3 -528.4
1160 Na'Vi 33.0 115.1 232.0 -112.9 -296.8 -523.4
1161 FD 34.8 117.1 234.0 -116.9 -300.8 -527.4
1164 Titan 30.8 113.1 230.0 -110.0 -292.7 -519.5
1165 Titan 26.8 109.1 226.0 -99.5 -281.3 -509.4
1167 EOT 28.7 111.0 228.2 -103.5 -285.3 -513.4
1168 LGD.cn 30.5 112.8 230.2 -107.5 -289.3 -517.4
1169 DK 30.9 113.4 231.0 -111.5 -293.3 -521.4
1170 VG 33.0 115.5 233.3 -115.5 -297.3 -525.4
1171 Empire 33.8 116.5 234.5 -119.5 -301.3 -529.4
1172 Speed 29.8 112.5 230.5 -100.6 -280.5 -509.3
1173 Empire 31.5 114.2 232.4 -104.6 -284.5 -513.3
1174 Fnatic 32.8 115.5 233.8 -108.6 -288.5 -517.3
1175 TongFu 33.5 116.4 235.0 -112.6 -292.5 -521.3
1176 LGD.cn 29.5 112.4 231.0 -100.9 -282.9 -513.1
1177 TongFu 31.0 113.8 232.6 -104.9 -286.9 -517.1
1178 DK 31.4 114.3 233.3 -108.9 -290.9 -521.1
1179 RStars 27.4 110.3 229.3 -99.8 -282.3 -513.4
1181 Alliance 28.1 111.2 230.4 -103.8 -286.3 -517.4
1183 Speed 29.5 112.5 231.9 -107.8 -290.3 -521.4
1185 Liquid 25.5 108.5 227.9 -87.2 -269.5 -502.1
1186 iG 27.7 111.3 230.7 -91.2 -273.5 -506.1
1188 LGD.int 28.3 112.1 231.6 -95.2 -277.5 -510.1
1189 EG 29.4 113.5 233.4 -99.2 -281.5 -514.1
1190 TongFu 30.2 114.6 234.8 -103.2 -285.5 -518.1
1191 DK 30.6 115.3 235.6 -107.2 -289.5 -522.1
1192 Na'Vi 31.4 116.2 236.9 -111.2 -293.5 -526.1
1194 Dignitas 32.9 117.7 238.6 -115.2 -297.5 -530.1
1195 VG 33.4 118.4 239.4 -119.2 -301.5 -534.1
1196 LGD.cn 33.9 119.1 240.3 -123.2 -305.5 -538.1
1197 CSW 35.3 120.8 242.1 -127.2 -309.5 -542.1
1199 Menace 37.0 122.7 244.3 -131.2 -313.5 -546.1
1200 Liquid 38.6 124.1 245.8 -135.2 -317.5 -550.1
1202 SSD 39.9 125.6 247.6 -139.2 -321.5 -554.1
1203 TongFu 40.3 126.2 248.3 -143.2 -325.5 -558.1
1204 iG 41.0 127.1 249.3 -147.2 -329.5 -562.1
1205 HR 37.0 123.1 245.3 -134.8 -314.4 -548.7
1206 EG 38.5 124.2 246.5 -138.8 -318.4 -552.7
1207 mouz 34.5 120.2 242.5 -132.5 -312.1 -546.8
1208 Imp 30.5 116.2 238.5 -124.0 -302.6 -537.8
1209 MiTH 26.5 112.2 234.5 -117.0 -296.3 -532.0
1210 Liquid 22.5 108.2 230.5 -104.7 -283.8 -521.2
1212 Fnatic.eu 24.4 110.4 233.0 -108.7 -287.8 -525.2
1213 Poseidon 20.4 106.4 229.0 -101.4 -279.7 -517.4
1214 VG 16.4 102.4 225.0 -95.2 -272.4 -510.6
1215 iG 16.8 103.1 225.8 -99.2 -276.4 -514.6
1216 LGD.cn 18.2 104.9 228.0 -103.2 -280.4 -518.6
1217 Speed 14.2 100.9 224.0 -93.2 -271.1 -510.3
1220 Empire 15.5 102.5 225.9 -97.2 -275.1 -514.3
1221 iG 11.5 98.5 221.9 -85.9 -266.2 -507.3
1222 LGD.cn 13.4 100.1 223.6 -89.9 -270.2 -511.3
1223 DK 14.3 101.3 225.1 -93.9 -274.2 -515.3
1227 Empire 16.1 103.5 227.5 -97.9 -278.2 -519.3
1230 Property 12.1 99.5 223.5 -85.2 -267.8 -510.7
1231 TTD 8.1 95.5 219.5 -77.9 -259.1 -502.8
1232 Alliance 9.0 96.4 220.6 -81.9 -263.1 -506.8
1234 VG 10.9 98.6 223.2 -85.9 -267.1 -510.8
1235 TongFu 6.9 94.6 219.2 -68.0 -253.1 -500.1
1237 FSid3 2.9 90.6 215.2 -57.6 -243.6 -491.7
1238 LGD.cn 3.5 91.5 216.4 -61.6 -247.6 -495.7
1239 RStars 4.9 93.5 218.9 -65.6 -251.6 -499.7
1240 Na'Vi 6.6 95.3 220.9 -69.6 -255.6 -503.7
1242 mouz 8.2 97.3 223.2 -73.6 -259.6 -507.7
1243 Alliance 8.9 98.1 224.3 -77.6 -263.6 -511.7
1244 Sigma.int 10.6 100.7 227.6 -81.6 -267.6 -515.7
1245 Speed 11.6 102.0 229.2 -85.6 -271.6 -519.7
1247 iG 12.0 102.6 230.0 -89.6 -275.6 -523.7
1251 UR 13.5 104.5 232.1 -93.6 -279.6 -527.7
1253 LGD.int 9.5 100.5 228.1 -64.9 -259.2 -511.6
1255 Empire 11.5 102.6 230.4 -68.9 -263.2 -515.6
1256 RS 12.4 103.6 231.7 -72.9 -267.2 -519.6
1257 mouz 8.4 99.6 227.7 -61.1 -257.4 -511.2
1259 Sigma.int 10.4 102.3 230.7 -65.1 -261.4 -515.2
1261 mouz 6.4 98.3 226.7 -57.1 -255.5 -509.7
1262 iG 7.5 99.7 228.3 -61.1 -259.5 -513.7
1263 LGD.cn 8.2 100.6 229.4 -65.1 -263.5 -517.7
1264 DK 8.9 101.4 230.4 -69.1 -267.5 -521.7
1265 Fnatic.eu 4.9 97.4 226.4 -61.0 -260.0 -515.1
1266 Alliance 5.6 98.2 227.4 -65.0 -264.0 -519.1
1267 Na'Vi 7.0 99.8 229.2 -69.0 -268.0 -523.1
1268 Mski 8.1 101.2 230.8 -73.0 -272.0 -527.1
1269 Orange 9.1 102.2 232.1 -77.0 -276.0 -531.1
1270 MiTH 11.8 104.5 234.7 -81.0 -280.0 -535.1
1272 iG 13.8 107.0 237.5 -85.0 -284.0 -539.1
1273 RS 9.8 103.0 233.5 -72.3 -272.8 -529.0
1274 LGD.cn 11.3 104.5 235.1 -76.3 -276.8 -533.0
1275 FXopen 13.0 106.5 237.2 -80.3 -280.8 -537.0
1276 CSW 14.5 108.2 239.1 -84.3 -284.8 -541.0
1278 Lowyat 10.5 104.2 235.1 -72.1 -269.4 -527.0
1279 Titan 11.6 105.3 236.4 -76.1 -273.4 -531.0
1283 Speed 12.8 106.5 237.6 -80.1 -277.4 -535.0
1284 Alliance 13.6 107.3 238.6 -84.1 -281.4 -539.0
1286 LGD.int 15.7 109.9 241.3 -88.1 -285.4 -543.0
1288 Alliance 17.5 111.8 243.2 -92.1 -289.4 -547.0
1292 SSD 13.5 107.8 239.2 -83.7 -280.0 -538.0
1293 TongFu 14.5 108.9 240.6 -87.7 -284.0 -542.0
1294 VG 10.5 104.9 236.6 -73.9 -270.8 -531.3
1296 mouz 12.2 106.7 238.6 -77.9 -274.8 -535.3
1297 EG 14.6 109.0 241.2 -81.9 -278.8 -539.3
1299 EG 15.7 110.2 242.5 -85.9 -282.8 -543.3
1300 4FC 17.7 112.3 244.9 -89.9 -286.8 -547.3
1301 Hearts 19.0 113.9 246.7 -93.9 -290.8 -551.3
1302 DK 21.2 116.4 249.4 -97.9 -294.8 -555.3
1303 Sigma.int 22.1 117.6 250.9 -101.9 -298.8 -559.3
1305 Empire 22.7 118.4 251.8 -105.9 -302.8 -563.3
1306 FXopen 23.8 119.8 253.4 -109.9 -306.8 -567.3
1307 LGD.int 24.7 120.8 254.6 -113.9 -310.8 -571.3
1308 LGD.cn 25.4 121.6 255.6 -117.9 -314.8 -575.3
1309 4FC 27.6 123.5 257.7 -121.9 -318.8 -579.3
1310 Sigma.int 28.3 124.3 258.7 -125.9 -322.8 -583.3
1312 Arteezy 30.3 126.3 260.9 -129.9 -326.8 -587.3
1314 TongFu 30.7 126.9 261.6 -133.9 -330.8 -591.3
1315 Empire 31.5 127.8 262.6 -137.9 -334.8 -595.3
1316 VG 32.2 128.7 263.7 -141.9 -338.8 -599.3
1317 Na'Vi 33.2 129.8 265.1 -145.9 -342.8 -603.3
1318 QPandas 29.2 125.8 261.1 -132.3 -329.3 -590.4
1319 Empire 31.3 127.4 262.7 -136.3 -333.3 -594.4
1321 Fnatic.eu 32.0 128.1 263.3 -140.3 -337.3 -598.4
1322 DK 32.4 128.6 264.0 -144.3 -341.3 -602.4
1323 VG 33.2 129.6 265.3 -148.3 -345.3 -606.4
1324 VG 29.2 125.6 261.3 -134.1 -330.8 -594.2
1325 Kawai 25.2 121.6 257.3 -122.0 -320.9 -584.9
1326 Dignitas 21.2 117.6 253.3 -109.0 -308.9 -574.8
1327 Speed 21.8 118.3 254.2 -113.0 -312.9 -578.8
1328 Dignitas 23.5 120.0 256.0 -117.0 -316.9 -582.8
1329 Alliance 24.1 120.7 256.8 -121.0 -320.9 -586.8
1330 Na'Vi 26.1 122.5 258.8 -125.0 -324.9 -590.8
1331 Na'Vi 27.3 123.5 260.0 -129.0 -328.9 -594.8
1332 Fnatic.eu 23.3 119.5 256.0 -118.9 -317.2 -584.5
1333 Alliance 24.1 120.3 257.0 -122.9 -321.2 -588.5
1334 iG 25.6 122.1 259.2 -126.9 -325.2 -592.5
1335 LGD.int 26.8 123.5 260.8 -130.9 -329.2 -596.5
1336 TongFu 27.8 124.4 261.8 -134.9 -333.2 -600.5
1337 Startale 30.3 126.8 264.5 -138.9 -337.2 -604.5
1338 Liquid 31.7 128.3 266.2 -142.9 -341.2 -608.5
1340 Fnatic.eu 32.6 129.3 267.4 -146.9 -345.2 -612.5
1341 Alliance 33.1 129.9 268.1 -150.9 -349.2 -616.5
1343 Fnatic.eu 29.1 125.9 264.1 -142.9 -340.1 -608.0
1345 Sigma.int 30.3 127.4 265.9 -146.9 -344.1 -612.0
1351 VG 30.7 128.1 266.7 -150.9 -348.1 -616.0
1352 DK 31.3 128.7 267.5 -154.9 -352.1 -620.0
1353 Alliance 33.0 130.4 269.4 -158.9 -356.1 -624.0
1354 VP 29.0 126.4 265.4 -146.0 -343.9 -613.1
1355 Alliance 30.2 127.7 267.0 -150.0 -347.9 -617.1
1356 Alliance 31.5 128.9 268.3 -154.0 -351.9 -621.1
1357 Na'Vi 32.6 129.9 269.4 -158.0 -355.9 -625.1
1359 LGD.cn 32.9 130.4 270.0 -162.0 -359.9 -629.1
1360 iG 33.3 130.9 270.6 -166.0 -363.9 -633.1
1361 Dignitas 34.0 131.7 271.6 -170.0 -367.9 -637.1
1362 Speed 34.4 132.2 272.3 -174.0 -371.9 -641.1
1363 Speed 36.5 134.2 274.7 -178.0 -375.9 -645.1
1364 Na'Vi 38.3 136.1 276.7 -182.0 -379.9 -649.1
1365 Alliance 39.0 136.8 277.5 -186.0 -383.9 -653.1
1366 Alliance 39.4 137.3 278.1 -190.0 -387.9 -657.1
1367 Liquid 41.0 139.2 280.3 -194.0 -391.9 -661.1
1368 Fnatic.eu 42.2 140.4 281.6 -198.0 -395.9 -665.1
1369 Na'Vi 42.9 141.2 282.5 -202.0 -399.9 -669.1
1370 LGD.int 38.9 137.2 278.5 -192.8 -389.5 -659.6
1372 VP 34.9 133.2 274.5 -174.9 -374.3 -646.9
1373 Liquid 36.2 134.5 276.0 -178.9 -378.3 -650.9
1375 Startale 32.2 130.5 272.0 -168.4 -371.7 -645.4
1377 LGD.cn 33.7 132.1 273.8 -172.4 -375.7 -649.4
1379 Fnatic.eu 34.8 133.3 275.2 -176.4 -379.7 -653.4
1380 Liquid 35.9 134.5 276.6 -180.4 -383.7 -657.4
1381 Liquid 31.9 130.5 272.6 -165.5 -369.7 -645.5
1382 Titan 32.7 131.5 273.9 -169.5 -373.7 -649.5
1383 LGD.cn 34.2 133.3 275.9 -173.5 -377.7 -653.5
1384 Empire 34.9 134.1 276.9 -177.5 -381.7 -657.5
1386 StayFree 30.9 130.1 272.9 -167.1 -371.6 -648.5
1388 iG 31.4 130.8 273.7 -171.1 -375.6 -652.5
1389 RStars 32.1 131.8 275.1 -175.1 -379.6 -656.5
1390 Alliance 32.6 132.4 275.8 -179.1 -383.6 -660.5
1391 Fnatic.eu 33.8 133.7 277.4 -183.1 -387.6 -664.5
1396 rox.KIS 29.8 129.7 273.4 -147.9 -359.9 -641.3
1399 EG 25.8 125.7 269.4 -132.9 -344.1 -628.0
1400 VP 27.7 127.9 272.0 -136.9 -348.1 -632.0
1401 Alliance 29.5 129.6 273.9 -140.9 -352.1 -636.0
1402 Liquid 31.6 131.8 276.2 -144.9 -356.1 -640.0
1404 VG 32.5 132.9 277.6 -148.9 -360.1 -644.0
1405 Speed 33.3 134.0 279.0 -152.9 -364.1 -648.0
1406 EG 29.3 130.0 275.0 -144.4 -356.8 -641.9
1408 Liquid 31.0 131.9 277.1 -148.4 -360.8 -645.9
1412 DK 31.4 132.6 278.0 -152.4 -364.8 -649.9
1415 VP 27.4 128.6 274.0 -140.5 -352.1 -638.7
1416 Liquid 29.2 130.4 275.9 -144.5 -356.1 -642.7
1421 Na'Vi 30.7 132.0 277.8 -148.5 -360.1 -646.7
1423 Alliance 31.2 132.6 278.5 -152.5 -364.1 -650.7
1424 DK 31.5 133.0 279.1 -156.5 -368.1 -654.7
1425 VG 32.2 133.8 280.1 -160.5 -372.1 -658.7
1426 Speed 33.6 135.3 281.8 -164.5 -376.1 -662.7
1428 EG 29.6 131.3 277.8 -157.0 -367.7 -654.5
1429 Empire 30.8 132.5 279.2 -161.0 -371.7 -658.5
1430 Na'Vi 31.7 133.5 280.4 -165.0 -375.7 -662.5
1431 DK 32.1 134.0 281.0 -169.0 -379.7 -666.5
1433 iG 28.1 130.0 277.0 -162.0 -373.7 -661.2
1437 Liquid 30.1 132.2 279.4 -166.0 -377.7 -665.2
1438 Liquid 30.8 133.1 280.4 -170.0 -381.7 -669.2
1439 Empire 26.8 129.1 276.4 -156.5 -367.1 -654.7
1441 PR 22.8 125.1 272.4 -148.6 -359.1 -646.9
1442 LGD.int 23.2 125.7 273.1 -152.6 -363.1 -650.9
1443 TongFu 23.9 126.5 274.1 -156.6 -367.1 -654.9
1445 Speed 25.7 128.9 276.8 -160.6 -371.1 -658.9
1446 mouz 21.7 124.9 272.8 -153.3 -364.8 -653.1
1447 FD 17.7 120.9 268.8 -145.1 -357.1 -645.9
1448 MiTH 13.7 116.9 264.8 -138.9 -350.3 -639.5
1449 Titan 15.6 118.6 266.6 -142.9 -354.3 -643.5
1450 Na'Vi 16.5 119.7 267.9 -146.9 -358.3 -647.5
1451 Na'Vi 17.9 121.1 269.3 -150.9 -362.3 -651.5
1456 Liquid 19.4 122.9 271.3 -154.9 -366.3 -655.5
1458 Fnatic.eu 15.4 118.9 267.3 -142.1 -353.9 -644.2
1459 Na'Vi 17.1 120.4 269.0 -146.1 -357.9 -648.2
1460 Alliance 18.0 121.3 270.0 -150.1 -361.9 -652.2
1461 rox.KIS 14.0 117.3 266.0 -140.5 -353.1 -644.1
1462 rox.KIS 15.5 118.8 267.7 -144.5 -357.1 -648.1
1463 Na'Vi 17.6 120.7 269.7 -148.5 -361.1 -652.1
1465 DK 19.1 122.2 271.3 -152.5 -365.1 -656.1
1466 4FC 15.1 118.2 267.3 -139.6 -352.3 -644.3
1468 Alliance 16.9 120.1 269.3 -143.6 -356.3 -648.3
1471 Mts 12.9 116.1 265.3 -134.8 -349.7 -642.9
1472 rox.KIS 8.9 112.1 261.3 -126.4 -343.7 -637.7
1473 LGD.cn 9.5 112.9 262.3 -130.4 -347.7 -641.7
1475 TongFu3 11.3 114.6 264.2 -134.4 -351.7 -645.7
1478 Alliance 12.5 115.9 265.6 -138.4 -355.7 -649.7
1479 Liquid 13.2 116.7 266.6 -142.4 -359.7 -653.7
1480 Na'Vi 14.9 118.2 268.2 -146.4 -363.7 -657.7
1481 DK 10.9 114.2 264.2 -137.1 -355.5 -651.0
1482 Fnatic.eu 11.6 115.1 265.4 -141.1 -359.5 -655.0
1483 Sigma.int 7.6 111.1 261.4 -130.1 -347.1 -643.4
1484 DK 9.5 113.3 263.9 -134.1 -351.1 -647.4
1485 EG 5.5 109.3 259.9 -126.8 -344.4 -641.0
1487 VG 7.6 111.7 262.6 -130.8 -348.4 -645.0
1488 Imp 9.4 113.7 265.1 -134.8 -352.4 -649.0
1489 Na'Vi 11.1 115.4 267.0 -138.8 -356.4 -653.0
1490 EG 11.9 116.4 268.1 -142.8 -360.4 -657.0
1492 Alliance 13.2 117.8 269.6 -146.8 -364.4 -661.0
1494 Na'Vi 13.8 118.5 270.4 -150.8 -368.4 -665.0
1495 DK 14.9 119.8 271.9 -154.8 -372.4 -669.0
1496 Sigma.int 16.8 122.1 274.6 -158.8 -376.4 -673.0
1497 Speed 12.8 118.1 270.6 -145.2 -364.5 -662.1
1498 Fnatic.eu 8.8 114.1 266.6 -129.1 -349.0 -647.4
1499 DK 9.6 115.1 267.6 -133.1 -353.0 -651.4
1500 Speed 10.3 116.0 268.8 -137.1 -357.0 -655.4
1501 Liquid 6.3 112.0 264.8 -123.7 -343.9 -643.6
1503 Speed 8.8 114.1 267.2 -127.7 -347.9 -647.6
1506 Liquid 10.1 115.5 268.7 -131.7 -351.9 -651.6
1507 DK 11.8 117.2 270.4 -135.7 -355.9 -655.6
1508 Alliance 12.4 118.0 271.2 -139.7 -359.9 -659.6
1510 Na'Vi 13.9 119.6 273.0 -143.7 -363.9 -663.6
1511 Sigma.int 14.4 120.3 273.7 -147.7 -367.9 -667.6
1512 Alliance 15.3 121.3 274.9 -151.7 -371.9 -671.6
1513 DK 15.6 121.8 275.5 -155.7 -375.9 -675.6
1515 Speed 11.6 117.8 271.5 -144.7 -365.1 -665.8
1518 Speed 7.6 113.8 267.5 -135.0 -356.7 -658.2
1520 Titan 10.2 116.3 270.1 -139.0 -360.7 -662.2
1521 Next.kz 12.0 118.4 272.6 -143.0 -364.7 -666.2
1522 Next.kz 8.0 114.4 268.6 -136.6 -358.5 -660.6
1523 SSD 4.0 110.4 264.6 -123.2 -345.2 -649.3
1524 Aspera 5.4 112.2 266.6 -127.2 -349.2 -653.3
1526 TongFu3 7.8 114.7 269.4 -131.2 -353.2 -657.3
1527 VP 8.9 116.1 271.0 -135.2 -357.2 -661.3
1528 TongFu 9.6 116.9 272.0 -139.2 -361.2 -665.3
1529 LGD.int 10.2 117.7 273.0 -143.2 -365.2 -669.3
1530 Empire 11.7 119.4 274.9 -147.2 -369.2 -673.3
1531 Aspera 13.1 120.9 276.6 -151.2 -373.2 -677.3
1533 OsG 9.1 116.9 272.6 -138.0 -360.7 -667.0
1534 Poseidon 11.0 118.8 274.7 -142.0 -364.7 -671.0
1535 Venum 13.0 121.3 277.5 -146.0 -368.7 -675.0
1537 FL 9.0 117.3 273.5 -136.2 -357.5 -665.4
1538 NoX 5.0 113.3 269.5 -128.7 -349.1 -657.6
1539 Next.kz 7.7 115.6 271.9 -132.7 -353.1 -661.6
1541 PR 3.7 111.6 267.9 -126.0 -347.0 -656.1
1542 rox.KIS 6.0 114.1 270.8 -130.0 -351.0 -660.1
1543 Fnatic.eu 8.6 116.5 273.3 -134.0 -355.0 -664.1
1544 SSD 10.3 118.4 275.4 -138.0 -359.0 -668.1
1545 LGD.cn 11.8 120.2 277.6 -142.0 -363.0 -672.1
1546 iG 13.0 121.6 279.3 -146.0 -367.0 -676.1
1547 Fnatic.eu 9.0 117.6 275.3 -136.1 -356.8 -666.5
1548 Na'Vi 10.6 119.2 277.1 -140.1 -360.8 -670.5
1549 VG 11.2 120.1 278.3 -144.1 -364.8 -674.5
1550 DK 11.9 120.9 279.3 -148.1 -368.8 -678.5
1553 Fnatic.eu 7.9 116.9 275.3 -138.8 -360.0 -670.9
1554 Alliance 9.8 118.7 277.2 -142.8 -364.0 -674.9
1557 LGD.int 5.8 114.7 273.2 -134.1 -354.5 -666.4
1560 EOT 7.8 116.7 275.4 -138.1 -358.5 -670.4
1562 VG 3.8 112.7 271.4 -131.1 -348.8 -661.3
1568 Next.kz 5.0 114.2 273.1 -135.1 -352.8 -665.3
1569 Next.kz 1.0 110.2 269.1 -129.0 -346.0 -659.0
1572 Fnatic.eu 2.4 111.5 270.5 -133.0 -350.0 -663.0
1573 iG 4.2 113.4 272.8 -137.0 -354.0 -667.0
1574 DK 5.3 114.6 274.1 -141.0 -358.0 -671.0
1576 5inQ 6.8 116.5 276.4 -145.0 -362.0 -675.0
1578 VG 2.8 112.5 272.4 -135.8 -353.1 -666.7
1579 DK 3.9 114.0 274.1 -139.8 -357.1 -670.7
1580 Alliance 5.0 115.3 275.6 -143.8 -361.1 -674.7
1582 PR 6.4 116.6 277.0 -147.8 -365.1 -678.7
1583 Sigma.int 7.8 118.3 279.0 -151.8 -369.1 -682.7
1585 Fnatic.eu 8.7 119.3 280.2 -155.8 -373.1 -686.7
1586 Fnatic.eu 4.7 115.3 276.2 -146.2 -363.7 -677.4
1587 Idol 6.2 117.1 278.5 -150.2 -367.7 -681.4
1589 FD 7.2 118.2 279.8 -154.2 -371.7 -685.4
1590 Orange 8.0 119.2 281.1 -158.2 -375.7 -689.4
1593 FD 8.7 120.2 282.4 -162.2 -379.7 -693.4
1594 FD 4.7 116.2 278.4 -153.4 -369.7 -684.2
1595 Idol 0.7 112.2 274.4 -147.3 -361.8 -676.1
1597 Empire 2.5 114.0 276.2 -151.3 -365.8 -680.1
1598 Alliance 3.4 115.0 277.3 -155.3 -369.8 -684.1
1599 OsG -0.6 111.0 273.3 -146.5 -362.0 -677.0
1600 TR -4.6 107.0 269.3 -135.6 -353.6 -669.9
1602 VP -2.9 108.9 271.3 -139.6 -357.6 -673.9
1603 Fnatic.eu -1.4 110.4 272.8 -143.6 -361.6 -677.9
1604 Sigma.int -5.4 106.4 268.8 -133.2 -350.8 -667.8
1607 Idol -4.4 107.8 270.5 -137.2 -354.8 -671.8
1608 VP -8.4 103.8 266.5 -127.3 -345.9 -664.3
1611 Sigma.int -7.4 105.1 268.0 -131.3 -349.9 -668.3
1612 Fnatic.eu -5.5 107.0 270.2 -135.3 -353.9 -672.3
1613 Fnatic.eu -4.1 108.4 271.8 -139.3 -357.9 -676.3
1614 Alliance -3.5 109.2 272.7 -143.3 -361.9 -680.3
1617 Siltherin -1.5 111.5 275.3 -147.3 -365.9 -684.3
1618 FD 0.1 113.2 277.4 -151.3 -369.9 -688.3
1619 XctN 2.4 115.8 280.2 -155.3 -373.9 -692.3
1620 VP 3.9 117.2 281.8 -159.3 -377.9 -696.3
1622 Aspera -0.1 113.2 277.8 -153.2 -371.5 -690.3
1623 SSD 1.8 115.1 279.8 -157.2 -375.5 -694.3
1624 PR 3.4 116.9 281.8 -161.2 -379.5 -698.3
1625 Idol -0.6 112.9 277.8 -152.1 -370.7 -690.6
1626 FD 0.3 114.1 279.2 -156.1 -374.7 -694.6
1627 MVP 2.3 115.8 281.0 -160.1 -378.7 -698.6
1628 Alliance 3.0 116.5 281.9 -164.1 -382.7 -702.6
1629 Fnatic.eu 3.5 117.1 282.7 -168.1 -386.7 -706.6
1630 Na'Vi 6.1 119.4 285.2 -172.1 -390.7 -710.6
1631 VG 6.6 120.1 286.2 -176.1 -394.7 -714.6
1634 Alliance 7.3 121.0 287.2 -180.1 -398.7 -718.6
1635 VG 3.3 117.0 283.2 -175.0 -391.5 -710.9
1636 Sigma.int 4.0 117.8 284.3 -179.0 -395.5 -714.9
1637 Na'Vi 5.9 119.6 286.2 -183.0 -399.5 -718.9
1641 RRQ 1.9 115.6 282.2 -173.8 -389.5 -709.3
1642 MiTH 3.6 117.7 284.4 -177.8 -393.5 -713.3
1645 RRQ 6.0 120.0 286.8 -181.8 -397.5 -717.3
1648 Poseidon 2.0 116.0 282.8 -173.4 -389.1 -709.2
1650 VP 3.9 118.2 285.0 -177.4 -393.1 -713.2
1651 rox.KIS 5.6 119.9 286.9 -181.4 -397.1 -717.2
1652 PR 6.7 121.2 288.4 -185.4 -401.1 -721.2
1653 mouz 8.3 122.8 290.2 -189.4 -405.1 -725.2
1654 MVP.P 9.3 124.2 291.8 -193.4 -409.1 -729.2
1655 RRQ 11.8 126.1 293.7 -197.4 -413.1 -733.2
1656 HR 7.8 122.1 289.7 -188.4 -402.5 -723.4
1657 RRQ 8.5 123.0 290.8 -192.4 -406.5 -727.4
1660 Poseidon 4.5 119.0 286.8 -176.0 -391.9 -715.8
1662 Fnatic.eu 5.3 120.0 288.0 -180.0 -395.9 -719.8
1664 DK 6.0 120.8 289.0 -184.0 -399.9 -723.8
1665 LGD.cn 6.6 121.5 290.0 -188.0 -403.9 -727.8
1667 Fnatic.eu 8.1 122.9 291.6 -192.0 -407.9 -731.8
1668 Duskbin 8.9 124.2 293.2 -196.0 -411.9 -735.8
1669 Neon 4.9 120.2 289.2 -187.3 -403.8 -728.8
1672 MiTH 6.8 122.1 291.3 -191.3 -407.8 -732.8
1674 Empire 8.0 123.4 292.7 -195.3 -411.8 -736.8
1676 TR 4.0 119.4 288.7 -181.1 -400.2 -727.0
1677 Na'Vi 5.2 120.6 290.2 -185.1 -404.2 -731.0
1678 Na'Vi 6.1 121.7 291.4 -189.1 -408.2 -735.0
1679 Speed 7.8 123.4 293.3 -193.1 -412.2 -739.0
1681 Mski 8.7 124.5 294.6 -197.1 -416.2 -743.0
1682 Lowyat 9.9 125.8 296.2 -201.1 -420.2 -747.0
1683 rox.KIS 11.2 127.4 298.1 -205.1 -424.2 -751.0
1684 Alliance 12.6 128.7 299.5 -209.1 -428.2 -755.0
1685 Alliance 13.1 129.3 300.2 -213.1 -432.2 -759.0
1686 Sigma.int 14.3 130.5 301.6 -217.1 -436.2 -763.0
1688 Fnatic.eu 15.7 131.9 303.1 -221.1 -440.2 -767.0
1689 iG 16.2 132.5 303.8 -225.1 -444.2 -771.0
1690 Mski 18.2 134.0 305.3 -229.1 -448.2 -775.0
1697 mouz 14.2 130.0 301.3 -212.2 -428.1 -754.9
1698 Alliance 15.7 131.3 302.7 -216.2 -432.1 -758.9
1699 OsG 11.7 127.3 298.7 -187.8 -405.8 -735.5
1701 TongFu 12.7 128.3 299.8 -191.8 -409.8 -739.5
1705 Next.kz 14.4 130.2 302.0 -195.8 -413.8 -743.5
1706 Sigma.int 15.3 131.0 302.9 -199.8 -417.8 -747.5
1707 mouz 16.5 132.1 304.1 -203.8 -421.8 -751.5
1708 HR 17.6 133.4 305.7 -207.8 -425.8 -755.5
1709 iG 19.0 135.0 307.7 -211.8 -429.8 -759.5
1709 iG 20.4 136.6 309.7 -215.8 -433.8 -763.5
1710 Speed 16.4 132.6 305.7 -209.7 -427.6 -757.6
1710 Speed 12.4 128.6 301.7 -203.2 -421.1 -751.7
1711 Next.kz 13.2 129.6 302.9 -207.2 -425.1 -755.7
1711 Next.kz 13.9 130.5 303.9 -211.2 -429.1 -759.7
1712 VP 15.6 132.2 305.7 -215.2 -433.1 -763.7
1712 VP 17.5 133.8 307.4 -219.2 -437.1 -767.7
1713 Alliance 19.1 135.4 309.1 -223.2 -441.1 -771.7
1713 Sigma.int 20.9 136.8 310.8 -227.2 -445.1 -775.7
1714 rox.KIS 21.6 137.7 311.8 -231.2 -449.1 -779.7
1714 rox.KIS 22.5 138.6 313.0 -235.2 -453.1 -783.7
1718 Fnatic.eu 18.5 134.6 309.0 -228.8 -446.2 -777.9
1718 Fnatic.eu 14.5 130.6 305.0 -221.9 -439.6 -772.1
1719 HR 16.3 132.1 306.6 -225.9 -443.6 -776.1
1719 HR 18.1 133.6 308.2 -229.9 -447.6 -780.1
1720 Mski 19.0 134.6 309.3 -233.9 -451.6 -784.1
1721 Lowyat 20.1 135.6 310.8 -237.9 -455.6 -788.1
1722 Mski 20.9 136.4 311.8 -241.9 -459.6 -792.1
1723 Mski 22.6 138.0 313.4 -245.9 -463.6 -796.1
1724 LGD.cn 24.2 139.7 315.3 -249.9 -467.6 -800.1
1725 VG 25.3 140.9 316.7 -253.9 -471.6 -804.1
1726 Lowyat 26.3 141.9 317.9 -257.9 -475.6 -808.1
1727 Mski 27.1 142.8 318.8 -261.9 -479.6 -812.1
1728 sQreen 23.1 138.8 314.8 -249.7 -467.1 -801.1
1730 rox.KIS 24.1 140.2 316.3 -253.7 -471.1 -805.1
1731 Empire 20.1 136.2 312.3 -241.5 -458.2 -793.8
1732 rox.KIS 16.1 132.2 308.3 -235.6 -450.9 -786.5
1733 PR 12.1 128.2 304.3 -224.7 -440.4 -776.8
1735 Mski 12.9 129.0 305.3 -228.7 -444.4 -780.8
1736 Lowyat 8.9 125.0 301.3 -219.5 -435.4 -772.9
1738 Lowyat 11.0 126.8 303.2 -223.5 -439.4 -776.9
1739 5inQ 7.0 122.8 299.2 -215.7 -431.6 -770.5
1742 Na'Vi 8.5 124.8 301.4 -219.7 -435.6 -774.5
1743 Na'Vi 10.2 126.9 303.8 -223.7 -439.6 -778.5
1744 Sigma.int 11.2 128.2 305.3 -227.7 -443.6 -782.5
1745 Na'Vi 11.9 129.1 306.4 -231.7 -447.6 -786.5
1746 Alliance 12.6 129.9 307.5 -235.7 -451.6 -790.5
1750 Alliance 13.3 130.7 308.5 -239.7 -455.6 -794.5
1751 Na'Vi 14.2 131.7 309.7 -243.7 -459.6 -798.5
1753 Na'Vi 15.5 133.1 311.3 -247.7 -463.6 -802.5
1754 TR 11.5 129.1 307.3 -234.8 -452.2 -792.8
1755 SSD 12.6 130.5 309.0 -238.8 -456.2 -796.8
1756 TongFu 8.6 126.5 305.0 -231.0 -449.3 -791.1
1758 DK 10.2 128.3 307.1 -235.0 -453.3 -795.1
1760 Duskbin 6.2 124.3 303.1 -225.5 -442.7 -785.2
1761 Mski 7.2 125.6 304.5 -229.5 -446.7 -789.2
1762 TR 3.2 121.6 300.5 -220.1 -438.4 -782.0
1763 rox.KIS 4.1 122.6 301.7 -224.1 -442.4 -786.0
1764 Na'Vi 5.2 123.7 303.0 -228.1 -446.4 -790.0
1768 QPandas 1.2 119.7 299.0 -217.7 -436.6 -781.5
1770 5inQ 2.9 122.3 302.0 -221.7 -440.6 -785.5
1771 VG 3.8 123.5 303.6 -225.7 -444.6 -789.5
1773 FD 5.9 125.3 305.6 -229.7 -448.6 -793.5
1774 Idol 6.9 126.8 307.5 -233.7 -452.6 -797.5
1776 Fnatic.eu 8.0 128.0 308.9 -237.7 -456.6 -801.5
1777 PR 9.5 129.6 310.7 -241.7 -460.6 -805.5
1778 FSid3 5.5 125.6 306.7 -235.7 -454.0 -799.0
1779 Fnatic.eu 7.3 127.1 308.3 -239.7 -458.0 -803.0
1780 Titan 8.7 128.7 310.1 -243.7 -462.0 -807.0
1781 FD 10.4 130.6 312.2 -247.7 -466.0 -811.0
1783 Titan 11.4 131.6 313.5 -251.7 -470.0 -815.0
1784 LGD.cn 13.0 133.2 315.5 -255.7 -474.0 -819.0
1785 Fnatic.eu 14.1 134.4 316.8 -259.7 -478.0 -823.0
1786 Fnatic.eu 15.5 135.8 318.3 -263.7 -482.0 -827.0
1787 Sigma.int 18.0 138.3 320.9 -267.7 -486.0 -831.0
1788 Sigma.int 18.6 139.0 321.8 -271.7 -490.0 -835.0
1790 Na'Vi 19.6 139.9 322.8 -275.7 -494.0 -839.0
1791 Revenge 15.6 135.9 318.8 -266.3 -482.5 -827.4
1792 Empire 11.6 131.9 314.8 -258.4 -474.8 -820.5
1793 Fnatic.eu 12.9 133.2 316.3 -262.4 -478.8 -824.5
1795 Empire 14.5 135.0 318.1 -266.4 -482.8 -828.5
1796 Titan 17.0 137.7 320.7 -270.4 -486.8 -832.5
1797 TR 13.0 133.7 316.7 -261.0 -477.0 -823.0
1798 OsG 15.3 136.4 319.5 -265.0 -481.0 -827.0
1799 VP 11.3 132.4 315.5 -256.3 -474.3 -821.2
1800 Empire 12.9 134.0 317.3 -260.3 -478.3 -825.2
1801 Na'Vi 14.6 135.4 318.9 -264.3 -482.3 -829.2
1802 PR 10.6 131.4 314.9 -251.2 -466.4 -814.4
1803 Sigma.int 11.8 132.8 316.4 -255.2 -470.4 -818.4
1804 DK 12.2 133.4 317.1 -259.2 -474.4 -822.4
1805 VG 12.8 134.1 318.0 -263.2 -478.4 -826.4
1806 DT 14.5 135.7 319.8 -267.2 -482.4 -830.4
1807 LGD.cn 15.0 136.3 320.6 -271.2 -486.4 -834.4
1808 iG 15.4 136.9 321.4 -275.2 -490.4 -838.4
1809 Titan 16.6 138.0 322.7 -279.2 -494.4 -842.4
1811 TongFu 17.5 138.9 323.8 -283.2 -498.4 -846.4
1813 DK 19.8 141.4 326.5 -287.2 -502.4 -850.4
1814 LGD.cn 20.3 142.1 327.4 -291.2 -506.4 -854.4
1815 iG 21.2 143.5 329.1 -295.2 -510.4 -858.4
1817 Mski 22.4 144.7 330.5 -299.2 -514.4 -862.4
1818 FD 24.6 146.8 332.6 -303.2 -518.4 -866.4
1819 rox.KIS 27.0 149.1 335.1 -307.2 -522.4 -870.4
1820 Empire 27.9 150.0 336.2 -311.2 -526.4 -874.4
1821 QPandas 23.9 146.0 332.2 -300.4 -515.4 -864.8
1822 Fnatic.eu 24.4 146.6 332.9 -304.4 -519.4 -868.8
1823 SSD 26.1 148.2 334.6 -308.4 -523.4 -872.8
1825 DK 27.7 150.0 336.7 -312.4 -527.4 -876.8
1826 Titan 28.7 151.0 337.8 -316.4 -531.4 -880.8
1827 MVP.P 29.6 152.2 339.2 -320.4 -535.4 -884.8
1828 TongFu 25.6 148.2 335.2 -306.0 -524.2 -875.0
1829 Sigma.int 26.9 149.9 337.2 -310.0 -528.2 -879.0
1830 mouz 29.1 152.1 339.4 -314.0 -532.2 -883.0
1831 rox.KIS 25.1 148.1 335.4 -305.0 -524.7 -876.0
1833 Fnatic.eu 26.6 149.5 336.8 -309.0 -528.7 -880.0
1836 DK 28.0 151.1 338.6 -313.0 -532.7 -884.0
1837 Titan 29.6 152.6 340.3 -317.0 -536.7 -888.0
1838 Titan 25.6 148.6 336.3 -310.7 -530.0 -881.5
1839 Sigma.int 21.6 144.6 332.3 -301.9 -521.5 -873.6
1840 PR 17.6 140.6 328.3 -289.7 -510.2 -863.1
1841 SSD 19.4 142.6 330.5 -293.7 -514.2 -867.1
1842 DK 20.7 144.2 332.3 -297.7 -518.2 -871.1
1843 iG 22.7 146.6 334.9 -301.7 -522.2 -875.1
1845 DK 24.6 148.8 336.1 -305.7 -526.2 -879.1
1846 DK 25.5 149.9 336.7 -309.7 -530.2 -883.1
1847 DK 26.3 151.0 338.0 -313.7 -534.2 -887.1
1848 TongFu 28.0 153.1 340.4 -317.7 -538.2 -891.1
1849 PBS 29.7 155.3 343.0 -321.7 -542.2 -895.1
1850 rox.KIS 31.0 156.9 343.8 -325.7 -546.2 -899.1
1851 Alliance 31.7 157.8 344.4 -329.7 -550.2 -903.1
1852 SSD 33.4 159.4 346.1 -333.7 -554.2 -907.1
1853 Alliance 34.4 160.2 347.0 -337.7 -558.2 -911.1
1854 SSD 30.4 156.2 343.0 -330.8 -550.0 -903.3
1857 iG 31.1 157.1 344.1 -334.8 -554.0 -907.3
1858 Empire 33.4 159.8 345.5 -338.8 -558.0 -911.3
1860 Fnatic.eu 34.0 160.6 346.4 -342.8 -562.0 -915.3
1861 Sigma.int 35.0 161.8 347.9 -346.8 -566.0 -919.3
1862 Next.kz 31.0 157.8 343.9 -335.9 -555.4 -909.5
1863 Fnatic.eu 32.2 159.1 344.9 -339.9 -559.4 -913.5
1864 Revenge 34.5 161.6 347.7 -343.9 -563.4 -917.5
1865 TongFu 35.3 162.6 348.9 -347.9 -567.4 -921.5
1866 Sigma.int 37.2 164.9 350.5 -351.9 -571.4 -925.5
1867 Fnatic.eu 38.1 165.9 351.2 -355.9 -575.4 -929.5
1868 Na'Vi 38.8 166.7 351.7 -359.9 -579.4 -933.5
1869 FSid3 34.8 162.7 347.7 -352.1 -571.9 -927.2
1870 FSid3 30.8 158.7 343.7 -342.4 -560.4 -915.9
1871 Relax 32.5 160.5 345.9 -346.4 -564.4 -919.9
1874 Revenge 33.9 162.1 346.9 -350.4 -568.4 -923.9
1875 iG 35.5 163.8 348.8 -354.4 -572.4 -927.9
1876 GB 37.3 165.7 351.0 -358.4 -576.4 -931.9
1877 FD 38.9 167.4 352.3 -362.4 -580.4 -935.9
1878 Invasion 34.9 163.4 348.3 -350.8 -570.0 -922.0
1879 Orange 35.7 164.3 349.3 -354.8 -574.0 -926.0
1880 VG 31.7 160.3 345.3 -348.2 -566.6 -918.9
1883 iG 27.7 156.3 341.3 -339.8 -559.1 -909.2
1885 Mski 28.9 157.4 342.5 -343.8 -563.1 -913.2
1886 Invasion 30.2 158.8 343.5 -347.8 -567.1 -917.2
1887 Lowyat 31.5 160.2 344.9 -351.8 -571.1 -921.2
1889 Fnatic.eu 27.5 156.2 340.9 -334.6 -558.0 -909.4
1892 nAra 23.5 152.2 336.9 -326.8 -551.2 -901.0
1893 Mski 24.7 153.6 337.6 -330.8 -555.2 -905.0
1894 Spirit 20.7 149.6 333.6 -318.3 -543.7 -888.7
1898 Titan 22.0 151.3 334.4 -322.3 -547.7 -892.7
1899 LGD.cn 24.5 153.9 336.4 -326.3 -551.7 -896.7
1900 PBS 26.7 156.3 339.0 -330.3 -555.7 -900.7
1903 Titan 28.7 158.7 340.3 -334.3 -559.7 -904.7
1904 Mastery 24.7 154.7 336.3 -327.8 -553.4 -897.2
1905 Swage 20.7 150.7 332.3 -320.2 -546.7 -891.2
1906 5inQ 21.8 152.4 334.3 -324.2 -550.7 -895.2
1910 FD 23.7 154.6 335.8 -328.2 -554.7 -899.2
1911 Titan 24.8 155.9 336.8 -332.2 -558.7 -903.2
1912 Orange 26.9 157.9 338.8 -336.2 -562.7 -907.2
1913 rox.KIS 28.3 159.5 340.1 -340.2 -566.7 -911.2
1914 rox.KIS 30.1 161.3 342.1 -344.2 -570.7 -915.2
1916 rox.KIS 31.4 162.7 343.6 -348.2 -574.7 -919.2
1917 Orange 33.4 164.3 345.3 -352.2 -578.7 -923.2
1918 Orange 35.5 166.2 347.2 -356.2 -582.7 -927.2
1920 Mski 31.5 162.2 343.2 -347.9 -576.2 -921.2
1921 VP 34.0 164.6 345.5 -351.9 -580.2 -925.2
1923 VP 35.5 166.3 347.3 -355.9 -584.2 -929.2
1924 Sigma.int 37.8 169.0 349.0 -359.9 -588.2 -933.2
1925 PR 39.5 170.6 350.4 -363.9 -592.2 -937.2
1926 PR 42.1 172.7 352.6 -367.9 -596.2 -941.2
1927 Titan 43.7 174.5 353.8 -371.9 -600.2 -945.2
1928 Zephyr 44.7 176.0 355.6 -375.9 -604.2 -949.2
1929 MVP 46.0 177.5 357.4 -379.9 -608.2 -953.2
1930 Alliance 48.1 179.6 359.8 -383.9 -612.2 -957.2
1931 Swage 44.1 175.6 355.8 -375.9 -604.9 -950.6
1933 Alliance 46.3 177.8 358.2 -379.9 -608.9 -954.6
1934 Sigma.int 42.3 173.8 354.2 -368.9 -597.5 -944.0
1935 EOT.Ham. 38.3 169.8 350.2 -353.4 -587.5 -935.9
1936 Alliance 40.1 171.8 351.9 -357.4 -591.5 -939.9
1937 Na'Vi 41.9 173.8 354.1 -361.4 -595.5 -943.9
1939 Na'Vi 43.6 175.7 355.5 -365.4 -599.5 -947.9
1941 Zephyr 45.7 178.3 356.7 -369.4 -603.5 -951.9
1943 PR 47.6 180.2 358.9 -373.4 -607.5 -955.9
1944 VP 49.5 182.3 360.4 -377.4 -611.5 -959.9
1945 rox.KIS 50.6 183.6 361.2 -381.4 -615.5 -963.9
1946 PR 46.6 179.6 357.2 -374.8 -608.4 -957.3
1947 Relax 42.6 175.6 353.2 -367.8 -601.5 -951.2
1948 Empire 43.6 176.7 354.6 -371.8 -605.5 -955.2
1949 EOT.Ham. 39.6 172.7 350.6 -360.9 -596.2 -947.2
1951 Empire 40.8 174.2 351.4 -364.9 -600.2 -951.2
1953 Fnatic.eu 41.8 175.4 352.4 -368.9 -604.2 -955.2
1954 Empire 42.7 176.4 353.6 -372.9 -608.2 -959.2
1956 rox.KIS 44.3 177.8 355.1 -376.9 -612.2 -963.2
1960 Empire 46.0 179.6 357.3 -380.9 -616.2 -967.2
1961 Fnatic.eu 46.8 180.5 357.9 -384.9 -620.2 -971.2
1962 Fnatic.eu 49.1 182.9 360.3 -388.9 -624.2 -975.2
1963 Life 45.1 178.9 356.3 -379.5 -614.6 -968.3
1964 Fnatic.eu 46.2 180.3 357.1 -383.5 -618.6 -972.3
1965 Relax 47.9 182.3 358.7 -387.5 -622.6 -976.3
1967 Liquid 49.3 183.4 360.0 -391.5 -626.6 -980.3
1968 Denial 51.6 186.0 362.9 -395.5 -630.6 -984.3
1970 hehe 53.7 188.1 364.8 -399.5 -634.6 -988.3
1971 Relax 49.7 184.1 360.8 -384.8 -621.8 -977.5
1972 PR 45.7 180.1 356.8 -374.8 -613.3 -962.0
1973 Sigma.int 46.9 181.7 357.6 -378.8 -617.3 -966.0
1975 Fnatic.eu 47.6 182.5 358.0 -382.8 -621.3 -970.0
1981 Liquid 48.5 183.7 359.5 -386.8 -625.3 -974.0
1982 Speed 49.5 184.9 360.4 -390.8 -629.3 -978.0
1983 SADBOYS 45.5 180.9 356.4 -383.7 -620.7 -969.4
1984 Empire 46.4 181.9 357.2 -387.7 -624.7 -973.4
1985 SADBOYS 42.4 177.9 353.2 -377.9 -616.0 -963.1
1987 Empire 38.4 173.9 349.2 -371.6 -610.5 -955.1
1988 Liquid 34.4 169.9 345.2 -364.1 -603.9 -948.5
1991 PR 36.4 172.0 347.4 -368.1 -607.9 -952.5
1992 Speed 37.3 173.1 348.8 -372.1 -611.9 -956.5
1995 SADBOYS 38.8 175.1 351.3 -376.1 -615.9 -960.5
1996 TR 34.8 171.1 347.3 -368.1 -608.4 -953.6
2001 Speed 35.7 172.4 348.8 -372.1 -612.4 -957.6
2002 Swage 38.6 175.5 350.4 -376.1 -616.4 -961.6
2003 Empire 34.6 171.5 346.4 -369.9 -611.0 -953.1
2005 5inQ 37.2 174.4 347.9 -373.9 -615.0 -957.1
2008 SADBOYS 33.2 170.4 343.9 -366.6 -607.9 -950.0
2009 Fnatic.eu 34.7 172.1 345.2 -370.6 -611.9 -954.0
2010 Na'Vi 36.2 173.7 346.8 -374.6 -615.9 -958.0
2013 Empire 38.5 176.0 349.1 -378.6 -619.9 -962.0
2014 Speed 39.7 177.3 350.0 -382.6 -623.9 -966.0
2015 Speed 40.5 178.2 351.2 -386.6 -627.9 -970.0
2016 Revenge 42.4 180.2 353.3 -390.6 -631.9 -974.0
2018 Fnatic.eu 38.4 176.2 349.3 -381.7 -622.4 -965.2
2019 Na'Vi 39.8 177.6 350.9 -385.7 -626.4 -969.2
2020 PR 41.6 179.5 352.9 -389.7 -630.4 -973.2
2022 Liquid 42.5 180.5 353.5 -393.7 -634.4 -977.2
2023 SADBOYS 43.2 181.4 354.6 -397.7 -638.4 -981.2
2024 SADBOYS 44.6 182.9 355.3 -401.7 -642.4 -985.2
2026 Execration 46.6 185.2 357.9 -405.7 -646.4 -989.2
2028 Next.kz 42.6 181.2 353.9 -397.3 -638.8 -982.2
2029 Empire 43.7 182.5 354.6 -401.3 -642.8 -986.2
2031 Sigma.int 39.7 178.5 350.6 -394.9 -636.3 -979.6
2032 Liquid 40.6 179.5 351.7 -398.9 -640.3 -983.6
2033 eHug 36.6 175.5 347.7 -392.4 -633.6 -977.0
2034 Denial 32.6 171.5 343.7 -382.1 -623.7 -966.6
2035 SADBOYS 33.6 172.6 344.3 -386.1 -627.7 -970.6
2039 Speed 29.6 168.6 340.3 -379.7 -621.3 -964.1
2043 Liquid 32.1 171.2 341.6 -383.7 -625.3 -968.1
2044 Arrow 34.4 174.0 343.0 -387.7 -629.3 -972.1
2047 Empire 36.1 176.0 344.3 -391.7 -633.3 -976.1
2048 Arrow 37.8 178.1 345.3 -395.7 -637.3 -980.1
2049 GL 39.9 180.4 346.9 -399.7 -641.3 -984.1
2051 Nullis 41.9 182.5 349.2 -403.7 -645.3 -988.1
2052 Nullis 37.9 178.5 345.2 -395.9 -638.2 -979.2
2053 SADBOYS 38.7 179.6 345.6 -399.9 -642.2 -983.2
2054 Empire 39.7 180.9 347.2 -403.9 -646.2 -987.2
2055 Na'Vi 40.7 182.1 347.9 -407.9 -650.2 -991.2
2056 bvd.dotA 42.2 183.8 350.0 -411.9 -654.2 -995.2
2057 Aura 44.4 186.2 352.6 -415.9 -658.2 -999.2
2058 Cloud9 45.3 187.5 353.0 -419.9 -662.2 -1003.2
2059 Empire 46.2 188.5 354.1 -423.9 -666.2 -1007.2
2061 rox.KIS 42.2 184.5 350.1 -408.3 -651.5 -994.1
2062 PR 38.2 180.5 346.1 -401.8 -645.3 -988.2
2064 Cloud9 39.2 181.7 347.6 -405.8 -649.3 -992.2
2066 Alliance 40.4 182.9 348.9 -409.8 -653.3 -996.2
2067 Na'Vi 41.2 183.8 349.9 -413.8 -657.3 -1000.2
2068 Fnatic.eu 42.2 184.9 350.8 -417.8 -661.3 -1004.2
2069 VP 38.2 180.9 346.8 -411.5 -655.5 -998.2
2070 rox.KIS 34.2 176.9 342.8 -404.4 -649.0 -988.5
2072 About 30.2 172.9 338.8 -397.0 -641.9 -980.8
2073 4FC 32.0 175.0 340.3 -401.0 -645.9 -984.8
2074 vhoul 28.0 171.0 336.3 -390.6 -636.2 -977.9
2075 Liquid 24.0 167.0 332.3 -383.4 -630.2 -968.8
2076 Courage 20.0 163.0 328.3 -370.6 -619.4 -946.7
2078 Empire 22.5 165.6 330.3 -374.6 -623.4 -950.7
2079 Empire 24.1 167.5 332.4 -378.6 -627.4 -954.7
2080 rox.KIS 20.1 163.5 328.4 -362.3 -611.5 -941.4
2082 rox.KIS 21.1 164.7 329.7 -366.3 -615.5 -945.4
2083 PR 22.0 165.7 330.8 -370.3 -619.5 -949.4
2086 PssT 18.0 161.7 326.8 -363.0 -613.7 -940.8
2087 Liquid 19.3 163.1 327.7 -367.0 -617.7 -944.8
2089 SADBOYS 20.2 164.2 329.2 -371.0 -621.7 -948.8
2093 rox.KIS 22.0 166.1 330.4 -375.0 -625.7 -952.8
2094 Insane 18.0 162.1 326.4 -367.2 -618.7 -946.6
2095 Titan 19.4 163.8 327.0 -371.2 -622.7 -950.6
2097 rox.KIS 20.8 165.4 327.8 -375.2 -626.7 -954.6
2098 Zephyr 21.9 166.5 329.2 -379.2 -630.7 -958.6
2099 rox.KIS 23.9 168.4 331.1 -383.2 -634.7 -962.6
2100 PR 25.3 169.9 332.3 -387.2 -638.7 -966.6
2102 MYM 26.9 171.6 334.2 -391.2 -642.7 -970.6
2104 Arrow 22.9 167.6 330.2 -382.2 -633.8 -962.7
2112 DUZA 25.4 170.2 332.8 -386.2 -637.8 -966.7
2113 TCN 27.0 172.2 333.9 -390.2 -641.8 -970.7
2115 Mongolz 23.0 168.2 329.9 -383.8 -635.0 -964.3
2117 Titan 25.1 170.7 331.4 -387.8 -639.0 -968.3
2119 Empire 25.8 171.6 331.9 -391.8 -643.0 -972.3
2121 Relax 26.9 172.9 333.0 -395.8 -647.0 -976.3
2123 rox.KIS 27.8 174.0 333.7 -399.8 -651.0 -980.3
2124 neXt! 23.8 170.0 329.7 -393.4 -644.1 -973.1
2126 ZR 26.0 172.3 331.8 -397.4 -648.1 -977.1
2128 Alliance 27.6 174.0 333.4 -401.4 -652.1 -981.1
2129 vhoul 30.1 176.7 335.2 -405.4 -656.1 -985.1
2131 Titan 30.8 177.6 336.3 -409.4 -660.1 -989.1
2132 Fnatic.eu 32.5 179.3 337.9 -413.4 -664.1 -993.1
2133 Next.kz 28.5 175.3 333.9 -397.1 -649.3 -973.0
2135 rox.KIS 30.5 177.5 336.4 -401.1 -653.3 -977.0
2136 Swage 32.2 179.4 338.2 -405.1 -657.3 -981.0
2137 Revenge 33.9 181.2 339.4 -409.1 -661.3 -985.0
2138 Liquid 34.9 182.3 340.1 -413.1 -665.3 -989.0
2139 eHug 36.6 184.1 341.6 -417.1 -669.3 -993.0
2140 PssT 32.6 180.1 337.6 -409.7 -661.3 -985.7
2141 WWD 34.1 181.6 339.4 -413.7 -665.3 -989.7
2143 MiTH 35.6 183.1 340.7 -417.7 -669.3 -993.7
2146 Fnatic.eu 37.5 185.2 342.4 -421.7 -673.3 -997.7
2147 Na'Vi 38.6 186.4 343.7 -425.7 -677.3 -1001.7
2148 PR 34.6 182.4 339.7 -413.7 -667.5 -993.5
2149 Sigma.int 36.2 184.1 341.6 -417.7 -671.5 -997.5
2152 Relax 32.2 180.1 337.6 -407.5 -661.8 -987.8
2155 MYM 33.9 181.7 339.5 -411.5 -665.8 -991.8
2156 Cloud9 34.9 182.9 340.2 -415.5 -669.8 -995.8
2158 Denial 30.9 178.9 336.2 -405.7 -660.5 -983.8
2159 SADBOYS 31.6 179.8 337.3 -409.7 -664.5 -987.8
2160 Dog 33.0 181.6 339.3 -413.7 -668.5 -991.8
2161 Osiris 29.0 177.6 335.3 -405.9 -661.5 -987.9
2162 Orange 29.9 178.7 336.5 -409.9 -665.5 -991.9
2164 Puck 25.9 174.7 332.5 -403.6 -658.5 -985.1
2165 TR 21.9 170.7 328.5 -389.5 -645.9 -965.6
2166 DUZA 17.9 166.7 324.5 -382.1 -638.9 -959.1
2167 Scythe 20.7 169.9 326.2 -386.1 -642.9 -963.1
2169 WWD 23.0 172.6 327.5 -390.1 -646.9 -967.1
2170 ZR 19.0 168.6 323.5 -381.0 -637.2 -958.2
2171 Relax 20.8 170.4 325.3 -385.0 -641.2 -962.2
2172 Na'Vi 21.9 171.7 326.1 -389.0 -645.2 -966.2
2175 Liquid 22.8 172.7 327.4 -393.0 -649.2 -970.2
2176 neXt! 18.8 168.7 323.4 -386.6 -643.4 -964.7
2177 Dog 20.2 170.5 325.8 -390.6 -647.4 -968.7
2178 VP 21.5 171.9 327.0 -394.6 -651.4 -972.7
2179 PR 23.9 174.5 328.8 -398.6 -655.4 -976.7
2180 Puck 19.9 170.5 324.8 -391.7 -649.3 -968.3
2181 MiT 15.9 166.5 320.8 -379.1 -637.0 -957.1
2182 MM 18.6 169.4 322.4 -383.1 -641.0 -961.1
2185 Scythe 19.9 171.1 322.9 -387.1 -645.0 -965.1
2186 RRQ 15.9 167.1 318.9 -381.4 -640.0 -957.3
2187 Titan 16.5 167.9 319.9 -385.4 -644.0 -961.3
2188 Everlast 12.5 163.9 315.9 -369.8 -631.5 -950.6
2190 VP 13.7 165.0 317.1 -373.8 -635.5 -954.6
2191 Orange 15.8 167.1 319.2 -377.8 -639.5 -958.6
2192 PR 11.8 163.1 315.2 -370.9 -633.3 -953.4
2193 Na'Vi 13.7 164.8 316.9 -374.9 -637.3 -957.4
2194 Zephyr 16.4 167.6 319.2 -378.9 -641.3 -961.4
2197 Empire 17.2 168.6 320.5 -382.9 -645.3 -965.4
2200 Alliance 18.5 169.8 322.0 -386.9 -649.3 -969.4
2201 eN.Legs 20.7 172.0 324.2 -390.9 -653.3 -973.4
2202 neXt! 23.1 174.5 326.5 -394.9 -657.3 -977.4
2203 BIP 25.7 177.5 328.2 -398.9 -661.3 -981.4
2204 Osiris 21.7 173.5 324.2 -389.6 -651.7 -972.4
2210 Titan 22.4 174.4 325.3 -393.6 -655.7 -976.4
2213 Arrow 23.1 175.3 326.6 -397.6 -659.7 -980.4
2214 Orange 23.9 176.3 327.1 -401.6 -663.7 -984.4
2215 ADN 19.9 172.3 323.1 -392.5 -654.0 -977.6
2216 Alliance 21.4 174.0 324.8 -396.5 -658.0 -981.6
2218 VP 17.4 170.0 320.8 -387.0 -649.8 -973.9
2225 Empire 13.4 166.0 316.8 -381.3 -642.4 -966.2
2226 Empire 9.4 162.0 312.8 -371.4 -632.5 -959.8
2228 Titan 10.1 162.8 313.2 -375.4 -636.5 -963.8
2229 Scythe 11.6 164.5 314.0 -379.4 -640.5 -967.8
2230 Orange 13.8 166.6 316.2 -383.4 -644.5 -971.8
2231 Arrow 15.8 169.0 317.9 -387.4 -648.5 -975.8
2234 5inQ 18.4 171.1 320.1 -391.4 -652.5 -979.8
2237 Execration 20.0 172.7 321.8 -395.4 -656.5 -983.8
2238 FD 21.5 174.4 323.3 -399.4 -660.5 -987.8
2239 Orange 17.5 170.4 319.3 -387.3 -651.4 -980.0
2240 Spirit 13.5 166.4 315.3 -379.5 -643.6 -970.9
2241 hehe 9.5 162.4 311.3 -362.2 -628.6 -944.3
2242 PR 5.5 158.4 307.3 -352.0 -619.2 -930.8
2244 EG 7.1 160.4 308.2 -356.0 -623.2 -934.8
2248 DT.NGC 8.8 162.4 310.6 -360.0 -627.2 -938.8
2249 Titan 9.9 163.6 312.0 -364.0 -631.2 -942.8
2251 Zephyr 11.2 165.0 313.7 -368.0 -635.2 -946.8
2252 FD 13.5 167.4 315.6 -372.0 -639.2 -950.8
2255 rox.KIS 16.0 169.8 318.0 -376.0 -643.2 -954.8
2258 Arrow 12.0 165.8 314.0 -367.7 -636.4 -949.1
2259 VG 14.7 168.6 315.8 -371.7 -640.4 -953.1
2260 FL 16.2 170.3 316.8 -375.7 -644.4 -957.1
2261 CIS 12.2 166.3 312.8 -356.5 -630.6 -946.9
2262 Mski 14.2 168.5 314.5 -360.5 -634.6 -950.9
2263 Cloud9 16.4 171.1 317.4 -364.5 -638.6 -954.9
2269 Na'Vi 18.2 173.0 319.1 -368.5 -642.6 -958.9
2270 RRQ 14.2 169.0 315.1 -361.1 -635.3 -951.9
2271 Titan 16.0 170.9 316.9 -365.1 -639.3 -955.9
2273 VG 16.7 171.8 318.1 -369.1 -643.3 -959.9
2274 LGD.cn 18.6 174.1 319.4 -373.1 -647.3 -963.9
2275 Orange 19.3 174.8 320.1 -377.1 -651.3 -967.9
2277 FD 20.6 176.3 321.0 -381.1 -655.3 -971.9
2278 MiTH 21.7 177.4 322.4 -385.1 -659.3 -975.9
2279 DUZA 23.2 179.0 323.7 -389.1 -663.3 -979.9
2280 DK 23.8 179.7 324.6 -393.1 -667.3 -983.9
2281 Titan 26.4 181.8 326.6 -397.1 -671.3 -987.9
2282 iG 27.1 182.7 327.1 -401.1 -675.3 -991.9
2283 Fnatic.eu 28.8 184.6 329.0 -405.1 -679.3 -995.9
2284 Zephyr 30.1 186.0 330.3 -409.1 -683.3 -999.9
2285 Na'Vi 31.2 187.1 331.5 -413.1 -687.3 -1003.9
2288 EG 27.2 183.1 327.5 -403.6 -677.6 -996.1
2289 DT.NGC 23.2 179.1 323.5 -393.1 -666.1 -990.2
2290 Orange 19.2 175.1 319.5 -383.9 -657.7 -982.4
2291 Na'Vi 21.6 177.5 322.6 -387.9 -661.7 -986.4
2292 Na'Vi 23.1 178.9 324.1 -391.9 -665.7 -990.4
2293 Alliance 24.2 180.2 325.0 -395.9 -669.7 -994.4
2295 Arrow 25.2 181.4 326.3 -399.9 -673.7 -998.4
