0 0 0.0 0.0 0.0 0.0 0.0 0.0
508 Na'Vi 0.5 0.6 0.7 -4.0 -4.0 -4.0
956 Alliance 1.0 1.1 1.4 -8.0 -8.0 -8.0
1123 Na'Vi 1.4 1.7 2.1 -12.0 -12.0 -12.0
1146 iG 1.8 2.3 2.8 -16.0 -16.0 -16.0
1169 DK 2.2 2.9 3.6 -20.0 -20.0 -20.0
1178 DK 2.6 3.4 4.3 -24.0 -24.0 -24.0
1203 TongFu 3.0 4.0 5.0 -28.0 -28.0 -28.0
1247 iG 3.4 4.6 5.8 -32.0 -32.0 -32.0
1314 TongFu 3.8 5.2 6.5 -36.0 -36.0 -36.0
1322 DK 4.2 5.7 7.2 -40.0 -40.0 -40.0
1341 Alliance 4.7 6.3 7.9 -44.0 -44.0 -44.0
1359 LGD.cn 5.0 6.8 8.5 -48.0 -48.0 -48.0
1360 iG 5.4 7.3 9.1 -52.0 -52.0 -52.0
1362 Speed 5.8 7.8 9.8 -56.0 -56.0 -56.0
1366 Alliance 6.2 8.3 10.4 -60.0 -60.0 -60.0
1396 rox.KIS 2.2 4.3 6.4 -24.8 -32.3 -36.8
1424 DK 2.5 4.7 7.0 -28.8 -36.3 -40.8
1431 DK 2.9 5.2 7.6 -32.8 -40.3 -44.8
1442 LGD.int 3.3 5.8 8.3 -36.8 -44.3 -48.8
1513 DK 3.6 6.3 8.9 -40.8 -48.3 -52.8
1685 Alliance 4.1 6.9 9.6 -44.8 -52.3 -56.8
1689 iG 4.6 7.5 10.3 -48.8 -56.3 -60.8
1699 OsG 0.6 3.5 6.3 -20.4 -30.0 -37.4
1804 DK 1.0 4.1 7.0 -24.4 -34.0 -41.4
1808 iG 1.4 4.7 7.8 -28.4 -38.0 -45.4
