0 0 0.0 0.0 0.0 0.0 0.0 0.0
14 Alliance -4.0 -4.0 -4.0 4.7 4.7 4.1
15 Fnatic -0.5 -0.5 -1.5 0.7 0.7 0.1
16 Empire -4.5 -4.5 -5.5 5.3 5.6 5.1
17 Turtle -1.9 -2.0 -2.7 1.3 1.6 1.1
18 Na'Vi -1.1 -0.9 -1.2 -2.7 -2.4 -2.9
19 Empire 0.4 1.0 0.7 -6.7 -6.4 -6.9
22 Dignitas 3.9 4.4 4.3 -10.7 -10.4 -10.9
23 mouz 4.7 5.3 5.5 -14.7 -14.4 -14.9
26 Empire 0.7 1.3 1.5 -4.3 -5.9 -7.1
28 Quantic -3.3 -2.7 -2.5 2.3 1.2 -0.5
29 GU.pe -7.3 -6.7 -6.5 14.4 11.1 9.0
31 Liquid -5.6 -4.8 -4.4 10.4 7.1 5.0
32 Alliance -4.9 -3.7 -3.2 6.4 3.1 1.0
33 Dignitas -8.9 -7.7 -7.2 10.6 6.8 5.4
34 EG -12.9 -11.7 -11.2 18.8 13.7 11.9
37 mouz -16.9 -15.7 -15.2 23.5 17.7 16.2
39 VP -20.9 -19.7 -19.2 29.4 23.8 21.7
40 Fnatic.eu -19.5 -17.7 -17.2 25.4 19.8 17.7
41 Empire -18.4 -16.4 -15.5 21.4 15.8 13.7
42 Liquid -22.4 -20.4 -19.5 27.1 21.4 18.6
43 mouz -20.8 -18.5 -17.6 23.1 17.4 14.6
44 Quantic -19.4 -16.6 -15.5 19.1 13.4 10.6
45 Quantic -17.4 -14.2 -13.2 15.1 9.4 6.6
46 GU.pe -13.9 -10.4 -9.2 11.1 5.4 2.6
47 VP -17.9 -14.4 -13.2 15.8 9.9 6.4
48 VP -16.5 -12.8 -11.1 11.8 5.9 2.4
49 Liquid -15.7 -11.6 -9.7 7.8 1.9 -1.6
50 3DMAX -19.7 -15.6 -13.7 33.0 19.4 13.4
51 Liquid -23.7 -19.6 -17.7 44.1 29.0 21.0
52 Fnatic.eu -27.7 -23.6 -21.7 48.2 33.3 25.3
53 VP -31.7 -27.6 -25.7 58.8 42.0 33.4
54 4FC -29.1 -24.4 -22.2 54.8 38.0 29.4
55 mouz -25.3 -20.9 -18.4 50.8 34.0 25.4
57 Dignitas -23.6 -18.7 -16.0 46.8 30.0 21.4
58 Na'Vi -22.3 -17.1 -14.3 42.8 26.0 17.4
59 VP -26.3 -21.1 -18.3 54.2 34.9 25.7
60 Na'Vi -25.3 -19.9 -16.9 50.2 30.9 21.7
63 EG -29.3 -23.9 -20.9 55.8 35.8 26.6
64 iM`Bashers -25.4 -20.1 -17.1 51.8 31.8 22.6
65 VnR.Alpha -21.7 -16.6 -13.7 47.8 27.8 18.6
67 Ptd.Bravo -25.7 -20.6 -17.7 52.5 33.0 23.2
69 Dignitas -23.0 -17.8 -14.9 48.5 29.0 19.2
70 Quantic -19.9 -15.0 -11.7 44.5 25.0 15.2
71 Liquid -18.5 -13.4 -9.8 40.5 21.0 11.2
72 Neo.int -22.5 -17.4 -13.8 45.4 26.4 16.1
73 Zenith -21.7 -16.4 -12.7 41.4 22.4 12.1
74 Dignitas -25.7 -20.4 -16.7 48.1 28.5 18.2
75 Fnatic.eu -24.4 -18.9 -14.9 44.1 24.5 14.2
76 eN.Legs -22.0 -15.7 -11.5 40.1 20.5 10.2
77 VnR.Alpha -19.4 -13.8 -8.8 36.1 16.5 6.2
78 Fnatic.eu -23.4 -17.8 -12.8 40.8 21.1 10.8
79 Na'Vi -20.4 -14.8 -9.9 36.8 17.1 6.8
80 Liquid -24.4 -18.8 -13.9 44.3 25.0 12.9
81 Neo.int -21.9 -16.8 -11.6 40.3 21.0 8.9
82 Orange -25.9 -20.8 -15.6 48.0 28.6 16.1
83 s4 -29.9 -24.8 -19.6 51.8 33.8 21.5
84 Liquid -33.9 -28.8 -23.6 56.2 38.4 25.6
85 Fnatic.eu -30.6 -25.5 -20.2 52.2 34.4 21.6
88 Liquid -34.6 -29.5 -24.2 57.9 40.0 26.8
89 Liquid -33.1 -27.8 -22.4 53.9 36.0 22.8
90 VP -37.1 -31.8 -26.4 58.4 40.2 27.5
91 Liquid -33.8 -28.9 -23.6 54.4 36.2 23.5
93 Na'Vi -32.2 -27.1 -21.6 50.4 32.2 19.5
94 Fnatic.eu -28.5 -23.3 -17.7 46.4 28.2 15.5
95 Na'Vi -26.8 -21.4 -15.6 42.4 24.2 11.5
96 Empire -24.6 -19.1 -13.1 38.4 20.2 7.5
98 Fnatic.eu -28.6 -23.1 -17.1 52.0 30.6 17.5
99 VP -25.9 -20.2 -13.9 48.0 26.6 13.5
100 Liquid -23.8 -18.0 -11.5 44.0 22.6 9.5
101 3D -21.4 -15.0 -8.4 40.0 18.6 5.5
102 Dignitas -25.4 -19.0 -12.4 45.4 24.1 11.1
103 Fnatic.eu -21.6 -15.5 -9.0 41.4 20.1 7.1
104 PtD.Alpha -19.9 -13.6 -7.0 37.4 16.1 3.1
105 Liquid -17.2 -10.9 -4.1 33.4 12.1 -0.9
106 Dignitas -14.9 -8.4 -1.3 29.4 8.1 -4.9
107 iM`Bashers -12.7 -5.5 1.6 25.4 4.1 -8.9
108 ASF.R5 -11.3 -3.8 3.3 21.4 0.1 -12.9
110 Empire -9.9 -2.2 4.9 17.4 -3.9 -16.9
111 Fnatic.eu -7.9 0.3 7.5 13.4 -7.9 -20.9
112 eN.Legs -7.0 1.8 9.0 9.4 -11.9 -24.9
113 Fnatic.eu -5.4 3.5 11.3 5.4 -15.9 -28.9
114 Fnatic.eu -9.4 -0.5 7.3 11.4 -10.3 -23.1
117 VP -8.1 1.0 9.0 7.4 -14.3 -27.1
118 mouz -12.1 -3.0 5.0 20.8 -2.5 -17.7
119 Fnatic.eu -10.8 -1.3 6.9 16.8 -6.5 -21.7
120 Na'Vi -7.4 2.4 10.7 12.8 -10.5 -25.7
121 eN.Legs -5.9 4.2 13.0 8.8 -14.5 -29.7
122 mouz -2.4 7.9 16.5 4.8 -18.5 -33.7
123 eLPride -1.2 9.4 18.2 0.8 -22.5 -37.7
124 VP -0.2 10.7 19.7 -3.2 -26.5 -41.7
125 Empire 2.3 13.3 22.5 -7.2 -30.5 -45.7
126 rox.KIS -1.7 9.3 18.5 1.15463194561e-14 -23.4 -39.7
128 ASF.R5 -5.7 5.3 14.5 9.9 -14.8 -32.3
130 Alliance -9.7 1.3 10.5 19.6 -6.7 -24.6
131 Na'Vi -6.0 5.0 14.6 15.6 -10.7 -28.6
132 Alliance -10.0 1.0 10.6 24.2 -4.0 -22.1
135 Fnatic.eu -8.7 2.5 12.3 20.2 -8.0 -26.1
136 Alliance -7.8 3.6 13.6 16.2 -12.0 -30.1
137 Na'Vi -5.1 6.5 16.4 12.2 -16.0 -34.1
138 TCM -9.1 2.5 12.4 24.8 -4.7 -24.5
140 CastersEN -13.1 -1.5 8.4 29.6 0.9 -18.7
141 mouz -10.7 1.1 11.1 25.6 -3.1 -22.7
142 Alliance -14.7 -2.9 7.1 30.8 1.7 -18.0
143 Na'Vi -13.6 -1.5 8.7 26.8 -2.3 -22.0
144 mouz -17.6 -5.5 4.7 32.2 2.7 -17.1
145 Alliance -14.4 -2.2 7.9 28.2 -1.3 -21.1
146 Liquid -12.0 0.3 10.7 24.2 -5.3 -25.1
147 4FC -16.0 -3.7 6.7 29.7 0.2 -19.4
148 Empire -13.3 -0.8 9.8 25.7 -3.8 -23.4
151 EG -17.3 -4.8 5.8 35.2 4.5 -15.4
152 Alliance -14.3 -1.6 9.0 31.2 0.5 -19.4
153 Liquid -18.3 -5.6 5.0 38.0 8.0 -11.8
154 VP -15.8 -3.2 7.4 34.0 4.0 -15.8
155 iG -13.8 -0.9 9.9 30.0 7.1054273576e-15 -19.8
157 Fnatic.eu -11.5 1.4 12.2 26.0 -4.0 -23.8
159 VP -15.5 -2.6 8.2 34.0 3.1 -17.8
161 Empire -19.5 -6.6 4.2 39.6 8.6 -12.4
162 rox.KIS -17.6 -4.7 6.2 35.6 4.6 -16.4
163 Lounge -15.0 -2.0 9.1 31.6 0.6 -20.4
164 Dignitas -13.8 -0.5 10.8 27.6 -3.4 -24.4
165 eN.Legs -12.0 1.4 13.1 23.6 -7.4 -28.4
166 Fnatic.eu -10.0 3.5 15.4 19.6 -11.4 -32.4
167 LGD.int -9.1 4.5 16.7 15.6 -15.4 -36.4
171 LGD.int -8.2 5.5 17.9 11.6 -19.4 -40.4
172 Liquid -6.6 7.1 19.6 7.6 -23.4 -44.4
173 VP -4.6 9.4 22.1 3.6 -27.4 -48.4
175 Na'Vi -3.6 10.6 23.7 -0.4 -31.4 -52.4
176 Alliance -1.2 13.5 26.8 -4.4 -35.4 -56.4
177 QPandas -5.2 9.5 22.8 8.9 -24.3 -47.0
178 Dignitas -2.6 12.8 26.2 4.9 -28.3 -51.0
179 Liquid -6.6 8.8 22.2 14.7 -19.5 -42.9
180 Empire -10.6 4.8 18.2 27.0 -9.9 -34.6
181 iCCup -14.6 0.8 14.2 42.6 1.4 -24.7
182 Empire -12.2 3.5 17.1 38.6 -2.6 -28.7
183 Fnatic.eu -16.2 -0.5 13.1 46.1 3.9 -22.4
184 WH?Dota2 -13.0 3.0 16.6 42.1 -0.1 -26.4
185 LGD.int -11.7 4.5 18.3 38.1 -4.1 -30.4
186 Alliance -10.0 6.4 20.3 34.1 -8.1 -34.4
187 VP -14.0 2.4 16.3 41.1 -1.6 -28.5
188 LGD.cn -18.0 -1.6 12.3 46.1 3.7 -23.2
189 Dignitas -22.0 -5.6 8.3 52.8 10.0 -17.4
190 Alliance -26.0 -9.6 4.3 58.6 15.5 -11.9
191 Liquid -30.0 -13.6 0.3 63.7 21.0 -6.5
192 VP -34.0 -17.6 -3.7 68.5 25.3 -2.4
193 VP -38.0 -21.6 -7.7 74.0 30.6 2.7
194 Alliance -36.3 -19.7 -5.7 70.0 26.6 -1.3
195 Dignitas -40.3 -23.7 -9.7 75.6 32.9 6.4
196 Orange -44.3 -27.7 -13.7 84.8 41.5 14.5
198 iG -43.0 -26.1 -11.8 80.8 37.5 10.5
199 Dignitas -47.0 -30.1 -15.8 85.9 42.6 15.6
200 VP -43.2 -26.5 -12.2 81.9 38.6 11.6
201 Orange -40.2 -23.2 -8.7 77.9 34.6 7.6
202 Alliance -37.6 -20.5 -5.9 73.9 30.6 3.6
203 Alliance -34.3 -17.1 -2.4 69.9 26.6 -0.4
204 Fnatic.eu -38.3 -21.1 -6.4 74.1 31.0 4.0
205 Fnatic.eu -42.3 -25.1 -10.4 79.9 36.8 9.7
206 LGD.cn -40.5 -23.3 -8.5 75.9 32.8 5.7
207 Alliance -38.7 -21.3 -6.2 71.9 28.8 1.7
208 iG -37.7 -20.0 -4.6 67.9 24.8 -2.3
209 Liquid -36.1 -18.1 -2.4 63.9 20.8 -6.3
210 LGD.cn -33.2 -15.5 0.2 59.9 16.8 -10.3
211 Liquid -30.6 -12.5 3.4 55.9 12.8 -14.3
212 Dignitas -34.6 -16.5 -0.6 62.0 19.0 -8.3
213 DK -38.6 -20.5 -4.6 70.9 27.9 0.2
214 Dignitas -35.0 -16.6 -0.7 66.9 23.9 -3.8
215 Liquid -32.7 -14.1 1.8 62.9 19.9 -7.8
216 Liquid -36.7 -18.1 -2.2 70.3 26.7 -1.1
217 DK -33.3 -15.2 0.6 66.3 22.7 -5.1
218 Fnatic.eu -31.1 -13.1 2.8 62.3 18.7 -9.1
219 Dignitas -29.4 -11.3 4.8 58.3 14.7 -13.1
220 Fnatic.eu -27.7 -9.5 6.8 54.3 10.7 -17.1
221 Alliance -26.1 -7.7 8.8 50.3 6.7 -21.1
224 mouz -30.1 -11.7 4.8 59.6 15.8 -12.9
226 Alliance -29.3 -10.6 6.2 55.6 11.8 -16.9
227 Kaipi -33.3 -14.6 2.2 64.7 20.0 -9.8
229 Liquid -37.3 -18.6 -1.8 74.9 28.8 -1.9
230 VP -35.1 -16.1 0.9 70.9 24.8 -5.9
231 Na'Vi -33.6 -14.5 2.7 66.9 20.8 -9.9
232 Alliance -30.9 -11.6 5.8 62.9 16.8 -13.9
233 mouz -29.3 -9.9 7.7 58.9 12.8 -17.9
234 rox.KIS -27.8 -8.2 9.5 54.9 8.8 -21.9
235 aL -26.7 -6.9 11.0 50.9 4.8 -25.9
236 mouz -30.7 -10.9 7.0 66.6 17.2 -15.8
237 Na'Vi -29.0 -9.1 8.9 62.6 13.2 -19.8
238 rox.KIS -26.4 -6.4 11.8 58.6 9.2 -23.8
239 Na'Vi -25.0 -4.8 13.6 54.6 5.2 -27.8
240 Na'Vi -24.1 -3.7 14.9 50.6 1.2 -31.8
242 EG -28.1 -7.7 10.9 59.0 9.3 -24.1
243 Alliance -25.7 -5.1 13.7 55.0 5.3 -28.1
244 Alliance -23.8 -2.9 16.4 51.0 1.3 -32.1
246 Na'Vi -22.8 -1.9 17.7 47.0 -2.7 -36.1
247 Dignitas -20.1 1.5 21.3 43.0 -6.7 -40.1
248 Liquid -18.5 3.2 23.1 39.0 -10.7 -44.1
249 Fnatic.eu -15.5 6.0 26.0 35.0 -14.7 -48.1
250 Alliance -19.5 2.0 22.0 42.2 -7.4 -41.4
251 Alliance -18.0 3.7 23.8 38.2 -11.4 -45.4
252 VP -22.0 -0.3 19.8 45.0 -5.5 -39.9
253 Liquid -26.0 -4.3 15.8 61.7 8.3 -28.5
254 EG -30.0 -8.3 11.8 69.5 15.6 -22.0
255 Na'Vi -28.3 -6.4 14.0 65.5 11.6 -26.0
256 Alliance -26.7 -4.5 16.0 61.5 7.6 -30.0
257 Liquid -23.4 -1.0 19.6 57.5 3.6 -34.0
258 Alliance -21.9 0.7 21.5 53.5 -0.4 -38.0
259 Liquid -18.8 4.0 25.0 49.5 -4.4 -42.0
260 Alliance -17.2 5.8 26.9 45.5 -8.4 -46.0
261 Liquid -14.9 8.4 29.6 41.5 -12.4 -50.0
263 Prodota.ru -18.9 4.4 25.6 45.5 -8.3 -46.0
264 Lounge -22.9 0.4 21.6 51.1 -2.9 -40.7
267 mouz -19.5 4.2 25.5 47.1 -6.9 -44.7
268 Na'Vi -18.5 5.4 27.0 43.1 -10.9 -48.7
269 EG -22.5 1.4 23.0 49.2 -5.3 -43.3
270 Liquid -21.0 3.1 24.9 45.2 -9.3 -47.3
271 Na'Vi -19.9 4.5 26.5 41.2 -13.3 -51.3
273 mouz -18.5 5.9 28.1 37.2 -17.3 -55.3
274 Liquid -17.1 7.6 30.0 33.2 -21.3 -59.3
275 EG -21.1 3.6 26.0 52.5 -4.4 -45.1
276 Alliance -20.1 4.8 27.3 48.5 -8.4 -49.1
277 Na'Vi -18.4 6.8 29.7 44.5 -12.4 -53.1
279 Dignitas -17.0 8.5 31.7 40.5 -16.4 -57.1
280 Zenith -15.9 9.8 33.3 36.5 -20.4 -61.1
281 EG -19.9 5.8 29.3 44.6 -13.4 -54.9
282 Alliance -19.0 6.9 30.7 40.6 -17.4 -58.9
283 VG -23.0 2.9 26.7 55.7 -4.8 -48.8
284 Liquid -20.9 5.3 29.3 51.7 -8.8 -52.8
285 rox.KIS -17.9 8.5 32.7 47.7 -12.8 -56.8
286 Dignitas -16.4 10.1 34.4 43.7 -16.8 -60.8
289 Dignitas -14.5 12.4 36.8 39.7 -20.8 -64.8
290 Na'Vi -12.3 14.7 39.3 35.7 -24.8 -68.8
291 Alliance -10.9 16.3 41.2 31.7 -28.8 -72.8
292 rox.KIS -14.9 12.3 37.2 40.1 -21.4 -66.0
293 aL -18.9 8.3 33.2 54.0 -8.6 -55.0
294 Alliance -17.9 9.5 34.7 50.0 -12.6 -59.0
295 Quantic -21.9 5.5 30.7 54.9 -7.1 -53.5
296 Quantic -19.0 8.6 33.9 50.9 -11.1 -57.5
297 rox.KIS -17.5 10.4 35.9 46.9 -15.1 -61.5
298 Zenith -15.6 12.4 38.1 42.9 -19.1 -65.5
299 rox.KIS -13.6 14.5 40.3 38.9 -23.1 -69.5
300 mouz -12.4 15.9 42.0 34.9 -27.1 -73.5
301 EG -11.3 17.3 43.6 30.9 -31.1 -77.5
302 EG -9.4 19.5 46.1 26.9 -35.1 -81.5
303 QPandas -13.4 15.5 42.1 33.1 -29.4 -76.3
304 VG -12.6 16.4 43.3 29.1 -33.4 -80.3
305 mouz -10.6 18.6 45.7 25.1 -37.4 -84.3
306 LGD.cn -9.8 19.5 46.8 21.1 -41.4 -88.3
307 rox.KIS -13.8 15.5 42.8 29.4 -34.8 -82.6
308 Quantic -17.8 11.5 38.8 35.2 -29.8 -77.9
310 iG -16.9 12.7 40.4 31.2 -33.8 -81.9
311 Quantic -20.9 8.7 36.4 35.3 -29.1 -77.2
312 mouz -24.9 4.7 32.4 40.9 -23.6 -71.6
313 mouz -28.9 0.7 28.4 47.4 -17.3 -65.7
314 VP -27.5 2.3 30.2 43.4 -21.3 -69.7
315 Liquid -25.8 4.1 32.1 39.4 -25.3 -73.7
316 LGD.cn -25.2 4.9 33.2 35.4 -29.3 -77.7
317 FD -29.2 0.9 29.2 48.2 -19.3 -69.2
318 mouz -26.3 4.1 32.5 44.2 -23.3 -73.2
319 Na'Vi -25.2 5.3 33.9 40.2 -27.3 -77.2
320 EG -29.2 1.3 29.9 44.7 -22.7 -72.8
321 mouz -28.3 2.3 31.2 40.7 -26.7 -76.8
322 RS -26.8 4.1 33.3 36.7 -30.7 -80.8
323 TongFu -30.8 0.1 29.3 42.2 -25.2 -75.3
324 QPandas -34.8 -3.9 25.3 55.7 -13.7 -65.7
325 RS -32.3 -1.0 28.3 51.7 -17.7 -69.7
326 PR -36.3 -5.0 24.3 61.8 -8.3 -61.1
327 rox.KIS -40.3 -9.0 20.3 71.8 0.4 -53.2
328 4FC -44.3 -13.0 16.3 78.1 6.5 -47.4
329 RAT -41.2 -9.2 20.2 74.1 2.5 -51.4
330 TongFu -45.2 -13.2 16.2 93.7 18.2 -40.2
331 EG -49.2 -17.2 12.2 102.4 26.4 -32.6
332 RStars -46.6 -14.1 15.8 98.4 22.4 -36.6
333 VG -45.2 -12.4 17.8 94.4 18.4 -40.6
334 VP -43.8 -10.6 19.9 90.4 14.4 -44.6
335 VP -47.8 -14.6 15.9 95.2 18.7 -40.2
336 MiTH -44.9 -11.3 19.6 91.2 14.7 -44.2
337 TongFu -44.0 -10.1 21.2 87.2 10.7 -48.2
338 Na'Vi -43.1 -9.0 22.6 83.2 6.7 -52.2
339 RStars -40.8 -5.9 25.8 79.2 2.7 -56.2
340 mouz -40.0 -5.0 26.9 75.2 -1.3 -60.2
342 Alliance -37.2 -2.5 29.5 71.2 -5.3 -64.2
343 Orange -41.2 -6.5 25.5 74.9 -1.2 -59.8
344 LGD.cn -45.2 -10.5 21.5 85.5 8.6 -51.1
345 LGD.cn -43.4 -8.7 23.4 81.5 4.6 -55.1
346 Alliance -42.3 -7.5 24.8 77.5 0.6 -59.1
347 Orange -46.3 -11.5 20.8 85.8 7.0 -53.3
348 Na'Vi -44.9 -9.8 22.6 81.8 3.0 -57.3
349 Quantic -41.9 -6.5 26.3 77.8 -1.0 -61.3
351 Alliance -39.9 -4.3 28.6 73.8 -5.0 -65.3
352 LGD.cn -38.8 -3.0 30.1 69.8 -9.0 -69.3
353 iG -37.1 -1.1 32.2 65.8 -13.0 -73.3
354 Alliance -33.3 2.5 35.8 61.8 -17.0 -77.3
355 DK -37.3 -1.5 31.8 70.7 -7.3 -68.2
356 Liquid -41.3 -5.5 27.8 84.8 4.6 -58.4
357 LGD.cn -39.6 -3.7 29.7 80.8 0.6 -62.4
358 Alliance -37.6 -1.6 31.9 76.8 -3.4 -66.4
359 DK -41.6 -5.6 27.9 81.0 1.2 -61.7
360 mouz -39.8 -3.7 30.1 77.0 -2.8 -65.7
361 Orange -43.8 -7.7 26.1 81.7 1.6 -61.4
362 LGD.cn -42.4 -6.4 27.6 77.7 -2.4 -65.4
363 Alliance -40.3 -4.3 29.7 73.7 -6.4 -69.4
364 Zenith -39.2 -3.0 31.2 69.7 -10.4 -73.4
365 rox.KIS -43.2 -7.0 27.2 78.0 -3.1 -67.1
366 Dignitas -47.2 -11.0 23.2 86.7 5.8 -59.0
368 mouz -45.8 -9.4 25.1 82.7 1.8 -63.0
369 iCCup -49.8 -13.4 21.1 93.6 12.2 -53.4
370 iCCup -47.5 -10.7 24.1 89.6 8.2 -57.4
372 Quantic -51.5 -14.7 20.1 98.1 16.1 -50.6
373 Na'Vi -50.7 -13.8 21.1 94.1 12.1 -54.6
374 Dignitas -54.7 -17.8 17.1 99.6 17.5 -49.7
375 VG -53.0 -15.8 19.2 95.6 13.5 -53.7
376 LGD.cn -52.2 -14.8 20.4 91.6 9.5 -57.7
377 LGD.cn -51.0 -13.7 21.7 87.6 5.5 -61.7
378 VP -49.5 -12.1 23.5 83.6 1.5 -65.7
379 Na'Vi -48.6 -11.0 24.8 79.6 -2.5 -69.7
380 4FC -45.9 -8.0 28.0 75.6 -6.5 -73.7
381 RS -42.9 -4.9 31.2 71.6 -10.5 -77.7
382 Fnatic.eu -46.9 -8.9 27.2 80.0 -3.4 -71.3
383 RS -50.9 -12.9 23.2 89.3 5.8 -62.6
384 Alliance -49.9 -11.6 24.8 85.3 1.8 -66.6
385 Alliance -47.6 -8.6 28.4 81.3 -2.2 -70.6
386 TM -44.6 -5.0 32.2 77.3 -6.2 -74.6
387 LGD.cn -43.4 -3.6 33.8 73.3 -10.2 -78.6
388 Dignitas -42.4 -2.4 35.6 69.3 -14.2 -82.6
389 iG -41.5 -1.4 36.9 65.3 -18.2 -86.6
390 Na'Vi -40.1 0.2 38.7 61.3 -22.2 -90.6
391 mouz -36.3 3.6 42.1 57.3 -26.2 -94.6
392 Alliance -35.2 4.9 43.6 53.3 -30.2 -98.6
393 Kaipi -39.2 0.9 39.6 62.5 -20.3 -90.1
394 MX -37.0 3.3 42.3 58.5 -24.3 -94.1
395 LGD.cn -33.7 6.5 45.6 54.5 -28.3 -98.1
396 Liquid -33.1 7.2 46.6 50.5 -32.3 -102.1
397 rox.KIS -30.6 9.3 48.8 46.5 -36.3 -106.1
398 Alliance -29.9 10.1 49.8 42.5 -40.3 -110.1
399 VP -33.9 6.1 45.8 50.9 -32.3 -102.4
400 VP -37.9 2.1 41.8 55.2 -27.5 -97.7
402 DK -41.9 -1.9 37.8 61.3 -20.2 -90.6
403 RStars -45.9 -5.9 33.8 72.7 -9.6 -81.6
404 MiTH -44.2 -4.0 35.9 68.7 -13.6 -85.6
405 mouz -48.2 -8.0 31.9 73.3 -8.7 -80.7
407 PR -46.4 -5.7 34.7 69.3 -12.7 -84.7
408 TM -44.7 -3.8 36.9 65.3 -16.7 -88.7
409 Orange -43.6 -2.4 38.6 61.3 -20.7 -92.7
410 Alliance -42.9 -1.5 39.7 57.3 -24.7 -96.7
411 Quantic -46.9 -5.5 35.7 62.7 -19.7 -92.0
412 mouz -45.0 -3.4 38.0 58.7 -23.7 -96.0
414 Alliance -44.1 -2.3 39.4 54.7 -27.7 -100.0
416 4FC -48.1 -6.3 35.4 73.2 -11.2 -86.1
417 mouz -52.1 -10.3 31.4 87.1 0.7 -76.1
418 VP -50.3 -8.5 33.5 83.1 -3.3 -80.1
420 Na'Vi -54.3 -12.5 29.5 90.1 2.1 -75.2
421 Na'Vi -52.8 -10.9 31.3 86.1 -1.9 -79.2
422 Liquid -56.8 -14.9 27.3 90.7 2.7 -74.8
423 Quantic -54.2 -12.3 30.1 86.7 -1.3 -78.8
424 Kaipi -58.2 -16.3 26.1 97.5 9.5 -69.0
425 mouz -56.3 -14.2 28.4 93.5 5.5 -73.0
426 Artyk -54.4 -11.8 31.2 89.5 1.5 -77.0
427 rox.KIS -53.1 -10.4 32.8 85.5 -2.5 -81.0
428 Kaipi -51.5 -8.4 35.2 81.5 -6.5 -85.0
429 Liquid -48.9 -5.9 37.8 77.5 -10.5 -89.0
430 rox.KIS -47.7 -4.6 39.2 73.5 -14.5 -93.0
431 Quantic -46.7 -3.3 40.8 69.5 -18.5 -97.0
432 Kaipi -45.1 -1.9 42.4 65.5 -22.5 -101.0
433 DK -43.9 -0.5 44.1 61.5 -26.5 -105.0
434 EG -40.4 3.0 47.5 57.5 -30.5 -109.0
436 EG -37.0 6.3 50.8 53.5 -34.5 -113.0
437 Quantic -36.0 7.3 52.1 49.5 -38.5 -117.0
438 Na'Vi -34.0 9.2 54.1 45.5 -42.5 -121.0
439 Artyk -33.1 10.2 55.6 41.5 -46.5 -125.0
440 Orange -31.1 12.7 58.3 37.5 -50.5 -129.0
441 Na'Vi -30.2 13.7 59.5 33.5 -54.5 -133.0
442 Kaipi -28.1 15.6 61.5 29.5 -58.5 -137.0
443 Kaipi -32.1 11.6 57.5 42.2 -45.1 -125.1
444 Artyk -36.1 7.6 53.5 53.1 -34.9 -115.8
445 TM -35.0 9.0 55.1 49.1 -38.9 -119.8
446 Orange -34.1 10.0 56.3 45.1 -42.9 -123.8
447 DK -32.9 11.3 57.9 41.1 -46.9 -127.8
448 VP -36.9 7.3 53.9 52.2 -37.2 -119.4
449 VP -35.4 9.2 56.1 48.2 -41.2 -123.4
451 Kaipi -34.5 10.2 57.3 44.2 -45.2 -127.4
452 EG -32.9 12.0 59.3 40.2 -49.2 -131.4
453 Fnatic.eu -36.9 8.0 55.3 53.3 -38.0 -122.4
454 Kaipi -40.9 4.0 51.3 59.9 -32.4 -117.3
455 EG -38.1 7.0 54.3 55.9 -36.4 -121.3
456 Fnatic.eu -42.1 3.0 50.3 61.9 -30.3 -115.6
457 Alliance -40.3 5.0 52.4 57.9 -34.3 -119.6
458 EG -44.3 1.0 48.4 62.5 -29.4 -115.1
459 Alliance -42.7 2.8 50.4 58.5 -33.4 -119.1
460 Kaipi -46.7 -1.2 46.4 64.9 -27.6 -113.6
461 Alliance -45.9 -0.3 47.6 60.9 -31.6 -117.6
463 VP -43.2 2.2 50.3 56.9 -35.6 -121.6
464 Fnatic.eu -41.7 3.7 51.9 52.9 -39.6 -125.6
465 Alliance -40.3 5.1 53.5 48.9 -43.6 -129.6
466 iCCup -38.4 7.1 55.8 44.9 -47.6 -133.6
467 Na'Vi -36.6 9.2 58.1 40.9 -51.6 -137.6
468 Quantic -35.1 10.7 59.8 36.9 -55.6 -141.6
469 Alliance -33.5 12.3 61.6 32.9 -59.6 -145.6
470 mouz -30.8 15.0 64.5 28.9 -63.6 -149.6
471 4FC -34.8 11.0 60.5 42.1 -50.9 -138.7
475 Na'Vi -33.8 12.0 61.7 38.1 -54.9 -142.7
476 Na'Vi -32.3 13.6 63.5 34.1 -58.9 -146.7
477 mouz -29.6 16.6 66.6 30.1 -62.9 -150.7
478 rox.KIS -26.1 19.6 69.7 26.1 -66.9 -154.7
479 4FC -25.0 20.8 71.2 22.1 -70.9 -158.7
480 Orange -24.0 22.0 72.7 18.1 -74.9 -162.7
481 TM -22.7 23.7 74.7 14.1 -78.9 -166.7
482 Smeagol -20.9 26.0 77.1 10.1 -82.9 -170.7
483 paiN -24.9 22.0 73.1 18.7 -74.4 -163.6
484 Empire -28.9 18.0 69.1 35.4 -59.2 -151.7
486 Na'Vi -27.7 19.2 70.4 31.4 -63.2 -155.7
487 Kaipi -25.5 21.8 73.3 27.4 -67.2 -159.7
488 Fnatic.eu -29.5 17.8 69.3 45.1 -52.4 -148.1
489 LGD.int -27.9 19.4 71.2 41.1 -56.4 -152.1
490 paiN.int -25.2 22.5 74.6 37.1 -60.4 -156.1
491 TM -23.9 24.2 76.5 33.1 -64.4 -160.1
492 iCCup -22.6 25.8 78.3 29.1 -68.4 -164.1
493 iCCup -21.6 27.0 79.7 25.1 -72.4 -168.1
494 zRage -25.6 23.0 75.7 45.6 -54.2 -152.4
495 Artyk -24.4 24.6 77.7 41.6 -58.2 -156.4
496 TongFu -22.4 27.0 80.3 37.6 -62.2 -160.4
497 DK -26.4 23.0 76.3 43.1 -57.0 -155.4
498 mouz -25.2 24.3 77.9 39.1 -61.0 -159.4
499 Liquid -24.0 25.7 79.3 35.1 -65.0 -163.4
500 Liquid -28.0 21.7 75.3 41.3 -58.0 -156.7
501 eLPride -32.0 17.7 71.3 46.9 -51.6 -150.2
502 VP -31.3 18.5 72.3 42.9 -55.6 -154.2
503 Dignitas -30.5 19.5 73.6 38.9 -59.6 -158.2
504 VP -28.8 21.3 75.7 34.9 -63.6 -162.2
505 Na'Vi -28.3 21.9 76.5 30.9 -67.6 -166.2
506 EG -27.5 22.8 77.7 26.9 -71.6 -170.2
507 Na'Vi -26.6 23.8 79.0 22.9 -75.6 -174.2
508 Na'Vi -26.1 24.4 79.7 18.9 -79.6 -178.2
509 Keita -23.1 26.8 82.0 14.9 -83.6 -182.2
510 Fnatic.eu -27.1 22.8 78.0 19.8 -78.9 -178.0
511 Alliance -25.0 25.1 80.5 15.8 -82.9 -182.0
512 Quantic -29.0 21.1 76.5 33.5 -67.7 -168.1
513 EG -33.0 17.1 72.5 46.8 -56.3 -157.9
514 Dignitas -37.0 13.1 68.5 68.7 -37.7 -141.9
515 Alliance -35.5 15.0 70.7 64.7 -41.7 -145.9
516 Quantic -32.0 18.8 74.8 60.7 -45.7 -149.9
517 Alliance -30.5 20.6 76.9 56.7 -49.7 -153.9
518 Alliance -28.5 23.0 79.5 52.7 -53.7 -157.9
519 FSid3 -26.5 25.4 82.2 48.7 -57.7 -161.9
520 Quantic -25.4 26.7 83.8 44.7 -61.7 -165.9
521 LGD.int -29.4 22.7 79.8 54.6 -53.4 -158.5
522 Na'Vi -28.2 24.1 81.4 50.6 -57.4 -162.5
523 Na'Vi -26.5 25.9 83.4 46.6 -61.4 -166.5
524 Na'Vi -25.2 27.3 85.0 42.6 -65.4 -170.5
525 LGD.cn -23.3 29.3 87.3 38.6 -69.4 -174.5
527 Na'Vi -22.3 30.4 88.7 34.6 -73.4 -178.5
528 Liquid -21.4 31.5 90.0 30.6 -77.4 -182.5
529 EG -20.7 32.3 90.9 26.6 -81.4 -186.5
530 Orange -17.5 36.3 95.2 22.6 -85.4 -190.5
531 Na'Vi -16.6 37.3 96.4 18.6 -89.4 -194.5
532 Empire -15.6 38.3 97.6 14.6 -93.4 -198.5
533 rox.KIS -14.5 39.3 98.6 10.6 -97.4 -202.5
534 EG -11.7 42.1 101.3 6.6 -101.4 -206.5
536 Liquid -11.0 42.9 102.3 2.6 -105.4 -210.5
537 Liquid -10.4 43.6 103.2 -1.4 -109.4 -214.5
538 Alliance -9.6 44.4 104.2 -5.4 -113.4 -218.5
539 Quantic -6.2 47.7 107.6 -9.4 -117.4 -222.5
540 EG -3.6 50.2 110.2 -13.4 -121.4 -226.5
541 VP -2.6 51.5 111.6 -17.4 -125.4 -230.5
542 Alliance -1.1 53.1 113.4 -21.4 -129.4 -234.5
543 VP 1.5 55.4 116.0 -25.4 -133.4 -238.5
544 EG -2.5 51.4 112.0 -15.2 -123.7 -229.4
545 Alliance -1.0 53.3 114.2 -19.2 -127.7 -233.4
546 Orange 1.5 55.4 116.3 -23.2 -131.7 -237.4
547 iG 3.4 57.2 118.2 -27.2 -135.7 -241.4
548 Liquid 6.5 60.3 121.5 -31.2 -139.7 -245.4
549 Fnatic.eu 2.5 56.3 117.5 -18.7 -128.7 -236.1
550 Kaipi -1.5 52.3 113.5 -8.5 -118.2 -226.4
551 Kaipi -5.5 48.3 109.5 1.6 -107.3 -215.7
553 TongFu -9.5 44.3 105.5 17.4 -92.4 -202.9
556 Fnatic.eu -13.5 40.3 101.5 22.3 -88.1 -198.9
557 Liquid -17.5 36.3 97.5 32.8 -79.1 -190.8
558 rox.KIS -15.8 38.1 99.5 28.8 -83.1 -194.8
559 mouz -12.4 41.8 103.4 24.8 -87.1 -198.8
561 Orange -16.4 37.8 99.4 29.4 -81.8 -193.5
562 TongFu -14.7 39.6 101.3 25.4 -85.8 -197.5
563 iG -11.4 43.4 105.3 21.4 -89.8 -201.5
564 EG -15.4 39.4 101.3 28.3 -83.2 -195.4
565 Dignitas -19.4 35.4 97.3 33.3 -78.7 -191.3
567 mouz -16.4 38.6 100.7 29.3 -82.7 -195.3
568 Liquid -13.7 41.2 103.4 25.3 -86.7 -199.3
570 VP -17.7 37.2 99.4 29.3 -82.6 -195.1
571 DK -21.7 33.2 95.4 36.7 -75.5 -188.3
573 VP -25.7 29.2 91.4 49.1 -65.3 -179.6
574 Fnatic.eu -29.7 25.2 87.4 61.0 -54.9 -170.8
575 TongFu -33.7 21.2 83.4 66.5 -49.6 -165.8
576 iCCup -37.7 17.2 79.4 78.9 -39.7 -157.3
577 rox.KIS -35.7 19.3 81.9 74.9 -43.7 -161.3
579 Alliance -33.0 22.1 84.9 70.9 -47.7 -165.3
580 VP -32.0 23.3 86.3 66.9 -51.7 -169.3
581 LGD.cn -29.6 26.1 89.4 62.9 -55.7 -173.3
583 iCCup -33.6 22.1 85.4 67.3 -51.3 -169.2
584 Alliance -31.6 24.6 88.1 63.3 -55.3 -173.2
585 VP -30.1 26.4 90.0 59.3 -59.3 -177.2
586 EG -34.1 22.4 86.0 63.9 -54.5 -172.5
587 Alliance -32.7 23.7 87.4 59.9 -58.5 -176.5
588 Zenith -36.7 19.7 83.4 67.3 -50.9 -169.6
589 Alliance -34.7 21.8 85.8 63.3 -54.9 -173.6
590 Na'Vi -32.8 23.6 87.7 59.3 -58.9 -177.6
591 LGD.cn -30.1 26.5 90.7 55.3 -62.9 -181.6
592 Fnatic.eu -28.3 28.5 92.8 51.3 -66.9 -185.6
593 Quantic -25.8 31.0 95.4 47.3 -70.9 -189.6
594 mouz -22.6 34.3 98.9 43.3 -74.9 -193.6
595 Alliance -21.0 36.0 100.8 39.3 -78.9 -197.6
596 mouz -18.2 39.0 103.7 35.3 -82.9 -201.6
597 Alliance -16.4 40.9 105.7 31.3 -86.9 -205.6
598 LGD.cn -14.9 42.6 107.6 27.3 -90.9 -209.6
599 Na'Vi -11.4 45.6 110.5 23.3 -94.9 -213.6
600 mouz -15.4 41.6 106.5 35.7 -83.1 -203.1
602 Alliance -13.8 43.4 108.4 31.7 -87.1 -207.1
604 Orange -12.7 44.6 109.9 27.7 -91.1 -211.1
605 LGD.int -10.9 46.3 111.8 23.7 -95.1 -215.1
607 Kaipi -14.9 42.3 107.8 32.6 -86.5 -207.5
608 Alliance -13.6 43.8 109.5 28.6 -90.5 -211.5
610 LGD.cn -9.8 47.1 112.8 24.6 -94.5 -215.5
611 Denial -7.8 49.5 115.5 20.6 -98.5 -219.5
612 Na'Vi -4.6 52.4 118.3 16.6 -102.5 -223.5
613 Fnatic.eu -1.8 55.2 121.1 12.6 -106.5 -227.5
614 EG 1.7 58.6 124.7 8.6 -110.5 -231.5
615 Orange 3.0 60.0 126.3 4.6 -114.5 -235.5
616 TongFu 4.8 62.2 128.9 0.6 -118.5 -239.5
617 VP 6.2 63.8 130.7 -3.4 -122.5 -243.5
618 Alliance 7.4 65.2 132.3 -7.4 -126.5 -247.5
619 iG 3.4 61.2 128.3 -2.1 -121.4 -242.5
620 DK -0.6 57.2 124.3 2.5 -115.8 -236.4
621 iCCup -4.6 53.2 120.3 16.1 -102.7 -225.9
622 Fnatic.eu -2.3 55.3 122.4 12.1 -106.7 -229.9
623 Alliance -0.7 57.1 124.4 8.1 -110.7 -233.9
624 Liquid 0.8 58.8 126.3 4.1 -114.7 -237.9
625 TongFu -3.2 54.8 122.3 9.8 -109.6 -233.2
626 iCCup -7.2 50.8 118.3 20.6 -100.1 -225.0
627 EG -5.4 52.5 120.2 16.6 -104.1 -229.0
628 EG -4.5 53.5 121.4 12.6 -108.1 -233.0
629 LGD.cn -8.5 49.5 117.4 19.5 -100.8 -226.2
630 iG -6.5 51.6 119.7 15.5 -104.8 -230.2
631 Alliance -5.6 52.8 121.2 11.5 -108.8 -234.2
632 mouz -4.1 54.5 123.1 7.5 -112.8 -238.2
633 Liquid -0.5 58.1 126.9 3.5 -116.8 -242.2
634 Na'Vi 2.4 60.9 129.7 -0.5 -120.8 -246.2
635 Dignitas 3.8 62.4 131.5 -4.5 -124.8 -250.2
636 EG 4.5 63.3 132.6 -8.5 -128.8 -254.2
638 Na'Vi 7.2 65.9 135.3 -12.5 -132.8 -258.2
639 4FC 10.5 68.7 138.1 -16.5 -136.8 -262.2
641 mouz 12.6 71.3 140.9 -20.5 -140.8 -266.2
642 Alliance 13.6 72.5 142.4 -24.5 -144.8 -270.2
643 iG 15.9 74.6 144.7 -28.5 -148.8 -274.2
644 rox.KIS 11.9 70.6 140.7 -17.7 -138.7 -265.4
645 VP 7.9 66.6 136.7 -9.2 -130.4 -257.9
646 Fnatic.eu 10.3 68.7 138.9 -13.2 -134.4 -261.9
648 VP 12.0 70.8 141.3 -17.2 -138.4 -265.9
649 Fnatic.eu 15.4 74.2 144.9 -21.2 -142.4 -269.9
650 Fnatic.eu 11.4 70.2 140.9 -16.8 -137.8 -265.2
651 Denial 7.4 66.2 136.9 1.2 -122.4 -253.2
652 DK 3.4 62.2 132.9 7.1 -116.8 -247.8
653 VG -0.6 58.2 128.9 22.1 -103.7 -237.0
654 DK 1.4 60.8 132.1 18.1 -107.7 -241.0
656 Na'Vi 2.5 62.0 133.6 14.1 -111.7 -245.0
657 mouz 4.1 63.9 135.7 10.1 -115.7 -249.0
658 mouz 0.1 59.9 131.7 21.6 -105.6 -239.2
659 Na'Vi 1.7 61.5 133.4 17.6 -109.6 -243.2
660 RS -2.3 57.5 129.4 30.1 -98.3 -233.6
661 iG -6.3 53.5 125.4 35.6 -93.3 -228.9
662 DK -4.6 55.4 127.6 31.6 -97.3 -232.9
663 RS -8.6 51.4 123.6 36.1 -92.4 -228.5
664 RStars -12.6 47.4 119.6 52.2 -79.0 -217.3
665 Orange -10.2 50.0 122.6 48.2 -83.0 -221.3
666 LGD.cn -7.9 52.7 125.5 44.2 -87.0 -225.3
667 DK -6.1 54.6 127.7 40.2 -91.0 -229.3
668 mouz -5.3 55.6 129.0 36.2 -95.0 -233.3
669 iNfernity -3.0 58.2 132.2 32.2 -99.0 -237.3
670 EG -2.0 59.3 133.6 28.2 -103.0 -241.3
671 Fnatic.eu -1.1 60.3 134.8 24.2 -107.0 -245.3
672 Orange 0.5 62.0 136.7 20.2 -111.0 -249.3
673 LGD.cn 3.5 65.3 140.2 16.2 -115.0 -253.3
674 mouz 4.2 66.2 141.3 12.2 -119.0 -257.3
675 EG 0.2 62.2 137.3 18.6 -112.8 -251.4
676 LGD.cn 2.0 64.1 139.5 14.6 -116.8 -255.4
677 mouz 4.0 66.1 141.5 10.6 -120.8 -259.4
678 Kaipi -4.4408920985e-14 62.1 137.5 29.3 -104.3 -245.8
679 Fnatic.eu -4.0 58.1 133.5 39.0 -95.7 -238.0
680 Liquid -8.0 54.1 129.5 45.6 -89.0 -232.3
681 Quantic -12.0 50.1 125.5 52.3 -83.1 -226.9
682 mouz -16.0 46.1 121.5 58.6 -77.2 -221.6
683 rox.KIS -20.0 42.1 117.5 65.0 -71.5 -216.4
684 VP -16.2 45.7 121.3 61.0 -75.5 -220.4
685 mouz -13.6 48.7 124.6 57.0 -79.5 -224.4
686 VP -11.8 50.6 126.7 53.0 -83.5 -228.4
687 VP -15.8 46.6 122.7 58.6 -78.3 -223.3
688 VP -13.8 48.7 125.1 54.6 -82.3 -227.3
689 Kaipi -17.8 44.7 121.1 58.9 -78.2 -223.1
690 EG -15.9 47.1 123.7 54.9 -82.2 -227.1
691 Liquid -13.7 49.5 126.3 50.9 -86.2 -231.1
692 Na'Vi -12.1 51.1 128.1 46.9 -90.2 -235.1
693 Alliance -10.5 52.8 130.0 42.9 -94.2 -239.1
695 Alliance -8.5 55.0 132.4 38.9 -98.2 -243.1
696 Fnatic.eu -6.9 56.6 134.2 34.9 -102.2 -247.1
697 Kaipi -5.3 58.2 136.0 30.9 -106.2 -251.1
699 Alliance -4.2 59.5 137.5 26.9 -110.2 -255.1
700 Orange -2.8 60.9 139.2 22.9 -114.2 -259.1
701 VG -6.8 56.9 135.2 29.0 -108.0 -253.3
702 Na'Vi -5.9 57.9 136.4 25.0 -112.0 -257.3
703 mouz -5.0 58.9 137.7 21.0 -116.0 -261.3
704 EG -9.0 54.9 133.7 29.0 -109.0 -255.0
706 RS -13.0 50.9 129.7 34.5 -103.7 -249.8
707 Orange -11.1 52.8 131.8 30.5 -107.7 -253.8
708 iCCup -15.1 48.8 127.8 40.4 -98.8 -245.8
709 Kaipi -12.1 51.9 131.1 36.4 -102.8 -249.8
710 VP -8.9 55.0 134.3 32.4 -106.8 -253.8
711 mouz -6.2 58.2 137.7 28.4 -110.8 -257.8
712 Na'Vi -5.3 59.3 139.0 24.4 -114.8 -261.8
713 MiTH -3.6 61.2 141.2 20.4 -118.8 -265.8
714 Dreamz -0.7 63.9 144.1 16.4 -122.8 -269.8
715 mouz 0.8 65.6 146.0 12.4 -126.8 -273.8
716 mouz 2.9 68.0 148.7 8.4 -130.8 -277.8
717 mouz 5.8 71.0 151.8 4.4 -134.8 -281.8
718 Dreamz 6.9 72.2 153.3 0.4 -138.8 -285.8
719 Mski 9.0 74.0 155.2 -3.6 -142.8 -289.8
720 MiTH 10.8 75.8 157.2 -7.6 -146.8 -293.8
721 Mski 6.8 71.8 153.2 1.8 -136.7 -284.6
722 iCCup 8.7 73.8 155.5 -2.2 -140.7 -288.6
723 Kaipi 9.6 74.8 156.7 -6.2 -144.7 -292.6
724 Kaipi 13.1 78.5 160.5 -10.2 -148.7 -296.6
725 Romania 14.8 80.5 162.8 -14.2 -152.7 -300.6
726 RS 10.8 76.5 158.8 -7.3 -145.7 -294.3
727 Fnatic.eu 6.8 72.5 154.8 9.5 -131.2 -282.8
729 DK 7.8 74.0 156.6 5.5 -135.2 -286.8
730 LGD.cn 8.6 75.0 157.7 1.5 -139.2 -290.8
731 iG 10.2 76.9 159.8 -2.5 -143.2 -294.8
732 Alliance 11.3 78.2 161.4 -6.5 -147.2 -298.8
734 TongFu 14.3 81.5 164.8 -10.5 -151.2 -302.8
735 Dignitas 17.7 84.6 167.8 -14.5 -155.2 -306.8
737 Na'Vi 19.9 87.0 170.4 -18.5 -159.2 -310.8
741 TongFu 21.4 88.8 172.9 -22.5 -163.2 -314.8
743 Fnatic.eu 25.0 91.9 176.0 -26.5 -167.2 -318.8
744 Alliance 27.5 94.5 178.8 -30.5 -171.2 -322.8
745 Dignitas 23.5 90.5 174.8 -9.0 -156.7 -311.1
746 DK 24.2 91.4 175.8 -13.0 -160.7 -315.1
748 Na'Vi 25.4 92.7 177.4 -17.0 -164.7 -319.1
749 Liquid 21.4 88.7 173.4 -4.5 -154.7 -309.2
750 Orange 24.0 91.8 176.6 -8.5 -158.7 -313.2
751 Alliance 24.8 92.9 178.0 -12.5 -162.7 -317.2
754 Na'Vi 25.5 93.7 178.9 -16.5 -166.7 -321.2
756 Dignitas 21.5 89.7 174.9 -11.1 -161.9 -316.7
757 Alliance 23.1 91.2 176.4 -15.1 -165.9 -320.7
758 iG 24.6 93.0 178.2 -19.1 -169.9 -324.7
759 Orange 26.2 94.8 180.2 -23.1 -173.9 -328.7
761 Fnatic.eu 26.9 95.6 181.1 -27.1 -177.9 -332.7
762 Na'Vi 29.0 97.6 183.3 -31.1 -181.9 -336.7
766 Alliance 29.9 98.6 184.4 -35.1 -185.9 -340.7
767 LGD.int 25.9 94.6 180.4 -19.1 -172.0 -328.8
769 mouz 26.8 95.6 181.6 -23.1 -176.0 -332.8
770 LGD.cn 28.4 97.3 183.4 -27.1 -180.0 -336.8
771 Na'Vi 29.6 98.6 184.8 -31.1 -184.0 -340.8
772 DK 25.6 94.6 180.8 -25.6 -178.1 -335.4
773 Alliance 26.3 95.4 181.7 -29.6 -182.1 -339.4
774 TongFu 22.3 91.4 177.7 -23.0 -175.9 -333.7
775 Liquid 25.2 94.3 180.7 -27.0 -179.9 -337.7
776 Orange 26.5 95.7 182.3 -31.0 -183.9 -341.7
778 DK 27.9 97.5 184.3 -35.0 -187.9 -345.7
779 Zenith 28.8 98.5 185.5 -39.0 -191.9 -349.7
781 Alliance 29.7 99.5 186.6 -43.0 -195.9 -353.7
782 iG 32.2 102.2 189.5 -47.0 -199.9 -357.7
783 TongFu 33.1 103.1 190.5 -51.0 -203.9 -361.7
785 LGD.cn 35.1 105.4 193.0 -55.0 -207.9 -365.7
786 Na'Vi 36.1 106.5 194.3 -59.0 -211.9 -369.7
787 TongFu 39.3 110.4 198.4 -63.0 -215.9 -373.7
788 Dignitas 41.7 112.8 201.0 -67.0 -219.9 -377.7
789 LGD.int 37.7 108.8 197.0 -62.6 -215.3 -373.3
790 AllStarsA 33.7 104.8 193.0 -57.9 -210.0 -368.3
791 Orange 35.4 106.7 195.0 -61.9 -214.0 -372.3
792 Fnatic.eu 38.0 109.2 197.7 -65.9 -218.0 -376.3
793 Alliance 39.2 110.5 199.3 -69.9 -222.0 -380.3
794 DK 35.2 106.5 195.3 -65.7 -217.5 -376.0
795 Liquid 36.1 107.5 196.5 -69.7 -221.5 -380.0
796 Zenith 38.0 109.5 198.8 -73.7 -225.5 -384.0
797 Liquid 34.0 105.5 194.8 -59.9 -214.1 -374.4
798 iG 35.9 107.5 197.0 -63.9 -218.1 -378.4
799 Alliance 37.0 108.7 198.5 -67.9 -222.1 -382.4
800 Na'Vi 38.4 110.1 200.0 -71.9 -226.1 -386.4
801 Orange 41.1 113.1 203.2 -75.9 -230.1 -390.4
802 iG 43.2 115.4 205.8 -79.9 -234.1 -394.4
803 Orange 39.2 111.4 201.8 -68.0 -224.5 -386.2
804 TongFu 42.6 115.3 205.8 -72.0 -228.5 -390.2
805 Alliance 46.0 119.3 210.0 -76.0 -232.5 -394.2
806 Orange 42.0 115.3 206.0 -68.9 -226.3 -388.5
807 Na'Vi 43.6 117.0 207.9 -72.9 -230.3 -392.5
808 Alliance 46.0 119.8 210.8 -76.9 -234.3 -396.5
811 RStars 47.2 121.3 212.6 -80.9 -238.3 -400.5
812 Empire 48.2 122.5 214.2 -84.9 -242.3 -404.5
813 Empire 49.1 123.4 215.4 -88.9 -246.3 -408.5
814 Kaipi 50.6 125.2 217.5 -92.9 -250.3 -412.5
815 TTD 51.9 126.6 219.2 -96.9 -254.3 -416.5
816 Kaipi 53.2 128.0 220.7 -100.9 -258.3 -420.5
817 Lounge 55.2 130.0 223.0 -104.9 -262.3 -424.5
818 FD 56.4 131.2 224.5 -108.9 -266.3 -428.5
820 4FC 57.1 132.0 225.5 -112.9 -270.3 -432.5
821 4++ 53.1 128.0 221.5 -98.6 -255.1 -420.6
822 MiTH 54.1 129.3 223.0 -102.6 -259.1 -424.6
823 GL.eu 55.5 130.9 224.9 -106.6 -263.1 -428.6
825 WARDGS 57.2 132.6 226.9 -110.6 -267.1 -432.6
826 EVOPLAY 58.9 134.1 228.8 -114.6 -271.1 -436.6
827 TS 54.9 130.1 224.8 -109.5 -264.2 -430.1
828 EVOPLAY 56.8 132.0 226.9 -113.5 -268.2 -434.1
829 TLP 52.8 128.0 222.9 -99.6 -256.3 -424.7
830 DUZA 48.8 124.0 218.9 -91.9 -248.7 -417.3
831 Awake 50.7 125.9 220.9 -95.9 -252.7 -421.3
832 CDCD 46.7 121.9 216.9 -72.7 -234.3 -405.5
833 Menace 42.7 117.9 212.9 -59.8 -223.2 -396.5
834 Aspera 46.3 121.3 216.5 -63.8 -227.2 -400.5
835 Poseidon 49.2 123.8 218.9 -67.8 -231.2 -404.5
836 Poseidon 51.0 125.9 221.3 -71.8 -235.2 -408.5
837 Next.kz 47.0 121.9 217.3 -66.0 -228.9 -402.5
838 Kaipi 48.6 123.7 219.6 -70.0 -232.9 -406.5
840 TS 51.8 126.9 222.9 -74.0 -236.9 -410.5
841 VP 52.8 128.0 224.3 -78.0 -240.9 -414.5
842 Menace 48.8 124.0 220.3 -68.6 -231.9 -405.8
843 Empire 50.7 125.7 222.1 -72.6 -235.9 -409.8
844 Kaipi 52.0 127.0 223.7 -76.6 -239.9 -413.8
845 DUZA 48.0 123.0 219.7 -67.5 -231.4 -406.2
846 Next.kz 51.1 126.3 223.1 -71.5 -235.4 -410.2
847 4FC 47.1 122.3 219.1 -66.9 -230.3 -404.9
848 DUZA 43.1 118.3 215.1 -60.0 -223.8 -399.1
849 Poseidon 46.4 121.7 218.8 -64.0 -227.8 -403.1
851 VP 47.4 122.9 220.3 -68.0 -231.8 -407.1
854 Life 43.4 118.9 216.3 -63.4 -226.1 -401.6
855 Imp 45.6 121.2 218.8 -67.4 -230.1 -405.6
856 Empire 47.1 122.7 220.5 -71.4 -234.1 -409.6
857 Next.kz 48.9 124.5 222.4 -75.4 -238.1 -413.6
858 FSid3 50.8 126.5 224.8 -79.4 -242.1 -417.6
859 FSid3 46.8 122.5 220.8 -69.6 -231.4 -407.8
860 Bambang 42.8 118.5 216.8 -62.0 -223.2 -400.4
861 Aspera 45.1 120.5 218.9 -66.0 -227.2 -404.4
862 rox.KIS 46.6 121.8 220.4 -70.0 -231.2 -408.4
863 Next.kz 42.6 117.8 216.4 -65.4 -226.2 -403.7
864 Poseidon 43.7 119.1 217.9 -69.4 -230.2 -407.7
865 Mski 44.7 120.2 219.3 -73.4 -234.2 -411.7
866 Poseidon 45.6 121.1 220.4 -77.4 -238.2 -415.7
867 Dreamz 46.7 122.4 222.0 -81.4 -242.2 -419.7
868 GxGaming 42.7 118.4 218.0 -76.4 -236.4 -414.3
869 SFEC 38.7 114.4 214.0 -71.0 -231.5 -409.8
871 Next.kz 39.8 115.6 215.4 -75.0 -235.5 -413.8
872 Aspera 35.8 111.6 211.4 -66.3 -227.5 -406.5
873 PR 31.8 107.6 207.4 -45.6 -209.9 -391.9
874 VP 35.1 110.8 210.9 -49.6 -213.9 -395.9
875 Imp 31.1 106.8 206.9 -44.8 -209.1 -391.3
876 MSIEvoGT 33.1 109.1 209.6 -48.8 -213.1 -395.3
877 Mski 34.1 110.5 211.3 -52.8 -217.1 -399.3
878 Lowyat 30.1 106.5 207.3 -39.1 -205.7 -389.8
879 Empire 32.9 109.6 210.6 -43.1 -209.7 -393.8
880 Empire 28.9 105.6 206.6 -34.2 -201.0 -385.9
881 Quantic 24.9 101.6 202.6 -25.6 -193.4 -379.2
883 Kaipi 26.1 103.0 204.2 -29.6 -197.4 -383.2
885 Aspera 27.8 104.7 206.1 -33.6 -201.4 -387.2
886 Fnatic.eu 29.2 106.2 207.9 -37.6 -205.4 -391.2
887 MSIEvoGT 25.2 102.2 203.9 -31.2 -199.8 -386.0
888 Mski 27.1 104.2 206.2 -35.2 -203.8 -390.0
889 Next.kz 28.4 105.5 207.7 -39.2 -207.8 -394.0
890 GL.eu 30.7 108.2 210.6 -43.2 -211.8 -398.0
891 Menace 32.6 110.0 212.6 -47.2 -215.8 -402.0
892 Kaipi 34.6 112.3 215.2 -51.2 -219.8 -406.0
893 Menace 30.6 108.3 211.2 -41.0 -209.7 -397.1
894 Life 33.1 111.3 214.6 -45.0 -213.7 -401.1
895 Next.kz 36.6 115.0 218.2 -49.0 -217.7 -405.1
896 Life 32.6 111.0 214.2 -40.8 -208.7 -396.2
897 Kaipi 34.2 112.9 216.4 -44.8 -212.7 -400.2
898 Mski 35.8 114.6 218.3 -48.8 -216.7 -404.2
899 Menace 37.1 115.8 219.7 -52.8 -220.7 -408.2
900 VP 33.1 111.8 215.7 -45.8 -214.1 -402.2
901 Fnatic.eu 34.5 113.1 217.2 -49.8 -218.1 -406.2
902 Kaipi 36.7 115.3 219.6 -53.8 -222.1 -410.2
903 Kaipi 37.9 116.6 221.1 -57.8 -226.1 -414.2
904 SAfrica 33.9 112.6 217.1 -52.3 -220.6 -409.0
905 Dignitas 34.7 113.5 218.2 -56.3 -224.6 -413.0
906 Dignitas 35.6 114.5 219.4 -60.3 -228.6 -417.0
907 NoLove 39.2 118.3 223.4 -64.3 -232.6 -421.0
908 iG 39.9 119.1 224.4 -68.3 -236.6 -425.0
909 VG 41.4 121.0 226.7 -72.3 -240.6 -429.0
910 Empire 37.4 117.0 222.7 -68.2 -236.5 -424.9
911 4FC 33.4 113.0 218.7 -54.9 -222.9 -413.5
912 Kaipi 29.4 109.0 214.7 -50.4 -218.0 -408.8
913 Joiker 25.4 105.0 210.7 -42.8 -211.0 -402.7
914 StayFree 27.7 107.4 213.5 -46.8 -215.0 -406.7
915 Fnatic.eu 28.5 108.4 214.7 -50.8 -219.0 -410.7
916 Property 24.5 104.4 210.7 -38.1 -208.4 -401.4
917 Menace 20.5 100.4 206.7 -27.2 -197.5 -391.9
918 DUZA 16.5 96.4 202.7 -22.0 -193.0 -387.6
919 LGD.cn 17.8 97.9 204.4 -26.0 -197.0 -391.6
920 TongFu 18.4 98.6 205.3 -30.0 -201.0 -395.6
921 Alliance 19.4 99.6 206.6 -34.0 -205.0 -399.6
922 PR 15.4 95.6 202.6 -26.4 -198.1 -393.0
923 DUZA 17.2 97.4 204.7 -30.4 -202.1 -397.0
924 ONE.dota 20.5 100.9 208.7 -34.4 -206.1 -401.0
925 Empire 21.8 102.2 210.2 -38.4 -210.1 -405.0
926 Empire 23.2 103.8 211.9 -42.4 -214.1 -409.0
927 iG 24.7 105.2 213.4 -46.4 -218.1 -413.0
928 LGD.cn 20.7 101.2 209.4 -41.8 -213.4 -408.2
929 Dreamz 16.7 97.2 205.4 -37.1 -209.3 -404.2
930 MiTH 19.4 99.5 207.8 -41.1 -213.3 -408.2
931 Alliance 20.3 100.4 208.8 -45.1 -217.3 -412.2
932 Fnatic.eu 22.3 102.8 211.4 -49.1 -221.3 -416.2
933 Empire 24.6 105.1 213.9 -53.1 -225.3 -420.2
937 OguraYui 20.6 101.1 209.9 -42.0 -212.7 -409.4
938 Mski 22.4 102.6 211.6 -46.0 -216.7 -413.4
939 Poseidon 25.2 106.0 215.3 -50.0 -220.7 -417.4
940 Next.kz 21.2 102.0 211.3 -44.6 -215.6 -412.5
941 Alliance 22.1 103.0 212.4 -48.6 -219.6 -416.5
942 Quantic 18.1 99.0 208.4 -44.1 -214.4 -411.6
944 Imp 14.1 95.0 204.4 -32.9 -203.6 -401.7
948 Empire 16.3 97.3 206.9 -36.9 -207.6 -405.7
949 VP 17.6 98.6 208.4 -40.9 -211.6 -409.7
950 Kaipi 18.6 99.8 209.9 -44.9 -215.6 -413.7
951 Mski 19.6 100.9 211.2 -48.9 -219.6 -417.7
953 Kaipi 21.3 103.0 213.7 -52.9 -223.6 -421.7
954 Cascade 17.3 99.0 209.7 -39.5 -212.0 -411.7
955 DUZA 21.3 102.4 213.0 -43.5 -216.0 -415.7
956 Alliance 21.8 102.9 213.7 -47.5 -220.0 -419.7
957 Na'Vi 22.6 103.6 214.6 -51.5 -224.0 -423.7
958 PR 18.6 99.6 210.6 -26.8 -200.0 -402.9
959 Kaipi 19.4 100.6 211.7 -30.8 -204.0 -406.9
960 Kaipi 20.1 101.5 212.9 -34.8 -208.0 -410.9
961 Life 22.3 104.4 216.2 -38.8 -212.0 -414.9
962 iG 25.5 107.8 219.8 -42.8 -216.0 -418.9
963 Na'Vi 26.9 109.2 221.4 -46.8 -220.0 -422.9
964 Alliance 28.1 110.5 222.9 -50.8 -224.0 -426.9
966 TongFu 31.6 113.3 225.6 -54.8 -228.0 -430.9
967 mouz 33.0 114.8 227.3 -58.8 -232.0 -434.9
970 Joiker 35.8 117.7 230.4 -62.8 -236.0 -438.9
971 iG 37.8 120.2 233.2 -66.8 -240.0 -442.9
972 Aspera 33.8 116.2 229.2 -44.9 -221.0 -427.0
973 DUZA 29.8 112.2 225.2 -40.0 -215.8 -421.9
974 Fnatic.eu 32.6 114.6 227.7 -44.0 -219.8 -425.9
975 Dignitas 33.4 115.6 229.0 -48.0 -223.8 -429.9
976 StayFree 34.8 117.3 231.0 -52.0 -227.8 -433.9
977 Na'Vi 36.3 119.0 233.0 -56.0 -231.8 -437.9
978 rox.KIS 32.3 115.0 229.0 -48.9 -223.3 -430.1
979 PR 34.9 117.3 231.4 -52.9 -227.3 -434.1
981 PR 36.9 119.3 233.6 -56.9 -231.3 -438.1
982 Fnatic.eu 37.7 120.1 234.6 -60.9 -235.3 -442.1
983 Fnatic.eu 39.5 121.8 236.4 -64.9 -239.3 -446.1
984 nAra 35.5 117.8 232.4 -59.5 -234.0 -441.4
985 Inv.kwnku 37.3 119.9 234.8 -63.5 -238.0 -445.4
986 Na'Vi 38.3 121.1 236.2 -67.5 -242.0 -449.4
987 Fnatic.eu 39.9 122.9 238.2 -71.5 -246.0 -453.4
988 4FC 35.9 118.9 234.2 -61.9 -235.9 -444.4
990 Kaipi 36.7 119.8 235.3 -65.9 -239.9 -448.4
991 Empire 32.7 115.8 231.3 -55.0 -230.5 -440.5
992 PBS 28.7 111.8 227.3 -44.7 -222.2 -432.7
993 SFEC 24.7 107.8 223.3 -36.0 -214.0 -425.4
994 Next.kz 20.7 103.8 219.3 -30.0 -208.3 -420.0
995 Inv.kwnku 22.4 105.9 221.9 -34.0 -212.3 -424.0
996 rox.KIS 25.1 108.3 224.4 -38.0 -216.3 -428.0
997 PR 21.1 104.3 220.4 -20.4 -201.5 -416.3
998 Mski 24.2 107.1 223.4 -24.4 -205.5 -420.3
999 Empire 26.1 109.5 226.1 -28.4 -209.5 -424.3
1000 Inv.kwnku 27.8 111.4 228.2 -32.4 -213.5 -428.3
1001 FD 29.5 113.4 230.7 -36.4 -217.5 -432.3
1002 Empire 31.0 115.2 232.9 -40.4 -221.5 -436.3
1003 Kaipi 34.2 119.2 237.1 -44.4 -225.5 -440.3
1004 EG 35.8 120.9 239.0 -48.4 -229.5 -444.3
1005 Dignitas 31.8 116.9 235.0 -36.3 -219.6 -435.9
1007 rox.KIS 34.9 119.8 238.1 -40.3 -223.6 -439.9
1008 Menace 30.9 115.8 234.1 -28.2 -211.3 -429.0
1009 Kaipi 31.8 116.7 235.2 -32.2 -215.3 -433.0
1010 Aspera 27.8 112.7 231.2 -24.8 -208.3 -426.4
1011 Imp 23.8 108.7 227.2 -20.8 -203.4 -421.8
1012 DK 25.1 110.2 229.0 -24.8 -207.4 -425.8
1014 Na'Vi 21.1 106.2 225.0 -20.0 -203.2 -421.8
1015 StayFree 22.8 108.6 227.7 -24.0 -207.2 -425.8
1017 Na'Vi 23.6 109.5 228.7 -28.0 -211.2 -429.8
1018 Alliance 24.4 110.4 229.9 -32.0 -215.2 -433.8
1019 Empire 26.3 112.8 232.6 -36.0 -219.2 -437.8
1020 Na'Vi 28.0 114.5 234.5 -40.0 -223.2 -441.8
1021 Na'Vi 29.2 115.7 235.9 -44.0 -227.2 -445.8
1022 LGD.cn 30.3 117.0 237.3 -48.0 -231.2 -449.8
1023 VG 32.3 119.2 239.5 -52.0 -235.2 -453.8
1024 LGD.cn 34.6 121.2 241.5 -56.0 -239.2 -457.8
1025 Dignitas 35.4 122.1 242.7 -60.0 -243.2 -461.8
1026 PBS 38.8 126.1 246.6 -64.0 -247.2 -465.8
1027 Next.kz 34.8 122.1 242.6 -57.9 -239.6 -458.5
1028 4FC 30.8 118.1 238.6 -47.4 -228.1 -448.5
1029 rox.KIS 33.4 121.2 241.9 -51.4 -232.1 -452.5
1030 Na'Vi 34.2 122.1 242.9 -55.4 -236.1 -456.5
1031 Empire 37.0 124.8 245.7 -59.4 -240.1 -460.5
1032 Na'Vi 37.9 125.9 247.0 -63.4 -244.1 -464.5
1033 LGD.cn 41.5 129.4 250.5 -67.4 -248.1 -468.5
1034 Alliance 42.2 130.2 251.5 -71.4 -252.1 -472.5
1035 Alliance 42.9 130.9 252.3 -75.4 -256.1 -476.5
1036 4FC 38.9 126.9 248.3 -69.3 -250.1 -471.1
1037 VP 34.9 122.9 244.3 -57.3 -240.9 -463.2
1038 Aspera 30.9 118.9 240.3 -52.8 -236.4 -458.6
1039 Ahead.kz 26.9 114.9 236.3 -31.5 -214.6 -440.7
1040 PBS 28.3 116.9 238.6 -35.5 -218.6 -444.7
1041 Alliance 29.3 118.2 240.1 -39.5 -222.6 -448.7
1042 Empire 30.8 119.9 242.0 -43.5 -226.6 -452.7
1044 Quantic 32.8 122.5 244.7 -47.5 -230.6 -456.7
1045 iG 33.7 123.9 246.4 -51.5 -234.6 -460.7
1046 Liquid 34.8 125.1 247.8 -55.5 -238.6 -464.7
1047 EG 30.8 121.1 243.8 -46.6 -230.6 -458.2
1048 MiTH 32.4 122.8 245.8 -50.6 -234.6 -462.2
1049 Dreamz 34.3 125.0 248.3 -54.6 -238.6 -466.2
1050 Alliance 35.1 125.9 249.4 -58.6 -242.6 -470.2
1051 iG 35.9 126.9 250.6 -62.6 -246.6 -474.2
1052 DK 37.5 128.8 252.7 -66.6 -250.6 -478.2
1053 Kaipi 33.5 124.8 248.7 -61.0 -245.2 -472.9
1054 TR 37.2 128.2 252.1 -65.0 -249.2 -476.9
1055 Alliance 37.8 128.9 253.0 -69.0 -253.2 -480.9
1058 UR 33.8 124.9 249.0 -64.1 -248.6 -476.6
1059 TongFu 35.6 126.4 250.6 -68.1 -252.6 -480.6
1060 LGD.int 37.8 128.7 253.1 -72.1 -256.6 -484.6
1061 RS.int 39.3 130.5 255.2 -76.1 -260.6 -488.6
1062 MiTH 41.0 132.2 257.1 -80.1 -264.6 -492.6
1063 Alliance 41.7 133.0 258.0 -84.1 -268.6 -496.6
1064 Alliance 42.5 133.9 259.0 -88.1 -272.6 -500.6
1065 SSD 43.5 135.4 260.7 -92.1 -276.6 -504.6
1067 Hearts 45.0 137.0 262.5 -96.1 -280.6 -508.6
1068 rox.KIS 46.9 139.0 264.8 -100.1 -284.6 -512.6
1069 Poseidon 42.9 135.0 260.8 -93.3 -277.1 -505.1
1070 Quantic 38.9 131.0 256.8 -83.0 -267.8 -496.7
1071 Quantic 40.7 132.6 258.6 -87.0 -271.8 -500.7
1073 Titan 42.2 134.1 260.2 -91.0 -275.8 -504.7
1077 StayFree 43.3 135.6 262.0 -95.0 -279.8 -508.7
1078 VP 45.6 137.9 264.5 -99.0 -283.8 -512.7
1080 SYF 48.1 139.9 266.6 -103.0 -287.8 -516.7
1081 Na'Vi 48.8 140.7 267.6 -107.0 -291.8 -520.7
1082 Fnatic.eu 49.6 141.6 268.6 -111.0 -295.8 -524.7
1083 Titan 50.4 142.5 269.8 -115.0 -299.8 -528.7
1084 Arcanys 46.4 138.5 265.8 -110.6 -294.0 -523.1
1085 FD 47.2 139.6 267.2 -114.6 -298.0 -527.1
1086 MVP 43.2 135.6 263.2 -109.3 -292.4 -521.6
1087 UR 45.1 137.6 265.3 -113.3 -296.4 -525.6
1088 FXopen 46.0 138.9 266.8 -117.3 -300.4 -529.6
1089 Imp 46.7 139.9 267.9 -121.3 -304.4 -533.6
1090 MiTH 47.4 140.8 269.0 -125.3 -308.4 -537.6
1091 Na'Vi 48.3 141.8 270.3 -129.3 -312.4 -541.6
1092 ONE.dota 44.3 137.8 266.3 -118.1 -300.8 -531.4
1093 Lowyat 40.3 133.8 262.3 -112.3 -295.0 -525.9
1094 DK 42.6 136.4 265.3 -116.3 -299.0 -529.9
1095 Arcanys 38.6 132.4 261.3 -94.8 -281.7 -516.4
1096 VG 39.6 133.8 263.0 -98.8 -285.7 -520.4
1097 FD 40.3 134.7 264.3 -102.8 -289.7 -524.4
1098 Lowyat 36.3 130.7 260.3 -92.2 -279.5 -515.7
1099 rox.KIS 38.5 133.0 262.8 -96.2 -283.5 -519.7
1100 Aspera 42.5 135.9 265.6 -100.2 -287.5 -523.7
1101 Fnatic.eu 43.5 137.1 267.1 -104.2 -291.5 -527.7
1104 Poseidon 39.5 133.1 263.1 -88.2 -277.3 -516.5
1105 Na'Vi 40.3 134.0 264.2 -92.2 -281.3 -520.5
1107 Rain 36.3 130.0 260.2 -87.0 -276.5 -515.9
1108 eN.Legs 37.8 132.0 262.6 -91.0 -280.5 -519.9
1110 bvd.dotA 39.9 134.4 265.4 -95.0 -284.5 -523.9
1111 LGD.int 40.9 135.5 266.8 -99.0 -288.5 -527.9
1112 DK 41.4 136.2 267.6 -103.0 -292.5 -531.9
1113 Imp 43.3 138.9 270.7 -107.0 -296.5 -535.9
1114 Na'Vi 44.0 139.7 271.7 -111.0 -300.5 -539.9
1116 NJ&Kids 40.0 135.7 267.7 -105.9 -294.2 -533.7
1117 VG 40.7 136.5 268.7 -109.9 -298.2 -537.7
1118 LGD.cn 41.1 137.1 269.5 -113.9 -302.2 -541.7
1119 FD 37.1 133.1 265.5 -107.1 -295.8 -535.8
1120 Ahead.kz 38.4 134.6 267.3 -111.1 -299.8 -539.8
1122 PR 39.9 135.8 268.6 -115.1 -303.8 -543.8
1123 Na'Vi 40.3 136.4 269.3 -119.1 -307.8 -547.8
1124 bvd.dotA 42.3 138.2 271.1 -123.1 -311.8 -551.8
1125 Empire 43.9 139.8 272.7 -127.1 -315.8 -555.8
1126 Life 39.9 135.8 268.7 -116.7 -301.7 -542.9
1127 EG 42.2 138.3 271.5 -120.7 -305.7 -546.9
1128 TakeFive 45.4 142.7 276.2 -124.7 -309.7 -550.9
1129 iG 45.9 143.4 277.0 -128.7 -313.7 -554.9
1130 TongFu 47.5 145.2 279.0 -132.7 -317.7 -558.9
1131 Na'Vi 48.5 146.2 280.2 -136.7 -321.7 -562.9
1132 Fnatic.eu 49.4 147.3 281.4 -140.7 -325.7 -566.9
1133 MUFC 45.4 143.3 277.4 -130.4 -316.3 -558.4
1134 PR 41.4 139.3 273.4 -126.1 -312.3 -554.4
1135 Empire 42.4 140.4 274.7 -130.1 -316.3 -558.4
1136 Empire 43.8 142.0 276.5 -134.1 -320.3 -562.4
1137 TakeFive 39.8 138.0 272.5 -123.3 -307.2 -551.1
1138 CSW 42.5 141.0 275.8 -127.3 -311.2 -555.1
1139 VT 44.5 143.4 278.5 -131.3 -315.2 -559.1
1140 SYM 40.5 139.4 274.5 -125.2 -308.6 -552.6
1141 EOT 41.8 141.6 277.1 -129.2 -312.6 -556.6
1142 SYF 45.3 144.8 280.2 -133.2 -316.6 -560.6
1143 DK 45.8 145.5 281.1 -137.2 -320.6 -564.6
1144 VG 41.8 141.5 277.1 -122.6 -307.3 -554.2
1145 Fnatic.eu 44.5 143.8 279.5 -126.6 -311.3 -558.2
1146 iG 44.9 144.4 280.2 -130.6 -315.3 -562.2
1147 LGD.cn 46.1 145.8 281.9 -134.6 -319.3 -566.2
1148 HR 47.8 148.0 284.5 -138.6 -323.3 -570.2
1149 Na'Vi 48.7 149.0 285.8 -142.6 -327.3 -574.2
1150 Speed 50.7 152.2 289.5 -146.6 -331.3 -578.2
1151 Alliance 51.2 152.9 290.3 -150.6 -335.3 -582.2
1155 Empire 52.3 154.4 292.0 -154.6 -339.3 -586.2
1156 iG 53.4 156.0 293.9 -158.6 -343.3 -590.2
1157 Na'Vi 54.2 156.9 294.9 -162.6 -347.3 -594.2
1159 SAfrica 55.3 158.3 296.7 -166.6 -351.3 -598.2
1160 Na'Vi 51.3 154.3 292.7 -158.6 -345.8 -593.2
1161 FD 53.1 156.3 294.7 -162.6 -349.8 -597.2
1164 Titan 49.1 152.3 290.7 -155.7 -341.7 -589.3
1165 Titan 45.1 148.3 286.7 -145.2 -330.3 -579.2
1166 CSW 48.6 151.2 289.6 -149.2 -334.3 -583.2
1167 EOT 50.5 153.1 291.8 -153.2 -338.3 -587.2
1168 LGD.cn 52.3 154.9 293.8 -157.2 -342.3 -591.2
1169 DK 52.7 155.5 294.6 -161.2 -346.3 -595.2
1170 VG 54.8 157.6 296.9 -165.2 -350.3 -599.2
1171 Empire 55.6 158.6 298.1 -169.2 -354.3 -603.2
1172 Speed 51.6 154.6 294.1 -150.3 -333.5 -583.1
1173 Empire 53.3 156.3 296.0 -154.3 -337.5 -587.1
1174 Fnatic 54.6 157.6 297.4 -158.3 -341.5 -591.1
1175 TongFu 55.3 158.5 298.6 -162.3 -345.5 -595.1
1176 LGD.cn 51.3 154.5 294.6 -150.6 -335.9 -586.9
1177 TongFu 52.8 155.9 296.2 -154.6 -339.9 -590.9
1178 DK 53.2 156.4 296.9 -158.6 -343.9 -594.9
1179 RStars 49.2 152.4 292.9 -149.5 -335.3 -587.2
1180 Empire 45.2 148.4 288.9 -144.3 -330.8 -583.1
1181 Alliance 45.9 149.3 290.0 -148.3 -334.8 -587.1
1182 Fnatic.eu 49.8 152.3 292.9 -152.3 -338.8 -591.1
1183 Speed 51.2 153.6 294.4 -156.3 -342.8 -595.1
1185 Liquid 47.2 149.6 290.4 -135.7 -322.0 -575.8
1186 iG 49.4 152.4 293.2 -139.7 -326.0 -579.8
1187 StayFree 45.4 148.4 289.2 -134.8 -320.8 -574.3
1188 LGD.int 46.0 149.2 290.1 -138.8 -324.8 -578.3
1189 EG 47.1 150.6 291.9 -142.8 -328.8 -582.3
1190 TongFu 47.9 151.7 293.3 -146.8 -332.8 -586.3
1191 DK 48.3 152.4 294.1 -150.8 -336.8 -590.3
1192 Na'Vi 49.1 153.3 295.4 -154.8 -340.8 -594.3
1193 Speed 45.1 149.3 291.4 -150.3 -335.7 -589.2
1194 Dignitas 46.6 150.8 293.1 -154.3 -339.7 -593.2
1195 VG 47.1 151.5 293.9 -158.3 -343.7 -597.2
1196 LGD.cn 47.6 152.2 294.8 -162.3 -347.7 -601.2
1197 CSW 49.0 153.9 296.6 -166.3 -351.7 -605.2
1198 Aspera 52.0 156.8 299.7 -170.3 -355.7 -609.2
1199 Menace 53.7 158.7 301.9 -174.3 -359.7 -613.2
1200 Liquid 55.3 160.1 303.4 -178.3 -363.7 -617.2
1201 Aspera 51.3 156.1 299.4 -173.5 -359.0 -612.9
1202 SSD 52.6 157.6 301.2 -177.5 -363.0 -616.9
1203 TongFu 53.0 158.2 301.9 -181.5 -367.0 -620.9
1204 iG 53.7 159.1 302.9 -185.5 -371.0 -624.9
1205 HR 49.7 155.1 298.9 -173.1 -355.9 -611.5
1206 EG 51.2 156.2 300.1 -177.1 -359.9 -615.5
1207 mouz 47.2 152.2 296.1 -170.8 -353.6 -609.6
1208 Imp 43.2 148.2 292.1 -162.3 -344.1 -600.6
1209 MiTH 39.2 144.2 288.1 -155.3 -337.8 -594.8
1210 Liquid 35.2 140.2 284.1 -143.0 -325.3 -584.0
1211 mouz 31.2 136.2 280.1 -137.3 -320.0 -578.9
1212 Fnatic.eu 33.1 138.4 282.6 -141.3 -324.0 -582.9
1213 Poseidon 29.1 134.4 278.6 -134.0 -315.9 -575.1
1214 VG 25.1 130.4 274.6 -127.8 -308.6 -568.3
1215 iG 25.5 131.1 275.4 -131.8 -312.6 -572.3
1216 LGD.cn 26.9 132.9 277.6 -135.8 -316.6 -576.3
1217 Speed 22.9 128.9 273.6 -125.8 -307.3 -568.0
1218 CSW 18.9 124.9 269.6 -119.4 -301.5 -562.8
1219 NoX 14.9 120.9 265.6 -114.6 -296.8 -558.4
1220 Empire 16.2 122.5 267.5 -118.6 -300.8 -562.4
1221 iG 12.2 118.5 263.5 -107.3 -291.9 -555.4
1222 LGD.cn 14.1 120.1 265.2 -111.3 -295.9 -559.4
1223 DK 15.0 121.3 266.7 -115.3 -299.9 -563.4
1227 Empire 16.8 123.5 269.1 -119.3 -303.9 -567.4
1229 StayFree 12.8 119.5 265.1 -112.6 -298.3 -562.6
1230 Property 8.8 115.5 261.1 -99.9 -287.9 -554.0
1231 TTD 4.8 111.5 257.1 -92.6 -279.2 -546.1
1232 Alliance 5.7 112.4 258.2 -96.6 -283.2 -550.1
1234 VG 7.6 114.6 260.8 -100.6 -287.2 -554.1
1235 TongFu 3.6 110.6 256.8 -82.7 -273.2 -543.4
1237 FSid3 -0.4 106.6 252.8 -72.3 -263.7 -535.0
1238 LGD.cn 0.2 107.5 254.0 -76.3 -267.7 -539.0
1239 RStars 1.6 109.5 256.5 -80.3 -271.7 -543.0
1240 Na'Vi 3.3 111.3 258.5 -84.3 -275.7 -547.0
1242 mouz 4.9 113.3 260.8 -88.3 -279.7 -551.0
1243 Alliance 5.6 114.1 261.9 -92.3 -283.7 -555.0
1244 Sigma.int 7.3 116.7 265.2 -96.3 -287.7 -559.0
1245 Speed 8.3 118.0 266.8 -100.3 -291.7 -563.0
1246 Liquid 10.9 120.8 269.8 -104.3 -295.7 -567.0
1247 iG 11.3 121.4 270.6 -108.3 -299.7 -571.0
1249 Alliance 7.3 117.4 266.6 -104.3 -295.6 -566.8
1251 UR 8.8 119.3 268.7 -108.3 -299.6 -570.8
1253 LGD.int 4.8 115.3 264.7 -79.6 -279.2 -554.7
1255 Empire 6.8 117.4 267.0 -83.6 -283.2 -558.7
1256 RS 7.7 118.4 268.3 -87.6 -287.2 -562.7
1257 mouz 3.7 114.4 264.3 -75.8 -277.4 -554.3
1259 Sigma.int 5.7 117.1 267.3 -79.8 -281.4 -558.3
1260 Sigma.int 1.7 113.1 263.3 -75.6 -276.9 -553.9
1261 mouz -2.3 109.1 259.3 -67.6 -271.0 -548.4
1262 iG -1.2 110.5 260.9 -71.6 -275.0 -552.4
1263 LGD.cn -0.5 111.4 262.0 -75.6 -279.0 -556.4
1264 DK 0.2 112.2 263.0 -79.6 -283.0 -560.4
1265 Fnatic.eu -3.8 108.2 259.0 -71.5 -275.5 -553.8
1266 Alliance -3.1 109.0 260.0 -75.5 -279.5 -557.8
1267 Na'Vi -1.7 110.6 261.8 -79.5 -283.5 -561.8
1268 Mski -0.6 112.0 263.4 -83.5 -287.5 -565.8
1269 Orange 0.4 113.0 264.7 -87.5 -291.5 -569.8
1270 MiTH 3.1 115.3 267.3 -91.5 -295.5 -573.8
1271 SYF 5.4 117.9 270.4 -95.5 -299.5 -577.8
1272 iG 7.4 120.4 273.2 -99.5 -303.5 -581.8
1273 RS 3.4 116.4 269.2 -86.8 -292.3 -571.7
1274 LGD.cn 4.9 117.9 270.8 -90.8 -296.3 -575.7
1275 FXopen 6.6 119.9 272.9 -94.8 -300.3 -579.7
1276 CSW 8.1 121.6 274.8 -98.8 -304.3 -583.7
1277 Mski 4.1 117.6 270.8 -94.2 -300.5 -580.1
1278 Lowyat 0.0999999999999 113.6 266.8 -82.0 -285.1 -566.1
1279 Titan 1.2 114.7 268.1 -86.0 -289.1 -570.1
1281 Speed 4.0 117.7 271.3 -90.0 -293.1 -574.1
1283 Speed 5.2 118.9 272.5 -94.0 -297.1 -578.1
1284 Alliance 6.0 119.7 273.5 -98.0 -301.1 -582.1
1286 LGD.int 8.1 122.3 276.2 -102.0 -305.1 -586.1
1288 Alliance 9.9 124.2 278.1 -106.0 -309.1 -590.1
1289 Titan 5.9 120.2 274.1 -100.9 -304.1 -585.2
1290 Lowyat 1.9 116.2 270.1 -94.8 -298.5 -579.8
1291 PR 5.3 118.8 272.8 -98.8 -302.5 -583.8
1292 SSD 1.3 114.8 268.8 -90.4 -293.1 -574.8
1293 TongFu 2.3 115.9 270.2 -94.4 -297.1 -578.8
1294 VG -1.7 111.9 266.2 -80.6 -283.9 -568.1
1295 Fnatic.eu -5.7 107.9 262.2 -75.7 -279.2 -563.7
1296 mouz -4.0 109.7 264.2 -79.7 -283.2 -567.7
1297 EG -1.6 112.0 266.8 -83.7 -287.2 -571.7
1298 Titan 1.1 115.0 270.2 -87.7 -291.2 -575.7
1299 EG 2.2 116.2 271.5 -91.7 -295.2 -579.7
1300 4FC 4.2 118.3 273.9 -95.7 -299.2 -583.7
1301 Hearts 5.5 119.9 275.7 -99.7 -303.2 -587.7
1302 DK 7.7 122.4 278.4 -103.7 -307.2 -591.7
1303 Sigma.int 8.6 123.6 279.9 -107.7 -311.2 -595.7
1304 Empire 12.0 126.5 282.6 -111.7 -315.2 -599.7
1305 Empire 12.6 127.3 283.5 -115.7 -319.2 -603.7
1306 FXopen 13.7 128.7 285.1 -119.7 -323.2 -607.7
1307 LGD.int 14.6 129.7 286.3 -123.7 -327.2 -611.7
1308 LGD.cn 15.3 130.5 287.3 -127.7 -331.2 -615.7
1309 4FC 17.5 132.4 289.4 -131.7 -335.2 -619.7
1310 Sigma.int 18.2 133.2 290.4 -135.7 -339.2 -623.7
1311 Sleisel 14.2 129.2 286.4 -131.7 -334.9 -619.5
1312 Arteezy 16.2 131.2 288.6 -135.7 -338.9 -623.5
1313 EG 12.2 127.2 284.6 -130.1 -333.0 -618.1
1314 TongFu 12.6 127.8 285.3 -134.1 -337.0 -622.1
1315 Empire 13.4 128.7 286.3 -138.1 -341.0 -626.1
1316 VG 14.1 129.6 287.4 -142.1 -345.0 -630.1
1317 Na'Vi 15.1 130.7 288.8 -146.1 -349.0 -634.1
1318 QPandas 11.1 126.7 284.8 -132.5 -335.5 -621.2
1319 Empire 13.2 128.3 286.4 -136.5 -339.5 -625.2
1320 Orange 16.9 131.1 289.0 -140.5 -343.5 -629.2
1321 Fnatic.eu 17.6 131.8 289.6 -144.5 -347.5 -633.2
1322 DK 18.0 132.3 290.3 -148.5 -351.5 -637.2
1323 VG 18.8 133.3 291.6 -152.5 -355.5 -641.2
1324 VG 14.8 129.3 287.6 -138.3 -341.0 -629.0
1325 Kawai 10.8 125.3 283.6 -126.2 -331.1 -619.7
1326 Dignitas 6.8 121.3 279.6 -113.2 -319.1 -609.6
1327 Speed 7.4 122.0 280.5 -117.2 -323.1 -613.6
1328 Dignitas 9.1 123.7 282.3 -121.2 -327.1 -617.6
1329 Alliance 9.7 124.4 283.1 -125.2 -331.1 -621.6
1330 Na'Vi 11.7 126.2 285.1 -129.2 -335.1 -625.6
1331 Na'Vi 12.9 127.2 286.3 -133.2 -339.1 -629.6
1332 Fnatic.eu 8.9 123.2 282.3 -123.1 -327.4 -619.3
1333 Alliance 9.7 124.0 283.3 -127.1 -331.4 -623.3
1334 iG 11.2 125.8 285.5 -131.1 -335.4 -627.3
1335 LGD.int 12.4 127.2 287.1 -135.1 -339.4 -631.3
1336 TongFu 13.4 128.1 288.1 -139.1 -343.4 -635.3
1337 Startale 15.9 130.5 290.8 -143.1 -347.4 -639.3
1338 Liquid 17.3 132.0 292.5 -147.1 -351.4 -643.3
1340 Fnatic.eu 18.2 133.0 293.7 -151.1 -355.4 -647.3
1341 Alliance 18.7 133.6 294.4 -155.1 -359.4 -651.3
1343 Fnatic.eu 14.7 129.6 290.4 -147.1 -350.3 -642.8
1345 Sigma.int 15.9 131.1 292.2 -151.1 -354.3 -646.8
1349 Alliance 11.9 127.1 288.2 -147.2 -350.2 -642.4
1350 Fnatic.eu 7.9 123.1 284.2 -141.6 -344.3 -636.4
1351 VG 8.3 123.8 285.0 -145.6 -348.3 -640.4
1352 DK 8.9 124.4 285.8 -149.6 -352.3 -644.4
1353 Alliance 10.6 126.1 287.7 -153.6 -356.3 -648.4
1354 VP 6.6 122.1 283.7 -140.7 -344.1 -637.5
1355 Alliance 7.8 123.4 285.3 -144.7 -348.1 -641.5
1356 Alliance 9.1 124.6 286.6 -148.7 -352.1 -645.5
1357 Na'Vi 10.2 125.6 287.7 -152.7 -356.1 -649.5
1358 VP 6.2 121.6 283.7 -146.8 -350.5 -644.2
1359 LGD.cn 6.5 122.1 284.3 -150.8 -354.5 -648.2
1360 iG 6.9 122.6 284.9 -154.8 -358.5 -652.2
1361 Dignitas 7.6 123.4 285.9 -158.8 -362.5 -656.2
1362 Speed 8.0 123.9 286.6 -162.8 -366.5 -660.2
1363 Speed 10.1 125.9 289.0 -166.8 -370.5 -664.2
1364 Na'Vi 11.9 127.8 291.0 -170.8 -374.5 -668.2
1365 Alliance 12.6 128.5 291.8 -174.8 -378.5 -672.2
1366 Alliance 13.0 129.0 292.4 -178.8 -382.5 -676.2
1367 Liquid 14.6 130.9 294.6 -182.8 -386.5 -680.2
1368 Fnatic.eu 15.8 132.1 295.9 -186.8 -390.5 -684.2
1369 Na'Vi 16.5 132.9 296.8 -190.8 -394.5 -688.2
1370 LGD.int 12.5 128.9 292.8 -181.6 -384.1 -678.7
1372 VP 8.5 124.9 288.8 -163.7 -368.9 -666.0
1373 Liquid 9.8 126.2 290.3 -167.7 -372.9 -670.0
1374 VP 13.3 130.0 294.0 -171.7 -376.9 -674.0
1375 Startale 9.3 126.0 290.0 -161.2 -370.3 -668.5
1377 LGD.cn 10.8 127.6 291.8 -165.2 -374.3 -672.5
1378 Imp 13.6 131.1 295.5 -169.2 -378.3 -676.5
1379 Fnatic.eu 14.7 132.3 296.9 -173.2 -382.3 -680.5
1380 Liquid 15.8 133.5 298.3 -177.2 -386.3 -684.5
1381 Liquid 11.8 129.5 294.3 -162.3 -372.3 -672.6
1382 Titan 12.6 130.5 295.6 -166.3 -376.3 -676.6
1383 LGD.cn 14.1 132.3 297.6 -170.3 -380.3 -680.6
1384 Empire 14.8 133.1 298.6 -174.3 -384.3 -684.6
1385 Na'Vi 10.8 129.1 294.6 -168.2 -379.1 -679.9
1386 StayFree 6.8 125.1 290.6 -157.8 -369.0 -670.9
1387 LGD.cn 9.9 128.3 293.9 -161.8 -373.0 -674.9
1388 iG 10.4 129.0 294.7 -165.8 -377.0 -678.9
1389 RStars 11.1 130.0 296.1 -169.8 -381.0 -682.9
1390 Alliance 11.6 130.6 296.8 -173.8 -385.0 -686.9
1391 Fnatic.eu 12.8 131.9 298.4 -177.8 -389.0 -690.9
1392 EG 15.7 135.3 301.8 -181.8 -393.0 -694.9
1393 Fnatic.eu 19.0 138.0 304.5 -185.8 -397.0 -698.9
1394 LGD.cn 22.6 142.1 308.4 -189.8 -401.0 -702.9
1395 iG 26.0 144.9 311.3 -193.8 -405.0 -706.9
1396 rox.KIS 22.0 140.9 307.3 -158.6 -377.3 -683.7
1398 Alliance 18.0 136.9 303.3 -154.0 -372.7 -679.1
1399 EG 14.0 132.9 299.3 -139.0 -356.9 -665.8
1400 VP 15.9 135.1 301.9 -143.0 -360.9 -669.8
1401 Alliance 17.7 136.8 303.8 -147.0 -364.9 -673.8
1402 Liquid 19.8 139.0 306.1 -151.0 -368.9 -677.8
1404 VG 20.7 140.1 307.5 -155.0 -372.9 -681.8
1405 Speed 21.5 141.2 308.9 -159.0 -376.9 -685.8
1406 EG 17.5 137.2 304.9 -150.5 -369.6 -679.7
1408 Liquid 19.2 139.1 307.0 -154.5 -373.6 -683.7
1409 Liquid 15.2 135.1 303.0 -149.5 -368.6 -678.9
1412 DK 15.6 135.8 303.9 -153.5 -372.6 -682.9
1415 VP 11.6 131.8 299.9 -141.6 -359.9 -671.7
1416 Liquid 13.4 133.6 301.8 -145.6 -363.9 -675.7
1420 FD 16.9 136.5 305.0 -149.6 -367.9 -679.7
1421 Na'Vi 18.4 138.1 306.9 -153.6 -371.9 -683.7
1422 EG 14.4 134.1 302.9 -149.6 -367.6 -679.4
1423 Alliance 14.9 134.7 303.6 -153.6 -371.6 -683.4
1424 DK 15.2 135.1 304.2 -157.6 -375.6 -687.4
1425 VG 15.9 135.9 305.2 -161.6 -379.6 -691.4
1426 Speed 17.3 137.4 306.9 -165.6 -383.6 -695.4
1428 EG 13.3 133.4 302.9 -158.1 -375.2 -687.2
1429 Empire 14.5 134.6 304.3 -162.1 -379.2 -691.2
1430 Na'Vi 15.4 135.6 305.5 -166.1 -383.2 -695.2
1431 DK 15.8 136.1 306.1 -170.1 -387.2 -699.2
1433 iG 11.8 132.1 302.1 -163.1 -381.2 -693.9
1434 MiTH 14.9 134.9 304.9 -167.1 -385.2 -697.9
1435 mouz 18.4 138.0 307.9 -171.1 -389.2 -701.9
1437 Liquid 20.4 140.2 310.3 -175.1 -393.2 -705.9
1438 Liquid 21.1 141.1 311.3 -179.1 -397.2 -709.9
1439 Empire 17.1 137.1 307.3 -165.6 -382.6 -695.4
1440 Alliance 19.6 139.8 310.3 -169.6 -386.6 -699.4
1441 PR 15.6 135.8 306.3 -161.7 -378.6 -691.6
1442 LGD.int 16.0 136.4 307.0 -165.7 -382.6 -695.6
1443 TongFu 16.7 137.2 308.0 -169.7 -386.6 -699.6
1444 Fnatic.eu 12.7 133.2 304.0 -165.3 -382.6 -695.7
1445 Speed 14.5 135.6 306.7 -169.3 -386.6 -699.7
1446 mouz 10.5 131.6 302.7 -162.0 -380.3 -693.9
1447 FD 6.5 127.6 298.7 -153.8 -372.6 -686.7
1448 MiTH 2.5 123.6 294.7 -147.6 -365.8 -680.3
1449 Titan 4.4 125.3 296.5 -151.6 -369.8 -684.3
1450 Na'Vi 5.3 126.4 297.8 -155.6 -373.8 -688.3
1451 Na'Vi 6.7 127.8 299.2 -159.6 -377.8 -692.3
1453 Liquid 9.1 130.5 302.0 -163.6 -381.8 -696.3
1456 Liquid 10.6 132.3 304.0 -167.6 -385.8 -700.3
1458 Fnatic.eu 6.6 128.3 300.0 -154.8 -373.4 -689.0
1459 Na'Vi 8.3 129.8 301.7 -158.8 -377.4 -693.0
1460 Alliance 9.2 130.7 302.7 -162.8 -381.4 -697.0
1461 rox.KIS 5.2 126.7 298.7 -153.2 -372.6 -688.9
1462 rox.KIS 6.7 128.2 300.4 -157.2 -376.6 -692.9
1463 Na'Vi 8.8 130.1 302.4 -161.2 -380.6 -696.9
1465 DK 10.3 131.6 304.0 -165.2 -384.6 -700.9
1466 4FC 6.3 127.6 300.0 -152.3 -371.8 -689.1
1467 Sigma.int 2.3 123.6 296.0 -147.3 -366.2 -683.6
1468 Alliance 4.1 125.5 298.0 -151.3 -370.2 -687.6
1471 Mts 0.0999999999999 121.5 294.0 -142.5 -363.6 -682.2
1472 rox.KIS -3.9 117.5 290.0 -134.1 -357.6 -677.0
1473 LGD.cn -3.3 118.3 291.0 -138.1 -361.6 -681.0
1475 TongFu3 -1.5 120.0 292.9 -142.1 -365.6 -685.0
1478 Alliance -0.3 121.3 294.3 -146.1 -369.6 -689.0
1479 Liquid 0.4 122.1 295.3 -150.1 -373.6 -693.0
1480 Na'Vi 2.1 123.6 296.9 -154.1 -377.6 -697.0
1481 DK -1.9 119.6 292.9 -144.8 -369.4 -690.3
1482 Fnatic.eu -1.2 120.5 294.1 -148.8 -373.4 -694.3
1483 Sigma.int -5.2 116.5 290.1 -137.8 -361.0 -682.7
1484 DK -3.3 118.7 292.6 -141.8 -365.0 -686.7
1485 EG -7.3 114.7 288.6 -134.5 -358.3 -680.3
1486 Sigma.int -11.3 110.7 284.6 -130.3 -353.3 -675.2
1487 VG -9.2 113.1 287.3 -134.3 -357.3 -679.2
1488 Imp -7.4 115.1 289.8 -138.3 -361.3 -683.2
1489 Na'Vi -5.7 116.8 291.7 -142.3 -365.3 -687.2
1490 EG -4.9 117.8 292.8 -146.3 -369.3 -691.2
1491 Fnatic.eu -1.7 121.2 296.5 -150.3 -373.3 -695.2
1492 Alliance -0.4 122.6 298.0 -154.3 -377.3 -699.2
1493 Sigma.int -4.4 118.6 294.0 -149.4 -371.7 -693.6
1494 Na'Vi -3.8 119.3 294.8 -153.4 -375.7 -697.6
1495 DK -2.7 120.6 296.3 -157.4 -379.7 -701.6
1496 Sigma.int -0.8 122.9 299.0 -161.4 -383.7 -705.6
1497 Speed -4.8 118.9 295.0 -147.8 -371.8 -694.7
1498 Fnatic.eu -8.8 114.9 291.0 -131.7 -356.3 -680.0
1499 DK -8.0 115.9 292.0 -135.7 -360.3 -684.0
1500 Speed -7.3 116.8 293.2 -139.7 -364.3 -688.0
1501 Liquid -11.3 112.8 289.2 -126.3 -351.2 -676.2
1502 DK -8.0 116.8 293.4 -130.3 -355.2 -680.2
1503 Speed -5.5 118.9 295.8 -134.3 -359.2 -684.2
1504 Sigma.int -2.5 122.1 299.1 -138.3 -363.2 -688.2
1505 Na'Vi -6.5 118.1 295.1 -133.9 -358.8 -684.1
1506 Liquid -5.2 119.5 296.6 -137.9 -362.8 -688.1
1507 DK -3.5 121.2 298.3 -141.9 -366.8 -692.1
1508 Alliance -2.9 122.0 299.1 -145.9 -370.8 -696.1
1509 Speed 0.5 125.6 302.8 -149.9 -374.8 -700.1
1510 Na'Vi 2.0 127.2 304.6 -153.9 -378.8 -704.1
1511 Sigma.int 2.5 127.9 305.3 -157.9 -382.8 -708.1
1512 Alliance 3.4 128.9 306.5 -161.9 -386.8 -712.1
1513 DK 3.7 129.4 307.1 -165.9 -390.8 -716.1
1514 Fnatic.eu -0.3 125.4 303.1 -160.0 -385.0 -710.2
1515 Speed -4.3 121.4 299.1 -149.0 -374.2 -700.4
1516 DK -8.3 117.4 295.1 -144.8 -369.1 -695.3
1517 Speed -5.2 120.5 298.3 -148.8 -373.1 -699.3
1518 Speed -9.2 116.5 294.3 -139.1 -364.7 -691.7
1519 Orange -5.9 119.1 296.9 -143.1 -368.7 -695.7
1520 Titan -3.3 121.6 299.5 -147.1 -372.7 -699.7
1521 Next.kz -1.5 123.7 302.0 -151.1 -376.7 -703.7
1522 Next.kz -5.5 119.7 298.0 -144.7 -370.5 -698.1
1523 SSD -9.5 115.7 294.0 -131.3 -357.2 -686.8
1524 Aspera -8.1 117.5 296.0 -135.3 -361.2 -690.8
1525 mouz -5.3 120.2 298.8 -139.3 -365.2 -694.8
1526 TongFu3 -2.9 122.7 301.6 -143.3 -369.2 -698.8
1527 VP -1.8 124.1 303.2 -147.3 -373.2 -702.8
1528 TongFu -1.1 124.9 304.2 -151.3 -377.2 -706.8
1529 LGD.int -0.5 125.7 305.2 -155.3 -381.2 -710.8
1530 Empire 1.0 127.4 307.1 -159.3 -385.2 -714.8
1531 Aspera 2.4 128.9 308.8 -163.3 -389.2 -718.8
1532 Poseidon -1.6 124.9 304.8 -158.1 -383.9 -714.1
1533 OsG -5.6 120.9 300.8 -144.9 -371.4 -703.8
1534 Poseidon -3.7 122.8 302.9 -148.9 -375.4 -707.8
1535 Venum -1.7 125.3 305.7 -152.9 -379.4 -711.8
1536 Hearts 2.0 128.4 308.8 -156.9 -383.4 -715.8
1537 FL -2.0 124.4 304.8 -147.1 -372.2 -706.2
1538 NoX -6.0 120.4 300.8 -139.6 -363.8 -698.4
1539 Next.kz -3.3 122.7 303.2 -143.6 -367.8 -702.4
1540 Next.kz -0.7 125.4 306.2 -147.6 -371.8 -706.4
1541 PR -4.7 121.4 302.2 -140.9 -365.7 -700.9
1542 rox.KIS -2.4 123.9 305.1 -144.9 -369.7 -704.9
1543 Fnatic.eu 0.2 126.3 307.6 -148.9 -373.7 -708.9
1544 SSD 1.9 128.2 309.7 -152.9 -377.7 -712.9
1545 LGD.cn 3.4 130.0 311.9 -156.9 -381.7 -716.9
1546 iG 4.6 131.4 313.6 -160.9 -385.7 -720.9
1547 Fnatic.eu 0.6 127.4 309.6 -151.0 -375.5 -711.3
1548 Na'Vi 2.2 129.0 311.4 -155.0 -379.5 -715.3
1549 VG 2.8 129.9 312.6 -159.0 -383.5 -719.3
1550 DK 3.5 130.7 313.6 -163.0 -387.5 -723.3
1553 Fnatic.eu -0.5 126.7 309.6 -153.7 -378.7 -715.7
1554 Alliance 1.4 128.5 311.5 -157.7 -382.7 -719.7
1555 Mski 5.1 132.4 315.4 -161.7 -386.7 -723.7
1556 LGD.cn 8.6 136.0 319.1 -165.7 -390.7 -727.7
1557 LGD.int 4.6 132.0 315.1 -157.0 -381.2 -719.2
1558 FD 0.6 128.0 311.1 -151.4 -376.2 -714.5
1560 EOT 2.6 130.0 313.3 -155.4 -380.2 -718.5
1561 Na'Vi 5.3 132.5 315.9 -159.4 -384.2 -722.5
1562 VG 1.3 128.5 311.9 -152.4 -374.5 -713.4
1563 FL 4.3 131.5 315.3 -156.4 -378.5 -717.4
1564 Mski 7.8 134.4 318.2 -160.4 -382.5 -721.4
1565 NSG 3.8 130.4 314.2 -155.7 -376.6 -715.5
1568 Next.kz 5.0 131.9 315.9 -159.7 -380.6 -719.5
1569 Next.kz 1.0 127.9 311.9 -153.6 -373.8 -713.2
1570 SSD -3.0 123.9 307.9 -149.6 -369.3 -708.5
1571 PR -0.2 126.6 310.7 -153.6 -373.3 -712.5
1572 Fnatic.eu 1.2 127.9 312.1 -157.6 -377.3 -716.5
1573 iG 3.0 129.8 314.4 -161.6 -381.3 -720.5
1574 DK 4.1 131.0 315.7 -165.6 -385.3 -724.5
1575 iG 0.0999999999999 127.0 311.7 -161.2 -380.9 -720.1
1576 5inQ 1.6 128.9 314.0 -165.2 -384.9 -724.1
1577 MVP.P 4.9 131.8 316.8 -169.2 -388.9 -728.1
1578 VG 0.9 127.8 312.8 -160.0 -380.0 -719.8
1579 DK 2.0 129.3 314.5 -164.0 -384.0 -723.8
1580 Alliance 3.1 130.6 316.0 -168.0 -388.0 -727.8
1582 PR 4.5 131.9 317.4 -172.0 -392.0 -731.8
1583 Sigma.int 5.9 133.6 319.4 -176.0 -396.0 -735.8
1584 SSD 8.3 136.4 322.3 -180.0 -400.0 -739.8
1585 Fnatic.eu 9.2 137.4 323.5 -184.0 -404.0 -743.8
1586 Fnatic.eu 5.2 133.4 319.5 -174.4 -394.6 -734.5
1587 Idol 6.7 135.2 321.8 -178.4 -398.6 -738.5
1588 LGD.cn 2.7 131.2 317.8 -174.1 -392.8 -732.2
1589 FD 3.7 132.3 319.1 -178.1 -396.8 -736.2
1590 Orange 4.5 133.3 320.4 -182.1 -400.8 -740.2
1591 VG 0.5 129.3 316.4 -178.0 -396.5 -735.9
1592 VG 4.2 133.0 320.3 -182.0 -400.5 -739.9
1593 FD 4.9 134.0 321.6 -186.0 -404.5 -743.9
1594 FD 0.9 130.0 317.6 -177.2 -394.5 -734.7
1595 Idol -3.1 126.0 313.6 -171.1 -386.6 -726.6
1596 Kawai -7.1 122.0 309.6 -166.8 -382.1 -721.9
1597 Empire -5.3 123.8 311.4 -170.8 -386.1 -725.9
1598 Alliance -4.4 124.8 312.5 -174.8 -390.1 -729.9
1599 OsG -8.4 120.8 308.5 -166.0 -382.3 -722.8
1600 TR -12.4 116.8 304.5 -155.1 -373.9 -715.7
1601 SSD -9.1 119.7 307.4 -159.1 -377.9 -719.7
1602 VP -7.4 121.6 309.4 -163.1 -381.9 -723.7
1603 Fnatic.eu -5.9 123.1 310.9 -167.1 -385.9 -727.7
1604 Sigma.int -9.9 119.1 306.9 -156.7 -375.1 -717.6
1605 VG -7.5 122.0 310.1 -160.7 -379.1 -721.6
1606 CSW -11.5 118.0 306.1 -156.2 -375.4 -717.7
1607 Idol -10.5 119.4 307.8 -160.2 -379.4 -721.7
1608 VP -14.5 115.4 303.8 -150.3 -370.5 -714.2
1609 Empire -10.2 118.9 307.2 -154.3 -374.5 -718.2
1610 VP -6.9 122.6 311.1 -158.3 -378.5 -722.2
1611 Sigma.int -5.9 123.9 312.6 -162.3 -382.5 -726.2
1612 Fnatic.eu -4.0 125.8 314.8 -166.3 -386.5 -730.2
1613 Fnatic.eu -2.6 127.2 316.4 -170.3 -390.5 -734.2
1614 Alliance -2.0 128.0 317.3 -174.3 -394.5 -738.2
1615 Speed 0.9 130.8 320.4 -178.3 -398.5 -742.2
1617 Siltherin 2.9 133.1 323.0 -182.3 -402.5 -746.2
1618 FD 4.5 134.8 325.1 -186.3 -406.5 -750.2
1619 XctN 6.8 137.4 327.9 -190.3 -410.5 -754.2
1620 VP 8.3 138.8 329.5 -194.3 -414.5 -758.2
1622 Aspera 4.3 134.8 325.5 -188.2 -408.1 -752.2
1623 SSD 6.2 136.7 327.5 -192.2 -412.1 -756.2
1624 PR 7.8 138.5 329.5 -196.2 -416.1 -760.2
1625 Idol 3.8 134.5 325.5 -187.1 -407.3 -752.5
1626 FD 4.7 135.7 326.9 -191.1 -411.3 -756.5
1627 MVP 6.7 137.4 328.7 -195.1 -415.3 -760.5
1628 Alliance 7.4 138.1 329.6 -199.1 -419.3 -764.5
1629 Fnatic.eu 7.9 138.7 330.4 -203.1 -423.3 -768.5
1630 Na'Vi 10.5 141.0 332.9 -207.1 -427.3 -772.5
1631 VG 11.0 141.7 333.9 -211.1 -431.3 -776.5
1632 Fnatic.eu 7.0 137.7 329.9 -205.4 -425.5 -770.7
1633 Startale 10.5 140.4 332.4 -209.4 -429.5 -774.7
1634 Alliance 11.2 141.3 333.4 -213.4 -433.5 -778.7
1635 VG 7.2 137.3 329.4 -208.3 -426.3 -771.0
1636 Sigma.int 7.9 138.1 330.5 -212.3 -430.3 -775.0
1637 Na'Vi 9.8 139.9 332.4 -216.3 -434.3 -779.0
1638 VG 12.8 144.2 337.1 -220.3 -438.3 -783.0
1639 Fnatic.eu 8.8 140.2 333.1 -214.5 -432.5 -777.8
1640 FD 11.9 143.8 336.7 -218.5 -436.5 -781.8
1641 RRQ 7.9 139.8 332.7 -209.3 -426.5 -772.2
1642 MiTH 9.6 141.9 334.9 -213.3 -430.5 -776.2
1643 VG 12.0 145.0 338.3 -217.3 -434.5 -780.2
1644 iG 8.0 141.0 334.3 -211.3 -429.0 -774.9
1645 RRQ 10.4 143.3 336.7 -215.3 -433.0 -778.9
1646 RRQ 6.4 139.3 332.7 -211.0 -428.1 -773.7
1647 MiTH 2.4 135.3 328.7 -205.3 -422.9 -769.2
1648 Poseidon -1.6 131.3 324.7 -196.9 -414.5 -761.1
1649 VP 2.1 135.3 328.6 -200.9 -418.5 -765.1
1650 VP 4.0 137.5 330.8 -204.9 -422.5 -769.1
1651 rox.KIS 5.7 139.2 332.7 -208.9 -426.5 -773.1
1652 PR 6.8 140.5 334.2 -212.9 -430.5 -777.1
1653 mouz 8.4 142.1 336.0 -216.9 -434.5 -781.1
1654 MVP.P 9.4 143.5 337.6 -220.9 -438.5 -785.1
1655 RRQ 11.9 145.4 339.5 -224.9 -442.5 -789.1
1656 HR 7.9 141.4 335.5 -215.9 -431.9 -779.3
1657 RRQ 8.6 142.3 336.6 -219.9 -435.9 -783.3
1659 Alliance 4.6 138.3 332.6 -215.6 -431.2 -778.7
1660 Poseidon 0.6 134.3 328.6 -199.2 -416.6 -767.1
1661 Alliance 3.3 137.1 331.6 -203.2 -420.6 -771.1
1662 Fnatic.eu 4.1 138.1 332.8 -207.2 -424.6 -775.1
1664 DK 4.8 138.9 333.8 -211.2 -428.6 -779.1
1665 LGD.cn 5.4 139.6 334.8 -215.2 -432.6 -783.1
1666 Lowyat 1.4 135.6 330.8 -208.5 -426.9 -778.0
1667 Fnatic.eu 2.9 137.0 332.4 -212.5 -430.9 -782.0
1668 Duskbin 3.7 138.3 334.0 -216.5 -434.9 -786.0
1669 Neon -0.3 134.3 330.0 -207.8 -426.8 -779.0
1670 MiTH 3.8 138.1 333.3 -211.8 -430.8 -783.0
1671 Neon 7.2 141.4 336.8 -215.8 -434.8 -787.0
1672 MiTH 9.1 143.3 338.9 -219.8 -438.8 -791.0
1673 rox.KIS 11.9 146.6 342.6 -223.8 -442.8 -795.0
1674 Empire 13.1 147.9 344.0 -227.8 -446.8 -799.0
1675 Empire 16.7 151.7 347.9 -231.8 -450.8 -803.0
1676 TR 12.7 147.7 343.9 -217.6 -439.2 -793.2
1677 Na'Vi 13.9 148.9 345.4 -221.6 -443.2 -797.2
1678 Na'Vi 14.8 150.0 346.6 -225.6 -447.2 -801.2
1679 Speed 16.5 151.7 348.5 -229.6 -451.2 -805.2
1680 Mski 19.8 154.6 351.4 -233.6 -455.2 -809.2
1681 Mski 20.7 155.7 352.7 -237.6 -459.2 -813.2
1682 Lowyat 21.9 157.0 354.3 -241.6 -463.2 -817.2
1683 rox.KIS 23.2 158.6 356.2 -245.6 -467.2 -821.2
1684 Alliance 24.6 159.9 357.6 -249.6 -471.2 -825.2
1685 Alliance 25.1 160.5 358.3 -253.6 -475.2 -829.2
1686 Sigma.int 26.3 161.7 359.7 -257.6 -479.2 -833.2
1688 Fnatic.eu 27.7 163.1 361.2 -261.6 -483.2 -837.2
1689 iG 28.2 163.7 361.9 -265.6 -487.2 -841.2
1690 Mski 30.2 165.2 363.4 -269.6 -491.2 -845.2
1697 mouz 26.2 161.2 359.4 -252.7 -471.1 -825.1
1698 Alliance 27.7 162.5 360.8 -256.7 -475.1 -829.1
1699 OsG 23.7 158.5 356.8 -228.3 -448.8 -805.7
1701 TongFu 24.7 159.5 357.9 -232.3 -452.8 -809.7
1702 DK 28.2 162.9 361.3 -236.3 -456.8 -813.7
1703 DK 24.2 158.9 357.3 -231.0 -451.9 -809.0
1704 Alliance 26.9 161.6 360.2 -235.0 -455.9 -813.0
1705 Next.kz 28.6 163.5 362.4 -239.0 -459.9 -817.0
1706 Sigma.int 29.5 164.3 363.3 -243.0 -463.9 -821.0
1707 mouz 30.7 165.4 364.5 -247.0 -467.9 -825.0
1708 HR 31.8 166.7 366.1 -251.0 -471.9 -829.0
1709 iG 33.2 168.3 368.1 -255.0 -475.9 -833.0
1709 iG 34.6 169.9 370.1 -259.0 -479.9 -837.0
1710 Speed 30.6 165.9 366.1 -252.9 -473.7 -831.1
1710 Speed 26.6 161.9 362.1 -246.4 -467.2 -825.2
1711 Next.kz 27.4 162.9 363.3 -250.4 -471.2 -829.2
1711 Next.kz 28.1 163.8 364.3 -254.4 -475.2 -833.2
1712 VP 29.8 165.5 366.1 -258.4 -479.2 -837.2
1712 VP 31.7 167.1 367.8 -262.4 -483.2 -841.2
1713 Alliance 33.3 168.7 369.5 -266.4 -487.2 -845.2
1713 Sigma.int 35.1 170.1 371.2 -270.4 -491.2 -849.2
1714 rox.KIS 35.8 171.0 372.2 -274.4 -495.2 -853.2
1714 rox.KIS 36.7 171.9 373.4 -278.4 -499.2 -857.2
1715 Poseidon 32.7 167.9 369.4 -272.7 -493.8 -851.9
1715 Poseidon 28.7 163.9 365.4 -268.2 -489.2 -847.9
1716 rox.KIS 31.1 166.6 368.2 -272.2 -493.2 -851.9
1716 rox.KIS 33.7 169.2 371.1 -276.2 -497.2 -855.9
1717 VP 37.4 172.7 374.6 -280.2 -501.2 -859.9
1717 VP 41.7 176.3 378.0 -284.2 -505.2 -863.9
1718 Fnatic.eu 37.7 172.3 374.0 -277.8 -498.3 -858.1
1718 Fnatic.eu 33.7 168.3 370.0 -270.9 -491.7 -852.3
1719 HR 35.5 169.8 371.6 -274.9 -495.7 -856.3
1719 HR 37.3 171.3 373.2 -278.9 -499.7 -860.3
1720 Mski 38.2 172.3 374.3 -282.9 -503.7 -864.3
1721 Lowyat 39.3 173.3 375.8 -286.9 -507.7 -868.3
1722 Mski 40.1 174.1 376.8 -290.9 -511.7 -872.3
1723 Mski 41.8 175.7 378.4 -294.9 -515.7 -876.3
1724 LGD.cn 43.4 177.4 380.3 -298.9 -519.7 -880.3
1725 VG 44.5 178.6 381.7 -302.9 -523.7 -884.3
1726 Lowyat 45.5 179.6 382.9 -306.9 -527.7 -888.3
1727 Mski 46.3 180.5 383.8 -310.9 -531.7 -892.3
1728 sQreen 42.3 176.5 379.8 -298.7 -519.2 -881.3
1730 rox.KIS 43.3 177.9 381.3 -302.7 -523.2 -885.3
1731 Empire 39.3 173.9 377.3 -290.5 -510.3 -874.0
1732 rox.KIS 35.3 169.9 373.3 -284.6 -503.0 -866.7
1733 PR 31.3 165.9 369.3 -273.7 -492.5 -857.0
1734 PR 34.8 169.5 373.0 -277.7 -496.5 -861.0
1735 Mski 35.6 170.3 374.0 -281.7 -500.5 -865.0
1736 Lowyat 31.6 166.3 370.0 -272.5 -491.5 -857.1
1737 MiTH 27.6 162.3 366.0 -267.6 -485.4 -851.3
1738 Lowyat 29.7 164.1 367.9 -271.6 -489.4 -855.3
1739 5inQ 25.7 160.1 363.9 -263.8 -481.6 -848.9
1740 LGD.cn 21.7 156.1 359.9 -257.4 -476.0 -844.1
1741 VP 25.5 159.9 363.6 -261.4 -480.0 -848.1
1742 Na'Vi 27.0 161.9 365.8 -265.4 -484.0 -852.1
1743 Na'Vi 28.7 164.0 368.2 -269.4 -488.0 -856.1
1744 Sigma.int 29.7 165.3 369.7 -273.4 -492.0 -860.1
1745 Na'Vi 30.4 166.2 370.8 -277.4 -496.0 -864.1
1746 Alliance 31.1 167.0 371.9 -281.4 -500.0 -868.1
1748 Idol 27.1 163.0 367.9 -277.1 -494.9 -863.1
1749 FD 23.1 159.0 363.9 -272.8 -489.8 -857.7
1750 Alliance 23.8 159.8 364.9 -276.8 -493.8 -861.7
1751 Na'Vi 24.7 160.8 366.1 -280.8 -497.8 -865.7
1753 Na'Vi 26.0 162.2 367.7 -284.8 -501.8 -869.7
1754 TR 22.0 158.2 363.7 -271.9 -490.4 -860.0
1755 SSD 23.1 159.6 365.4 -275.9 -494.4 -864.0
1756 TongFu 19.1 155.6 361.4 -268.1 -487.5 -858.3
1757 iG 22.6 159.2 365.3 -272.1 -491.5 -862.3
1758 DK 24.2 161.0 367.4 -276.1 -495.5 -866.3
1759 FD 27.3 164.5 371.3 -280.1 -499.5 -870.3
1760 Duskbin 23.3 160.5 367.3 -270.6 -488.9 -860.4
1761 Mski 24.3 161.8 368.7 -274.6 -492.9 -864.4
1762 TR 20.3 157.8 364.7 -265.2 -484.6 -857.2
1763 rox.KIS 21.2 158.8 365.9 -269.2 -488.6 -861.2
1764 Na'Vi 22.3 159.9 367.2 -273.2 -492.6 -865.2
1767 rox.KIS 25.0 163.0 370.7 -277.2 -496.6 -869.2
1768 QPandas 21.0 159.0 366.7 -266.8 -486.8 -860.7
1769 XctN 17.0 155.0 362.7 -261.8 -481.1 -855.2
1770 5inQ 18.7 157.6 365.7 -265.8 -485.1 -859.2
1771 VG 19.6 158.8 367.3 -269.8 -489.1 -863.2
1773 FD 21.7 160.6 369.3 -273.8 -493.1 -867.2
1774 Idol 22.7 162.1 371.2 -277.8 -497.1 -871.2
1775 RRQ 18.7 158.1 367.2 -272.2 -492.2 -866.7
1776 Fnatic.eu 19.8 159.3 368.6 -276.2 -496.2 -870.7
1777 PR 21.3 160.9 370.4 -280.2 -500.2 -874.7
1778 FSid3 17.3 156.9 366.4 -274.2 -493.6 -868.2
1779 Fnatic.eu 19.1 158.4 368.0 -278.2 -497.6 -872.2
1780 Titan 20.5 160.0 369.8 -282.2 -501.6 -876.2
1781 FD 22.2 161.9 371.9 -286.2 -505.6 -880.2
1782 Mski 26.0 165.4 375.4 -290.2 -509.6 -884.2
1783 Titan 27.0 166.4 376.7 -294.2 -513.6 -888.2
1784 LGD.cn 28.6 168.0 378.7 -298.2 -517.6 -892.2
1785 Fnatic.eu 29.7 169.2 380.0 -302.2 -521.6 -896.2
1786 Fnatic.eu 31.1 170.6 381.5 -306.2 -525.6 -900.2
1787 Sigma.int 33.6 173.1 384.1 -310.2 -529.6 -904.2
1788 Sigma.int 34.2 173.8 385.0 -314.2 -533.6 -908.2
1789 Na'Vi 37.1 176.5 387.8 -318.2 -537.6 -912.2
1790 Na'Vi 38.1 177.4 388.8 -322.2 -541.6 -916.2
1791 Revenge 34.1 173.4 384.8 -312.8 -530.1 -904.6
1792 Empire 30.1 169.4 380.8 -304.9 -522.4 -897.7
1793 Fnatic.eu 31.4 170.7 382.3 -308.9 -526.4 -901.7
1794 Mski 27.4 166.7 378.3 -303.8 -520.8 -896.4
1795 Empire 29.0 168.5 380.1 -307.8 -524.8 -900.4
1796 Titan 31.5 171.2 382.7 -311.8 -528.8 -904.4
1797 TR 27.5 167.2 378.7 -302.4 -519.0 -894.9
1798 OsG 29.8 169.9 381.5 -306.4 -523.0 -898.9
1799 VP 25.8 165.9 377.5 -297.7 -516.3 -893.1
1800 Empire 27.4 167.5 379.3 -301.7 -520.3 -897.1
1801 Na'Vi 29.1 168.9 380.9 -305.7 -524.3 -901.1
1802 PR 25.1 164.9 376.9 -292.6 -508.4 -886.3
1803 Sigma.int 26.3 166.3 378.4 -296.6 -512.4 -890.3
1804 DK 26.7 166.9 379.1 -300.6 -516.4 -894.3
1805 VG 27.3 167.6 380.0 -304.6 -520.4 -898.3
1806 DT 29.0 169.2 381.8 -308.6 -524.4 -902.3
1807 LGD.cn 29.5 169.8 382.6 -312.6 -528.4 -906.3
1808 iG 29.9 170.4 383.4 -316.6 -532.4 -910.3
1809 Titan 31.1 171.5 384.7 -320.6 -536.4 -914.3
1810 TR 27.1 167.5 380.7 -315.8 -531.2 -909.1
1811 TongFu 28.0 168.4 381.8 -319.8 -535.2 -913.1
1813 DK 30.3 170.9 384.5 -323.8 -539.2 -917.1
1814 LGD.cn 30.8 171.6 385.4 -327.8 -543.2 -921.1
1815 iG 31.7 173.0 387.1 -331.8 -547.2 -925.1
1816 TongFu 27.7 169.0 383.1 -326.2 -542.1 -920.7
1817 Mski 28.9 170.2 384.5 -330.2 -546.1 -924.7
1818 FD 31.1 172.3 386.6 -334.2 -550.1 -928.7
1819 rox.KIS 33.5 174.6 389.1 -338.2 -554.1 -932.7
1820 Empire 34.4 175.5 390.2 -342.2 -558.1 -936.7
1821 QPandas 30.4 171.5 386.2 -331.4 -547.1 -927.1
1822 Fnatic.eu 30.9 172.1 386.9 -335.4 -551.1 -931.1
1823 SSD 32.6 173.7 388.6 -339.4 -555.1 -935.1
1824 Empire 35.8 176.9 392.1 -343.4 -559.1 -939.1
1825 DK 37.4 178.7 394.2 -347.4 -563.1 -943.1
1826 Titan 38.4 179.7 395.3 -351.4 -567.1 -947.1
1827 MVP.P 39.3 180.9 396.7 -355.4 -571.1 -951.1
1828 TongFu 35.3 176.9 392.7 -341.0 -559.9 -941.3
1829 Sigma.int 36.6 178.6 394.7 -345.0 -563.9 -945.3
1830 mouz 38.8 180.8 396.9 -349.0 -567.9 -949.3
1831 rox.KIS 34.8 176.8 392.9 -340.0 -560.4 -942.3
1832 TR 38.2 180.0 396.3 -344.0 -564.4 -946.3
1833 Fnatic.eu 39.7 181.4 397.7 -348.0 -568.4 -950.3
1835 iG 35.7 177.4 393.7 -344.1 -564.2 -945.7
1836 DK 37.1 179.0 395.5 -348.1 -568.2 -949.7
1837 Titan 38.7 180.5 397.2 -352.1 -572.2 -953.7
1838 Titan 34.7 176.5 393.2 -345.8 -565.5 -947.2
1839 Sigma.int 30.7 172.5 389.2 -337.0 -557.0 -939.3
1840 PR 26.7 168.5 385.2 -324.8 -545.7 -928.8
1841 SSD 28.5 170.5 387.4 -328.8 -549.7 -932.8
1842 DK 29.8 172.1 389.2 -332.8 -553.7 -936.8
1843 iG 31.8 174.5 391.8 -336.8 -557.7 -940.8
1844 VG 27.8 170.5 387.8 -331.0 -552.7 -936.1
1845 DK 29.7 172.7 389.0 -335.0 -556.7 -940.1
1846 DK 30.6 173.8 389.6 -339.0 -560.7 -944.1
1847 DK 31.4 174.9 390.9 -343.0 -564.7 -948.1
1848 TongFu 33.1 177.0 393.3 -347.0 -568.7 -952.1
1849 PBS 34.8 179.2 395.9 -351.0 -572.7 -956.1
1850 rox.KIS 36.1 180.8 396.7 -355.0 -576.7 -960.1
1851 Alliance 36.8 181.7 397.3 -359.0 -580.7 -964.1
1852 SSD 38.5 183.3 399.0 -363.0 -584.7 -968.1
1853 Alliance 39.5 184.1 399.9 -367.0 -588.7 -972.1
1854 SSD 35.5 180.1 395.9 -360.1 -580.5 -964.3
1857 iG 36.2 181.0 397.0 -364.1 -584.5 -968.3
1858 Empire 38.5 183.7 398.4 -368.1 -588.5 -972.3
1860 Fnatic.eu 39.1 184.5 399.3 -372.1 -592.5 -976.3
1861 Sigma.int 40.1 185.7 400.8 -376.1 -596.5 -980.3
1862 Next.kz 36.1 181.7 396.8 -365.2 -585.9 -970.5
1863 Fnatic.eu 37.3 183.0 397.8 -369.2 -589.9 -974.5
1864 Revenge 39.6 185.5 400.6 -373.2 -593.9 -978.5
1865 TongFu 40.4 186.5 401.8 -377.2 -597.9 -982.5
1866 Sigma.int 42.3 188.8 403.4 -381.2 -601.9 -986.5
1867 Fnatic.eu 43.2 189.8 404.1 -385.2 -605.9 -990.5
1868 Na'Vi 43.9 190.6 404.6 -389.2 -609.9 -994.5
1869 FSid3 39.9 186.6 400.6 -381.4 -602.4 -988.2
1870 FSid3 35.9 182.6 396.6 -371.7 -590.9 -976.9
1871 Relax 37.6 184.4 398.8 -375.7 -594.9 -980.9
1872 rox.KIS 33.6 180.4 394.8 -371.1 -590.1 -976.2
1873 PBS 29.6 176.4 390.8 -364.8 -583.5 -972.7
1874 Revenge 31.0 178.0 391.8 -368.8 -587.5 -976.7
1875 iG 32.6 179.7 393.7 -372.8 -591.5 -980.7
1876 GB 34.4 181.6 395.9 -376.8 -595.5 -984.7
1877 FD 36.0 183.3 397.2 -380.8 -599.5 -988.7
1878 Invasion 32.0 179.3 393.2 -369.2 -589.1 -974.8
1879 Orange 32.8 180.2 394.2 -373.2 -593.1 -978.8
1880 VG 28.8 176.2 390.2 -366.6 -585.7 -971.7
1881 LGD.cn 32.1 180.0 392.1 -370.6 -589.7 -975.7
1882 Swage 35.8 183.9 394.8 -374.6 -593.7 -979.7
1883 iG 31.8 179.9 390.8 -366.2 -586.2 -970.0
1885 Mski 33.0 181.0 392.0 -370.2 -590.2 -974.0
1886 Invasion 34.3 182.4 393.0 -374.2 -594.2 -978.0
1887 Lowyat 35.6 183.8 394.4 -378.2 -598.2 -982.0
1888 SMM 38.8 186.7 397.5 -382.2 -602.2 -986.0
1889 Fnatic.eu 34.8 182.7 393.5 -365.0 -589.1 -974.2
1890 LGD.cn 30.8 178.7 389.5 -358.5 -583.2 -968.7
1891 Lowyat 26.8 174.7 385.5 -353.9 -578.6 -964.2
1892 nAra 22.8 170.7 381.5 -346.1 -571.8 -955.8
1893 Mski 24.0 172.1 382.2 -350.1 -575.8 -959.8
1894 Spirit 20.0 168.1 378.2 -337.6 -564.3 -943.5
1895 Fnatic.eu 16.0 164.1 374.2 -333.0 -560.4 -934.8
1896 XctN 12.0 160.1 370.2 -327.6 -554.5 -929.3
1897 Idol 8.0 156.1 366.2 -321.7 -548.5 -923.6
1898 Titan 9.3 157.8 367.0 -325.7 -552.5 -927.6
1899 LGD.cn 11.8 160.4 369.0 -329.7 -556.5 -931.6
1900 PBS 14.0 162.8 371.6 -333.7 -560.5 -935.6
1902 Idol 10.0 158.8 367.6 -329.0 -555.9 -931.5
1903 Titan 12.0 161.2 368.9 -333.0 -559.9 -935.5
1904 Mastery 8.0 157.2 364.9 -326.5 -553.6 -928.0
1905 Swage 4.0 153.2 360.9 -318.9 -546.9 -922.0
1906 5inQ 5.1 154.9 362.9 -322.9 -550.9 -926.0
1907 EOT 8.0 158.2 365.2 -326.9 -554.9 -930.0
1908 Sigma.int 4.0 154.2 361.2 -322.0 -549.5 -924.4
1909 Mski 7.1 157.8 363.9 -326.0 -553.5 -928.4
1910 FD 9.0 160.0 365.4 -330.0 -557.5 -932.4
1911 Titan 10.1 161.3 366.4 -334.0 -561.5 -936.4
1912 Orange 12.2 163.3 368.4 -338.0 -565.5 -940.4
1913 rox.KIS 13.6 164.9 369.7 -342.0 -569.5 -944.4
1914 rox.KIS 15.4 166.7 371.7 -346.0 -573.5 -948.4
1916 rox.KIS 16.7 168.1 373.2 -350.0 -577.5 -952.4
1917 Orange 18.7 169.7 374.9 -354.0 -581.5 -956.4
1918 Orange 20.8 171.6 376.8 -358.0 -585.5 -960.4
1920 Mski 16.8 167.6 372.8 -349.7 -579.0 -954.4
1921 VP 19.3 170.0 375.1 -353.7 -583.0 -958.4
1922 VP 15.3 166.0 371.1 -348.8 -578.2 -954.0
1923 VP 16.8 167.7 372.9 -352.8 -582.2 -958.0
1924 Sigma.int 19.1 170.4 374.6 -356.8 -586.2 -962.0
1925 PR 20.8 172.0 376.0 -360.8 -590.2 -966.0
1926 PR 23.4 174.1 378.2 -364.8 -594.2 -970.0
1927 Titan 25.0 175.9 379.4 -368.8 -598.2 -974.0
1928 Zephyr 26.0 177.4 381.2 -372.8 -602.2 -978.0
1929 MVP 27.3 178.9 383.0 -376.8 -606.2 -982.0
1930 Alliance 29.4 181.0 385.4 -380.8 -610.2 -986.0
1931 Swage 25.4 177.0 381.4 -372.8 -602.9 -979.4
1933 Alliance 27.6 179.2 383.8 -376.8 -606.9 -983.4
1934 Sigma.int 23.6 175.2 379.8 -365.8 -595.5 -972.8
1935 EOT.Ham. 19.6 171.2 375.8 -350.3 -585.5 -964.7
1936 Alliance 21.4 173.2 377.5 -354.3 -589.5 -968.7
1937 Na'Vi 23.2 175.2 379.7 -358.3 -593.5 -972.7
1938 DK 25.7 177.9 382.6 -362.3 -597.5 -976.7
1939 Na'Vi 27.4 179.8 384.0 -366.3 -601.5 -980.7
1940 Na'Vi 23.4 175.8 380.0 -361.1 -597.2 -976.4
1941 Zephyr 25.5 178.4 381.2 -365.1 -601.2 -980.4
1942 VP 28.9 181.3 384.1 -369.1 -605.2 -984.4
1943 PR 30.8 183.2 386.3 -373.1 -609.2 -988.4
1944 VP 32.7 185.3 387.8 -377.1 -613.2 -992.4
1945 rox.KIS 33.8 186.6 388.6 -381.1 -617.2 -996.4
1946 PR 29.8 182.6 384.6 -374.5 -610.1 -989.8
1947 Relax 25.8 178.6 380.6 -367.5 -603.2 -983.7
1948 Empire 26.8 179.7 382.0 -371.5 -607.2 -987.7
1949 EOT.Ham. 22.8 175.7 378.0 -360.6 -597.9 -979.7
1951 Empire 24.0 177.2 378.8 -364.6 -601.9 -983.7
1953 Fnatic.eu 25.0 178.4 379.8 -368.6 -605.9 -987.7
1954 Empire 25.9 179.4 381.0 -372.6 -609.9 -991.7
1955 Life 28.7 182.9 382.7 -376.6 -613.9 -995.7
1956 rox.KIS 30.3 184.3 384.2 -380.6 -617.9 -999.7
1960 Empire 32.0 186.1 386.4 -384.6 -621.9 -1003.7
1961 Fnatic.eu 32.8 187.0 387.0 -388.6 -625.9 -1007.7
1962 Fnatic.eu 35.1 189.4 389.4 -392.6 -629.9 -1011.7
1963 Life 31.1 185.4 385.4 -383.2 -620.3 -1004.8
1964 Fnatic.eu 32.2 186.8 386.2 -387.2 -624.3 -1008.8
1965 Relax 33.9 188.8 387.8 -391.2 -628.3 -1012.8
1966 Speed 36.7 192.1 391.5 -395.2 -632.3 -1016.8
1967 Liquid 38.1 193.2 392.8 -399.2 -636.3 -1020.8
1968 Denial 40.4 195.8 395.7 -403.2 -640.3 -1024.8
1969 hehe 43.3 199.2 399.4 -407.2 -644.3 -1028.8
1970 hehe 45.4 201.3 401.3 -411.2 -648.3 -1032.8
1971 Relax 41.4 197.3 397.3 -396.5 -635.5 -1022.0
1972 PR 37.4 193.3 393.3 -386.5 -627.0 -1006.5
1973 Sigma.int 38.6 194.9 394.1 -390.5 -631.0 -1010.5
1974 bvd.dotA 34.6 190.9 390.1 -385.3 -626.1 -1007.2
1975 Fnatic.eu 35.3 191.7 390.5 -389.3 -630.1 -1011.2
1976 Relax 31.3 187.7 386.5 -384.1 -625.3 -1004.2
1977 Empire 27.3 183.7 382.5 -379.2 -620.4 -999.7
1978 eHug 30.2 187.1 384.0 -383.2 -624.4 -1003.7
1979 Empire 32.5 189.9 387.1 -387.2 -628.4 -1007.7
1980 Empire 35.9 194.1 391.6 -391.2 -632.4 -1011.7
1981 Liquid 36.8 195.3 393.1 -395.2 -636.4 -1015.7
1982 Speed 37.8 196.5 394.0 -399.2 -640.4 -1019.7
1983 SADBOYS 33.8 192.5 390.0 -392.1 -631.8 -1011.1
1984 Empire 34.7 193.5 390.8 -396.1 -635.8 -1015.1
1985 SADBOYS 30.7 189.5 386.8 -386.3 -627.1 -1004.8
1986 eHug 26.7 185.5 382.8 -380.2 -621.0 -998.9
1987 Empire 22.7 181.5 378.8 -373.9 -615.5 -990.9
1988 Liquid 18.7 177.5 374.8 -366.4 -608.9 -984.3
1991 PR 20.7 179.6 377.0 -370.4 -612.9 -988.3
1992 Speed 21.6 180.7 378.4 -374.4 -616.9 -992.3
1993 Liquid 24.7 184.1 382.1 -378.4 -620.9 -996.3
1994 Fnatic.eu 20.7 180.1 378.1 -373.9 -616.9 -992.4
1995 SADBOYS 22.2 182.1 380.6 -377.9 -620.9 -996.4
1996 TR 18.2 178.1 376.6 -369.9 -613.4 -989.5
2000 UG 14.2 174.1 372.6 -364.8 -608.5 -984.1
2001 Speed 15.1 175.4 374.1 -368.8 -612.5 -988.1
2002 Swage 18.0 178.5 375.7 -372.8 -616.5 -992.1
2003 Empire 14.0 174.5 371.7 -366.6 -611.1 -983.6
2004 Empire 16.9 177.4 375.1 -370.6 -615.1 -987.6
2005 5inQ 19.5 180.3 376.6 -374.6 -619.1 -991.6
2006 Empire 15.5 176.3 372.6 -370.5 -615.1 -985.6
2008 SADBOYS 11.5 172.3 368.6 -363.2 -608.0 -978.5
2009 Fnatic.eu 13.0 174.0 369.9 -367.2 -612.0 -982.5
2010 Na'Vi 14.5 175.6 371.5 -371.2 -616.0 -986.5
2011 PR 10.5 171.6 367.5 -365.6 -611.3 -982.0
2013 Empire 12.8 173.9 369.8 -369.6 -615.3 -986.0
2014 Speed 14.0 175.2 370.7 -373.6 -619.3 -990.0
2015 Speed 14.8 176.1 371.9 -377.6 -623.3 -994.0
2016 Revenge 16.7 178.1 374.0 -381.6 -627.3 -998.0
2018 Fnatic.eu 12.7 174.1 370.0 -372.7 -617.8 -989.2
2019 Na'Vi 14.1 175.5 371.6 -376.7 -621.8 -993.2
2020 PR 15.9 177.4 373.6 -380.7 -625.8 -997.2
2022 Liquid 16.8 178.4 374.2 -384.7 -629.8 -1001.2
2023 SADBOYS 17.5 179.3 375.3 -388.7 -633.8 -1005.2
2024 SADBOYS 18.9 180.8 376.0 -392.7 -637.8 -1009.2
2025 D4D 22.0 184.0 378.3 -396.7 -641.8 -1013.2
2026 Execration 24.0 186.3 380.9 -400.7 -645.8 -1017.2
2028 Next.kz 20.0 182.3 376.9 -392.3 -638.2 -1010.2
2029 Empire 21.1 183.6 377.6 -396.3 -642.2 -1014.2
2030 Empire 24.6 187.0 381.1 -400.3 -646.2 -1018.2
2031 Sigma.int 20.6 183.0 377.1 -393.9 -639.7 -1011.6
2032 Liquid 21.5 184.0 378.2 -397.9 -643.7 -1015.6
2033 eHug 17.5 180.0 374.2 -391.4 -637.0 -1009.0
2034 Denial 13.5 176.0 370.2 -381.1 -627.1 -998.6
2035 SADBOYS 14.5 177.1 370.8 -385.1 -631.1 -1002.6
2036 Zephyr 17.5 180.4 374.3 -389.1 -635.1 -1006.6
2038 SADBOYS 21.6 184.6 377.6 -393.1 -639.1 -1010.6
2039 Speed 17.6 180.6 373.6 -386.7 -632.7 -1004.1
2043 Liquid 20.1 183.2 374.9 -390.7 -636.7 -1008.1
2044 Arrow 22.4 186.0 376.3 -394.7 -640.7 -1012.1
2046 Empire 25.9 189.5 379.9 -398.7 -644.7 -1016.1
2047 Empire 27.6 191.5 381.2 -402.7 -648.7 -1020.1
2048 Arrow 29.3 193.6 382.2 -406.7 -652.7 -1024.1
2049 GL 31.4 195.9 383.8 -410.7 -656.7 -1028.1
2051 Nullis 33.4 198.0 386.1 -414.7 -660.7 -1032.1
2052 Nullis 29.4 194.0 382.1 -406.9 -653.6 -1023.2
2053 SADBOYS 30.2 195.1 382.5 -410.9 -657.6 -1027.2
2054 Empire 31.2 196.4 384.1 -414.9 -661.6 -1031.2
2055 Na'Vi 32.2 197.6 384.8 -418.9 -665.6 -1035.2
2056 bvd.dotA 33.7 199.3 386.9 -422.9 -669.6 -1039.2
2057 Aura 35.9 201.7 389.5 -426.9 -673.6 -1043.2
2058 Cloud9 36.8 203.0 389.9 -430.9 -677.6 -1047.2
2059 Empire 37.7 204.0 391.0 -434.9 -681.6 -1051.2
2060 Fnatic.eu 33.7 200.0 387.0 -430.3 -677.4 -1047.2
2061 rox.KIS 29.7 196.0 383.0 -414.7 -662.7 -1034.1
2062 PR 25.7 192.0 379.0 -408.2 -656.5 -1028.2
2064 Cloud9 26.7 193.2 380.5 -412.2 -660.5 -1032.2
2066 Alliance 27.9 194.4 381.8 -416.2 -664.5 -1036.2
2067 Na'Vi 28.7 195.3 382.8 -420.2 -668.5 -1040.2
2068 Fnatic.eu 29.7 196.4 383.7 -424.2 -672.5 -1044.2
2069 VP 25.7 192.4 379.7 -417.9 -666.7 -1038.2
2070 rox.KIS 21.7 188.4 375.7 -410.8 -660.2 -1028.5
2071 Cloud9 24.8 191.8 377.8 -414.8 -664.2 -1032.5
2072 About 20.8 187.8 373.8 -407.4 -657.1 -1024.8
2073 4FC 22.6 189.9 375.3 -411.4 -661.1 -1028.8
2074 vhoul 18.6 185.9 371.3 -401.0 -651.4 -1021.9
2075 Liquid 14.6 181.9 367.3 -393.8 -645.4 -1012.8
2076 Courage 10.6 177.9 363.3 -381.0 -634.6 -990.7
2078 Empire 13.1 180.5 365.3 -385.0 -638.6 -994.7
2079 Empire 14.7 182.4 367.4 -389.0 -642.6 -998.7
2080 rox.KIS 10.7 178.4 363.4 -372.7 -626.7 -985.4
2082 rox.KIS 11.7 179.6 364.7 -376.7 -630.7 -989.4
2083 PR 12.6 180.6 365.8 -380.7 -634.7 -993.4
2084 hehe 8.6 176.6 361.8 -376.1 -629.9 -988.9
2085 Next.kz 11.7 179.6 366.5 -380.1 -633.9 -992.9
2086 PssT 7.7 175.6 362.5 -372.8 -628.1 -984.3
2087 Liquid 9.0 177.0 363.4 -376.8 -632.1 -988.3
2088 SADBOYS 12.1 180.7 365.8 -380.8 -636.1 -992.3
2089 SADBOYS 13.0 181.8 367.3 -384.8 -640.1 -996.3
2091 Zephyr 15.8 184.7 370.4 -388.8 -644.1 -1000.3
2092 Empire 11.8 180.7 366.4 -384.5 -639.7 -996.0
2093 rox.KIS 13.6 182.6 367.6 -388.5 -643.7 -1000.0
2094 Insane 9.6 178.6 363.6 -380.7 -636.7 -993.8
2095 Titan 11.0 180.3 364.2 -384.7 -640.7 -997.8
2096 neXt! 7.0 176.3 360.2 -378.9 -635.3 -993.4
2097 rox.KIS 8.4 177.9 361.0 -382.9 -639.3 -997.4
2098 Zephyr 9.5 179.0 362.4 -386.9 -643.3 -1001.4
2099 rox.KIS 11.5 180.9 364.3 -390.9 -647.3 -1005.4
2100 PR 12.9 182.4 365.5 -394.9 -651.3 -1009.4
2101 ZR 16.0 186.0 367.6 -398.9 -655.3 -1013.4
2102 MYM 17.6 187.7 369.5 -402.9 -659.3 -1017.4
2103 JnRun 13.6 183.7 365.5 -398.2 -654.5 -1012.5
2104 Arrow 9.6 179.7 361.5 -389.2 -645.6 -1004.6
2105 Mongolz 13.1 183.3 364.0 -393.2 -649.6 -1008.6
2106 Panthers 15.6 186.0 367.1 -397.2 -653.6 -1012.6
2112 DUZA 18.1 188.6 369.7 -401.2 -657.6 -1016.6
2113 TCN 19.7 190.6 370.8 -405.2 -661.6 -1020.6
2114 VP 22.4 193.6 374.0 -409.2 -665.6 -1024.6
2115 Mongolz 18.4 189.6 370.0 -402.8 -658.8 -1018.2
2117 Titan 20.5 192.1 371.5 -406.8 -662.8 -1022.2
2119 Empire 21.2 193.0 372.0 -410.8 -666.8 -1026.2
2121 Relax 22.3 194.3 373.1 -414.8 -670.8 -1030.2
2122 4FC 25.6 197.5 376.0 -418.8 -674.8 -1034.2
2123 rox.KIS 26.5 198.6 376.7 -422.8 -678.8 -1038.2
2124 neXt! 22.5 194.6 372.7 -416.4 -671.9 -1031.0
2126 ZR 24.7 196.9 374.8 -420.4 -675.9 -1035.0
2128 Alliance 26.3 198.6 376.4 -424.4 -679.9 -1039.0
2129 vhoul 28.8 201.3 378.2 -428.4 -683.9 -1043.0
2131 Titan 29.5 202.2 379.3 -432.4 -687.9 -1047.0
2132 Fnatic.eu 31.2 203.9 380.9 -436.4 -691.9 -1051.0
2133 Next.kz 27.2 199.9 376.9 -420.1 -677.1 -1030.9
2135 rox.KIS 29.2 202.1 379.4 -424.1 -681.1 -1034.9
2136 Swage 30.9 204.0 381.2 -428.1 -685.1 -1038.9
2137 Revenge 32.6 205.8 382.4 -432.1 -689.1 -1042.9
2138 Liquid 33.6 206.9 383.1 -436.1 -693.1 -1046.9
2139 eHug 35.3 208.7 384.6 -440.1 -697.1 -1050.9
2140 PssT 31.3 204.7 380.6 -432.7 -689.1 -1043.6
2141 WWD 32.8 206.2 382.4 -436.7 -693.1 -1047.6
2142 MVP.P 36.3 209.0 385.2 -440.7 -697.1 -1051.6
2143 MiTH 37.8 210.5 386.5 -444.7 -701.1 -1055.6
2146 Fnatic.eu 39.7 212.6 388.2 -448.7 -705.1 -1059.6
2147 Na'Vi 40.8 213.8 389.5 -452.7 -709.1 -1063.6
2148 PR 36.8 209.8 385.5 -440.7 -699.3 -1055.4
2149 Sigma.int 38.4 211.5 387.4 -444.7 -703.3 -1059.4
2150 VP 34.4 207.5 383.4 -439.9 -698.8 -1054.3
2151 Insane 30.4 203.5 379.4 -435.1 -693.7 -1049.0
2152 Relax 26.4 199.5 375.4 -424.9 -684.0 -1039.3
2154 ZR 22.4 195.5 371.4 -419.2 -678.5 -1034.4
2155 MYM 24.1 197.1 373.3 -423.2 -682.5 -1038.4
2156 Cloud9 25.1 198.3 374.0 -427.2 -686.5 -1042.4
2158 Denial 21.1 194.3 370.0 -417.4 -677.2 -1030.4
2159 SADBOYS 21.8 195.2 371.1 -421.4 -681.2 -1034.4
2160 Dog 23.2 197.0 373.1 -425.4 -685.2 -1038.4
2161 Osiris 19.2 193.0 369.1 -417.6 -678.2 -1034.5
2162 Orange 20.1 194.1 370.3 -421.6 -682.2 -1038.5
2164 Puck 16.1 190.1 366.3 -415.3 -675.2 -1031.7
2165 TR 12.1 186.1 362.3 -401.2 -662.6 -1012.2
2166 DUZA 8.1 182.1 358.3 -393.8 -655.6 -1005.7
2167 Scythe 10.9 185.3 360.0 -397.8 -659.6 -1009.7
2168 Dignotoss 13.8 188.9 363.8 -401.8 -663.6 -1013.7
2169 WWD 16.1 191.6 365.1 -405.8 -667.6 -1017.7
2170 ZR 12.1 187.6 361.1 -396.7 -657.9 -1008.8
2171 Relax 13.9 189.4 362.9 -400.7 -661.9 -1012.8
2172 Na'Vi 15.0 190.7 363.7 -404.7 -665.9 -1016.8
2175 Liquid 15.9 191.7 365.0 -408.7 -669.9 -1020.8
2176 neXt! 11.9 187.7 361.0 -402.3 -664.1 -1015.3
2177 Dog 13.3 189.5 363.4 -406.3 -668.1 -1019.3
2178 VP 14.6 190.9 364.6 -410.3 -672.1 -1023.3
2179 PR 17.0 193.5 366.4 -414.3 -676.1 -1027.3
2180 Puck 13.0 189.5 362.4 -407.4 -670.0 -1018.9
2181 MiT 9.0 185.5 358.4 -394.8 -657.7 -1007.7
2182 MM 11.7 188.4 360.0 -398.8 -661.7 -1011.7
2183 4N 7.7 184.4 356.0 -393.9 -656.8 -1007.0
2184 Swage 3.7 180.4 352.0 -389.3 -653.1 -1001.9
2185 Scythe 5.0 182.1 352.5 -393.3 -657.1 -1005.9
2186 RRQ 1.0 178.1 348.5 -387.6 -652.1 -998.1
2187 Titan 1.6 178.9 349.5 -391.6 -656.1 -1002.1
2188 Everlast -2.4 174.9 345.5 -376.0 -643.6 -991.4
2189 Dignotoss -6.4 170.9 341.5 -371.2 -639.0 -985.4
2190 VP -5.2 172.0 342.7 -375.2 -643.0 -989.4
2191 Orange -3.1 174.1 344.8 -379.2 -647.0 -993.4
2192 PR -7.1 170.1 340.8 -372.3 -640.8 -988.2
2193 Na'Vi -5.2 171.8 342.5 -376.3 -644.8 -992.2
2194 Zephyr -2.5 174.6 344.8 -380.3 -648.8 -996.2
2196 Dog -6.5 170.6 340.8 -376.6 -644.0 -990.9
2197 Empire -5.7 171.6 342.1 -380.6 -648.0 -994.9
2200 Alliance -4.4 172.8 343.6 -384.6 -652.0 -998.9
2201 eN.Legs -2.2 175.0 345.8 -388.6 -656.0 -1002.9
2202 neXt! 0.2 177.5 348.1 -392.6 -660.0 -1006.9
2203 BIP 2.8 180.5 349.8 -396.6 -664.0 -1010.9
2204 Osiris -1.2 176.5 345.8 -387.3 -654.4 -1001.9
2207 PR -5.2 172.5 341.8 -382.8 -649.8 -997.6
2209 DT.NGC -9.2 168.5 337.8 -377.5 -644.7 -993.3
2210 Titan -8.5 169.4 338.9 -381.5 -648.7 -997.3
2213 Arrow -7.8 170.3 340.2 -385.5 -652.7 -1001.3
2214 Orange -7.0 171.3 340.7 -389.5 -656.7 -1005.3
2215 ADN -11.0 167.3 336.7 -380.4 -647.0 -998.5
2216 Alliance -9.5 169.0 338.4 -384.4 -651.0 -1002.5
2218 VP -13.5 165.0 334.4 -374.9 -642.8 -994.8
2219 rox.KIS -17.5 161.0 330.4 -369.5 -637.6 -989.7
2223 Sigma.int -13.7 164.7 334.3 -373.5 -641.6 -993.7
2225 Empire -17.7 160.7 330.3 -367.8 -634.2 -986.0
2226 Empire -21.7 156.7 326.3 -357.9 -624.3 -979.6
2228 Titan -21.0 157.5 326.7 -361.9 -628.3 -983.6
2229 Scythe -19.5 159.2 327.5 -365.9 -632.3 -987.6
2230 Orange -17.3 161.3 329.7 -369.9 -636.3 -991.6
2231 Arrow -15.3 163.7 331.4 -373.9 -640.3 -995.6
2232 Relax -11.6 166.7 334.2 -377.9 -644.3 -999.6
2233 CIS -8.9 169.7 336.9 -381.9 -648.3 -1003.6
2234 5inQ -6.3 171.8 339.1 -385.9 -652.3 -1007.6
2237 Execration -4.7 173.4 340.8 -389.9 -656.3 -1011.6
2238 FD -3.2 175.1 342.3 -393.9 -660.3 -1015.6
2239 Orange -7.2 171.1 338.3 -381.8 -651.2 -1007.8
2240 Spirit -11.2 167.1 334.3 -374.0 -643.4 -998.7
2241 hehe -15.2 163.1 330.3 -356.7 -628.4 -972.1
2242 PR -19.2 159.1 326.3 -346.5 -619.0 -958.6
2244 EG -17.6 161.1 327.2 -350.5 -623.0 -962.6
2245 MYM -14.8 164.1 330.5 -354.5 -627.0 -966.6
2246 Execration -10.9 168.0 333.4 -358.5 -631.0 -970.6
2247 Cloud9 -7.7 171.7 335.4 -362.5 -635.0 -974.6
2248 DT.NGC -6.0 173.7 337.8 -366.5 -639.0 -978.6
2249 Titan -4.9 174.9 339.2 -370.5 -643.0 -982.6
2250 Execration -8.9 170.9 335.2 -365.6 -638.0 -978.1
2251 Zephyr -7.6 172.3 336.9 -369.6 -642.0 -982.1
2252 FD -5.3 174.7 338.8 -373.6 -646.0 -986.1
2254 Fnatic.eu -2.4 177.7 342.0 -377.6 -650.0 -990.1
2255 rox.KIS 0.0999999999999 180.1 344.4 -381.6 -654.0 -994.1
2258 Arrow -3.9 176.1 340.4 -373.3 -647.2 -988.4
2259 VG -1.2 178.9 342.2 -377.3 -651.2 -992.4
2260 FL 0.3 180.6 343.2 -381.3 -655.2 -996.4
2261 CIS -3.7 176.6 339.2 -362.1 -641.4 -986.2
2262 Mski -1.7 178.8 340.9 -366.1 -645.4 -990.2
2263 Cloud9 0.5 181.4 343.8 -370.1 -649.4 -994.2
2269 Na'Vi 2.3 183.3 345.5 -374.1 -653.4 -998.2
2270 RRQ -1.7 179.3 341.5 -366.7 -646.1 -991.2
2271 Titan 0.0999999999999 181.2 343.3 -370.7 -650.1 -995.2
2272 Arrow 3.1 184.8 347.3 -374.7 -654.1 -999.2
2273 VG 3.8 185.7 348.5 -378.7 -658.1 -1003.2
2274 LGD.cn 5.7 188.0 349.8 -382.7 -662.1 -1007.2
2275 Orange 6.4 188.7 350.5 -386.7 -666.1 -1011.2
2277 FD 7.7 190.2 351.4 -390.7 -670.1 -1015.2
2278 MiTH 8.8 191.3 352.8 -394.7 -674.1 -1019.2
2279 DUZA 10.3 192.9 354.1 -398.7 -678.1 -1023.2
2280 DK 10.9 193.6 355.0 -402.7 -682.1 -1027.2
2281 Titan 13.5 195.7 357.0 -406.7 -686.1 -1031.2
2282 iG 14.2 196.6 357.5 -410.7 -690.1 -1035.2
2283 Fnatic.eu 15.9 198.5 359.4 -414.7 -694.1 -1039.2
2284 Zephyr 17.2 199.9 360.7 -418.7 -698.1 -1043.2
2285 Na'Vi 18.3 201.0 361.9 -422.7 -702.1 -1047.2
2286 Cloud9 21.0 203.6 365.4 -426.7 -706.1 -1051.2
2287 VG 17.0 199.6 361.4 -421.1 -700.5 -1047.5
2288 EG 13.0 195.6 357.4 -411.6 -690.8 -1039.7
2289 DT.NGC 9.0 191.6 353.4 -401.1 -679.3 -1033.8
2290 Orange 5.0 187.6 349.4 -391.9 -670.9 -1026.0
2291 Na'Vi 7.4 190.0 352.5 -395.9 -674.9 -1030.0
2292 Na'Vi 8.9 191.4 354.0 -399.9 -678.9 -1034.0
2293 Alliance 10.0 192.7 354.9 -403.9 -682.9 -1038.0
2295 Arrow 11.0 193.9 356.2 -407.9 -686.9 -1042.0
