0 0 0.0 0.0 0.0 0.0 0.0 0.0
18 Na'Vi 0.8 1.1 1.5 -4.0 -4.0 -4.0
19 Empire 2.3 3.0 3.4 -8.0 -8.0 -8.0
23 mouz 3.1 3.9 4.6 -12.0 -12.0 -12.0
26 Empire -0.9 -0.1 0.6 -1.6 -3.5 -4.2
29 GU.pe -4.9 -4.1 -3.4 10.5 6.4 5.3
31 Liquid -3.2 -2.2 -1.3 6.5 2.4 1.3
32 Alliance -2.5 -1.1 -0.1 2.5 -1.6 -2.7
40 Fnatic.eu -1.1 0.9 1.9 -1.5 -5.6 -6.7
41 Empire 0.0 2.2 3.6 -5.5 -9.6 -10.7
43 mouz 1.6 4.1 5.5 -9.5 -13.6 -14.7
44 Quantic 3.0 6.0 7.6 -13.5 -17.6 -18.7
48 VP 4.4 7.6 9.7 -17.5 -21.6 -22.7
49 Liquid 5.2 8.8 11.1 -21.5 -25.6 -26.7
50 3DMAX 1.2 4.8 7.1 3.7 -8.1 -11.7
51 Liquid -2.8 0.8 3.1 14.8 1.5 -4.1
53 VP -6.8 -3.2 -0.9 25.4 10.2 4.0
58 Na'Vi -5.5 -1.6 0.8 21.4 6.2 0.0
59 VP -9.5 -5.6 -3.2 32.8 15.1 8.3
60 Na'Vi -8.5 -4.4 -1.8 28.8 11.1 4.3
71 Liquid -7.1 -2.8 0.1 24.8 7.1 0.3
73 Zenith -6.3 -1.8 1.2 20.8 3.1 -3.7
75 Fnatic.eu -5.0 -0.3 3.0 16.8 -0.9 -7.7
89 Liquid -3.5 1.4 4.8 12.8 -4.9 -11.7
93 Na'Vi -1.9 3.2 6.8 8.8 -8.9 -15.7
95 Na'Vi -0.2 5.1 8.9 4.8 -12.9 -19.7
98 Fnatic.eu -4.2 1.1 4.9 18.4 -2.5 -9.7
104 PtD.Alpha -2.5 3.0 6.9 14.4 -6.5 -13.7
108 ASF.R5 -1.1 4.7 8.6 10.4 -10.5 -17.7
110 Empire 0.3 6.3 10.2 6.4 -14.5 -21.7
112 eN.Legs 1.2 7.8 11.7 2.4 -18.5 -25.7
113 Fnatic.eu 2.8 9.5 14.0 -1.6 -22.5 -29.7
117 VP 4.1 11.0 15.7 -5.6 -26.5 -33.7
118 mouz 0.1 7.0 11.7 7.8 -14.7 -24.3
119 Fnatic.eu 1.4 8.7 13.6 3.8 -18.7 -28.3
121 eN.Legs 2.9 10.5 15.9 -0.2 -22.7 -32.3
123 eLPride 4.1 12.0 17.6 -4.2 -26.7 -36.3
124 VP 5.1 13.3 19.1 -8.2 -30.7 -40.3
128 ASF.R5 1.1 9.3 15.1 1.7 -22.1 -32.9
130 Alliance -2.9 5.3 11.1 11.4 -14.0 -25.2
135 Fnatic.eu -1.6 6.8 12.8 7.4 -18.0 -29.2
136 Alliance -0.7 7.9 14.1 3.4 -22.0 -33.2
138 TCM -4.7 3.9 10.1 16.0 -10.7 -23.6
143 Na'Vi -3.6 5.3 11.7 12.0 -14.7 -27.6
151 EG -7.6 1.3 7.7 21.5 -6.4 -19.6
162 rox.KIS -5.7 3.2 9.7 17.5 -10.4 -23.6
164 Dignitas -4.5 4.7 11.4 13.5 -14.4 -27.6
165 eN.Legs -2.7 6.6 13.7 9.5 -18.4 -31.6
167 LGD.int -1.8 7.6 15.0 5.5 -22.4 -35.6
171 LGD.int -0.9 8.6 16.2 1.5 -26.4 -39.6
172 Liquid 0.7 10.2 17.9 -2.5 -30.4 -43.6
175 Na'Vi 1.7 11.4 19.5 -6.5 -34.4 -47.6
177 QPandas -2.3 7.4 15.5 6.8 -23.3 -38.2
179 Liquid -6.3 3.4 11.5 16.6 -14.5 -30.1
180 Empire -10.3 -0.6 7.5 28.9 -4.9 -21.8
181 iCCup -14.3 -4.6 3.5 44.5 6.4 -11.9
185 LGD.int -13.0 -3.1 5.2 40.5 2.4 -15.9
186 Alliance -11.3 -1.2 7.2 36.5 -1.6 -19.9
194 Alliance -9.6 0.7 9.2 32.5 -5.6 -23.9
196 Orange -13.6 -3.3 5.2 41.7 3.0 -15.8
198 iG -12.3 -1.7 7.1 37.7 -1.0 -19.8
206 LGD.cn -10.5 0.1 9.0 33.7 -5.0 -23.8
207 Alliance -8.7 2.1 11.3 29.7 -9.0 -27.8
208 iG -7.7 3.4 12.9 25.7 -13.0 -31.8
209 Liquid -6.1 5.3 15.1 21.7 -17.0 -35.8
213 DK -10.1 1.3 11.1 30.6 -8.1 -27.3
219 Dignitas -8.4 3.1 13.1 26.6 -12.1 -31.3
220 Fnatic.eu -6.7 4.9 15.1 22.6 -16.1 -35.3
221 Alliance -5.1 6.7 17.1 18.6 -20.1 -39.3
224 mouz -9.1 2.7 13.1 27.9 -11.0 -31.1
226 Alliance -8.3 3.8 14.5 23.9 -15.0 -35.1
227 Kaipi -12.3 -0.2 10.5 33.0 -6.8 -28.0
229 Liquid -16.3 -4.2 6.5 43.2 2.0 -20.1
231 Na'Vi -14.8 -2.6 8.3 39.2 -2.0 -24.1
233 mouz -13.2 -0.9 10.2 35.2 -6.0 -28.1
234 rox.KIS -11.7 0.8 12.0 31.2 -10.0 -32.1
235 aL -10.6 2.1 13.5 27.2 -14.0 -36.1
236 mouz -14.6 -1.9 9.5 42.9 -1.6 -26.0
237 Na'Vi -12.9 -0.1 11.4 38.9 -5.6 -30.0
239 Na'Vi -11.5 1.5 13.2 34.9 -9.6 -34.0
240 Na'Vi -10.6 2.6 14.5 30.9 -13.6 -38.0
242 EG -14.6 -1.4 10.5 39.3 -5.5 -30.3
246 Na'Vi -13.6 -0.4 11.8 35.3 -9.5 -34.3
248 Liquid -12.0 1.3 13.6 31.3 -13.5 -38.3
251 Alliance -10.5 3.0 15.4 27.3 -17.5 -42.3
253 Liquid -14.5 -1.0 11.4 44.0 -3.7 -30.9
255 Na'Vi -12.8 0.9 13.6 40.0 -7.7 -34.9
256 Alliance -11.2 2.8 15.6 36.0 -11.7 -38.9
258 Alliance -9.7 4.5 17.5 32.0 -15.7 -42.9
260 Alliance -8.1 6.3 19.4 28.0 -19.7 -46.9
268 Na'Vi -7.1 7.5 20.9 24.0 -23.7 -50.9
270 Liquid -5.6 9.2 22.8 20.0 -27.7 -54.9
271 Na'Vi -4.5 10.6 24.4 16.0 -31.7 -58.9
273 mouz -3.1 12.0 26.0 12.0 -35.7 -62.9
274 Liquid -1.7 13.7 27.9 8.0 -39.7 -66.9
275 EG -5.7 9.7 23.9 27.3 -22.8 -52.7
276 Alliance -4.7 10.9 25.2 23.3 -26.8 -56.7
277 Na'Vi -3.0 12.9 27.6 19.3 -30.8 -60.7
279 Dignitas -1.6 14.6 29.6 15.3 -34.8 -64.7
280 Zenith -0.5 15.9 31.2 11.3 -38.8 -68.7
282 Alliance 0.4 17.0 32.6 7.3 -42.8 -72.7
283 VG -3.6 13.0 28.6 22.4 -30.2 -62.6
286 Dignitas -2.1 14.6 30.3 18.4 -34.2 -66.6
291 Alliance -0.7 16.2 32.2 14.4 -38.2 -70.6
293 aL -4.7 12.2 28.2 28.3 -25.4 -59.6
294 Alliance -3.7 13.4 29.7 24.3 -29.4 -63.6
297 rox.KIS -2.2 15.2 31.7 20.3 -33.4 -67.6
298 Zenith -0.3 17.2 33.9 16.3 -37.4 -71.6
300 mouz 0.9 18.6 35.6 12.3 -41.4 -75.6
301 EG 2.0 20.0 37.2 8.3 -45.4 -79.6
304 VG 2.8 20.9 38.4 4.3 -49.4 -83.6
306 LGD.cn 3.6 21.8 39.5 0.3 -53.4 -87.6
310 iG 4.5 23.0 41.1 -3.7 -57.4 -91.6
314 VP 5.9 24.6 42.9 -7.7 -61.4 -95.6
315 Liquid 7.6 26.4 44.8 -11.7 -65.4 -99.6
316 LGD.cn 8.2 27.2 45.9 -15.7 -69.4 -103.6
317 FD 4.2 23.2 41.9 -2.9 -59.4 -95.1
319 Na'Vi 5.3 24.4 43.3 -6.9 -63.4 -99.1
321 mouz 6.2 25.4 44.6 -10.9 -67.4 -103.1
322 RS 7.7 27.2 46.7 -14.9 -71.4 -107.1
324 QPandas 3.7 23.2 42.7 -1.4 -59.9 -97.5
326 PR -0.3 19.2 38.7 8.7 -50.5 -88.9
327 rox.KIS -4.3 15.2 34.7 18.7 -41.8 -81.0
330 TongFu -8.3 11.2 30.7 38.3 -26.1 -69.8
331 EG -12.3 7.2 26.7 47.0 -17.9 -62.2
333 VG -10.9 8.9 28.7 43.0 -21.9 -66.2
334 VP -9.5 10.7 30.8 39.0 -25.9 -70.2
337 TongFu -8.6 11.9 32.4 35.0 -29.9 -74.2
338 Na'Vi -7.7 13.0 33.8 31.0 -33.9 -78.2
340 mouz -6.9 13.9 34.9 27.0 -37.9 -82.2
344 LGD.cn -10.9 9.9 30.9 37.6 -28.1 -73.5
345 LGD.cn -9.1 11.7 32.8 33.6 -32.1 -77.5
346 Alliance -8.0 12.9 34.2 29.6 -36.1 -81.5
348 Na'Vi -6.6 14.6 36.0 25.6 -40.1 -85.5
352 LGD.cn -5.5 15.9 37.5 21.6 -44.1 -89.5
353 iG -3.8 17.8 39.6 17.6 -48.1 -93.5
355 DK -7.8 13.8 35.6 26.5 -38.4 -84.4
356 Liquid -11.8 9.8 31.6 40.6 -26.5 -74.6
357 LGD.cn -10.1 11.6 33.5 36.6 -30.5 -78.6
358 Alliance -8.1 13.7 35.7 32.6 -34.5 -82.6
360 mouz -6.3 15.6 37.9 28.6 -38.5 -86.6
362 LGD.cn -4.9 16.9 39.4 24.6 -42.5 -90.6
364 Zenith -3.8 18.2 40.9 20.6 -46.5 -94.6
366 Dignitas -7.8 14.2 36.9 29.3 -37.6 -86.5
368 mouz -6.4 15.8 38.8 25.3 -41.6 -90.5
369 iCCup -10.4 11.8 34.8 36.2 -31.2 -80.9
372 Quantic -14.4 7.8 30.8 44.7 -23.3 -74.1
373 Na'Vi -13.6 8.7 31.8 40.7 -27.3 -78.1
375 VG -11.9 10.7 33.9 36.7 -31.3 -82.1
376 LGD.cn -11.1 11.7 35.1 32.7 -35.3 -86.1
377 LGD.cn -9.9 12.8 36.4 28.7 -39.3 -90.1
378 VP -8.4 14.4 38.2 24.7 -43.3 -94.1
379 Na'Vi -7.5 15.5 39.5 20.7 -47.3 -98.1
383 RS -11.5 11.5 35.5 30.0 -38.1 -89.4
384 Alliance -10.5 12.8 37.1 26.0 -42.1 -93.4
387 LGD.cn -9.3 14.2 38.7 22.0 -46.1 -97.4
388 Dignitas -8.3 15.4 40.5 18.0 -50.1 -101.4
389 iG -7.4 16.4 41.8 14.0 -54.1 -105.4
390 Na'Vi -6.0 18.0 43.6 10.0 -58.1 -109.4
392 Alliance -4.9 19.3 45.1 6.0 -62.1 -113.4
393 Kaipi -8.9 15.3 41.1 15.2 -52.2 -104.9
396 Liquid -8.3 16.0 42.1 11.2 -56.2 -108.9
398 Alliance -7.6 16.8 43.1 7.2 -60.2 -112.9
399 VP -11.6 12.8 39.1 15.6 -52.2 -105.2
403 RStars -15.6 8.8 35.1 27.0 -41.6 -96.2
404 MiTH -13.9 10.7 37.2 23.0 -45.6 -100.2
408 TM -12.2 12.6 39.4 19.0 -49.6 -104.2
409 Orange -11.1 14.0 41.1 15.0 -53.6 -108.2
410 Alliance -10.4 14.9 42.2 11.0 -57.6 -112.2
414 Alliance -9.5 16.0 43.6 7.0 -61.6 -116.2
416 4FC -13.5 12.0 39.6 25.5 -45.1 -102.3
417 mouz -17.5 8.0 35.6 39.4 -33.2 -92.3
418 VP -15.7 9.8 37.7 35.4 -37.2 -96.3
421 Na'Vi -14.2 11.4 39.5 31.4 -41.2 -100.3
424 Kaipi -18.2 7.4 35.5 42.2 -30.4 -90.5
425 mouz -16.3 9.5 37.8 38.2 -34.4 -94.5
427 rox.KIS -15.0 10.9 39.4 34.2 -38.4 -98.5
428 Kaipi -13.4 12.9 41.8 30.2 -42.4 -102.5
430 rox.KIS -12.2 14.2 43.2 26.2 -46.4 -106.5
431 Quantic -11.2 15.5 44.8 22.2 -50.4 -110.5
432 Kaipi -9.6 16.9 46.4 18.2 -54.4 -114.5
433 DK -8.4 18.3 48.1 14.2 -58.4 -118.5
437 Quantic -7.4 19.3 49.4 10.2 -62.4 -122.5
438 Na'Vi -5.4 21.2 51.4 6.2 -66.4 -126.5
439 Artyk -4.5 22.2 52.9 2.2 -70.4 -130.5
441 Na'Vi -3.6 23.2 54.1 -1.8 -74.4 -134.5
442 Kaipi -1.5 25.1 56.1 -5.8 -78.4 -138.5
443 Kaipi -5.5 21.1 52.1 6.9 -65.0 -126.6
444 Artyk -9.5 17.1 48.1 17.8 -54.8 -117.3
445 TM -8.4 18.5 49.7 13.8 -58.8 -121.3
446 Orange -7.5 19.5 50.9 9.8 -62.8 -125.3
447 DK -6.3 20.8 52.5 5.8 -66.8 -129.3
448 VP -10.3 16.8 48.5 16.9 -57.1 -120.9
449 VP -8.8 18.7 50.7 12.9 -61.1 -124.9
451 Kaipi -7.9 19.7 51.9 8.9 -65.1 -128.9
452 EG -6.3 21.5 53.9 4.9 -69.1 -132.9
453 Fnatic.eu -10.3 17.5 49.9 18.0 -57.9 -123.9
457 Alliance -8.5 19.5 52.0 14.0 -61.9 -127.9
459 Alliance -6.9 21.3 54.0 10.0 -65.9 -131.9
461 Alliance -6.1 22.2 55.2 6.0 -69.9 -135.9
464 Fnatic.eu -4.6 23.7 56.8 2.0 -73.9 -139.9
465 Alliance -3.2 25.1 58.4 -2.0 -77.9 -143.9
466 iCCup -1.3 27.1 60.7 -6.0 -81.9 -147.9
468 Quantic 0.2 28.6 62.4 -10.0 -85.9 -151.9
469 Alliance 1.8 30.2 64.2 -14.0 -89.9 -155.9
471 4FC -2.2 26.2 60.2 -0.8 -77.2 -145.0
475 Na'Vi -1.2 27.2 61.4 -4.8 -81.2 -149.0
476 Na'Vi 0.3 28.8 63.2 -8.8 -85.2 -153.0
479 4FC 1.4 30.0 64.7 -12.8 -89.2 -157.0
480 Orange 2.4 31.2 66.2 -16.8 -93.2 -161.0
481 TM 3.7 32.9 68.2 -20.8 -97.2 -165.0
483 paiN -0.3 28.9 64.2 -12.2 -88.7 -157.9
484 Empire -4.3 24.9 60.2 4.5 -73.5 -146.0
486 Na'Vi -3.1 26.1 61.5 0.5 -77.5 -150.0
488 Fnatic.eu -7.1 22.1 57.5 18.2 -62.7 -138.4
489 LGD.int -5.5 23.7 59.4 14.2 -66.7 -142.4
491 TM -4.2 25.4 61.3 10.2 -70.7 -146.4
492 iCCup -2.9 27.0 63.1 6.2 -74.7 -150.4
493 iCCup -1.9 28.2 64.5 2.2 -78.7 -154.4
494 zRage -5.9 24.2 60.5 22.7 -60.5 -138.7
495 Artyk -4.7 25.8 62.5 18.7 -64.5 -142.7
498 mouz -3.5 27.1 64.1 14.7 -68.5 -146.7
499 Liquid -2.3 28.5 65.5 10.7 -72.5 -150.7
502 VP -1.6 29.3 66.5 6.7 -76.5 -154.7
503 Dignitas -0.8 30.3 67.8 2.7 -80.5 -158.7
504 VP 0.9 32.1 69.9 -1.3 -84.5 -162.7
505 Na'Vi 1.4 32.7 70.7 -5.3 -88.5 -166.7
506 EG 2.2 33.6 71.9 -9.3 -92.5 -170.7
507 Na'Vi 3.1 34.6 73.2 -13.3 -96.5 -174.7
508 Na'Vi 3.6 35.2 73.9 -17.3 -100.5 -178.7
512 Quantic -0.4 31.2 69.9 0.4 -85.3 -164.8
513 EG -4.4 27.2 65.9 13.7 -73.9 -154.6
514 Dignitas -8.4 23.2 61.9 35.6 -55.3 -138.6
515 Alliance -6.9 25.1 64.1 31.6 -59.3 -142.6
517 Alliance -5.4 26.9 66.2 27.6 -63.3 -146.6
520 Quantic -4.3 28.2 67.8 23.6 -67.3 -150.6
521 LGD.int -8.3 24.2 63.8 33.5 -59.0 -143.2
522 Na'Vi -7.1 25.6 65.4 29.5 -63.0 -147.2
523 Na'Vi -5.4 27.4 67.4 25.5 -67.0 -151.2
524 Na'Vi -4.1 28.8 69.0 21.5 -71.0 -155.2
525 LGD.cn -2.2 30.8 71.3 17.5 -75.0 -159.2
527 Na'Vi -1.2 31.9 72.7 13.5 -79.0 -163.2
528 Liquid -0.3 33.0 74.0 9.5 -83.0 -167.2
529 EG 0.4 33.8 74.9 5.5 -87.0 -171.2
531 Na'Vi 1.3 34.8 76.1 1.5 -91.0 -175.2
532 Empire 2.3 35.8 77.3 -2.5 -95.0 -179.2
533 rox.KIS 3.4 36.8 78.3 -6.5 -99.0 -183.2
536 Liquid 4.1 37.6 79.3 -10.5 -103.0 -187.2
537 Liquid 4.7 38.3 80.2 -14.5 -107.0 -191.2
538 Alliance 5.5 39.1 81.2 -18.5 -111.0 -195.2
541 VP 6.5 40.4 82.6 -22.5 -115.0 -199.2
542 Alliance 8.0 42.0 84.4 -26.5 -119.0 -203.2
544 EG 4.0 38.0 80.4 -16.3 -109.3 -194.1
545 Alliance 5.5 39.9 82.6 -20.3 -113.3 -198.1
547 iG 7.4 41.7 84.5 -24.3 -117.3 -202.1
549 Fnatic.eu 3.4 37.7 80.5 -11.8 -106.3 -192.8
550 Kaipi -0.6 33.7 76.5 -1.6 -95.8 -183.1
551 Kaipi -4.6 29.7 72.5 8.5 -84.9 -172.4
553 TongFu -8.6 25.7 68.5 24.3 -70.0 -159.6
557 Liquid -12.6 21.7 64.5 34.8 -61.0 -151.5
558 rox.KIS -10.9 23.5 66.5 30.8 -65.0 -155.5
562 TongFu -9.2 25.3 68.4 26.8 -69.0 -159.5
573 VP -13.2 21.3 64.4 39.2 -58.8 -150.8
574 Fnatic.eu -17.2 17.3 60.4 51.1 -48.4 -142.0
576 iCCup -21.2 13.3 56.4 63.5 -38.5 -133.5
580 VP -20.2 14.5 57.8 59.5 -42.5 -137.5
585 VP -18.7 16.3 59.7 55.5 -46.5 -141.5
587 Alliance -17.3 17.6 61.1 51.5 -50.5 -145.5
590 Na'Vi -15.4 19.4 63.0 47.5 -54.5 -149.5
592 Fnatic.eu -13.6 21.4 65.1 43.5 -58.5 -153.5
595 Alliance -12.0 23.1 67.0 39.5 -62.5 -157.5
597 Alliance -10.2 25.0 69.0 35.5 -66.5 -161.5
598 LGD.cn -8.7 26.7 70.9 31.5 -70.5 -165.5
600 mouz -12.7 22.7 66.9 43.9 -58.7 -155.0
602 Alliance -11.1 24.5 68.8 39.9 -62.7 -159.0
604 Orange -10.0 25.7 70.3 35.9 -66.7 -163.0
605 LGD.int -8.2 27.4 72.2 31.9 -70.7 -167.0
607 Kaipi -12.2 23.4 68.2 40.8 -62.1 -159.4
608 Alliance -10.9 24.9 69.9 36.8 -66.1 -163.4
615 Orange -9.6 26.3 71.5 32.8 -70.1 -167.4
617 VP -8.2 27.9 73.3 28.8 -74.1 -171.4
618 Alliance -7.0 29.3 74.9 24.8 -78.1 -175.4
621 iCCup -11.0 25.3 70.9 38.4 -65.0 -164.9
623 Alliance -9.4 27.1 72.9 34.4 -69.0 -168.9
624 Liquid -7.9 28.8 74.8 30.4 -73.0 -172.9
626 iCCup -11.9 24.8 70.8 41.2 -63.5 -164.7
627 EG -10.1 26.5 72.7 37.2 -67.5 -168.7
628 EG -9.2 27.5 73.9 33.2 -71.5 -172.7
631 Alliance -8.3 28.7 75.4 29.2 -75.5 -176.7
632 mouz -6.8 30.4 77.3 25.2 -79.5 -180.7
635 Dignitas -5.4 31.9 79.1 21.2 -83.5 -184.7
636 EG -4.7 32.8 80.2 17.2 -87.5 -188.7
642 Alliance -3.7 34.0 81.7 13.2 -91.5 -192.7
644 rox.KIS -7.7 30.0 77.7 24.0 -81.4 -183.9
645 VP -11.7 26.0 73.7 32.5 -73.1 -176.4
648 VP -10.0 28.1 76.1 28.5 -77.1 -180.4
651 Denial -14.0 24.1 72.1 46.5 -61.7 -168.4
653 VG -18.0 20.1 68.1 61.5 -48.6 -157.6
656 Na'Vi -16.9 21.3 69.6 57.5 -52.6 -161.6
657 mouz -15.3 23.2 71.7 53.5 -56.6 -165.6
658 mouz -19.3 19.2 67.7 65.0 -46.5 -155.8
659 Na'Vi -17.7 20.8 69.4 61.0 -50.5 -159.8
660 RS -21.7 16.8 65.4 73.5 -39.2 -150.2
662 DK -20.0 18.7 67.6 69.5 -43.2 -154.2
664 RStars -24.0 14.7 63.6 85.6 -29.8 -143.0
667 DK -22.2 16.6 65.8 81.6 -33.8 -147.0
668 mouz -21.4 17.6 67.1 77.6 -37.8 -151.0
670 EG -20.4 18.7 68.5 73.6 -41.8 -155.0
671 Fnatic.eu -19.5 19.7 69.7 69.6 -45.8 -159.0
672 Orange -17.9 21.4 71.6 65.6 -49.8 -163.0
674 mouz -17.2 22.3 72.7 61.6 -53.8 -167.0
676 LGD.cn -15.4 24.2 74.9 57.6 -57.8 -171.0
677 mouz -13.4 26.2 76.9 53.6 -61.8 -175.0
678 Kaipi -17.4 22.2 72.9 72.3 -45.3 -161.4
679 Fnatic.eu -21.4 18.2 68.9 82.0 -36.7 -153.6
686 VP -19.6 20.1 71.0 78.0 -40.7 -157.6
692 Na'Vi -18.0 21.7 72.8 74.0 -44.7 -161.6
693 Alliance -16.4 23.4 74.7 70.0 -48.7 -165.6
696 Fnatic.eu -14.8 25.0 76.5 66.0 -52.7 -169.6
697 Kaipi -13.2 26.6 78.3 62.0 -56.7 -173.6
699 Alliance -12.1 27.9 79.8 58.0 -60.7 -177.6
700 Orange -10.7 29.3 81.5 54.0 -64.7 -181.6
702 Na'Vi -9.8 30.3 82.7 50.0 -68.7 -185.6
703 mouz -8.9 31.3 84.0 46.0 -72.7 -189.6
707 Orange -7.0 33.2 86.1 42.0 -76.7 -193.6
708 iCCup -11.0 29.2 82.1 51.9 -67.8 -185.6
712 Na'Vi -10.1 30.3 83.4 47.9 -71.8 -189.6
713 MiTH -8.4 32.2 85.6 43.9 -75.8 -193.6
715 mouz -6.9 33.9 87.5 39.9 -79.8 -197.6
718 Dreamz -5.8 35.1 89.0 35.9 -83.8 -201.6
719 Mski -3.7 36.9 90.9 31.9 -87.8 -205.6
720 MiTH -1.9 38.7 92.9 27.9 -91.8 -209.6
721 Mski -5.9 34.7 88.9 37.3 -81.7 -200.4
722 iCCup -4.0 36.7 91.2 33.3 -85.7 -204.4
723 Kaipi -3.1 37.7 92.4 29.3 -89.7 -208.4
725 Romania -1.4 39.7 94.7 25.3 -93.7 -212.4
727 Fnatic.eu -5.4 35.7 90.7 42.1 -79.2 -200.9
729 DK -4.4 37.2 92.5 38.1 -83.2 -204.9
730 LGD.cn -3.6 38.2 93.6 34.1 -87.2 -208.9
731 iG -2.0 40.1 95.7 30.1 -91.2 -212.9
732 Alliance -0.9 41.4 97.3 26.1 -95.2 -216.9
741 TongFu 0.6 43.2 99.8 22.1 -99.2 -220.9
745 Dignitas -3.4 39.2 95.8 43.6 -84.7 -209.2
746 DK -2.7 40.1 96.8 39.6 -88.7 -213.2
748 Na'Vi -1.5 41.4 98.4 35.6 -92.7 -217.2
749 Liquid -5.5 37.4 94.4 48.1 -82.7 -207.3
751 Alliance -4.7 38.5 95.8 44.1 -86.7 -211.3
754 Na'Vi -4.0 39.3 96.7 40.1 -90.7 -215.3
757 Alliance -2.4 40.8 98.2 36.1 -94.7 -219.3
758 iG -0.9 42.6 100.0 32.1 -98.7 -223.3
759 Orange 0.7 44.4 102.0 28.1 -102.7 -227.3
761 Fnatic.eu 1.4 45.2 102.9 24.1 -106.7 -231.3
766 Alliance 2.3 46.2 104.0 20.1 -110.7 -235.3
767 LGD.int -1.7 42.2 100.0 36.1 -96.8 -223.4
769 mouz -0.8 43.2 101.2 32.1 -100.8 -227.4
770 LGD.cn 0.8 44.9 103.0 28.1 -104.8 -231.4
771 Na'Vi 2.0 46.2 104.4 24.1 -108.8 -235.4
773 Alliance 2.7 47.0 105.3 20.1 -112.8 -239.4
776 Orange 4.0 48.4 106.9 16.1 -116.8 -243.4
778 DK 5.4 50.2 108.9 12.1 -120.8 -247.4
779 Zenith 6.3 51.2 110.1 8.1 -124.8 -251.4
781 Alliance 7.2 52.2 111.2 4.1 -128.8 -255.4
783 TongFu 8.1 53.1 112.2 0.1 -132.8 -259.4
786 Na'Vi 9.1 54.2 113.5 -3.9 -136.8 -263.4
791 Orange 10.8 56.1 115.5 -7.9 -140.8 -267.4
793 Alliance 12.0 57.4 117.1 -11.9 -144.8 -271.4
795 Liquid 12.9 58.4 118.3 -15.9 -148.8 -275.4
796 Zenith 14.8 60.4 120.6 -19.9 -152.8 -279.4
797 Liquid 10.8 56.4 116.6 -6.1 -141.4 -269.8
798 iG 12.7 58.4 118.8 -10.1 -145.4 -273.8
799 Alliance 13.8 59.6 120.3 -14.1 -149.4 -277.8
800 Na'Vi 15.2 61.0 121.8 -18.1 -153.4 -281.8
803 Orange 11.2 57.0 117.8 -6.2 -143.8 -273.6
807 Na'Vi 12.8 58.7 119.7 -10.2 -147.8 -277.6
811 RStars 14.0 60.2 121.5 -14.2 -151.8 -281.6
812 Empire 15.0 61.4 123.1 -18.2 -155.8 -285.6
813 Empire 15.9 62.3 124.3 -22.2 -159.8 -289.6
814 Kaipi 17.4 64.1 126.4 -26.2 -163.8 -293.6
815 TTD 18.7 65.5 128.1 -30.2 -167.8 -297.6
816 Kaipi 20.0 66.9 129.6 -34.2 -171.8 -301.6
818 FD 21.2 68.1 131.1 -38.2 -175.8 -305.6
820 4FC 21.9 68.9 132.1 -42.2 -179.8 -309.6
821 4++ 17.9 64.9 128.1 -27.9 -164.6 -297.7
822 MiTH 18.9 66.2 129.6 -31.9 -168.6 -301.7
823 GL.eu 20.3 67.8 131.5 -35.9 -172.6 -305.7
825 WARDGS 22.0 69.5 133.5 -39.9 -176.6 -309.7
826 EVOPLAY 23.7 71.0 135.4 -43.9 -180.6 -313.7
828 EVOPLAY 25.6 72.9 137.5 -47.9 -184.6 -317.7
829 TLP 21.6 68.9 133.5 -34.0 -172.7 -308.3
830 DUZA 17.6 64.9 129.5 -26.3 -165.1 -300.9
831 Awake 19.5 66.8 131.5 -30.3 -169.1 -304.9
832 CDCD 15.5 62.8 127.5 -7.1 -150.7 -289.1
833 Menace 11.5 58.8 123.5 5.8 -139.6 -280.1
838 Kaipi 13.1 60.6 125.8 1.8 -143.6 -284.1
841 VP 14.1 61.7 127.2 -2.2 -147.6 -288.1
842 Menace 10.1 57.7 123.2 7.2 -138.6 -279.4
843 Empire 12.0 59.4 125.0 3.2 -142.6 -283.4
844 Kaipi 13.3 60.7 126.6 -0.8 -146.6 -287.4
845 DUZA 9.3 56.7 122.6 8.3 -138.1 -279.8
851 VP 10.3 57.9 124.1 4.3 -142.1 -283.8
856 Empire 11.8 59.4 125.8 0.3 -146.1 -287.8
857 Next.kz 13.6 61.2 127.7 -3.7 -150.1 -291.8
859 FSid3 9.6 57.2 123.7 6.1 -139.4 -282.0
860 Bambang 5.6 53.2 119.7 13.7 -131.2 -274.6
862 rox.KIS 7.1 54.5 121.2 9.7 -135.2 -278.6
864 Poseidon 8.2 55.8 122.7 5.7 -139.2 -282.6
865 Mski 9.2 56.9 124.1 1.7 -143.2 -286.6
866 Poseidon 10.1 57.8 125.2 -2.3 -147.2 -290.6
867 Dreamz 11.2 59.1 126.8 -6.3 -151.2 -294.6
871 Next.kz 12.3 60.3 128.2 -10.3 -155.2 -298.6
872 Aspera 8.3 56.3 124.2 -1.6 -147.2 -291.3
873 PR 4.3 52.3 120.2 19.1 -129.6 -276.7
877 Mski 5.3 53.7 121.9 15.1 -133.6 -280.7
878 Lowyat 1.3 49.7 117.9 28.8 -122.2 -271.2
880 Empire -2.7 45.7 113.9 37.7 -113.5 -263.3
881 Quantic -6.7 41.7 109.9 46.3 -105.9 -256.6
883 Kaipi -5.5 43.1 111.5 42.3 -109.9 -260.6
885 Aspera -3.8 44.8 113.4 38.3 -113.9 -264.6
886 Fnatic.eu -2.4 46.3 115.2 34.3 -117.9 -268.6
888 Mski -0.5 48.3 117.5 30.3 -121.9 -272.6
889 Next.kz 0.8 49.6 119.0 26.3 -125.9 -276.6
891 Menace 2.7 51.4 121.0 22.3 -129.9 -280.6
893 Menace -1.3 47.4 117.0 32.5 -119.8 -271.7
896 Life -5.3 43.4 113.0 40.7 -110.8 -262.8
897 Kaipi -3.7 45.3 115.2 36.7 -114.8 -266.8
898 Mski -2.1 47.0 117.1 32.7 -118.8 -270.8
899 Menace -0.8 48.2 118.5 28.7 -122.8 -274.8
901 Fnatic.eu 0.6 49.5 120.0 24.7 -126.8 -278.8
903 Kaipi 1.8 50.8 121.5 20.7 -130.8 -282.8
905 Dignitas 2.6 51.7 122.6 16.7 -134.8 -286.8
906 Dignitas 3.5 52.7 123.8 12.7 -138.8 -290.8
908 iG 4.2 53.5 124.8 8.7 -142.8 -294.8
909 VG 5.7 55.4 127.1 4.7 -146.8 -298.8
911 4FC 1.7 51.4 123.1 18.0 -133.2 -287.4
915 Fnatic.eu 2.5 52.4 124.3 14.0 -137.2 -291.4
916 Property -1.5 48.4 120.3 26.7 -126.6 -282.1
917 Menace -5.5 44.4 116.3 37.6 -115.7 -272.6
919 LGD.cn -4.2 45.9 118.0 33.6 -119.7 -276.6
920 TongFu -3.6 46.6 118.9 29.6 -123.7 -280.6
921 Alliance -2.6 47.6 120.2 25.6 -127.7 -284.6
923 DUZA -0.8 49.4 122.3 21.6 -131.7 -288.6
925 Empire 0.5 50.7 123.8 17.6 -135.7 -292.6
926 Empire 1.9 52.3 125.5 13.6 -139.7 -296.6
927 iG 3.4 53.7 127.0 9.6 -143.7 -300.6
931 Alliance 4.3 54.6 128.0 5.6 -147.7 -304.6
937 OguraYui 0.3 50.6 124.0 16.7 -135.1 -293.8
938 Mski 2.1 52.1 125.7 12.7 -139.1 -297.8
941 Alliance 3.0 53.1 126.8 8.7 -143.1 -301.8
944 Imp -1.0 49.1 122.8 19.9 -132.3 -291.9
949 VP 0.3 50.4 124.3 15.9 -136.3 -295.9
950 Kaipi 1.3 51.6 125.8 11.9 -140.3 -299.9
951 Mski 2.3 52.7 127.1 7.9 -144.3 -303.9
953 Kaipi 4.0 54.8 129.6 3.9 -148.3 -307.9
954 Cascade 4.4408920985e-15 50.8 125.6 17.3 -136.7 -297.9
956 Alliance 0.5 51.3 126.3 13.3 -140.7 -301.9
957 Na'Vi 1.3 52.0 127.2 9.3 -144.7 -305.9
958 PR -2.7 48.0 123.2 34.0 -120.7 -285.1
959 Kaipi -1.9 49.0 124.3 30.0 -124.7 -289.1
960 Kaipi -1.2 49.9 125.5 26.0 -128.7 -293.1
963 Na'Vi 0.2 51.3 127.1 22.0 -132.7 -297.1
964 Alliance 1.4 52.6 128.6 18.0 -136.7 -301.1
967 mouz 2.8 54.1 130.3 14.0 -140.7 -305.1
972 Aspera -1.2 50.1 126.3 35.9 -121.7 -289.2
975 Dignitas -0.4 51.1 127.6 31.9 -125.7 -293.2
976 StayFree 1.0 52.8 129.6 27.9 -129.7 -297.2
977 Na'Vi 2.5 54.5 131.6 23.9 -133.7 -301.2
978 rox.KIS -1.5 50.5 127.6 31.0 -125.2 -293.4
981 PR 0.5 52.5 129.8 27.0 -129.2 -297.4
982 Fnatic.eu 1.3 53.3 130.8 23.0 -133.2 -301.4
983 Fnatic.eu 3.1 55.0 132.6 19.0 -137.2 -305.4
986 Na'Vi 4.1 56.2 134.0 15.0 -141.2 -309.4
987 Fnatic.eu 5.7 58.0 136.0 11.0 -145.2 -313.4
988 4FC 1.7 54.0 132.0 20.6 -135.1 -304.4
990 Kaipi 2.5 54.9 133.1 16.6 -139.1 -308.4
991 Empire -1.5 50.9 129.1 27.5 -129.7 -300.5
992 PBS -5.5 46.9 125.1 37.8 -121.4 -292.7
993 SFEC -9.5 42.9 121.1 46.5 -113.2 -285.4
997 PR -13.5 38.9 117.1 64.1 -98.4 -273.7
1000 Inv.kwnku -11.8 40.8 119.2 60.1 -102.4 -277.7
1001 FD -10.1 42.8 121.7 56.1 -106.4 -281.7
1002 Empire -8.6 44.6 123.9 52.1 -110.4 -285.7
1004 EG -7.0 46.3 125.8 48.1 -114.4 -289.7
1005 Dignitas -11.0 42.3 121.8 60.2 -104.5 -281.3
1008 Menace -15.0 38.3 117.8 72.3 -92.2 -270.4
1009 Kaipi -14.1 39.2 118.9 68.3 -96.2 -274.4
1012 DK -12.8 40.7 120.7 64.3 -100.2 -278.4
1017 Na'Vi -12.0 41.6 121.7 60.3 -104.2 -282.4
1018 Alliance -11.2 42.5 122.9 56.3 -108.2 -286.4
1020 Na'Vi -9.5 44.2 124.8 52.3 -112.2 -290.4
1021 Na'Vi -8.3 45.4 126.2 48.3 -116.2 -294.4
1022 LGD.cn -7.2 46.7 127.6 44.3 -120.2 -298.4
1025 Dignitas -6.4 47.6 128.8 40.3 -124.2 -302.4
1028 4FC -10.4 43.6 124.8 50.8 -112.7 -292.4
1030 Na'Vi -9.6 44.5 125.8 46.8 -116.7 -296.4
1032 Na'Vi -8.7 45.6 127.1 42.8 -120.7 -300.4
1034 Alliance -8.0 46.4 128.1 38.8 -124.7 -304.4
1035 Alliance -7.3 47.1 128.9 34.8 -128.7 -308.4
1037 VP -11.3 43.1 124.9 46.8 -119.5 -300.5
1039 Ahead.kz -15.3 39.1 120.9 68.1 -97.7 -282.6
1040 PBS -13.9 41.1 123.2 64.1 -101.7 -286.6
1041 Alliance -12.9 42.4 124.7 60.1 -105.7 -290.6
1042 Empire -11.4 44.1 126.6 56.1 -109.7 -294.6
1045 iG -10.5 45.5 128.3 52.1 -113.7 -298.6
1046 Liquid -9.4 46.7 129.7 48.1 -117.7 -302.6
1047 EG -13.4 42.7 125.7 57.0 -109.7 -296.1
1048 MiTH -11.8 44.4 127.7 53.0 -113.7 -300.1
1050 Alliance -11.0 45.3 128.8 49.0 -117.7 -304.1
1051 iG -10.2 46.3 130.0 45.0 -121.7 -308.1
1052 DK -8.6 48.2 132.1 41.0 -125.7 -312.1
1055 Alliance -8.0 48.9 133.0 37.0 -129.7 -316.1
1059 TongFu -6.2 50.4 134.6 33.0 -133.7 -320.1
1061 RS.int -4.7 52.2 136.7 29.0 -137.7 -324.1
1062 MiTH -3.0 53.9 138.6 25.0 -141.7 -328.1
1063 Alliance -2.3 54.7 139.5 21.0 -145.7 -332.1
1064 Alliance -1.5 55.6 140.5 17.0 -149.7 -336.1
1065 SSD -0.5 57.1 142.2 13.0 -153.7 -340.1
1067 Hearts 1.0 58.7 144.0 9.0 -157.7 -344.1
1068 rox.KIS 2.9 60.7 146.3 5.0 -161.7 -348.1
1070 Quantic -1.1 56.7 142.3 15.3 -152.4 -339.7
1071 Quantic 0.7 58.3 144.1 11.3 -156.4 -343.7
1073 Titan 2.2 59.8 145.7 7.3 -160.4 -347.7
1077 StayFree 3.3 61.3 147.5 3.3 -164.4 -351.7
1081 Na'Vi 4.0 62.1 148.5 -0.7 -168.4 -355.7
1082 Fnatic.eu 4.8 63.0 149.5 -4.7 -172.4 -359.7
1083 Titan 5.6 63.9 150.7 -8.7 -176.4 -363.7
1085 FD 6.4 65.0 152.1 -12.7 -180.4 -367.7
1087 UR 8.3 67.0 154.2 -16.7 -184.4 -371.7
1088 FXopen 9.2 68.3 155.7 -20.7 -188.4 -375.7
1089 Imp 9.9 69.3 156.8 -24.7 -192.4 -379.7
1090 MiTH 10.6 70.2 157.9 -28.7 -196.4 -383.7
1091 Na'Vi 11.5 71.2 159.2 -32.7 -200.4 -387.7
1092 ONE.dota 7.5 67.2 155.2 -21.5 -188.8 -377.5
1095 Arcanys 3.5 63.2 151.2 -3.5527136788e-15 -171.5 -364.0
1096 VG 4.5 64.6 152.9 -4.0 -175.5 -368.0
1097 FD 5.2 65.5 154.2 -8.0 -179.5 -372.0
1098 Lowyat 1.2 61.5 150.2 2.6 -169.3 -363.3
1101 Fnatic.eu 2.2 62.7 151.7 -1.4 -173.3 -367.3
1104 Poseidon -1.8 58.7 147.7 14.6 -159.1 -356.1
1105 Na'Vi -1.0 59.6 148.8 10.6 -163.1 -360.1
1108 eN.Legs 0.5 61.6 151.2 6.6 -167.1 -364.1
1111 LGD.int 1.5 62.7 152.6 2.6 -171.1 -368.1
1112 DK 2.0 63.4 153.4 -1.4 -175.1 -372.1
1114 Na'Vi 2.7 64.2 154.4 -5.4 -179.1 -376.1
1117 VG 3.4 65.0 155.4 -9.4 -183.1 -380.1
1118 LGD.cn 3.8 65.6 156.2 -13.4 -187.1 -384.1
1120 Ahead.kz 5.1 67.1 158.0 -17.4 -191.1 -388.1
1122 PR 6.6 68.3 159.3 -21.4 -195.1 -392.1
1123 Na'Vi 7.0 68.9 160.0 -25.4 -199.1 -396.1
1124 bvd.dotA 9.0 70.7 161.8 -29.4 -203.1 -400.1
1125 Empire 10.6 72.3 163.4 -33.4 -207.1 -404.1
1126 Life 6.6 68.3 159.4 -23.0 -193.0 -391.2
1129 iG 7.1 69.0 160.2 -27.0 -197.0 -395.2
1130 TongFu 8.7 70.8 162.2 -31.0 -201.0 -399.2
1131 Na'Vi 9.7 71.8 163.4 -35.0 -205.0 -403.2
1132 Fnatic.eu 10.6 72.9 164.6 -39.0 -209.0 -407.2
1133 MUFC 6.6 68.9 160.6 -28.7 -199.6 -398.7
1135 Empire 7.6 70.0 161.9 -32.7 -203.6 -402.7
1136 Empire 9.0 71.6 163.7 -36.7 -207.6 -406.7
1137 TakeFive 5.0 67.6 159.7 -25.9 -194.5 -395.4
1141 EOT 6.3 69.8 162.3 -29.9 -198.5 -399.4
1143 DK 6.8 70.5 163.2 -33.9 -202.5 -403.4
1144 VG 2.8 66.5 159.2 -19.3 -189.2 -393.0
1146 iG 3.2 67.1 159.9 -23.3 -193.2 -397.0
1147 LGD.cn 4.4 68.5 161.6 -27.3 -197.2 -401.0
1149 Na'Vi 5.3 69.5 162.9 -31.3 -201.2 -405.0
1151 Alliance 5.8 70.2 163.7 -35.3 -205.2 -409.0
1155 Empire 6.9 71.7 165.4 -39.3 -209.2 -413.0
1156 iG 8.0 73.3 167.3 -43.3 -213.2 -417.0
1157 Na'Vi 8.8 74.2 168.3 -47.3 -217.2 -421.0
1159 SAfrica 9.9 75.6 170.1 -51.3 -221.2 -425.0
1161 FD 11.7 77.6 172.1 -55.3 -225.2 -429.0
1165 Titan 7.7 73.6 168.1 -44.8 -213.8 -418.9
1167 EOT 9.6 75.5 170.3 -48.8 -217.8 -422.9
1168 LGD.cn 11.4 77.3 172.3 -52.8 -221.8 -426.9
1169 DK 11.8 77.9 173.1 -56.8 -225.8 -430.9
1171 Empire 12.6 78.9 174.3 -60.8 -229.8 -434.9
1172 Speed 8.6 74.9 170.3 -41.9 -209.0 -414.8
1173 Empire 10.3 76.6 172.2 -45.9 -213.0 -418.8
1174 Fnatic 11.6 77.9 173.6 -49.9 -217.0 -422.8
1175 TongFu 12.3 78.8 174.8 -53.9 -221.0 -426.8
1176 LGD.cn 8.3 74.8 170.8 -42.2 -211.4 -418.6
1177 TongFu 9.8 76.2 172.4 -46.2 -215.4 -422.6
1178 DK 10.2 76.7 173.1 -50.2 -219.4 -426.6
1179 RStars 6.2 72.7 169.1 -41.1 -210.8 -418.9
1181 Alliance 6.9 73.6 170.2 -45.1 -214.8 -422.9
1183 Speed 8.3 74.9 171.7 -49.1 -218.8 -426.9
1185 Liquid 4.3 70.9 167.7 -28.5 -198.0 -407.6
1188 LGD.int 4.9 71.7 168.6 -32.5 -202.0 -411.6
1189 EG 6.0 73.1 170.4 -36.5 -206.0 -415.6
1190 TongFu 6.8 74.2 171.8 -40.5 -210.0 -419.6
1191 DK 7.2 74.9 172.6 -44.5 -214.0 -423.6
1192 Na'Vi 8.0 75.8 173.9 -48.5 -218.0 -427.6
1194 Dignitas 9.5 77.3 175.6 -52.5 -222.0 -431.6
1195 VG 10.0 78.0 176.4 -56.5 -226.0 -435.6
1196 LGD.cn 10.5 78.7 177.3 -60.5 -230.0 -439.6
1197 CSW 11.9 80.4 179.1 -64.5 -234.0 -443.6
1199 Menace 13.6 82.3 181.3 -68.5 -238.0 -447.6
1200 Liquid 15.2 83.7 182.8 -72.5 -242.0 -451.6
1202 SSD 16.5 85.2 184.6 -76.5 -246.0 -455.6
1203 TongFu 16.9 85.8 185.3 -80.5 -250.0 -459.6
1204 iG 17.6 86.7 186.3 -84.5 -254.0 -463.6
1205 HR 13.6 82.7 182.3 -72.1 -238.9 -450.2
1206 EG 15.1 83.8 183.5 -76.1 -242.9 -454.2
1208 Imp 11.1 79.8 179.5 -67.6 -233.4 -445.2
1210 Liquid 7.1 75.8 175.5 -55.3 -220.9 -434.4
1213 Poseidon 3.1 71.8 171.5 -48.0 -212.8 -426.6
1215 iG 3.5 72.5 172.3 -52.0 -216.8 -430.6
1216 LGD.cn 4.9 74.3 174.5 -56.0 -220.8 -434.6
1217 Speed 0.9 70.3 170.5 -46.0 -211.5 -426.3
1220 Empire 2.2 71.9 172.4 -50.0 -215.5 -430.3
1221 iG -1.8 67.9 168.4 -38.7 -206.6 -423.3
1222 LGD.cn 0.1 69.5 170.1 -42.7 -210.6 -427.3
1223 DK 1.0 70.7 171.6 -46.7 -214.6 -431.3
1230 Property -3.0 66.7 167.6 -34.0 -204.2 -422.7
1231 TTD -7.0 62.7 163.6 -26.7 -195.5 -414.8
1232 Alliance -6.1 63.6 164.7 -30.7 -199.5 -418.8
1235 TongFu -10.1 59.6 160.7 -12.8 -185.5 -408.1
1237 FSid3 -14.1 55.6 156.7 -2.4 -176.0 -399.7
1238 LGD.cn -13.5 56.5 157.9 -6.4 -180.0 -403.7
1239 RStars -12.1 58.5 160.4 -10.4 -184.0 -407.7
1240 Na'Vi -10.4 60.3 162.4 -14.4 -188.0 -411.7
1242 mouz -8.8 62.3 164.7 -18.4 -192.0 -415.7
1243 Alliance -8.1 63.1 165.8 -22.4 -196.0 -419.7
1245 Speed -7.1 64.4 167.4 -26.4 -200.0 -423.7
1247 iG -6.7 65.0 168.2 -30.4 -204.0 -427.7
1251 UR -5.2 66.9 170.3 -34.4 -208.0 -431.7
1253 LGD.int -9.2 62.9 166.3 -5.7 -187.6 -415.6
1256 RS -8.3 63.9 167.6 -9.7 -191.6 -419.6
1257 mouz -12.3 59.9 163.6 2.1 -181.8 -411.2
1262 iG -11.2 61.3 165.2 -1.9 -185.8 -415.2
1263 LGD.cn -10.5 62.2 166.3 -5.9 -189.8 -419.2
1264 DK -9.8 63.0 167.3 -9.9 -193.8 -423.2
1266 Alliance -9.1 63.8 168.3 -13.9 -197.8 -427.2
1267 Na'Vi -7.7 65.4 170.1 -17.9 -201.8 -431.2
1268 Mski -6.6 66.8 171.7 -21.9 -205.8 -435.2
1269 Orange -5.6 67.8 173.0 -25.9 -209.8 -439.2
1273 RS -9.6 63.8 169.0 -13.2 -198.6 -429.1
1274 LGD.cn -8.1 65.3 170.6 -17.2 -202.6 -433.1
1275 FXopen -6.4 67.3 172.7 -21.2 -206.6 -437.1
1276 CSW -4.9 69.0 174.6 -25.2 -210.6 -441.1
1278 Lowyat -8.9 65.0 170.6 -13.0 -195.2 -427.1
1279 Titan -7.8 66.1 171.9 -17.0 -199.2 -431.1
1283 Speed -6.6 67.3 173.1 -21.0 -203.2 -435.1
1284 Alliance -5.8 68.1 174.1 -25.0 -207.2 -439.1
1288 Alliance -4.0 70.0 176.0 -29.0 -211.2 -443.1
1292 SSD -8.0 66.0 172.0 -20.6 -201.8 -434.1
1293 TongFu -7.0 67.1 173.4 -24.6 -205.8 -438.1
1294 VG -11.0 63.1 169.4 -10.8 -192.6 -427.4
1296 mouz -9.3 64.9 171.4 -14.8 -196.6 -431.4
1299 EG -8.2 66.1 172.7 -18.8 -200.6 -435.4
1301 Hearts -6.9 67.7 174.5 -22.8 -204.6 -439.4
1303 Sigma.int -6.0 68.9 176.0 -26.8 -208.6 -443.4
1305 Empire -5.4 69.7 176.9 -30.8 -212.6 -447.4
1306 FXopen -4.3 71.1 178.5 -34.8 -216.6 -451.4
1307 LGD.int -3.4 72.1 179.7 -38.8 -220.6 -455.4
1308 LGD.cn -2.7 72.9 180.7 -42.8 -224.6 -459.4
1310 Sigma.int -2.0 73.7 181.7 -46.8 -228.6 -463.4
1314 TongFu -1.6 74.3 182.4 -50.8 -232.6 -467.4
1315 Empire -0.8 75.2 183.4 -54.8 -236.6 -471.4
1316 VG -0.1 76.1 184.5 -58.8 -240.6 -475.4
1317 Na'Vi 0.9 77.2 185.9 -62.8 -244.6 -479.4
1318 QPandas -3.1 73.2 181.9 -49.2 -231.1 -466.5
1319 Empire -1.0 74.8 183.5 -53.2 -235.1 -470.5
1321 Fnatic.eu -0.3 75.5 184.1 -57.2 -239.1 -474.5
1322 DK 0.1 76.0 184.8 -61.2 -243.1 -478.5
1323 VG 0.9 77.0 186.1 -65.2 -247.1 -482.5
1324 VG -3.1 73.0 182.1 -51.0 -232.6 -470.3
1325 Kawai -7.1 69.0 178.1 -38.9 -222.7 -461.0
1326 Dignitas -11.1 65.0 174.1 -25.9 -210.7 -450.9
1327 Speed -10.5 65.7 175.0 -29.9 -214.7 -454.9
1328 Dignitas -8.8 67.4 176.8 -33.9 -218.7 -458.9
1329 Alliance -8.2 68.1 177.6 -37.9 -222.7 -462.9
1330 Na'Vi -6.2 69.9 179.6 -41.9 -226.7 -466.9
1331 Na'Vi -5.0 70.9 180.8 -45.9 -230.7 -470.9
1332 Fnatic.eu -9.0 66.9 176.8 -35.8 -219.0 -460.6
1333 Alliance -8.2 67.7 177.8 -39.8 -223.0 -464.6
1334 iG -6.7 69.5 180.0 -43.8 -227.0 -468.6
1335 LGD.int -5.5 70.9 181.6 -47.8 -231.0 -472.6
1336 TongFu -4.5 71.8 182.6 -51.8 -235.0 -476.6
1338 Liquid -3.1 73.3 184.3 -55.8 -239.0 -480.6
1340 Fnatic.eu -2.2 74.3 185.5 -59.8 -243.0 -484.6
1341 Alliance -1.7 74.9 186.2 -63.8 -247.0 -488.6
1343 Fnatic.eu -5.7 70.9 182.2 -55.8 -237.9 -480.1
1345 Sigma.int -4.5 72.4 184.0 -59.8 -241.9 -484.1
1351 VG -4.1 73.1 184.8 -63.8 -245.9 -488.1
1352 DK -3.5 73.7 185.6 -67.8 -249.9 -492.1
1353 Alliance -1.8 75.4 187.5 -71.8 -253.9 -496.1
1354 VP -5.8 71.4 183.5 -58.9 -241.7 -485.2
1355 Alliance -4.6 72.7 185.1 -62.9 -245.7 -489.2
1356 Alliance -3.3 73.9 186.4 -66.9 -249.7 -493.2
1357 Na'Vi -2.2 74.9 187.5 -70.9 -253.7 -497.2
1359 LGD.cn -1.9 75.4 188.1 -74.9 -257.7 -501.2
1360 iG -1.5 75.9 188.7 -78.9 -261.7 -505.2
1361 Dignitas -0.8 76.7 189.7 -82.9 -265.7 -509.2
1362 Speed -0.4 77.2 190.4 -86.9 -269.7 -513.2
1364 Na'Vi 1.4 79.1 192.4 -90.9 -273.7 -517.2
1365 Alliance 2.1 79.8 193.2 -94.9 -277.7 -521.2
1366 Alliance 2.5 80.3 193.8 -98.9 -281.7 -525.2
1367 Liquid 4.1 82.2 196.0 -102.9 -285.7 -529.2
1368 Fnatic.eu 5.3 83.4 197.3 -106.9 -289.7 -533.2
1369 Na'Vi 6.0 84.2 198.2 -110.9 -293.7 -537.2
1370 LGD.int 2.0 80.2 194.2 -101.7 -283.3 -527.7
1372 VP -2.0 76.2 190.2 -83.8 -268.1 -515.0
1373 Liquid -0.7 77.5 191.7 -87.8 -272.1 -519.0
1375 Startale -4.7 73.5 187.7 -77.3 -265.5 -513.5
1377 LGD.cn -3.2 75.1 189.5 -81.3 -269.5 -517.5
1379 Fnatic.eu -2.1 76.3 190.9 -85.3 -273.5 -521.5
1380 Liquid -1.0 77.5 192.3 -89.3 -277.5 -525.5
1381 Liquid -5.0 73.5 188.3 -74.4 -263.5 -513.6
1382 Titan -4.2 74.5 189.6 -78.4 -267.5 -517.6
1383 LGD.cn -2.7 76.3 191.6 -82.4 -271.5 -521.6
1384 Empire -2.0 77.1 192.6 -86.4 -275.5 -525.6
1386 StayFree -6.0 73.1 188.6 -76.0 -265.4 -516.6
1388 iG -5.5 73.8 189.4 -80.0 -269.4 -520.6
1389 RStars -4.8 74.8 190.8 -84.0 -273.4 -524.6
1390 Alliance -4.3 75.4 191.5 -88.0 -277.4 -528.6
1391 Fnatic.eu -3.1 76.7 193.1 -92.0 -281.4 -532.6
1396 rox.KIS -7.1 72.7 189.1 -56.8 -253.7 -509.4
1399 EG -11.1 68.7 185.1 -41.8 -237.9 -496.1
1401 Alliance -9.3 70.4 187.0 -45.8 -241.9 -500.1
1404 VG -8.4 71.5 188.4 -49.8 -245.9 -504.1
1405 Speed -7.6 72.6 189.8 -53.8 -249.9 -508.1
1408 Liquid -5.9 74.5 191.9 -57.8 -253.9 -512.1
1412 DK -5.5 75.2 192.8 -61.8 -257.9 -516.1
1415 VP -9.5 71.2 188.8 -49.9 -245.2 -504.9
1416 Liquid -7.7 73.0 190.7 -53.9 -249.2 -508.9
1421 Na'Vi -6.2 74.6 192.6 -57.9 -253.2 -512.9
1423 Alliance -5.7 75.2 193.3 -61.9 -257.2 -516.9
1424 DK -5.4 75.6 193.9 -65.9 -261.2 -520.9
1425 VG -4.7 76.4 194.9 -69.9 -265.2 -524.9
1426 Speed -3.3 77.9 196.6 -73.9 -269.2 -528.9
1428 EG -7.3 73.9 192.6 -66.4 -260.8 -520.7
1429 Empire -6.1 75.1 194.0 -70.4 -264.8 -524.7
1430 Na'Vi -5.2 76.1 195.2 -74.4 -268.8 -528.7
1431 DK -4.8 76.6 195.8 -78.4 -272.8 -532.7
1438 Liquid -4.1 77.5 196.8 -82.4 -276.8 -536.7
1439 Empire -8.1 73.5 192.8 -68.9 -262.2 -522.2
1441 PR -12.1 69.5 188.8 -61.0 -254.2 -514.4
1442 LGD.int -11.7 70.1 189.5 -65.0 -258.2 -518.4
1443 TongFu -11.0 70.9 190.5 -69.0 -262.2 -522.4
1447 FD -15.0 66.9 186.5 -60.8 -254.5 -515.2
1449 Titan -13.1 68.6 188.3 -64.8 -258.5 -519.2
1450 Na'Vi -12.2 69.7 189.6 -68.8 -262.5 -523.2
1451 Na'Vi -10.8 71.1 191.0 -72.8 -266.5 -527.2
1456 Liquid -9.3 72.9 193.0 -76.8 -270.5 -531.2
1458 Fnatic.eu -13.3 68.9 189.0 -64.0 -258.1 -519.9
1459 Na'Vi -11.6 70.4 190.7 -68.0 -262.1 -523.9
1460 Alliance -10.7 71.3 191.7 -72.0 -266.1 -527.9
1461 rox.KIS -14.7 67.3 187.7 -62.4 -257.3 -519.8
1462 rox.KIS -13.2 68.8 189.4 -66.4 -261.3 -523.8
1463 Na'Vi -11.1 70.7 191.4 -70.4 -265.3 -527.8
1465 DK -9.6 72.2 193.0 -74.4 -269.3 -531.8
1466 4FC -13.6 68.2 189.0 -61.5 -256.5 -520.0
1468 Alliance -11.8 70.1 191.0 -65.5 -260.5 -524.0
1473 LGD.cn -11.2 70.9 192.0 -69.5 -264.5 -528.0
1475 TongFu3 -9.4 72.6 193.9 -73.5 -268.5 -532.0
1478 Alliance -8.2 73.9 195.3 -77.5 -272.5 -536.0
1479 Liquid -7.5 74.7 196.3 -81.5 -276.5 -540.0
1480 Na'Vi -5.8 76.2 197.9 -85.5 -280.5 -544.0
1481 DK -9.8 72.2 193.9 -76.2 -272.3 -537.3
1482 Fnatic.eu -9.1 73.1 195.1 -80.2 -276.3 -541.3
1483 Sigma.int -13.1 69.1 191.1 -69.2 -263.9 -529.7
1488 Imp -11.3 71.1 193.6 -73.2 -267.9 -533.7
1489 Na'Vi -9.6 72.8 195.5 -77.2 -271.9 -537.7
1490 EG -8.8 73.8 196.6 -81.2 -275.9 -541.7
1492 Alliance -7.5 75.2 198.1 -85.2 -279.9 -545.7
1494 Na'Vi -6.9 75.9 198.9 -89.2 -283.9 -549.7
1495 DK -5.8 77.2 200.4 -93.2 -287.9 -553.7
1497 Speed -9.8 73.2 196.4 -79.6 -276.0 -542.8
1498 Fnatic.eu -13.8 69.2 192.4 -63.5 -260.5 -528.1
1499 DK -13.0 70.2 193.4 -67.5 -264.5 -532.1
1500 Speed -12.3 71.1 194.6 -71.5 -268.5 -536.1
1501 Liquid -16.3 67.1 190.6 -58.1 -255.4 -524.3
1506 Liquid -15.0 68.5 192.1 -62.1 -259.4 -528.3
1507 DK -13.3 70.2 193.8 -66.1 -263.4 -532.3
1508 Alliance -12.7 71.0 194.6 -70.1 -267.4 -536.3
1510 Na'Vi -11.2 72.6 196.4 -74.1 -271.4 -540.3
1511 Sigma.int -10.7 73.3 197.1 -78.1 -275.4 -544.3
1512 Alliance -9.8 74.3 198.3 -82.1 -279.4 -548.3
1513 DK -9.5 74.8 198.9 -86.1 -283.4 -552.3
1515 Speed -13.5 70.8 194.9 -75.1 -272.6 -542.5
1518 Speed -17.5 66.8 190.9 -65.4 -264.2 -534.9
1521 Next.kz -15.7 68.9 193.4 -69.4 -268.2 -538.9
1523 SSD -19.7 64.9 189.4 -56.0 -254.9 -527.6
1524 Aspera -18.3 66.7 191.4 -60.0 -258.9 -531.6
1527 VP -17.2 68.1 193.0 -64.0 -262.9 -535.6
1528 TongFu -16.5 68.9 194.0 -68.0 -266.9 -539.6
1529 LGD.int -15.9 69.7 195.0 -72.0 -270.9 -543.6
1530 Empire -14.4 71.4 196.9 -76.0 -274.9 -547.6
1531 Aspera -13.0 72.9 198.6 -80.0 -278.9 -551.6
1533 OsG -17.0 68.9 194.6 -66.8 -266.4 -541.3
1534 Poseidon -15.1 70.8 196.7 -70.8 -270.4 -545.3
1537 FL -19.1 66.8 192.7 -61.0 -259.2 -535.7
1538 NoX -23.1 62.8 188.7 -53.5 -250.8 -527.9
1544 SSD -21.4 64.7 190.8 -57.5 -254.8 -531.9
1545 LGD.cn -19.9 66.5 193.0 -61.5 -258.8 -535.9
1546 iG -18.7 67.9 194.7 -65.5 -262.8 -539.9
1547 Fnatic.eu -22.7 63.9 190.7 -55.6 -252.6 -530.3
1548 Na'Vi -21.1 65.5 192.5 -59.6 -256.6 -534.3
1549 VG -20.5 66.4 193.7 -63.6 -260.6 -538.3
1550 DK -19.8 67.2 194.7 -67.6 -264.6 -542.3
1553 Fnatic.eu -23.8 63.2 190.7 -58.3 -255.8 -534.7
1554 Alliance -21.9 65.0 192.6 -62.3 -259.8 -538.7
1557 LGD.int -25.9 61.0 188.6 -53.6 -250.3 -530.2
1560 EOT -23.9 63.0 190.8 -57.6 -254.3 -534.2
1562 VG -27.9 59.0 186.8 -50.6 -244.6 -525.1
1568 Next.kz -26.7 60.5 188.5 -54.6 -248.6 -529.1
1572 Fnatic.eu -25.3 61.8 189.9 -58.6 -252.6 -533.1
1573 iG -23.5 63.7 192.2 -62.6 -256.6 -537.1
1574 DK -22.4 64.9 193.5 -66.6 -260.6 -541.1
1576 5inQ -20.9 66.8 195.8 -70.6 -264.6 -545.1
1578 VG -24.9 62.8 191.8 -61.4 -255.7 -536.8
1579 DK -23.8 64.3 193.5 -65.4 -259.7 -540.8
1580 Alliance -22.7 65.6 195.0 -69.4 -263.7 -544.8
1582 PR -21.3 66.9 196.4 -73.4 -267.7 -548.8
1583 Sigma.int -19.9 68.6 198.4 -77.4 -271.7 -552.8
1585 Fnatic.eu -19.0 69.6 199.6 -81.4 -275.7 -556.8
1586 Fnatic.eu -23.0 65.6 195.6 -71.8 -266.3 -547.5
1587 Idol -21.5 67.4 197.9 -75.8 -270.3 -551.5
1589 FD -20.5 68.5 199.2 -79.8 -274.3 -555.5
1590 Orange -19.7 69.5 200.5 -83.8 -278.3 -559.5
1593 FD -19.0 70.5 201.8 -87.8 -282.3 -563.5
1594 FD -23.0 66.5 197.8 -79.0 -272.3 -554.3
1597 Empire -21.2 68.3 199.6 -83.0 -276.3 -558.3
1598 Alliance -20.3 69.3 200.7 -87.0 -280.3 -562.3
1599 OsG -24.3 65.3 196.7 -78.2 -272.5 -555.2
1600 TR -28.3 61.3 192.7 -67.3 -264.1 -548.1
1602 VP -26.6 63.2 194.7 -71.3 -268.1 -552.1
1603 Fnatic.eu -25.1 64.7 196.2 -75.3 -272.1 -556.1
1604 Sigma.int -29.1 60.7 192.2 -64.9 -261.3 -546.0
1607 Idol -28.1 62.1 193.9 -68.9 -265.3 -550.0
1608 VP -32.1 58.1 189.9 -59.0 -256.4 -542.5
1611 Sigma.int -31.1 59.4 191.4 -63.0 -260.4 -546.5
1612 Fnatic.eu -29.2 61.3 193.6 -67.0 -264.4 -550.5
1613 Fnatic.eu -27.8 62.7 195.2 -71.0 -268.4 -554.5
1614 Alliance -27.2 63.5 196.1 -75.0 -272.4 -558.5
1618 FD -25.6 65.2 198.2 -79.0 -276.4 -562.5
1620 VP -24.1 66.6 199.8 -83.0 -280.4 -566.5
1623 SSD -22.2 68.5 201.8 -87.0 -284.4 -570.5
1624 PR -20.6 70.3 203.8 -91.0 -288.4 -574.5
1625 Idol -24.6 66.3 199.8 -81.9 -279.6 -566.8
1626 FD -23.7 67.5 201.2 -85.9 -283.6 -570.8
1627 MVP -21.7 69.2 203.0 -89.9 -287.6 -574.8
1628 Alliance -21.0 69.9 203.9 -93.9 -291.6 -578.8
1629 Fnatic.eu -20.5 70.5 204.7 -97.9 -295.6 -582.8
1631 VG -20.0 71.2 205.7 -101.9 -299.6 -586.8
1634 Alliance -19.3 72.1 206.7 -105.9 -303.6 -590.8
1636 Sigma.int -18.6 72.9 207.8 -109.9 -307.6 -594.8
1637 Na'Vi -16.7 74.7 209.7 -113.9 -311.6 -598.8
1641 RRQ -20.7 70.7 205.7 -104.7 -301.6 -589.2
1642 MiTH -19.0 72.8 207.9 -108.7 -305.6 -593.2
1648 Poseidon -23.0 68.8 203.9 -100.3 -297.2 -585.1
1651 rox.KIS -21.3 70.5 205.8 -104.3 -301.2 -589.1
1652 PR -20.2 71.8 207.3 -108.3 -305.2 -593.1
1653 mouz -18.6 73.4 209.1 -112.3 -309.2 -597.1
1654 MVP.P -17.6 74.8 210.7 -116.3 -313.2 -601.1
1656 HR -21.6 70.8 206.7 -107.3 -302.6 -591.3
1657 RRQ -20.9 71.7 207.8 -111.3 -306.6 -595.3
1660 Poseidon -24.9 67.7 203.8 -94.9 -292.0 -583.7
1662 Fnatic.eu -24.1 68.7 205.0 -98.9 -296.0 -587.7
1664 DK -23.4 69.5 206.0 -102.9 -300.0 -591.7
1665 LGD.cn -22.8 70.2 207.0 -106.9 -304.0 -595.7
1667 Fnatic.eu -21.3 71.6 208.6 -110.9 -308.0 -599.7
1668 Duskbin -20.5 72.9 210.2 -114.9 -312.0 -603.7
1669 Neon -24.5 68.9 206.2 -106.2 -303.9 -596.7
1672 MiTH -22.6 70.8 208.3 -110.2 -307.9 -600.7
1674 Empire -21.4 72.1 209.7 -114.2 -311.9 -604.7
1676 TR -25.4 68.1 205.7 -100.0 -300.3 -594.9
1677 Na'Vi -24.2 69.3 207.2 -104.0 -304.3 -598.9
1678 Na'Vi -23.3 70.4 208.4 -108.0 -308.3 -602.9
1679 Speed -21.6 72.1 210.3 -112.0 -312.3 -606.9
1681 Mski -20.7 73.2 211.6 -116.0 -316.3 -610.9
1682 Lowyat -19.5 74.5 213.2 -120.0 -320.3 -614.9
1683 rox.KIS -18.2 76.1 215.1 -124.0 -324.3 -618.9
1684 Alliance -16.8 77.4 216.5 -128.0 -328.3 -622.9
1685 Alliance -16.3 78.0 217.2 -132.0 -332.3 -626.9
1686 Sigma.int -15.1 79.2 218.6 -136.0 -336.3 -630.9
1688 Fnatic.eu -13.7 80.6 220.1 -140.0 -340.3 -634.9
1689 iG -13.2 81.2 220.8 -144.0 -344.3 -638.9
1690 Mski -11.2 82.7 222.3 -148.0 -348.3 -642.9
1697 mouz -15.2 78.7 218.3 -131.1 -328.2 -622.8
1698 Alliance -13.7 80.0 219.7 -135.1 -332.2 -626.8
1699 OsG -17.7 76.0 215.7 -106.7 -305.9 -603.4
1701 TongFu -16.7 77.0 216.8 -110.7 -309.9 -607.4
1705 Next.kz -15.0 78.9 219.0 -114.7 -313.9 -611.4
1706 Sigma.int -14.1 79.7 219.9 -118.7 -317.9 -615.4
1707 mouz -12.9 80.8 221.1 -122.7 -321.9 -619.4
1708 HR -11.8 82.1 222.7 -126.7 -325.9 -623.4
1709 iG -10.4 83.7 224.7 -130.7 -329.9 -627.4
1709 iG -9.0 85.3 226.7 -134.7 -333.9 -631.4
1711 Next.kz -8.2 86.3 227.9 -138.7 -337.9 -635.4
1711 Next.kz -7.5 87.2 228.9 -142.7 -341.9 -639.4
1712 VP -5.8 88.9 230.7 -146.7 -345.9 -643.4
1712 VP -3.9 90.5 232.4 -150.7 -349.9 -647.4
1713 Alliance -2.3 92.1 234.1 -154.7 -353.9 -651.4
1713 Sigma.int -0.5 93.5 235.8 -158.7 -357.9 -655.4
1714 rox.KIS 0.2 94.4 236.8 -162.7 -361.9 -659.4
1714 rox.KIS 1.1 95.3 238.0 -166.7 -365.9 -663.4
1719 HR 2.9 96.8 239.6 -170.7 -369.9 -667.4
1719 HR 4.7 98.3 241.2 -174.7 -373.9 -671.4
1720 Mski 5.6 99.3 242.3 -178.7 -377.9 -675.4
1721 Lowyat 6.7 100.3 243.8 -182.7 -381.9 -679.4
1722 Mski 7.5 101.1 244.8 -186.7 -385.9 -683.4
1723 Mski 9.2 102.7 246.4 -190.7 -389.9 -687.4
1724 LGD.cn 10.8 104.4 248.3 -194.7 -393.9 -691.4
1725 VG 11.9 105.6 249.7 -198.7 -397.9 -695.4
1726 Lowyat 12.9 106.6 250.9 -202.7 -401.9 -699.4
1727 Mski 13.7 107.5 251.8 -206.7 -405.9 -703.4
1728 sQreen 9.7 103.5 247.8 -194.5 -393.4 -692.4
1730 rox.KIS 10.7 104.9 249.3 -198.5 -397.4 -696.4
1731 Empire 6.7 100.9 245.3 -186.3 -384.5 -685.1
1733 PR 2.7 96.9 241.3 -175.4 -374.0 -675.4
1735 Mski 3.5 97.7 242.3 -179.4 -378.0 -679.4
1736 Lowyat -0.5 93.7 238.3 -170.2 -369.0 -671.5
1738 Lowyat 1.6 95.5 240.2 -174.2 -373.0 -675.5
1742 Na'Vi 3.1 97.5 242.4 -178.2 -377.0 -679.5
1743 Na'Vi 4.8 99.6 244.8 -182.2 -381.0 -683.5
1744 Sigma.int 5.8 100.9 246.3 -186.2 -385.0 -687.5
1745 Na'Vi 6.5 101.8 247.4 -190.2 -389.0 -691.5
1746 Alliance 7.2 102.6 248.5 -194.2 -393.0 -695.5
1750 Alliance 7.9 103.4 249.5 -198.2 -397.0 -699.5
1751 Na'Vi 8.8 104.4 250.7 -202.2 -401.0 -703.5
1753 Na'Vi 10.1 105.8 252.3 -206.2 -405.0 -707.5
1754 TR 6.1 101.8 248.3 -193.3 -393.6 -697.8
1755 SSD 7.2 103.2 250.0 -197.3 -397.6 -701.8
1758 DK 8.8 105.0 252.1 -201.3 -401.6 -705.8
1760 Duskbin 4.8 101.0 248.1 -191.8 -391.0 -695.9
1761 Mski 5.8 102.3 249.5 -195.8 -395.0 -699.9
1762 TR 1.8 98.3 245.5 -186.4 -386.7 -692.7
1763 rox.KIS 2.7 99.3 246.7 -190.4 -390.7 -696.7
1764 Na'Vi 3.8 100.4 248.0 -194.4 -394.7 -700.7
1768 QPandas -0.2 96.4 244.0 -184.0 -384.9 -692.2
1771 VG 0.7 97.6 245.6 -188.0 -388.9 -696.2
1773 FD 2.8 99.4 247.6 -192.0 -392.9 -700.2
1774 Idol 3.8 100.9 249.5 -196.0 -396.9 -704.2
1776 Fnatic.eu 4.9 102.1 250.9 -200.0 -400.9 -708.2
1777 PR 6.4 103.7 252.7 -204.0 -404.9 -712.2
1779 Fnatic.eu 8.2 105.2 254.3 -208.0 -408.9 -716.2
1780 Titan 9.6 106.8 256.1 -212.0 -412.9 -720.2
1781 FD 11.3 108.7 258.2 -216.0 -416.9 -724.2
1783 Titan 12.3 109.7 259.5 -220.0 -420.9 -728.2
1784 LGD.cn 13.9 111.3 261.5 -224.0 -424.9 -732.2
1785 Fnatic.eu 15.0 112.5 262.8 -228.0 -428.9 -736.2
1786 Fnatic.eu 16.4 113.9 264.3 -232.0 -432.9 -740.2
1788 Sigma.int 17.0 114.6 265.2 -236.0 -436.9 -744.2
1790 Na'Vi 18.0 115.5 266.2 -240.0 -440.9 -748.2
1791 Revenge 14.0 111.5 262.2 -230.6 -429.4 -736.6
1792 Empire 10.0 107.5 258.2 -222.7 -421.7 -729.7
1793 Fnatic.eu 11.3 108.8 259.7 -226.7 -425.7 -733.7
1795 Empire 12.9 110.6 261.5 -230.7 -429.7 -737.7
1797 TR 8.9 106.6 257.5 -221.3 -419.9 -728.2
1800 Empire 10.5 108.2 259.3 -225.3 -423.9 -732.2
1801 Na'Vi 12.2 109.6 260.9 -229.3 -427.9 -736.2
1802 PR 8.2 105.6 256.9 -216.2 -412.0 -721.4
1803 Sigma.int 9.4 107.0 258.4 -220.2 -416.0 -725.4
1804 DK 9.8 107.6 259.1 -224.2 -420.0 -729.4
1805 VG 10.4 108.3 260.0 -228.2 -424.0 -733.4
1806 DT 12.1 109.9 261.8 -232.2 -428.0 -737.4
1807 LGD.cn 12.6 110.5 262.6 -236.2 -432.0 -741.4
1808 iG 13.0 111.1 263.4 -240.2 -436.0 -745.4
1809 Titan 14.2 112.2 264.7 -244.2 -440.0 -749.4
1811 TongFu 15.1 113.1 265.8 -248.2 -444.0 -753.4
1814 LGD.cn 15.6 113.8 266.7 -252.2 -448.0 -757.4
1815 iG 16.5 115.2 268.4 -256.2 -452.0 -761.4
1817 Mski 17.7 116.4 269.8 -260.2 -456.0 -765.4
1820 Empire 18.6 117.3 270.9 -264.2 -460.0 -769.4
1821 QPandas 14.6 113.3 266.9 -253.4 -449.0 -759.8
1822 Fnatic.eu 15.1 113.9 267.6 -257.4 -453.0 -763.8
1823 SSD 16.8 115.5 269.3 -261.4 -457.0 -767.8
1825 DK 18.4 117.3 271.4 -265.4 -461.0 -771.8
1826 Titan 19.4 118.3 272.5 -269.4 -465.0 -775.8
1827 MVP.P 20.3 119.5 273.9 -273.4 -469.0 -779.8
1828 TongFu 16.3 115.5 269.9 -259.0 -457.8 -770.0
1829 Sigma.int 17.6 117.2 271.9 -263.0 -461.8 -774.0
1831 rox.KIS 13.6 113.2 267.9 -254.0 -454.3 -767.0
1833 Fnatic.eu 15.1 114.6 269.3 -258.0 -458.3 -771.0
1836 DK 16.5 116.2 271.1 -262.0 -462.3 -775.0
1837 Titan 18.1 117.7 272.8 -266.0 -466.3 -779.0
1839 Sigma.int 14.1 113.7 268.8 -257.2 -457.8 -771.1
1840 PR 10.1 109.7 264.8 -245.0 -446.5 -760.6
1841 SSD 11.9 111.7 267.0 -249.0 -450.5 -764.6
1842 DK 13.2 113.3 268.8 -253.0 -454.5 -768.6
1845 DK 15.1 115.5 270.0 -257.0 -458.5 -772.6
1846 DK 16.0 116.6 270.6 -261.0 -462.5 -776.6
1847 DK 16.8 117.7 271.9 -265.0 -466.5 -780.6
1848 TongFu 18.5 119.8 274.3 -269.0 -470.5 -784.6
1849 PBS 20.2 122.0 276.9 -273.0 -474.5 -788.6
1850 rox.KIS 21.5 123.6 277.7 -277.0 -478.5 -792.6
1851 Alliance 22.2 124.5 278.3 -281.0 -482.5 -796.6
1852 SSD 23.9 126.1 280.0 -285.0 -486.5 -800.6
1853 Alliance 24.9 126.9 280.9 -289.0 -490.5 -804.6
1857 iG 25.6 127.8 282.0 -293.0 -494.5 -808.6
1860 Fnatic.eu 26.2 128.6 282.9 -297.0 -498.5 -812.6
1861 Sigma.int 27.2 129.8 284.4 -301.0 -502.5 -816.6
1862 Next.kz 23.2 125.8 280.4 -290.1 -491.9 -806.8
1863 Fnatic.eu 24.4 127.1 281.4 -294.1 -495.9 -810.8
1865 TongFu 25.2 128.1 282.6 -298.1 -499.9 -814.8
1866 Sigma.int 27.1 130.4 284.2 -302.1 -503.9 -818.8
1867 Fnatic.eu 28.0 131.4 284.9 -306.1 -507.9 -822.8
1868 Na'Vi 28.7 132.2 285.4 -310.1 -511.9 -826.8
1870 FSid3 24.7 128.2 281.4 -300.4 -500.4 -815.5
1871 Relax 26.4 130.0 283.6 -304.4 -504.4 -819.5
1874 Revenge 27.8 131.6 284.6 -308.4 -508.4 -823.5
1875 iG 29.4 133.3 286.5 -312.4 -512.4 -827.5
1876 GB 31.2 135.2 288.7 -316.4 -516.4 -831.5
1877 FD 32.8 136.9 290.0 -320.4 -520.4 -835.5
1878 Invasion 28.8 132.9 286.0 -308.8 -510.0 -821.6
1879 Orange 29.6 133.8 287.0 -312.8 -514.0 -825.6
1883 iG 25.6 129.8 283.0 -304.4 -506.5 -815.9
1885 Mski 26.8 130.9 284.2 -308.4 -510.5 -819.9
1886 Invasion 28.1 132.3 285.2 -312.4 -514.5 -823.9
1887 Lowyat 29.4 133.7 286.6 -316.4 -518.5 -827.9
1889 Fnatic.eu 25.4 129.7 282.6 -299.2 -505.4 -816.1
1892 nAra 21.4 125.7 278.6 -291.4 -498.6 -807.7
1893 Mski 22.6 127.1 279.3 -295.4 -502.6 -811.7
1894 Spirit 18.6 123.1 275.3 -282.9 -491.1 -795.4
1898 Titan 19.9 124.8 276.1 -286.9 -495.1 -799.4
1903 Titan 21.9 127.2 277.4 -290.9 -499.1 -803.4
1906 5inQ 23.0 128.9 279.4 -294.9 -503.1 -807.4
1910 FD 24.9 131.1 280.9 -298.9 -507.1 -811.4
1911 Titan 26.0 132.4 281.9 -302.9 -511.1 -815.4
1912 Orange 28.1 134.4 283.9 -306.9 -515.1 -819.4
1913 rox.KIS 29.5 136.0 285.2 -310.9 -519.1 -823.4
1914 rox.KIS 31.3 137.8 287.2 -314.9 -523.1 -827.4
1916 rox.KIS 32.6 139.2 288.7 -318.9 -527.1 -831.4
1917 Orange 34.6 140.8 290.4 -322.9 -531.1 -835.4
1918 Orange 36.7 142.7 292.3 -326.9 -535.1 -839.4
1923 VP 38.2 144.4 294.1 -330.9 -539.1 -843.4
1925 PR 39.9 146.0 295.5 -334.9 -543.1 -847.4
1927 Titan 41.5 147.8 296.7 -338.9 -547.1 -851.4
1928 Zephyr 42.5 149.3 298.5 -342.9 -551.1 -855.4
1929 MVP 43.8 150.8 300.3 -346.9 -555.1 -859.4
1934 Sigma.int 39.8 146.8 296.3 -335.9 -543.7 -848.8
1935 EOT.Ham. 35.8 142.8 292.3 -320.4 -533.7 -840.7
1936 Alliance 37.6 144.8 294.0 -324.4 -537.7 -844.7
1937 Na'Vi 39.4 146.8 296.2 -328.4 -541.7 -848.7
1939 Na'Vi 41.1 148.7 297.6 -332.4 -545.7 -852.7
1941 Zephyr 43.2 151.3 298.8 -336.4 -549.7 -856.7
1943 PR 45.1 153.2 301.0 -340.4 -553.7 -860.7
1944 VP 47.0 155.3 302.5 -344.4 -557.7 -864.7
1945 rox.KIS 48.1 156.6 303.3 -348.4 -561.7 -868.7
1948 Empire 49.1 157.7 304.7 -352.4 -565.7 -872.7
1949 EOT.Ham. 45.1 153.7 300.7 -341.5 -556.4 -864.7
1951 Empire 46.3 155.2 301.5 -345.5 -560.4 -868.7
1953 Fnatic.eu 47.3 156.4 302.5 -349.5 -564.4 -872.7
1954 Empire 48.2 157.4 303.7 -353.5 -568.4 -876.7
1956 rox.KIS 49.8 158.8 305.2 -357.5 -572.4 -880.7
1960 Empire 51.5 160.6 307.4 -361.5 -576.4 -884.7
1961 Fnatic.eu 52.3 161.5 308.0 -365.5 -580.4 -888.7
1963 Life 48.3 157.5 304.0 -356.1 -570.8 -881.8
1964 Fnatic.eu 49.4 158.9 304.8 -360.1 -574.8 -885.8
1965 Relax 51.1 160.9 306.4 -364.1 -578.8 -889.8
1967 Liquid 52.5 162.0 307.7 -368.1 -582.8 -893.8
1971 Relax 48.5 158.0 303.7 -353.4 -570.0 -883.0
1972 PR 44.5 154.0 299.7 -343.4 -561.5 -867.5
1973 Sigma.int 45.7 155.6 300.5 -347.4 -565.5 -871.5
1975 Fnatic.eu 46.4 156.4 300.9 -351.4 -569.5 -875.5
1981 Liquid 47.3 157.6 302.4 -355.4 -573.5 -879.5
1982 Speed 48.3 158.8 303.3 -359.4 -577.5 -883.5
1983 SADBOYS 44.3 154.8 299.3 -352.3 -568.9 -874.9
1984 Empire 45.2 155.8 300.1 -356.3 -572.9 -878.9
1985 SADBOYS 41.2 151.8 296.1 -346.5 -564.2 -868.6
1991 PR 43.2 153.9 298.3 -350.5 -568.2 -872.6
1992 Speed 44.1 155.0 299.7 -354.5 -572.2 -876.6
1995 SADBOYS 45.6 157.0 302.2 -358.5 -576.2 -880.6
1996 TR 41.6 153.0 298.2 -350.5 -568.7 -873.7
2001 Speed 42.5 154.3 299.7 -354.5 -572.7 -877.7
2009 Fnatic.eu 44.0 156.0 301.0 -358.5 -576.7 -881.7
2010 Na'Vi 45.5 157.6 302.6 -362.5 -580.7 -885.7
2014 Speed 46.7 158.9 303.5 -366.5 -584.7 -889.7
2015 Speed 47.5 159.8 304.7 -370.5 -588.7 -893.7
2016 Revenge 49.4 161.8 306.8 -374.5 -592.7 -897.7
2018 Fnatic.eu 45.4 157.8 302.8 -365.6 -583.2 -888.9
2019 Na'Vi 46.8 159.2 304.4 -369.6 -587.2 -892.9
2020 PR 48.6 161.1 306.4 -373.6 -591.2 -896.9
2022 Liquid 49.5 162.1 307.0 -377.6 -595.2 -900.9
2023 SADBOYS 50.2 163.0 308.1 -381.6 -599.2 -904.9
2024 SADBOYS 51.6 164.5 308.8 -385.6 -603.2 -908.9
2028 Next.kz 47.6 160.5 304.8 -377.2 -595.6 -901.9
2029 Empire 48.7 161.8 305.5 -381.2 -599.6 -905.9
2032 Liquid 49.6 162.8 306.6 -385.2 -603.6 -909.9
2034 Denial 45.6 158.8 302.6 -374.9 -593.7 -899.5
2035 SADBOYS 46.6 159.9 303.2 -378.9 -597.7 -903.5
2047 Empire 48.3 161.9 304.5 -382.9 -601.7 -907.5
2048 Arrow 50.0 164.0 305.5 -386.9 -605.7 -911.5
2049 GL 52.1 166.3 307.1 -390.9 -609.7 -915.5
2051 Nullis 54.1 168.4 309.4 -394.9 -613.7 -919.5
2052 Nullis 50.1 164.4 305.4 -387.1 -606.6 -910.6
2053 SADBOYS 50.9 165.5 305.8 -391.1 -610.6 -914.6
2054 Empire 51.9 166.8 307.4 -395.1 -614.6 -918.6
2055 Na'Vi 52.9 168.0 308.1 -399.1 -618.6 -922.6
2056 bvd.dotA 54.4 169.7 310.2 -403.1 -622.6 -926.6
2058 Cloud9 55.3 171.0 310.6 -407.1 -626.6 -930.6
2059 Empire 56.2 172.0 311.7 -411.1 -630.6 -934.6
2061 rox.KIS 52.2 168.0 307.7 -395.5 -615.9 -921.5
2064 Cloud9 53.2 169.2 309.2 -399.5 -619.9 -925.5
2066 Alliance 54.4 170.4 310.5 -403.5 -623.9 -929.5
2067 Na'Vi 55.2 171.3 311.5 -407.5 -627.9 -933.5
2068 Fnatic.eu 56.2 172.4 312.4 -411.5 -631.9 -937.5
2070 rox.KIS 52.2 168.4 308.4 -404.4 -625.4 -927.8
2073 4FC 54.0 170.5 309.9 -408.4 -629.4 -931.8
2074 vhoul 50.0 166.5 305.9 -398.0 -619.7 -924.9
2075 Liquid 46.0 162.5 301.9 -390.8 -613.7 -915.8
2076 Courage 42.0 158.5 297.9 -378.0 -602.9 -893.7
2079 Empire 43.6 160.4 300.0 -382.0 -606.9 -897.7
2080 rox.KIS 39.6 156.4 296.0 -365.7 -591.0 -884.4
2082 rox.KIS 40.6 157.6 297.3 -369.7 -595.0 -888.4
2083 PR 41.5 158.6 298.4 -373.7 -599.0 -892.4
2087 Liquid 42.8 160.0 299.3 -377.7 -603.0 -896.4
2089 SADBOYS 43.7 161.1 300.8 -381.7 -607.0 -900.4
2093 rox.KIS 45.5 163.0 302.0 -385.7 -611.0 -904.4
2095 Titan 46.9 164.7 302.6 -389.7 -615.0 -908.4
2097 rox.KIS 48.3 166.3 303.4 -393.7 -619.0 -912.4
2098 Zephyr 49.4 167.4 304.8 -397.7 -623.0 -916.4
2099 rox.KIS 51.4 169.3 306.7 -401.7 -627.0 -920.4
2100 PR 52.8 170.8 307.9 -405.7 -631.0 -924.4
2102 MYM 54.4 172.5 309.8 -409.7 -635.0 -928.4
2104 Arrow 50.4 168.5 305.8 -400.7 -626.1 -920.5
2113 TCN 52.0 170.5 306.9 -404.7 -630.1 -924.5
2117 Titan 54.1 173.0 308.4 -408.7 -634.1 -928.5
2119 Empire 54.8 173.9 308.9 -412.7 -638.1 -932.5
2121 Relax 55.9 175.2 310.0 -416.7 -642.1 -936.5
2123 rox.KIS 56.8 176.3 310.7 -420.7 -646.1 -940.5
2128 Alliance 58.4 178.0 312.3 -424.7 -650.1 -944.5
2131 Titan 59.1 178.9 313.4 -428.7 -654.1 -948.5
2132 Fnatic.eu 60.8 180.6 315.0 -432.7 -658.1 -952.5
2133 Next.kz 56.8 176.6 311.0 -416.4 -643.3 -932.4
2136 Swage 58.5 178.5 312.8 -420.4 -647.3 -936.4
2137 Revenge 60.2 180.3 314.0 -424.4 -651.3 -940.4
2138 Liquid 61.2 181.4 314.7 -428.4 -655.3 -944.4
2139 eHug 62.9 183.2 316.2 -432.4 -659.3 -948.4
2141 WWD 64.4 184.7 318.0 -436.4 -663.3 -952.4
2143 MiTH 65.9 186.2 319.3 -440.4 -667.3 -956.4
2146 Fnatic.eu 67.8 188.3 321.0 -444.4 -671.3 -960.4
2147 Na'Vi 68.9 189.5 322.3 -448.4 -675.3 -964.4
2148 PR 64.9 185.5 318.3 -436.4 -665.5 -956.2
2149 Sigma.int 66.5 187.2 320.2 -440.4 -669.5 -960.2
2152 Relax 62.5 183.2 316.2 -430.2 -659.8 -950.5
2155 MYM 64.2 184.8 318.1 -434.2 -663.8 -954.5
2156 Cloud9 65.2 186.0 318.8 -438.2 -667.8 -958.5
2158 Denial 61.2 182.0 314.8 -428.4 -658.5 -946.5
2159 SADBOYS 61.9 182.9 315.9 -432.4 -662.5 -950.5
2160 Dog 63.3 184.7 317.9 -436.4 -666.5 -954.5
2162 Orange 64.2 185.8 319.1 -440.4 -670.5 -958.5
2165 TR 60.2 181.8 315.1 -426.3 -657.9 -939.0
2169 WWD 62.5 184.5 316.4 -430.3 -661.9 -943.0
2170 ZR 58.5 180.5 312.4 -421.2 -652.2 -934.1
2171 Relax 60.3 182.3 314.2 -425.2 -656.2 -938.1
2172 Na'Vi 61.4 183.6 315.0 -429.2 -660.2 -942.1
2175 Liquid 62.3 184.6 316.3 -433.2 -664.2 -946.1
2177 Dog 63.7 186.4 318.7 -437.2 -668.2 -950.1
2178 VP 65.0 187.8 319.9 -441.2 -672.2 -954.1
2181 MiT 61.0 183.8 315.9 -428.6 -659.9 -942.9
2185 Scythe 62.3 185.5 316.4 -432.6 -663.9 -946.9
2187 Titan 62.9 186.3 317.4 -436.6 -667.9 -950.9
2188 Everlast 58.9 182.3 313.4 -421.0 -655.4 -940.2
2190 VP 60.1 183.4 314.6 -425.0 -659.4 -944.2
2193 Na'Vi 62.0 185.1 316.3 -429.0 -663.4 -948.2
2197 Empire 62.8 186.1 317.6 -433.0 -667.4 -952.2
2200 Alliance 64.1 187.3 319.1 -437.0 -671.4 -956.2
2204 Osiris 60.1 183.3 315.1 -427.7 -661.8 -947.2
2210 Titan 60.8 184.2 316.2 -431.7 -665.8 -951.2
2213 Arrow 61.5 185.1 317.5 -435.7 -669.8 -955.2
2214 Orange 62.3 186.1 318.0 -439.7 -673.8 -959.2
2215 ADN 58.3 182.1 314.0 -430.6 -664.1 -952.4
2216 Alliance 59.8 183.8 315.7 -434.6 -668.1 -956.4
2218 VP 55.8 179.8 311.7 -425.1 -659.9 -948.7
2226 Empire 51.8 175.8 307.7 -415.2 -650.0 -942.3
2228 Titan 52.5 176.6 308.1 -419.2 -654.0 -946.3
2229 Scythe 54.0 178.3 308.9 -423.2 -658.0 -950.3
2231 Arrow 56.0 180.7 310.6 -427.2 -662.0 -954.3
2237 Execration 57.6 182.3 312.3 -431.2 -666.0 -958.3
2238 FD 59.1 184.0 313.8 -435.2 -670.0 -962.3
2239 Orange 55.1 180.0 309.8 -423.1 -660.9 -954.5
2240 Spirit 51.1 176.0 305.8 -415.3 -653.1 -945.4
2241 hehe 47.1 172.0 301.8 -398.0 -638.1 -918.8
2242 PR 43.1 168.0 297.8 -387.8 -628.7 -905.3
2244 EG 44.7 170.0 298.7 -391.8 -632.7 -909.3
2248 DT.NGC 46.4 172.0 301.1 -395.8 -636.7 -913.3
2249 Titan 47.5 173.2 302.5 -399.8 -640.7 -917.3
2251 Zephyr 48.8 174.6 304.2 -403.8 -644.7 -921.3
2260 FL 50.3 176.3 305.2 -407.8 -648.7 -925.3
2261 CIS 46.3 172.3 301.2 -388.6 -634.9 -915.1
2262 Mski 48.3 174.5 302.9 -392.6 -638.9 -919.1
2269 Na'Vi 50.1 176.4 304.6 -396.6 -642.9 -923.1
2271 Titan 51.9 178.3 306.4 -400.6 -646.9 -927.1
2273 VG 52.6 179.2 307.6 -404.6 -650.9 -931.1
2274 LGD.cn 54.5 181.5 308.9 -408.6 -654.9 -935.1
2275 Orange 55.2 182.2 309.6 -412.6 -658.9 -939.1
2277 FD 56.5 183.7 310.5 -416.6 -662.9 -943.1
2278 MiTH 57.6 184.8 311.9 -420.6 -666.9 -947.1
2279 DUZA 59.1 186.4 313.2 -424.6 -670.9 -951.1
2280 DK 59.7 187.1 314.1 -428.6 -674.9 -955.1
2282 iG 60.4 188.0 314.6 -432.6 -678.9 -959.1
2283 Fnatic.eu 62.1 189.9 316.5 -436.6 -682.9 -963.1
2284 Zephyr 63.4 191.3 317.8 -440.6 -686.9 -967.1
2285 Na'Vi 64.5 192.4 319.0 -444.6 -690.9 -971.1
2288 EG 60.5 188.4 315.0 -435.1 -681.2 -963.3
2289 DT.NGC 56.5 184.4 311.0 -424.6 -669.7 -957.4
2290 Orange 52.5 180.4 307.0 -415.4 -661.3 -949.6
2292 Na'Vi 54.0 181.8 308.5 -419.4 -665.3 -953.6
2293 Alliance 55.1 183.1 309.4 -423.4 -669.3 -957.6
2295 Arrow 56.1 184.3 310.7 -427.4 -673.3 -961.6
