0 0 0.0 0.0 0.0 0.0 0.0 0.0
23 mouz 0.8 0.9 1.2 -4.0 -4.0 -4.0
32 Alliance 1.5 2.0 2.4 -8.0 -8.0 -8.0
49 Liquid 2.3 3.2 3.8 -12.0 -12.0 -12.0
50 3DMAX -1.7 -0.8 -0.2 13.2 5.5 3.0
73 Zenith -0.9 0.2 0.9 9.2 1.5 -1.0
136 Alliance -1.11022302463e-16 1.3 2.2 5.2 -2.5 -5.0
167 LGD.int 0.9 2.3 3.5 1.2 -6.5 -9.0
171 LGD.int 1.8 3.3 4.7 -2.8 -10.5 -13.0
226 Alliance 2.6 4.4 6.1 -6.8 -14.5 -17.0
240 Na'Vi 3.5 5.5 7.4 -10.8 -18.5 -21.0
246 Na'Vi 4.5 6.5 8.7 -14.8 -22.5 -25.0
253 Liquid 0.5 2.5 4.7 1.9 -8.7 -13.6
275 EG -3.5 -1.5 0.7 21.2 8.2 0.6
304 VG -2.7 -0.6 1.9 17.2 4.2 -3.4
306 LGD.cn -1.9 0.3 3.0 13.2 0.2 -7.4
316 LGD.cn -1.3 1.1 4.1 9.2 -3.8 -11.4
321 mouz -0.4 2.1 5.4 5.2 -7.8 -15.4
330 TongFu -4.4 -1.9 1.4 24.8 7.9 -4.2
340 mouz -3.6 -1.0 2.5 20.8 3.9 -8.2
373 Na'Vi -2.8 -0.1 3.5 16.8 -0.1 -12.2
376 LGD.cn -2.0 0.9 4.7 12.8 -4.1 -16.2
379 Na'Vi -1.1 2.0 6.0 8.8 -8.1 -20.2
389 iG -0.2 3.0 7.3 4.8 -12.1 -24.2
396 Liquid 0.4 3.7 8.3 0.8 -16.1 -28.2
398 Alliance 1.1 4.5 9.3 -3.2 -20.1 -32.2
410 Alliance 1.8 5.4 10.4 -7.2 -24.1 -36.2
414 Alliance 2.7 6.5 11.8 -11.2 -28.1 -40.2
416 4FC -1.3 2.5 7.8 7.3 -11.6 -26.3
437 Quantic -0.3 3.5 9.1 3.3 -15.6 -30.3
439 Artyk 0.6 4.5 10.6 -0.7 -19.6 -34.3
441 Na'Vi 1.5 5.5 11.8 -4.7 -23.6 -38.3
446 Orange 2.4 6.5 13.0 -8.7 -27.6 -42.3
451 Kaipi 3.3 7.5 14.2 -12.7 -31.6 -46.3
461 Alliance 4.1 8.4 15.4 -16.7 -35.6 -50.3
475 Na'Vi 5.1 9.4 16.6 -20.7 -39.6 -54.3
484 Empire 1.1 5.4 12.6 -4.0 -24.4 -42.4
488 Fnatic.eu -2.9 1.4 8.6 13.7 -9.6 -30.8
494 zRage -6.9 -2.6 4.6 34.2 8.6 -15.1
502 VP -6.2 -1.8 5.6 30.2 4.6 -19.1
503 Dignitas -5.4 -0.8 6.9 26.2 0.6 -23.1
505 Na'Vi -4.9 -0.2 7.7 22.2 -3.4 -27.1
506 EG -4.1 0.7 8.9 18.2 -7.4 -31.1
507 Na'Vi -3.2 1.7 10.2 14.2 -11.4 -35.1
508 Na'Vi -2.7 2.3 10.9 10.2 -15.4 -39.1
512 Quantic -6.7 -1.7 6.9 27.9 -0.2 -25.2
514 Dignitas -10.7 -5.7 2.9 49.8 18.4 -9.2
528 Liquid -9.8 -4.6 4.2 45.8 14.4 -13.2
529 EG -9.1 -3.8 5.1 41.8 10.4 -17.2
531 Na'Vi -8.2 -2.8 6.3 37.8 6.4 -21.2
532 Empire -7.2 -1.8 7.5 33.8 2.4 -25.2
533 rox.KIS -6.1 -0.8 8.5 29.8 -1.6 -29.2
536 Liquid -5.4 2.22044604925e-16 9.5 25.8 -5.6 -33.2
537 Liquid -4.8 0.7 10.4 21.8 -9.6 -37.2
538 Alliance -4.0 1.5 11.4 17.8 -13.6 -41.2
553 TongFu -8.0 -2.5 7.4 33.6 1.3 -28.4
628 EG -7.1 -1.5 8.6 29.6 -2.7 -32.4
631 Alliance -6.2 -0.3 10.1 25.6 -6.7 -36.4
636 EG -5.5 0.6 11.2 21.6 -10.7 -40.4
651 Denial -9.5 -3.4 7.2 39.6 4.7 -28.4
668 mouz -8.7 -2.4 8.5 35.6 0.7 -32.4
670 EG -7.7 -1.3 9.9 31.6 -3.3 -36.4
671 Fnatic.eu -6.8 -0.3 11.1 27.6 -7.3 -40.4
674 mouz -6.1 0.6 12.2 23.6 -11.3 -44.4
678 Kaipi -10.1 -3.4 8.2 42.3 5.2 -30.8
702 Na'Vi -9.2 -2.4 9.4 38.3 1.2 -34.8
703 mouz -8.3 -1.4 10.7 34.3 -2.8 -38.8
712 Na'Vi -7.4 -0.3 12.0 30.3 -6.8 -42.8
723 Kaipi -6.5 0.7 13.2 26.3 -10.8 -46.8
727 Fnatic.eu -10.5 -3.3 9.2 43.1 3.7 -35.3
730 LGD.cn -9.7 -2.3 10.3 39.1 -0.3 -39.3
745 Dignitas -13.7 -6.3 6.3 60.6 14.2 -27.6
746 DK -13.0 -5.4 7.3 56.6 10.2 -31.6
751 Alliance -12.2 -4.3 8.7 52.6 6.2 -35.6
754 Na'Vi -11.5 -3.5 9.6 48.6 2.2 -39.6
761 Fnatic.eu -10.8 -2.7 10.5 44.6 -1.8 -43.6
766 Alliance -9.9 -1.7 11.6 40.6 -5.8 -47.6
767 LGD.int -13.9 -5.7 7.6 56.6 8.1 -35.7
769 mouz -13.0 -4.7 8.8 52.6 4.1 -39.7
773 Alliance -12.3 -3.9 9.7 48.6 0.1 -43.7
779 Zenith -11.4 -2.9 10.9 44.6 -3.9 -47.7
781 Alliance -10.5 -1.9 12.0 40.6 -7.9 -51.7
783 TongFu -9.6 -1.0 13.0 36.6 -11.9 -55.7
786 Na'Vi -8.6 0.1 14.3 32.6 -15.9 -59.7
795 Liquid -7.7 1.1 15.5 28.6 -19.9 -63.7
813 Empire -6.8 2.0 16.7 24.6 -23.9 -67.7
820 4FC -6.1 2.8 17.7 20.6 -27.9 -71.7
832 CDCD -10.1 -1.2 13.7 43.8 -9.5 -55.9
866 Poseidon -9.2 -0.3 14.8 39.8 -13.5 -59.9
873 PR -13.2 -4.3 10.8 60.5 4.1 -45.3
905 Dignitas -12.4 -3.4 11.9 56.5 0.1 -49.3
906 Dignitas -11.5 -2.4 13.1 52.5 -3.9 -53.3
908 iG -10.8 -1.6 14.1 48.5 -7.9 -57.3
915 Fnatic.eu -10.0 -0.6 15.3 44.5 -11.9 -61.3
920 TongFu -9.4 0.1 16.2 40.5 -15.9 -65.3
921 Alliance -8.4 1.1 17.5 36.5 -19.9 -69.3
931 Alliance -7.5 2.0 18.5 32.5 -23.9 -73.3
941 Alliance -6.6 3.0 19.6 28.5 -27.9 -77.3
956 Alliance -6.1 3.5 20.3 24.5 -31.9 -81.3
957 Na'Vi -5.3 4.2 21.2 20.5 -35.9 -85.3
958 PR -9.3 0.2 17.2 45.2 -11.9 -64.5
959 Kaipi -8.5 1.2 18.3 41.2 -15.9 -68.5
960 Kaipi -7.8 2.1 19.5 37.2 -19.9 -72.5
972 Aspera -11.8 -1.9 15.5 59.1 -0.9 -56.6
975 Dignitas -11.0 -0.9 16.8 55.1 -4.9 -60.6
982 Fnatic.eu -10.2 -0.1 17.8 51.1 -8.9 -64.6
990 Kaipi -9.4 0.8 18.9 47.1 -12.9 -68.6
997 PR -13.4 -3.2 14.9 64.7 1.9 -56.9
1009 Kaipi -12.5 -2.3 16.0 60.7 -2.1 -60.9
1017 Na'Vi -11.7 -1.4 17.0 56.7 -6.1 -64.9
1018 Alliance -10.9 -0.5 18.2 52.7 -10.1 -68.9
1025 Dignitas -10.1 0.4 19.4 48.7 -14.1 -72.9
1030 Na'Vi -9.3 1.3 20.4 44.7 -18.1 -76.9
1032 Na'Vi -8.4 2.4 21.7 40.7 -22.1 -80.9
1034 Alliance -7.7 3.2 22.7 36.7 -26.1 -84.9
1035 Alliance -7.0 3.9 23.5 32.7 -30.1 -88.9
1039 Ahead.kz -11.0 -0.1 19.5 54.0 -8.3 -71.0
1050 Alliance -10.2 0.8 20.6 50.0 -12.3 -75.0
1051 iG -9.4 1.8 21.8 46.0 -16.3 -79.0
1055 Alliance -8.8 2.5 22.7 42.0 -20.3 -83.0
1063 Alliance -8.1 3.3 23.6 38.0 -24.3 -87.0
1064 Alliance -7.3 4.2 24.6 34.0 -28.3 -91.0
1081 Na'Vi -6.6 5.0 25.6 30.0 -32.3 -95.0
1082 Fnatic.eu -5.8 5.9 26.6 26.0 -36.3 -99.0
1083 Titan -5.0 6.8 27.8 22.0 -40.3 -103.0
1085 FD -4.2 7.9 29.2 18.0 -44.3 -107.0
1089 Imp -3.5 8.9 30.3 14.0 -48.3 -111.0
1090 MiTH -2.8 9.8 31.4 10.0 -52.3 -115.0
1091 Na'Vi -1.9 10.8 32.7 6.0 -56.3 -119.0
1095 Arcanys -5.9 6.8 28.7 27.5 -39.0 -105.5
1097 FD -5.2 7.7 30.0 23.5 -43.0 -109.5
1105 Na'Vi -4.4 8.6 31.1 19.5 -47.0 -113.5
1112 DK -3.9 9.3 31.9 15.5 -51.0 -117.5
1114 Na'Vi -3.2 10.1 32.9 11.5 -55.0 -121.5
1117 VG -2.5 10.9 33.9 7.5 -59.0 -125.5
1118 LGD.cn -2.1 11.5 34.7 3.5 -63.0 -129.5
1123 Na'Vi -1.7 12.1 35.4 -0.5 -67.0 -133.5
1129 iG -1.2 12.8 36.2 -4.5 -71.0 -137.5
1131 Na'Vi -0.2 13.8 37.4 -8.5 -75.0 -141.5
1132 Fnatic.eu 0.7 14.9 38.6 -12.5 -79.0 -145.5
1143 DK 1.2 15.6 39.5 -16.5 -83.0 -149.5
1146 iG 1.6 16.2 40.2 -20.5 -87.0 -153.5
1149 Na'Vi 2.5 17.2 41.5 -24.5 -91.0 -157.5
1151 Alliance 3.0 17.9 42.3 -28.5 -95.0 -161.5
1157 Na'Vi 3.8 18.8 43.3 -32.5 -99.0 -165.5
1169 DK 4.2 19.4 44.1 -36.5 -103.0 -169.5
1171 Empire 5.0 20.4 45.3 -40.5 -107.0 -173.5
1172 Speed 1.0 16.4 41.3 -21.6 -86.2 -153.4
1175 TongFu 1.7 17.3 42.5 -25.6 -90.2 -157.4
1178 DK 2.1 17.8 43.2 -29.6 -94.2 -161.4
1181 Alliance 2.8 18.7 44.3 -33.6 -98.2 -165.4
1185 Liquid -1.2 14.7 40.3 -13.0 -77.4 -146.1
1188 LGD.int -0.6 15.5 41.2 -17.0 -81.4 -150.1
1190 TongFu 0.2 16.6 42.6 -21.0 -85.4 -154.1
1191 DK 0.6 17.3 43.4 -25.0 -89.4 -158.1
1192 Na'Vi 1.4 18.2 44.7 -29.0 -93.4 -162.1
1195 VG 1.9 18.9 45.5 -33.0 -97.4 -166.1
1196 LGD.cn 2.4 19.6 46.4 -37.0 -101.4 -170.1
1203 TongFu 2.8 20.2 47.1 -41.0 -105.4 -174.1
1204 iG 3.5 21.1 48.1 -45.0 -109.4 -178.1
1215 iG 3.9 21.8 48.9 -49.0 -113.4 -182.1
1232 Alliance 4.8 22.7 50.0 -53.0 -117.4 -186.1
1235 TongFu 0.8 18.7 46.0 -35.1 -103.4 -175.4
1238 LGD.cn 1.4 19.6 47.2 -39.1 -107.4 -179.4
1243 Alliance 2.1 20.4 48.3 -43.1 -111.4 -183.4
1247 iG 2.5 21.0 49.1 -47.1 -115.4 -187.4
1253 LGD.int -1.5 17.0 45.1 -18.4 -95.0 -171.3
1256 RS -0.6 18.0 46.4 -22.4 -99.0 -175.3
1263 LGD.cn 0.1 18.9 47.5 -26.4 -103.0 -179.3
1264 DK 0.8 19.7 48.5 -30.4 -107.0 -183.3
1266 Alliance 1.5 20.5 49.5 -34.4 -111.0 -187.3
1269 Orange 2.5 21.5 50.8 -38.4 -115.0 -191.3
1284 Alliance 3.3 22.3 51.8 -42.4 -119.0 -195.3
1305 Empire 3.9 23.1 52.7 -46.4 -123.0 -199.3
1307 LGD.int 4.8 24.1 53.9 -50.4 -127.0 -203.3
1308 LGD.cn 5.5 24.9 54.9 -54.4 -131.0 -207.3
1310 Sigma.int 6.2 25.7 55.9 -58.4 -135.0 -211.3
1314 TongFu 6.6 26.3 56.6 -62.4 -139.0 -215.3
1315 Empire 7.4 27.2 57.6 -66.4 -143.0 -219.3
1316 VG 8.1 28.1 58.7 -70.4 -147.0 -223.3
1321 Fnatic.eu 8.8 28.8 59.3 -74.4 -151.0 -227.3
1322 DK 9.2 29.3 60.0 -78.4 -155.0 -231.3
1323 VG 10.0 30.3 61.3 -82.4 -159.0 -235.3
1327 Speed 10.6 31.0 62.2 -86.4 -163.0 -239.3
1329 Alliance 11.2 31.7 63.0 -90.4 -167.0 -243.3
1331 Na'Vi 12.4 32.7 64.2 -94.4 -171.0 -247.3
1333 Alliance 13.2 33.5 65.2 -98.4 -175.0 -251.3
1336 TongFu 14.2 34.4 66.2 -102.4 -179.0 -255.3
1340 Fnatic.eu 15.1 35.4 67.4 -106.4 -183.0 -259.3
1341 Alliance 15.6 36.0 68.1 -110.4 -187.0 -263.3
1351 VG 16.0 36.7 68.9 -114.4 -191.0 -267.3
1352 DK 16.6 37.3 69.7 -118.4 -195.0 -271.3
1357 Na'Vi 17.7 38.3 70.8 -122.4 -199.0 -275.3
1359 LGD.cn 18.0 38.8 71.4 -126.4 -203.0 -279.3
1360 iG 18.4 39.3 72.0 -130.4 -207.0 -283.3
1361 Dignitas 19.1 40.1 73.0 -134.4 -211.0 -287.3
1362 Speed 19.5 40.6 73.7 -138.4 -215.0 -291.3
1365 Alliance 20.2 41.3 74.5 -142.4 -219.0 -295.3
1366 Alliance 20.6 41.8 75.1 -146.4 -223.0 -299.3
1369 Na'Vi 21.3 42.6 76.0 -150.4 -227.0 -303.3
1372 VP 17.3 38.6 72.0 -132.5 -211.8 -290.6
1382 Titan 18.1 39.6 73.3 -136.5 -215.8 -294.6
1384 Empire 18.8 40.4 74.3 -140.5 -219.8 -298.6
1388 iG 19.3 41.1 75.1 -144.5 -223.8 -302.6
1389 RStars 20.0 42.1 76.5 -148.5 -227.8 -306.6
1390 Alliance 20.5 42.7 77.2 -152.5 -231.8 -310.6
1396 rox.KIS 16.5 38.7 73.2 -117.3 -204.1 -287.4
1399 EG 12.5 34.7 69.2 -102.3 -188.3 -274.1
1404 VG 13.4 35.8 70.6 -106.3 -192.3 -278.1
1405 Speed 14.2 36.9 72.0 -110.3 -196.3 -282.1
1412 DK 14.6 37.6 72.9 -114.3 -200.3 -286.1
1423 Alliance 15.1 38.2 73.6 -118.3 -204.3 -290.1
1424 DK 15.4 38.6 74.2 -122.3 -208.3 -294.1
1425 VG 16.1 39.4 75.2 -126.3 -212.3 -298.1
1430 Na'Vi 17.0 40.4 76.4 -130.3 -216.3 -302.1
1431 DK 17.4 40.9 77.0 -134.3 -220.3 -306.1
1438 Liquid 18.1 41.8 78.0 -138.3 -224.3 -310.1
1439 Empire 14.1 37.8 74.0 -124.8 -209.7 -295.6
1442 LGD.int 14.5 38.4 74.7 -128.8 -213.7 -299.6
1443 TongFu 15.2 39.2 75.7 -132.8 -217.7 -303.6
1450 Na'Vi 16.1 40.3 77.0 -136.8 -221.7 -307.6
1460 Alliance 17.0 41.2 78.0 -140.8 -225.7 -311.6
1473 LGD.cn 17.6 42.0 79.0 -144.8 -229.7 -315.6
1479 Liquid 18.3 42.8 80.0 -148.8 -233.7 -319.6
1482 Fnatic.eu 19.0 43.7 81.2 -152.8 -237.7 -323.6
1490 EG 19.8 44.7 82.3 -156.8 -241.7 -327.6
1494 Na'Vi 20.4 45.4 83.1 -160.8 -245.7 -331.6
1498 Fnatic.eu 16.4 41.4 79.1 -144.7 -230.2 -316.9
1499 DK 17.2 42.4 80.1 -148.7 -234.2 -320.9
1500 Speed 17.9 43.3 81.3 -152.7 -238.2 -324.9
1508 Alliance 18.5 44.1 82.1 -156.7 -242.2 -328.9
1511 Sigma.int 19.0 44.8 82.8 -160.7 -246.2 -332.9
1512 Alliance 19.9 45.8 84.0 -164.7 -250.2 -336.9
1513 DK 20.2 46.3 84.6 -168.7 -254.2 -340.9
1528 TongFu 20.9 47.1 85.6 -172.7 -258.2 -344.9
1529 LGD.int 21.5 47.9 86.6 -176.7 -262.2 -348.9
1549 VG 22.1 48.8 87.8 -180.7 -266.2 -352.9
1550 DK 22.8 49.6 88.8 -184.7 -270.2 -356.9
1585 Fnatic.eu 23.7 50.6 90.0 -188.7 -274.2 -360.9
1589 FD 24.7 51.7 91.3 -192.7 -278.2 -364.9
1590 Orange 25.5 52.7 92.6 -196.7 -282.2 -368.9
1593 FD 26.2 53.7 93.9 -200.7 -286.2 -372.9
1598 Alliance 27.1 54.7 95.0 -204.7 -290.2 -376.9
1614 Alliance 27.7 55.5 95.9 -208.7 -294.2 -380.9
1628 Alliance 28.4 56.2 96.8 -212.7 -298.2 -384.9
1629 Fnatic.eu 28.9 56.8 97.6 -216.7 -302.2 -388.9
1631 VG 29.4 57.5 98.6 -220.7 -306.2 -392.9
1634 Alliance 30.1 58.4 99.6 -224.7 -310.2 -396.9
1636 Sigma.int 30.8 59.2 100.7 -228.7 -314.2 -400.9
1657 RRQ 31.5 60.1 101.8 -232.7 -318.2 -404.9
1660 Poseidon 27.5 56.1 97.8 -216.3 -303.6 -393.3
1662 Fnatic.eu 28.3 57.1 99.0 -220.3 -307.6 -397.3
1664 DK 29.0 57.9 100.0 -224.3 -311.6 -401.3
1665 LGD.cn 29.6 58.6 101.0 -228.3 -315.6 -405.3
1678 Na'Vi 30.5 59.7 102.2 -232.3 -319.6 -409.3
1681 Mski 31.4 60.8 103.5 -236.3 -323.6 -413.3
1685 Alliance 31.9 61.4 104.2 -240.3 -327.6 -417.3
1689 iG 32.4 62.0 104.9 -244.3 -331.6 -421.3
1697 mouz 28.4 58.0 100.9 -227.4 -311.5 -401.2
1699 OsG 24.4 54.0 96.9 -199.0 -285.2 -377.8
1701 TongFu 25.4 55.0 98.0 -203.0 -289.2 -381.8
1706 Sigma.int 26.3 55.8 98.9 -207.0 -293.2 -385.8
1711 Next.kz 27.1 56.8 100.1 -211.0 -297.2 -389.8
1711 Next.kz 27.8 57.7 101.1 -215.0 -301.2 -393.8
1714 rox.KIS 28.5 58.6 102.1 -219.0 -305.2 -397.8
1714 rox.KIS 29.4 59.5 103.3 -223.0 -309.2 -401.8
1720 Mski 30.3 60.5 104.4 -227.0 -313.2 -405.8
1722 Mski 31.1 61.3 105.4 -231.0 -317.2 -409.8
1726 Lowyat 32.1 62.3 106.6 -235.0 -321.2 -413.8
1727 Mski 32.9 63.2 107.5 -239.0 -325.2 -417.8
1735 Mski 33.7 64.0 108.5 -243.0 -329.2 -421.8
1745 Na'Vi 34.4 64.9 109.6 -247.0 -333.2 -425.8
1746 Alliance 35.1 65.7 110.7 -251.0 -337.2 -429.8
1750 Alliance 35.8 66.5 111.7 -255.0 -341.2 -433.8
1751 Na'Vi 36.7 67.5 112.9 -259.0 -345.2 -437.8
1763 rox.KIS 37.6 68.5 114.1 -263.0 -349.2 -441.8
1771 VG 38.5 69.7 115.7 -267.0 -353.2 -445.8
1783 Titan 39.5 70.7 117.0 -271.0 -357.2 -449.8
1788 Sigma.int 40.1 71.4 117.9 -275.0 -361.2 -453.8
1790 Na'Vi 41.1 72.3 118.9 -279.0 -365.2 -457.8
1802 PR 37.1 68.3 114.9 -265.9 -349.3 -443.0
1804 DK 37.5 68.9 115.6 -269.9 -353.3 -447.0
1805 VG 38.1 69.6 116.5 -273.9 -357.3 -451.0
1807 LGD.cn 38.6 70.2 117.3 -277.9 -361.3 -455.0
1808 iG 39.0 70.8 118.1 -281.9 -365.3 -459.0
1811 TongFu 39.9 71.7 119.2 -285.9 -369.3 -463.0
1814 LGD.cn 40.4 72.4 120.1 -289.9 -373.3 -467.0
1820 Empire 41.3 73.3 121.2 -293.9 -377.3 -471.0
1822 Fnatic.eu 41.8 73.9 121.9 -297.9 -381.3 -475.0
1826 Titan 42.8 74.9 123.0 -301.9 -385.3 -479.0
1827 MVP.P 43.7 76.1 124.4 -305.9 -389.3 -483.0
1846 DK 44.6 77.2 125.0 -309.9 -393.3 -487.0
1847 DK 45.4 78.3 126.3 -313.9 -397.3 -491.0
1851 Alliance 46.1 79.2 126.9 -317.9 -401.3 -495.0
1853 Alliance 47.1 80.0 127.8 -321.9 -405.3 -499.0
1857 iG 47.8 80.9 128.9 -325.9 -409.3 -503.0
1860 Fnatic.eu 48.4 81.7 129.8 -329.9 -413.3 -507.0
1865 TongFu 49.2 82.7 131.0 -333.9 -417.3 -511.0
1867 Fnatic.eu 50.1 83.7 131.7 -337.9 -421.3 -515.0
1868 Na'Vi 50.8 84.5 132.2 -341.9 -425.3 -519.0
1879 Orange 51.6 85.4 133.2 -345.9 -429.3 -523.0
1889 Fnatic.eu 47.6 81.4 129.2 -328.7 -416.2 -511.2
1893 Mski 48.8 82.8 129.9 -332.7 -420.2 -515.2
1911 Titan 49.9 84.1 130.9 -336.7 -424.2 -519.2
1945 rox.KIS 51.0 85.4 131.7 -340.7 -428.2 -523.2
1953 Fnatic.eu 52.0 86.6 132.7 -344.7 -432.2 -527.2
1954 Empire 52.9 87.6 133.9 -348.7 -436.2 -531.2
1961 Fnatic.eu 53.7 88.5 134.5 -352.7 -440.2 -535.2
1964 Fnatic.eu 54.8 89.9 135.3 -356.7 -444.2 -539.2
1975 Fnatic.eu 55.5 90.7 135.7 -360.7 -448.2 -543.2
1982 Speed 56.5 91.9 136.6 -364.7 -452.2 -547.2
1984 Empire 57.4 92.9 137.4 -368.7 -456.2 -551.2
1992 Speed 58.3 94.0 138.8 -372.7 -460.2 -555.2
2014 Speed 59.5 95.3 139.7 -376.7 -464.2 -559.2
2015 Speed 60.3 96.2 140.9 -380.7 -468.2 -563.2
2022 Liquid 61.2 97.2 141.5 -384.7 -472.2 -567.2
2023 SADBOYS 61.9 98.1 142.6 -388.7 -476.2 -571.2
2029 Empire 63.0 99.4 143.3 -392.7 -480.2 -575.2
2032 Liquid 63.9 100.4 144.4 -396.7 -484.2 -579.2
2035 SADBOYS 64.9 101.5 145.0 -400.7 -488.2 -583.2
2053 SADBOYS 65.7 102.6 145.4 -404.7 -492.2 -587.2
2055 Na'Vi 66.7 103.8 146.1 -408.7 -496.2 -591.2
2058 Cloud9 67.6 105.1 146.5 -412.7 -500.2 -595.2
2059 Empire 68.5 106.1 147.6 -416.7 -504.2 -599.2
2061 rox.KIS 64.5 102.1 143.6 -401.1 -489.5 -586.1
2067 Na'Vi 65.3 103.0 144.6 -405.1 -493.5 -590.1
2068 Fnatic.eu 66.3 104.1 145.5 -409.1 -497.5 -594.1
2076 Courage 62.3 100.1 141.5 -396.3 -486.7 -572.0
2080 rox.KIS 58.3 96.1 137.5 -380.0 -470.8 -558.7
2082 rox.KIS 59.3 97.3 138.8 -384.0 -474.8 -562.7
2083 PR 60.2 98.3 139.9 -388.0 -478.8 -566.7
2089 SADBOYS 61.1 99.4 141.4 -392.0 -482.8 -570.7
2119 Empire 61.8 100.3 141.9 -396.0 -486.8 -574.7
2123 rox.KIS 62.7 101.4 142.6 -400.0 -490.8 -578.7
2131 Titan 63.4 102.3 143.7 -404.0 -494.8 -582.7
2133 Next.kz 59.4 98.3 139.7 -387.7 -480.0 -562.6
2138 Liquid 60.4 99.4 140.4 -391.7 -484.0 -566.6
2156 Cloud9 61.4 100.6 141.1 -395.7 -488.0 -570.6
2159 SADBOYS 62.1 101.5 142.2 -399.7 -492.0 -574.6
2162 Orange 63.0 102.6 143.4 -403.7 -496.0 -578.6
2165 TR 59.0 98.6 139.4 -389.6 -483.4 -559.1
2172 Na'Vi 60.1 99.9 140.2 -393.6 -487.4 -563.1
2175 Liquid 61.0 100.9 141.5 -397.6 -491.4 -567.1
2185 Scythe 62.3 102.6 142.0 -401.6 -495.4 -571.1
2187 Titan 62.9 103.4 143.0 -405.6 -499.4 -575.1
2197 Empire 63.7 104.4 144.3 -409.6 -503.4 -579.1
2210 Titan 64.4 105.3 145.4 -413.6 -507.4 -583.1
2213 Arrow 65.1 106.2 146.7 -417.6 -511.4 -587.1
2214 Orange 65.9 107.2 147.2 -421.6 -515.4 -591.1
2228 Titan 66.6 108.0 147.6 -425.6 -519.4 -595.1
2241 hehe 62.6 104.0 143.6 -408.3 -504.4 -568.5
2261 CIS 58.6 100.0 139.6 -389.1 -490.6 -558.3
2273 VG 59.3 100.9 140.8 -393.1 -494.6 -562.3
2275 Orange 60.0 101.6 141.5 -397.1 -498.6 -566.3
2278 MiTH 61.1 102.7 142.9 -401.1 -502.6 -570.3
2280 DK 61.7 103.4 143.8 -405.1 -506.6 -574.3
2282 iG 62.4 104.3 144.3 -409.1 -510.6 -578.3
2285 Na'Vi 63.5 105.4 145.5 -413.1 -514.6 -582.3
2293 Alliance 64.6 106.7 146.4 -417.1 -518.6 -586.3
2295 Arrow 65.6 107.9 147.7 -421.1 -522.6 -590.3
