739 869 -4.0 -4.0 -4.0 5.4 4.9 4.5
782 914 -8.0 -8.0 -8.0 7.7 7.3 7.3
847 992 2.3 0.3 -0.2 3.7 3.3 3.3
877 1026 5.7 4.3 3.7 -0.3 -0.7 -0.7
891 1040 7.1 6.3 6.0 -4.3 -4.7 -4.7
1024 1194 3.1 2.3 2.0 -2.8 -3.2 -3.0
1263 1479 -0.9 -1.7 -2.0 -2.1 -2.4 -2.0
1266 1482 -4.9 -5.7 -6.0 -1.4 -1.5 -0.8
1274 1490 -8.9 -9.7 -10.0 -0.6 -0.5 0.3
1278 1494 -12.9 -13.7 -14.0 3.33066907388e-16 0.2 1.1
1283 1500 -16.9 -17.7 -18.0 0.7 1.1 2.3
1291 1508 -20.9 -21.7 -22.0 1.3 1.9 3.1
1294 1511 -24.9 -25.7 -26.0 1.8 2.6 3.8
1295 1513 -28.9 -29.7 -30.0 2.1 3.1 4.4
1595 1849 -27.2 -27.5 -27.4 -1.9 -0.9 0.4
1616 1873 -20.9 -20.9 -23.9 -5.9 -4.9 -3.6
1642 1900 -18.7 -18.5 -21.3 -9.9 -8.9 -7.6
1656 1916 -22.7 -22.5 -25.3 -8.6 -7.5 -6.1
1670 1931 -26.7 -26.5 -29.3 -0.6 -0.2 0.5
