708 833 -4.0 -4.0 -4.0 12.9 11.1 9.0
710 835 -1.1 -1.5 -1.6 8.9 7.1 5.0
711 836 0.7 0.6 0.8 4.9 3.1 1.0
722 849 4.0 4.0 4.5 0.9 -0.9 -3.0
734 864 5.1 5.3 6.0 -3.1 -4.9 -7.0
736 866 6.0 6.2 7.1 -7.1 -8.9 -11.0
743 874 2.0 2.2 3.1 -3.8 -5.7 -7.5
750 881 -2.0 -1.8 -0.9 4.8 1.9 -0.8
778 910 -6.0 -5.8 -4.9 8.9 6.0 3.3
804 939 -3.2 -2.4 -1.2 4.9 2.0 -0.7
831 974 -7.2 -6.4 -5.2 7.7 4.4 1.8
868 1017 -11.2 -10.4 -9.2 8.5 5.3 2.8
886 1035 -15.2 -14.4 -13.2 9.2 6.0 3.6
916 1069 -8.4 -6.9 -5.7 5.2 2.0 -0.4
941 1099 -12.4 -10.9 -9.7 7.4 4.3 2.1
945 1104 3.6 3.3 1.5 3.4 0.3 -1.9
953 1114 -0.4 -0.7 -2.5 4.1 1.1 -0.9
1043 1213 6.9 7.4 5.3 0.1 -2.9 -4.9
1304 1522 2.9 3.4 1.3 6.5 3.3 0.7
1314 1532 8.1 8.7 6.0 2.5 -0.7 -3.3
1316 1534 10.0 10.6 8.1 -1.5 -4.7 -7.3
1324 1542 6.0 6.6 4.1 0.8 -2.2 -4.4
1360 1583 2.0 2.6 0.1 2.2 -0.5 -2.4
1421 1648 10.4 11.0 8.2 -1.8 -4.5 -6.4
1432 1660 26.8 25.6 19.8 -5.8 -8.5 -10.4
1446 1675 22.8 21.6 15.8 -2.2 -4.7 -6.5
1447 1676 18.8 17.6 11.8 12.0 6.9 3.3
1481 1715 24.5 23.0 17.1 8.0 2.9 -0.7
1482 1716 20.5 19.0 13.1 10.4 5.6 2.1
1514 1753 16.5 15.0 9.1 11.7 7.0 3.7
1568 1821 12.5 11.0 5.1 22.5 18.0 13.3
