266 326 10.1 9.4 8.6 -4.0 -4.0 -4.0
268 328 6.1 5.4 4.6 2.3 2.1 1.8
339 407 7.9 7.7 7.4 -1.7 -1.9 -2.2
414 493 3.9 3.7 3.4 -0.7 -0.7 -0.8
689 812 -0.1 -0.3 -0.6 0.3 0.5 0.8
734 864 -4.1 -4.3 -4.6 1.4 1.8 2.3
742 873 16.6 13.3 10.0 -2.6 -2.2 -1.7
790 922 24.2 20.2 16.6 -6.6 -6.2 -5.7
791 923 20.2 16.2 12.6 -4.8 -4.4 -3.6
818 958 44.9 40.2 33.4 -8.8 -8.4 -7.6
836 979 47.5 42.5 35.8 -12.8 -12.4 -11.6
837 981 49.5 44.5 38.0 -16.8 -16.4 -15.6
839 983 45.5 40.5 34.0 -15.0 -14.7 -13.8
852 997 63.1 55.3 45.7 -19.0 -18.7 -17.8
858 1003 59.1 51.3 41.7 -15.8 -14.7 -13.6
861 1008 55.1 47.3 37.7 -3.7 -2.4 -2.7
870 1019 51.1 43.3 33.7 -1.8 1.33226762955e-15 2.6645352591e-15
887 1036 47.1 39.3 29.7 4.3 6.0 5.4
894 1044 43.1 35.3 25.7 6.3 8.6 8.1
959 1122 44.6 36.5 27.0 2.3 4.6 4.1
971 1134 48.9 40.5 31.0 -1.7 0.6 0.1
973 1136 44.9 36.5 27.0 -0.3 2.2 1.9
1031 1201 40.9 32.5 23.0 4.5 6.9 6.2
1050 1220 36.9 28.5 19.0 5.8 8.5 8.1
1106 1291 40.3 31.1 21.7 1.8 4.5 4.1
1225 1429 36.3 27.1 17.7 3.0 5.7 5.5
1235 1441 44.2 35.1 25.5 -1.0 1.7 1.5
1244 1450 40.2 31.1 21.5 -0.1 2.8 2.8
1314 1532 36.2 27.1 17.5 5.1 8.1 7.5
1322 1540 32.2 23.1 13.5 7.7 10.8 10.5
1323 1541 38.9 29.2 19.0 3.7 6.8 6.5
1349 1571 41.7 31.9 21.8 -0.3 2.8 2.5
1359 1582 43.1 33.2 23.2 -4.3 -1.2 -1.5
1388 1613 39.1 29.2 19.2 -2.9 0.2 0.1
1395 1622 35.1 25.2 15.2 3.2 6.6 6.1
1397 1624 36.7 27.0 17.2 -0.8 2.6 2.1
1422 1649 32.7 23.0 13.2 2.9 6.6 6.0
1425 1652 33.8 24.3 14.7 -1.1 2.6 2.0
1496 1733 44.7 34.8 24.4 -5.1 -1.4 -2.0
1497 1734 48.2 38.4 28.1 -9.1 -5.4 -6.0
1526 1767 44.2 34.4 24.1 -6.4 -2.3 -2.5
1535 1777 45.7 36.0 25.9 -10.4 -6.3 -6.5
1548 1791 41.7 32.0 21.9 -1.0 5.2 5.1
1558 1810 37.7 28.0 17.9 3.8 10.4 10.3
1571 1824 33.7 24.0 13.9 7.0 13.6 13.8
1576 1829 29.7 20.0 9.9 8.3 15.3 15.8
1586 1840 41.9 31.3 20.4 4.3 11.3 11.8
1602 1858 37.9 27.3 16.4 6.6 14.0 13.2
1661 1922 33.9 23.3 12.4 11.5 18.8 17.6
1664 1925 35.6 24.9 13.8 7.5 14.8 13.6
1665 1926 38.2 27.0 16.0 3.5 10.8 9.6
1682 1943 40.1 28.9 18.2 -0.5 6.8 5.6
1683 1944 36.1 24.9 14.2 1.4 8.9 7.1
1685 1946 42.7 32.0 20.8 -2.6 4.9 3.1
1694 1960 38.7 28.0 16.8 -0.9 6.7 5.3
1706 1972 48.7 36.5 32.3 -4.9 2.7 1.3
1710 1976 44.7 32.5 28.3 0.3 7.5 8.3
1713 1979 40.7 28.5 24.3 2.6 10.3 11.4
1723 1991 42.7 30.6 26.5 -1.4 6.3 7.4
1739 2011 48.3 35.3 31.0 -5.4 2.3 3.4
1745 2019 44.3 31.3 27.0 -4.0 3.7 5.0
1746 2020 46.1 33.2 29.0 -8.0 -0.3 1.0
1763 2043 42.1 29.2 25.0 -5.5 2.3 2.3
1780 2062 48.6 35.4 30.9 -9.5 -1.7 -1.7
1794 2079 44.6 31.4 26.9 -7.9 0.2 0.4
1797 2083 45.5 32.4 28.0 -11.9 -3.8 -3.6
1813 2100 46.9 33.9 29.2 -15.9 -7.8 -7.6
1822 2114 42.9 29.9 25.2 -13.2 -4.8 -4.4
1834 2132 38.9 25.9 21.2 -11.5 -3.1 -2.8
1836 2135 34.9 21.9 17.2 -9.5 -0.9 -0.3
1847 2148 46.9 31.7 25.4 -13.5 -4.9 -4.3
1862 2166 42.9 27.7 21.4 -6.1 2.1 2.2
1873 2179 45.3 30.3 23.2 -10.1 -1.9 -1.8
1874 2180 41.3 26.3 19.2 -3.2 4.2 6.6
1886 2192 48.2 32.5 24.4 -7.2 0.2 2.6
1889 2196 44.2 28.5 20.4 -3.5 5.0 7.9
1897 2207 48.7 33.1 24.7 -7.5 1.0 3.9
1905 2219 44.7 29.1 20.7 -2.1 6.2 9.0
1921 2242 54.9 38.5 34.2 -6.1 2.2 5.0
