128 172 -4.0 -4.0 -4.0 1.6 1.6 1.7
132 177 9.3 7.1 5.4 -2.4 -2.4 -2.3
172 218 5.3 3.1 1.4 -0.2 -0.3 -0.1
215 268 1.3 -0.9 -2.6 0.8 0.9 1.4
224 279 -2.7 -4.9 -6.6 2.2 2.6 3.4
231 286 -6.7 -8.9 -10.6 3.7 4.2 5.1
244 301 -10.7 -12.9 -14.6 4.8 5.6 6.7
246 303 -4.5 -7.2 -9.4 0.8 1.6 2.7
248 305 -8.5 -11.2 -13.4 2.8 3.8 5.1
256 314 -12.5 -15.2 -17.4 4.2 5.4 6.9
263 321 -16.5 -19.2 -21.4 5.1 6.4 8.2
266 324 -3.0 -7.7 -11.8 1.1 2.4 4.2
268 326 -7.0 -11.7 -15.8 11.2 11.8 12.8
307 368 -11.0 -15.7 -19.8 12.6 13.4 14.7
309 370 -15.0 -19.7 -23.8 14.9 16.1 17.7
311 373 -19.0 -23.7 -27.8 15.7 17.0 18.7
1039 1199 -23.0 -27.7 -31.8 17.4 18.9 20.9
1145 1318 -9.4 -14.2 -18.9 13.4 14.9 16.9
1388 1596 -13.4 -18.2 -22.9 17.7 19.4 21.6
1440 1650 -17.4 -22.2 -26.9 19.6 21.6 23.8
1442 1652 -21.4 -26.2 -30.9 20.7 22.9 25.3
1451 1662 -25.4 -30.2 -34.9 21.5 23.9 26.5
1473 1685 -29.4 -34.2 -38.9 22.0 24.5 27.2
1493 1711 -33.4 -38.2 -42.9 22.8 25.5 28.4
1494 1711 -37.4 -42.2 -46.9 23.5 26.4 29.4
1499 1714 -41.4 -46.2 -50.9 24.2 27.3 30.4
1500 1714 -45.4 -50.2 -54.9 25.1 28.2 31.6
1536 1745 -49.4 -54.2 -58.9 25.8 29.1 32.7
1555 1768 -39.0 -44.4 -50.4 21.8 25.1 28.7
1564 1778 -43.0 -48.4 -54.4 27.8 31.7 35.2
1574 1788 -47.0 -52.4 -58.4 28.4 32.4 36.1
1584 1798 -51.0 -56.4 -62.4 30.7 35.1 38.9
1605 1820 -55.0 -60.4 -66.4 31.6 36.0 40.0
1606 1821 -44.2 -49.4 -56.8 27.6 32.0 36.0
1615 1830 -48.2 -53.4 -60.8 29.8 34.2 38.2
1625 1841 -52.2 -57.4 -64.8 31.6 36.2 40.4
