9 28 6.6 7.1 6.6 -4.0 -4.0 -4.0
18 40 2.6 3.1 2.6 -2.6 -2.0 -2.0
22 44 4.0 5.0 4.7 -6.6 -6.0 -6.0
23 45 6.0 7.4 7.0 -10.6 -10.0 -10.0
34 57 2.0 3.4 3.0 -8.9 -7.8 -7.6
43 70 5.1 6.2 6.2 -12.9 -11.8 -11.6
93 126 1.1 2.2 2.2 -5.7 -4.7 -5.6
123 164 -2.9 -1.8 -1.8 -4.5 -3.2 -3.9
184 234 -6.9 -5.8 -5.8 -3.0 -1.5 -2.1
236 295 -2.0 -0.3 -0.3 -7.0 -5.5 -6.1
237 296 0.9 2.8 2.9 -11.0 -9.5 -10.1
249 308 6.7 7.8 7.6 -15.0 -13.5 -14.1
251 311 10.8 12.5 12.3 -19.0 -17.5 -18.1
253 313 6.8 8.5 8.3 -12.5 -11.2 -12.2
288 349 9.8 11.8 12.0 -16.5 -15.2 -16.2
308 372 18.3 19.7 18.8 -20.5 -19.2 -20.2
328 392 14.3 15.7 14.8 -19.4 -17.9 -18.7
334 400 10.3 11.7 10.8 -15.1 -13.1 -14.0
343 411 15.7 16.7 15.5 -19.1 -17.1 -18.0
345 414 11.7 12.7 11.5 -18.2 -16.0 -16.6
346 416 7.7 8.7 7.5 0.3 0.5 -2.7
352 423 10.3 11.3 10.3 -3.7 -3.5 -6.7
353 424 6.3 7.3 6.3 7.1 7.3 3.1
354 425 2.3 3.3 2.3 9.0 9.4 5.4
360 431 3.3 4.6 3.9 5.0 5.4 1.4
364 436 -0.7 0.6 -0.1 8.4 8.7 4.7
365 437 0.3 1.6 1.2 4.4 4.7 0.7
381 455 -3.7 -2.4 -2.8 7.2 7.7 3.7
393 468 -2.2 -0.9 -1.1 3.2 3.7 -0.3
431 510 -6.2 -4.9 -5.1 8.1 8.4 3.9
433 512 11.5 10.3 8.8 4.1 4.4 -0.1
437 516 15.0 14.1 12.9 0.1 0.4 -4.1
439 518 11.0 10.1 8.9 2.1 2.8 -1.5
441 520 12.1 11.4 10.5 -1.9 -1.2 -5.5
457 539 15.5 14.7 13.9 -5.9 -5.2 -9.5
460 542 11.5 10.7 9.9 -4.4 -3.6 -7.7
462 544 7.5 6.7 5.9 5.8 6.1 1.4
495 586 3.5 2.7 1.9 10.4 10.9 6.1
502 593 6.0 5.2 4.5 6.4 6.9 2.1
505 596 2.0 1.2 0.5 9.2 9.9 5.0
523 618 -2.0 -2.8 -3.5 10.4 11.3 6.6
526 621 -6.0 -6.8 -7.5 24.0 24.4 17.1
547 644 -10.0 -10.8 -11.5 34.8 34.5 25.9
582 681 -3.3 -4.9 -6.1 30.8 30.5 21.9
586 685 -7.3 -8.9 -10.1 33.4 33.5 25.2
624 726 -11.3 -12.9 -14.1 40.3 40.5 31.5
715 842 -15.3 -16.9 -18.1 49.7 49.5 40.2
750 881 -6.7 -9.3 -11.4 45.7 45.5 36.2
807 942 -2.2 -4.1 -6.5 41.7 41.5 32.2
882 1031 -6.2 -8.1 -10.5 44.5 44.2 35.0
894 1044 -4.2 -5.5 -7.8 40.5 40.2 31.0
917 1070 6.1 3.8 0.6 36.5 36.2 27.0
918 1071 7.9 5.4 2.4 32.5 32.2 23.0
