1624 1851 -4.0 -4.0 -4.0 0.7 0.9 0.6
1625 1852 -8.0 -8.0 -8.0 2.4 2.5 2.3
1641 1871 -6.3 -6.2 -5.8 -1.6 -1.5 -1.7
1681 1913 -10.3 -10.2 -9.8 -0.2 0.1 -0.4
1713 1947 -3.3 -3.3 -3.7 -4.2 -3.9 -4.4
1716 1951 -7.3 -7.3 -7.7 -3.0 -2.4 -3.6
1726 1965 -5.6 -5.3 -6.1 -7.0 -6.4 -7.6
1732 1971 9.1 7.5 4.7 -11.0 -10.4 -11.6
1737 1976 14.3 12.3 11.7 -15.0 -14.4 -15.6
1741 1980 10.3 8.3 7.7 -11.6 -10.2 -11.1
1839 2099 6.3 4.3 3.7 -9.6 -8.3 -9.2
1853 2121 7.4 5.6 4.8 -13.6 -12.3 -13.2
1878 2152 17.6 15.3 14.5 -17.6 -16.3 -17.2
1894 2171 19.4 17.1 16.3 -21.6 -20.3 -21.2
1902 2181 15.4 13.1 12.3 -9.0 -8.0 -10.0
1925 2207 11.4 9.1 8.3 -4.5 -3.4 -5.7
1941 2232 15.1 12.1 11.1 -8.5 -7.4 -9.7
1960 2255 11.1 8.1 7.1 -6.0 -5.0 -7.3
1970 2267 7.1 4.1 3.1 -4.7 -3.6 -5.8
2031 2336 3.1 0.1 -0.9 -3.2 -2.1 -4.0
2037 2342 15.6 12.2 9.5 -7.2 -6.1 -8.0
2048 2353 17.5 14.2 11.7 -11.2 -10.1 -12.0
2056 2364 13.5 10.2 7.7 -10.1 -9.0 -10.9
2083 2393 14.8 11.6 8.9 -14.1 -13.0 -14.9
2139 2457 16.1 13.1 10.6 -18.1 -17.0 -18.9
2150 2471 12.1 9.1 6.6 -16.9 -15.6 -17.6
2165 2491 40.5 32.9 29.7 -20.9 -19.6 -21.6
2170 2496 41.6 34.2 30.5 -24.9 -23.6 -25.6
2176 2502 37.6 30.2 26.5 -22.8 -21.1 -24.4
2177 2503 39.3 31.8 28.1 -26.8 -25.1 -28.4
2181 2509 35.3 27.8 24.1 -19.4 -17.8 -21.6
2209 2539 31.3 23.8 20.1 -18.4 -16.6 -20.9
2281 2616 32.6 25.0 21.4 -22.4 -20.6 -24.9
2295 2630 34.2 26.7 23.0 -26.4 -24.6 -28.9
2301 2639 30.2 22.7 19.0 -25.1 -23.1 -28.1
2326 2668 26.2 18.7 15.0 -20.0 -18.0 -23.1
2367 2725 22.2 14.7 11.0 -17.4 -15.4 -21.1
2418 2778 37.2 28.1 22.2 -21.4 -19.4 -25.1
2429 2795 41.9 32.5 26.3 -25.4 -23.4 -29.1
2435 2803 37.9 28.5 22.3 -22.7 -20.5 -26.0
2451 2824 40.5 31.1 24.9 -26.7 -24.5 -30.0
2452 2825 36.5 27.1 20.9 -24.8 -22.5 -28.4
2455 2828 32.5 23.1 16.9 -22.8 -20.3 -26.6
2456 2830 34.2 24.8 18.7 -26.8 -24.3 -30.6
2463 2838 30.2 20.8 14.7 -25.2 -22.4 -28.3
2474 2850 26.2 16.8 10.7 -22.7 -19.9 -25.7
2484 2863 22.2 12.8 6.7 -21.9 -18.9 -24.4
2487 2866 18.2 8.8 2.7 -12.9 -10.6 -15.7
2489 2868 14.2 4.8 -1.3 -11.4 -9.1 -14.4
2490 2869 10.2 0.8 -5.3 -10.1 -7.7 -13.5
2511 2898 6.2 -3.2 -9.3 -9.0 -6.4 -12.7
2560 2959 2.2 -7.2 -13.3 -5.3 -2.6 -9.5
