904 1054 -4.0 -4.0 -4.0 3.7 3.4 3.4
913 1065 -8.0 -8.0 -8.0 4.7 4.9 5.1
965 1128 -12.0 -12.0 -12.0 7.9 9.3 9.8
1017 1187 -16.0 -16.0 -16.0 12.8 14.5 15.3
1326 1544 -20.0 -20.0 -20.0 14.5 16.4 17.4
1379 1602 -24.0 -24.0 -24.0 16.2 18.3 19.4
1548 1791 -14.6 -12.5 -12.4 12.2 14.3 15.4
1552 1795 -18.6 -16.5 -16.4 13.8 16.1 17.2
1607 1864 -16.3 -14.0 -13.6 9.8 12.1 13.2
1616 1873 -20.3 -18.0 -17.6 16.1 18.7 16.7
1617 1874 -18.9 -16.4 -16.6 12.1 14.7 12.7
1646 1905 -22.9 -20.4 -20.6 19.7 21.4 18.7
1731 2002 -26.9 -24.4 -24.6 22.6 24.5 20.3
1743 2016 -25.0 -22.4 -22.5 18.6 20.5 16.3
1749 2024 -29.0 -26.4 -26.5 20.0 22.0 17.0
1781 2064 -33.0 -30.4 -30.5 21.0 23.2 18.5
1838 2137 -31.3 -28.6 -29.3 17.0 19.2 14.5
1839 2138 -35.3 -32.6 -33.3 18.0 20.3 15.2
