1431 1641 9.2 10.0 9.6 -4.0 -4.0 -4.0
1435 1645 11.6 12.3 12.0 -8.0 -8.0 -8.0
1436 1646 15.9 17.2 17.2 -12.0 -12.0 -12.0
1445 1655 18.4 19.1 19.1 -16.0 -16.0 -16.0
1447 1657 19.1 20.0 20.2 -20.0 -20.0 -20.0
1527 1736 15.1 16.0 16.2 -10.8 -11.0 -12.1
1561 1775 20.7 20.9 20.7 -14.8 -15.0 -16.1
1568 1782 16.7 16.9 16.7 -11.0 -11.5 -12.6
1603 1818 12.7 12.9 12.7 -8.8 -9.4 -10.5
1882 2143 8.7 8.9 8.7 -7.3 -7.9 -9.2
1897 2162 4.7 4.9 4.7 -6.4 -6.8 -8.0
1918 2186 10.4 9.9 12.5 -10.4 -10.8 -12.0
1937 2210 6.4 5.9 8.5 -9.7 -9.9 -10.9
1947 2228 2.4 1.9 4.5 -9.0 -9.1 -10.5
