159 206 -4.0 -4.0 -4.0 1.8 1.8 1.9
223 280 -8.0 -8.0 -8.0 2.9 3.1 3.5
257 317 -12.0 -12.0 -12.0 15.7 13.1 12.0
262 322 -10.5 -10.2 -9.9 11.7 9.1 8.0
265 325 -8.0 -7.3 -6.9 7.7 5.1 4.0
311 375 -12.0 -11.3 -10.9 9.4 7.1 6.1
317 381 -9.0 -8.2 -7.7 5.4 3.1 2.1
319 383 0.3 1.0 1.0 1.4 -0.9 -1.9
323 387 -3.7 -3.0 -3.0 2.6 0.5 -0.3
336 403 -7.7 -7.0 -7.0 14.0 11.1 8.7
375 447 -11.7 -11.0 -11.0 15.2 12.4 10.3
402 480 -15.7 -15.0 -15.0 16.2 13.6 11.8
499 590 -19.7 -19.0 -19.0 18.1 15.4 13.7
512 605 -23.7 -23.0 -23.0 19.9 17.1 15.6
561 660 -11.2 -11.7 -13.4 15.9 13.1 11.6
563 662 -15.2 -15.7 -17.4 17.6 15.0 13.8
564 663 -10.7 -10.8 -13.0 13.6 11.0 9.8
566 665 -14.7 -14.8 -17.0 16.0 13.6 12.8
599 700 -18.7 -18.8 -21.0 17.4 15.0 14.5
604 706 -13.2 -13.5 -15.8 13.4 11.0 10.5
624 726 -6.3 -6.5 -9.5 9.4 7.0 6.5
628 731 -10.3 -10.5 -13.5 11.0 8.9 8.6
641 751 -14.3 -14.5 -17.5 11.8 10.0 10.0
658 776 -18.3 -18.5 -21.5 13.1 11.4 11.6
663 783 -22.3 -22.5 -25.5 14.0 12.3 12.6
667 788 -26.3 -26.5 -29.5 16.4 14.7 15.2
777 909 -30.3 -30.5 -33.5 17.9 16.6 17.5
802 937 -34.3 -34.5 -37.5 29.0 29.2 28.3
908 1060 -38.3 -38.5 -41.5 31.2 31.5 30.8
938 1096 -42.3 -42.5 -45.5 32.2 32.9 32.5
966 1129 -46.3 -46.5 -49.5 32.7 33.6 33.3
980 1143 -50.3 -50.5 -53.5 33.2 34.3 34.2
1006 1175 -54.3 -54.5 -57.5 33.9 35.2 35.4
1020 1190 -58.3 -58.5 -61.5 34.7 36.3 36.8
1026 1196 -62.3 -62.5 -65.5 35.2 37.0 37.7
1045 1215 -66.3 -66.5 -69.5 35.6 37.7 38.5
1063 1239 -70.3 -70.5 -73.5 37.0 39.7 41.0
1076 1256 -69.4 -69.5 -72.2 33.0 35.7 37.0
1082 1263 -73.4 -73.5 -76.2 33.7 36.6 38.1
1091 1273 -60.7 -62.3 -66.1 29.7 32.6 34.1
1102 1286 -64.7 -66.3 -70.1 31.8 35.2 36.8
1131 1316 -68.7 -70.3 -74.1 32.5 36.1 37.9
1137 1322 -72.7 -74.3 -78.1 32.9 36.6 38.6
1150 1335 -76.7 -78.3 -82.1 34.1 38.0 40.2
1169 1360 -80.7 -82.3 -86.1 34.5 38.5 40.8
1209 1404 -84.7 -86.3 -90.1 35.4 39.6 42.2
1237 1443 -88.7 -90.3 -94.1 36.1 40.4 43.2
1260 1473 -92.7 -94.3 -98.1 36.7 41.2 44.2
