274 332 2.6 3.1 3.6 -4.0 -4.0 -4.0
281 339 4.9 6.2 6.8 -8.0 -8.0 -8.0
314 376 0.9 2.2 2.8 -7.2 -7.0 -6.8
319 381 -3.1 -1.8 -1.2 -4.2 -3.9 -3.6
340 403 8.3 8.8 7.8 -8.2 -7.9 -7.6
366 433 4.3 4.8 3.8 -7.0 -6.5 -5.9
378 446 0.3 0.8 -0.2 -6.1 -5.5 -4.7
415 489 -3.7 -3.2 -4.2 -4.5 -3.9 -2.8
571 664 12.4 10.2 7.0 -8.5 -7.9 -6.8
579 672 8.4 6.2 3.0 -6.9 -6.2 -4.9
694 811 9.6 7.7 4.8 -10.9 -10.2 -8.9
916 1059 5.6 3.7 0.8 -9.1 -8.7 -7.3
960 1112 1.6 -0.3 -3.2 -8.6 -8.0 -6.5
1020 1179 10.7 8.3 4.5 -12.6 -12.0 -10.5
1044 1204 6.7 4.3 0.5 -11.9 -11.1 -9.5
1062 1222 2.7 0.3 -3.5 -10.0 -9.5 -7.8
1074 1239 4.1 2.3 -1.0 -14.0 -13.5 -11.8
1092 1262 0.1 -1.7 -5.0 -12.9 -12.1 -10.2
1094 1264 -3.9 -5.7 -9.0 -12.2 -11.3 -9.2
1103 1273 -7.9 -9.7 -13.0 0.5 -0.1 0.9
1120 1293 -11.9 -13.7 -17.0 1.5 1.0 2.3
1135 1308 -15.9 -17.7 -21.0 2.2 1.8 3.3
1150 1323 -19.9 -21.7 -25.0 3.0 2.8 4.6
1163 1336 -23.9 -25.7 -29.0 4.0 3.7 5.6
1173 1352 -27.9 -29.7 -33.0 4.6 4.3 6.4
1208 1389 -27.2 -28.7 -31.6 0.6 0.3 2.4
1234 1425 -31.2 -32.7 -35.6 1.3 1.1 3.4
