1739 1967 -4.0 -4.0 -4.0 1.4 1.1 1.3
1755 1983 3.1 4.6 4.6 -2.6 -2.9 -2.7
1757 1985 12.9 13.3 14.9 -6.6 -6.9 -6.7
1765 1995 14.4 15.3 17.4 -10.6 -10.9 -10.7
1774 2008 21.7 22.4 24.5 -14.6 -14.9 -14.7
1786 2023 22.4 23.3 25.6 -18.6 -18.9 -18.7
1787 2024 23.8 24.8 26.3 -22.6 -22.9 -22.7
1797 2035 24.8 25.9 26.9 -26.6 -26.9 -26.7
1799 2038 28.9 30.1 30.2 -30.6 -30.9 -30.7
1809 2053 29.7 31.2 30.6 -34.6 -34.9 -34.7
1840 2088 32.8 34.9 33.0 -38.6 -38.9 -38.7
1841 2089 33.7 36.0 34.5 -42.6 -42.9 -42.7
1894 2159 34.4 36.9 35.6 -46.6 -46.9 -46.7
