1890 2167 2.8 3.2 1.7 -4.0 -4.0 -4.0
1906 2185 4.1 4.9 2.2 -8.0 -8.0 -8.0
1938 2229 5.6 6.6 3.0 -12.0 -12.0 -12.0
1961 2258 1.6 2.6 -1.0 -3.7 -5.2 -6.3
1983 2281 -2.4 -1.4 -5.0 -1.1 -3.1 -4.3
2044 2349 -0.1 1.1 -3.4 -5.1 -7.1 -8.3
2045 2350 0.5 2.0 -2.2 -9.1 -11.1 -12.3
2179 2506 -3.5 -2.0 -6.2 4.3 1.9 -0.4
2365 2723 -1.4 0.5 -5.2 0.3 -2.1 -4.4
2378 2737 1.4 3.6 -3.2 -3.7 -6.1 -8.4
2412 2771 2.9 5.3 -2.2 -7.7 -10.1 -12.4
2423 2785 -1.1 1.3 -6.2 -6.2 -8.6 -10.7
2432 2798 4.7 6.7 -0.5 -10.2 -12.6 -14.7
2462 2837 0.7 2.7 -4.5 -8.7 -10.9 -13.2
2503 2888 -3.3 -1.3 -8.5 10.7 5.5 1.1
2625 3030 -7.3 -5.3 -12.5 30.4 25.1 18.1
2629 3034 -11.3 -9.3 -16.5 38.7 33.2 25.9
2639 3044 -15.3 -13.3 -20.5 42.6 36.9 32.6
2640 3045 -8.9 -5.8 -13.1 38.6 32.9 28.6
2642 3047 -12.9 -9.8 -17.1 50.1 44.3 43.5
2646 3051 -4.5 -1.7 -9.3 46.1 40.3 39.5
