0 0 0.0 0.0 0.0 0.0 0.0 0.0
28 Quantic -4.0 -4.0 -4.0 6.6 7.1 6.6
45 Quantic -2.0 -1.6 -1.7 2.6 3.1 2.6
96 Empire 0.2 0.7 0.8 -1.4 -0.9 -1.4
111 Fnatic.eu 2.2 3.2 3.4 -5.4 -4.9 -5.4
126 rox.KIS -1.8 -0.8 -0.6 1.8 2.2 0.6
155 iG 0.2 1.5 1.9 -2.2 -1.8 -3.4
157 Fnatic.eu 2.5 3.8 4.2 -6.2 -5.8 -7.4
183 Fnatic.eu -1.5 -0.2 0.2 1.3 0.7 -1.1
290 Na'Vi 0.7 2.1 2.7 -2.7 -3.3 -5.1
307 rox.KIS -3.3 -1.9 -1.3 5.6 3.3 0.6
347 Orange -7.3 -5.9 -5.3 13.9 9.7 6.4
397 rox.KIS -4.8 -3.8 -3.1 9.9 5.7 2.4
402 DK -8.8 -7.8 -7.1 16.0 13.0 9.5
407 PR -7.0 -5.5 -4.3 12.0 9.0 5.5
440 Orange -5.0 -3.0 -1.6 8.0 5.0 1.5
496 TongFu -3.0 -0.6 1.0 4.0 1.0 -2.5
511 Alliance -0.9 1.7 3.5 0.0 -3.0 -6.5
518 Alliance 1.1 4.1 6.1 -4.0 -7.0 -10.5
519 FSid3 3.1 6.5 8.8 -8.0 -11.0 -14.5
584 Alliance 5.1 9.0 11.5 -12.0 -15.0 -18.5
611 Denial 7.1 11.4 14.2 -16.0 -19.0 -22.5
690 EG 9.0 13.8 16.8 -20.0 -23.0 -26.5
691 Liquid 11.2 16.2 19.4 -24.0 -27.0 -30.5
716 mouz 13.3 18.6 22.1 -28.0 -31.0 -34.5
726 RS 9.3 14.6 18.1 -21.1 -24.0 -28.2
802 iG 11.4 16.9 20.7 -25.1 -28.0 -32.2
855 Imp 13.6 19.2 23.2 -29.1 -32.0 -36.2
876 MSIEvoGT 15.6 21.5 25.9 -33.1 -36.0 -40.2
902 Kaipi 17.8 23.7 28.3 -37.1 -40.0 -44.2
913 Joiker 13.8 19.7 24.3 -29.5 -33.0 -38.1
932 Fnatic.eu 15.8 22.1 26.9 -33.5 -37.0 -42.1
933 Empire 18.1 24.4 29.4 -37.5 -41.0 -46.1
948 Empire 20.3 26.7 31.9 -41.5 -45.0 -50.1
1019 Empire 22.2 29.1 34.6 -45.5 -49.0 -54.1
1027 Next.kz 18.2 25.1 30.6 -39.4 -41.4 -46.8
1044 Quantic 20.2 27.7 33.3 -43.4 -45.4 -50.8
1060 LGD.int 22.4 30.0 35.8 -47.4 -49.4 -54.8
1078 VP 24.7 32.3 38.3 -51.4 -53.4 -58.8
1099 rox.KIS 26.9 34.6 40.8 -55.4 -57.4 -62.8
1113 Imp 28.8 37.3 43.9 -59.4 -61.4 -66.8
1139 VT 30.8 39.7 46.6 -63.4 -65.4 -70.8
1272 iG 32.8 42.2 49.4 -67.4 -69.4 -74.8
1472 rox.KIS 28.8 38.2 45.4 -59.0 -63.4 -69.6
1485 EG 24.8 34.2 41.4 -51.7 -56.7 -63.2
1487 VG 26.9 36.6 44.1 -55.7 -60.7 -67.2
1535 Venum 28.9 39.1 46.9 -59.7 -64.7 -71.2
1595 Idol 24.9 35.1 42.9 -53.6 -56.8 -63.1
1645 RRQ 27.3 37.4 45.3 -57.6 -60.8 -67.1
1880 VG 23.3 33.4 41.3 -51.0 -53.4 -60.0
1900 PBS 25.5 35.8 43.9 -55.0 -57.4 -64.0
1904 Mastery 21.5 31.8 39.9 -48.5 -51.1 -56.5
1946 PR 17.5 27.8 35.9 -41.9 -44.0 -49.9
1947 Relax 13.5 23.8 31.9 -34.9 -37.1 -43.8
1962 Fnatic.eu 15.8 26.2 34.3 -38.9 -41.1 -47.8
1987 Empire 11.8 22.2 30.3 -32.6 -35.6 -39.8
2013 Empire 14.1 24.5 32.6 -36.6 -39.6 -43.8
2057 Aura 16.3 26.9 35.2 -40.6 -43.6 -47.8
2124 neXt! 12.3 22.9 31.2 -34.2 -36.7 -40.6
2126 ZR 14.5 25.2 33.3 -38.2 -40.7 -44.6
2129 vhoul 17.0 27.9 35.1 -42.2 -44.7 -48.6
2166 DUZA 13.0 23.9 31.1 -34.8 -37.7 -42.1
2167 Scythe 15.8 27.1 32.8 -38.8 -41.7 -46.1
2179 PR 18.2 29.7 34.6 -42.8 -45.7 -50.1
2191 Orange 20.3 31.8 36.7 -46.8 -49.7 -54.1
2203 BIP 22.9 34.8 38.4 -50.8 -53.7 -58.1
2230 Orange 25.1 36.9 40.6 -54.8 -57.7 -62.1
2259 VG 27.8 39.7 42.4 -58.8 -61.7 -66.1
2281 Titan 30.4 41.8 44.4 -62.8 -65.7 -70.1
