0 0 0.0 0.0 0.0 0.0 0.0 0.0
75 Fnatic.eu 1.3 1.5 1.8 -4.0 -4.0 -4.0
108 ASF.R5 2.7 3.2 3.5 -8.0 -8.0 -8.0
119 Fnatic.eu 4.0 4.9 5.4 -12.0 -12.0 -12.0
180 Empire 0.0 0.9 1.4 0.3 -2.4 -3.7
198 iG 1.3 2.5 3.3 -3.7 -6.4 -7.7
239 Na'Vi 2.7 4.1 5.1 -7.7 -10.4 -11.7
286 Dignitas 4.2 5.7 6.8 -11.7 -14.4 -15.7
291 Alliance 5.6 7.3 8.7 -15.7 -18.4 -19.7
314 VP 7.0 8.9 10.5 -19.7 -22.4 -23.7
344 LGD.cn 3.0 4.9 6.5 -9.1 -12.6 -15.0
348 Na'Vi 4.4 6.6 8.3 -13.1 -16.6 -19.0
368 mouz 5.8 8.2 10.2 -17.1 -20.6 -23.0
390 Na'Vi 7.2 9.8 12.0 -21.1 -24.6 -27.0
421 Na'Vi 8.7 11.4 13.8 -25.1 -28.6 -31.0
448 VP 4.7 7.4 9.8 -14.0 -18.9 -22.6
468 Quantic 6.2 8.9 11.5 -18.0 -22.9 -26.6
476 Na'Vi 7.7 10.5 13.3 -22.0 -26.9 -30.6
491 TM 9.0 12.2 15.2 -26.0 -30.9 -34.6
492 iCCup 10.3 13.8 17.0 -30.0 -34.9 -38.6
542 Alliance 11.8 15.4 18.8 -34.0 -38.9 -42.6
544 EG 7.8 11.4 14.8 -23.8 -29.2 -33.5
576 iCCup 3.8 7.4 10.8 -11.4 -19.3 -25.0
617 VP 5.2 9.0 12.6 -15.4 -23.3 -29.0
644 rox.KIS 1.2 5.0 8.6 -4.6 -13.2 -20.2
659 Na'Vi 2.8 6.6 10.3 -8.6 -17.2 -24.2
692 Na'Vi 4.4 8.2 12.1 -12.6 -21.2 -28.2
721 Mski 0.4 4.2 8.1 -3.2 -11.1 -19.0
758 iG 1.9 6.0 9.9 -7.2 -15.1 -23.0
770 LGD.cn 3.5 7.7 11.7 -11.2 -19.1 -27.0
856 Empire 5.0 9.2 13.4 -15.2 -23.1 -31.0
893 Menace 1.0 5.2 9.4 -5.0 -13.0 -22.1
988 4FC -3.0 1.2 5.4 4.6 -2.9 -13.1
991 Empire -7.0 -2.8 1.4 15.5 6.5 -5.2
1037 VP -11.0 -6.8 -2.6 27.5 15.7 2.7
1067 Hearts -9.5 -5.2 -0.8 23.5 11.7 -1.3
1098 Lowyat -13.5 -9.2 -4.8 34.1 21.9 7.4
1125 Empire -11.9 -7.6 -3.2 30.1 17.9 3.4
1136 Empire -10.5 -6.0 -1.4 26.1 13.9 -0.6
1176 LGD.cn -14.5 -10.0 -5.4 37.8 23.5 7.6
1194 Dignitas -13.0 -8.5 -3.7 33.8 19.5 3.6
1197 CSW -11.6 -6.8 -1.9 29.8 15.5 -0.4
1220 Empire -10.3 -5.2 5.99520433298e-15 25.8 11.5 -4.4
1257 mouz -14.3 -9.2 -4.0 37.6 21.3 4.0
1267 Na'Vi -12.9 -7.6 -2.2 33.6 17.3 -1.7763568394e-15
1370 LGD.int -16.9 -11.6 -6.2 42.8 27.7 9.5
1377 LGD.cn -15.4 -10.0 -4.4 38.8 23.7 5.5
1386 StayFree -19.4 -14.0 -8.4 49.2 33.8 14.5
1459 Na'Vi -17.7 -12.5 -6.7 45.2 29.8 10.5
1480 Na'Vi -16.0 -11.0 -5.1 41.2 25.8 6.5
1510 Na'Vi -14.5 -9.4 -3.3 37.2 21.8 2.5
1547 Fnatic.eu -18.5 -13.4 -7.3 47.1 32.0 12.1
1656 HR -22.5 -17.4 -11.3 56.1 42.6 21.9
1709 iG -21.1 -15.8 -9.3 52.1 38.6 17.9
1709 iG -19.7 -14.2 -7.3 48.1 34.6 13.9
1713 Alliance -18.1 -12.6 -5.6 44.1 30.6 9.9
1760 Duskbin -22.1 -16.6 -9.6 53.6 41.2 19.8
1768 QPandas -26.1 -20.6 -13.6 64.0 51.0 28.3
1777 PR -24.6 -19.0 -11.8 60.0 47.0 24.3
1801 Na'Vi -22.9 -17.6 -10.2 56.0 43.0 20.3
1837 Titan -21.3 -16.1 -8.5 52.0 39.0 16.3
1877 FD -19.7 -14.4 -7.2 48.0 35.0 12.3
1923 VP -18.2 -12.7 -5.4 44.0 31.0 8.3
1925 PR -16.5 -11.1 -4.0 40.0 27.0 4.3
1949 EOT.Ham. -20.5 -15.1 -8.0 50.9 36.3 12.3
2010 Na'Vi -19.0 -13.5 -6.4 46.9 32.3 8.3
2048 Arrow -17.3 -11.4 -5.4 42.9 28.3 4.3
2143 MiTH -15.8 -9.9 -4.1 38.9 24.3 0.3
2152 Relax -19.8 -13.9 -8.1 49.1 34.0 10.0
2160 Dog -18.4 -12.1 -6.1 45.1 30.0 6.0
2237 Execration -16.8 -10.5 -4.4 41.1 26.0 2.0
2238 FD -15.3 -8.8 -2.9 37.1 22.0 -2.0
