0 0 0.0 0.0 0.0 0.0 0.0 0.0
49 Liquid 0.8 1.2 1.4 -4.0 -4.0 -4.0
136 Alliance 1.7 2.3 2.7 -8.0 -8.0 -8.0
240 Na'Vi 2.6 3.4 4.0 -12.0 -12.0 -12.0
253 Liquid -1.4 -0.6 0.0 4.7 1.8 -0.6
379 Na'Vi -0.5 0.5 1.3 0.7 -2.2 -4.6
389 iG 0.4 1.5 2.6 -3.3 -6.2 -8.6
414 Alliance 1.3 2.6 4.0 -7.3 -10.2 -12.6
437 Quantic 2.3 3.6 5.3 -11.3 -14.2 -16.6
439 Artyk 3.2 4.6 6.8 -15.3 -18.2 -20.6
484 Empire -0.8 0.6 2.8 1.4 -3.0 -8.7
528 Liquid 0.1 1.7 4.1 -2.6 -7.0 -12.7
532 Empire 1.1 2.7 5.3 -6.6 -11.0 -16.7
631 Alliance 2.0 3.9 6.8 -10.6 -15.0 -20.7
670 EG 3.0 5.0 8.2 -14.6 -19.0 -24.7
712 Na'Vi 3.9 6.1 9.5 -18.6 -23.0 -28.7
727 Fnatic.eu -0.1 2.1 5.5 -1.8 -8.5 -17.2
767 LGD.int -4.1 -1.9 1.5 14.2 5.4 -5.3
786 Na'Vi -3.1 -0.8 2.8 10.2 1.4 -9.3
1032 Na'Vi -2.2 0.3 4.1 6.2 -2.6 -13.3
1131 Na'Vi -1.2 1.3 5.3 2.2 -6.6 -17.3
1235 TongFu -5.2 -2.7 1.3 20.1 7.4 -6.6
1269 Orange -4.2 -1.7 2.6 16.1 3.4 -10.6
1331 Na'Vi -3.0 -0.7 3.8 12.1 -0.6 -14.6
1357 Na'Vi -1.9 0.3 4.9 8.1 -4.6 -18.6
1404 VG -1.0 1.4 6.3 4.1 -8.6 -22.6
1405 Speed -0.2 2.5 7.7 0.1 -12.6 -26.6
1439 Empire -4.2 -1.5 3.7 13.6 2.0 -12.1
1589 FD -3.2 -0.4 5.0 9.6 -2.0 -16.1
1660 Poseidon -7.2 -4.4 1.0 26.0 12.6 -4.5
1681 Mski -6.3 -3.3 2.3 22.0 8.6 -8.5
1771 VG -5.4 -2.1 3.9 18.0 4.6 -12.5
1783 Titan -4.4 -1.1 5.2 14.0 0.6 -16.5
1802 PR -8.4 -5.1 1.2 27.1 16.5 -1.7
1827 MVP.P -7.5 -3.9 2.6 23.1 12.5 -5.7
1893 Mski -6.3 -2.5 3.3 19.1 8.5 -9.7
1911 Titan -5.2 -1.2 4.3 15.1 4.5 -13.7
1945 rox.KIS -4.1 0.1 5.1 11.1 0.5 -17.7
1953 Fnatic.eu -3.1 1.3 6.1 7.1 -3.5 -21.7
1964 Fnatic.eu -2.0 2.7 6.9 3.1 -7.5 -25.7
1992 Speed -1.1 3.8 8.3 -0.9 -11.5 -29.7
2014 Speed 0.1 5.1 9.2 -4.9 -15.5 -33.7
2076 Courage -3.9 1.1 5.2 7.9 -4.7 -11.6
2082 rox.KIS -2.9 2.3 6.5 3.9 -8.7 -15.6
2165 TR -6.9 -1.7 2.5 18.0 3.9 3.9
2278 MiTH -5.8 -0.6 3.9 14.0 -0.1 -0.1
2285 Na'Vi -4.7 0.5 5.1 10.0 -4.1 -4.1
2293 Alliance -3.6 1.8 6.0 6.0 -8.1 -8.1
2295 Arrow -2.6 3.0 7.3 2.0 -12.1 -12.1
2306 MVP.P -1.7 4.3 8.7 -2.0 -16.1 -16.1
