0 0 0.0 0.0 0.0 0.0 0.0 0.0
39 VP -4.0 -4.0 -4.0 5.9 6.1 5.5
69 Dignitas -1.3 -1.2 -1.2 1.9 2.1 1.5
105 Liquid 1.4 1.5 1.7 -2.1 -1.9 -2.5
107 iM`Bashers 3.6 4.4 4.6 -6.1 -5.9 -6.5
114 Fnatic.eu -0.4 0.4 0.6 -0.1 -0.3 -0.7
163 Lounge 2.2 3.1 3.5 -4.1 -4.3 -4.7
205 Fnatic.eu -1.8 -0.9 -0.5 1.7 1.5 1.0
210 LGD.cn 1.1 1.7 2.1 -2.3 -2.5 -3.0
238 rox.KIS 3.7 4.4 5.0 -6.3 -6.5 -7.0
269 EG -0.3 0.4 1.0 -0.2 -0.9 -1.6
303 QPandas -4.3 -3.6 -3.0 6.0 4.8 3.6
325 RS -1.8 -0.7 0.0 2.0 0.8 -0.4
339 RStars 0.5 2.4 3.2 -2.0 -3.2 -4.4
420 Na'Vi -3.5 -1.6 -0.8 5.0 2.2 0.5
454 Kaipi -7.5 -5.6 -4.8 11.6 7.8 5.6
470 mouz -4.8 -2.9 -1.9 7.6 3.8 1.6
534 EG -2.0 -0.1 0.8 3.6 -0.2 -2.4
579 Alliance 0.7 2.7 3.8 -0.4 -4.2 -6.4
581 LGD.cn 3.1 5.5 6.9 -4.4 -8.2 -10.4
652 DK -0.9 1.5 2.9 1.5 -2.6 -5.0
683 rox.KIS -4.9 -2.5 -1.1 7.9 3.1 0.2
772 DK -8.9 -6.5 -5.1 13.4 9.0 5.6
887 MSIEvoGT -12.9 -10.5 -9.1 19.8 14.6 10.8
961 Life -10.7 -7.6 -5.8 15.8 10.6 6.8
994 Next.kz -14.7 -11.6 -9.8 21.8 16.3 12.2
1031 Empire -11.9 -8.9 -7.0 17.8 12.3 8.2
1093 Lowyat -15.9 -12.9 -11.0 23.6 18.1 13.7
1116 NJ&Kids -19.9 -16.9 -15.0 28.7 24.4 19.9
1150 Speed -17.9 -13.7 -11.3 24.7 20.4 15.9
1218 CSW -21.9 -17.7 -15.3 31.1 26.2 21.1
1229 StayFree -25.9 -21.7 -19.3 37.8 31.8 25.9
1246 Liquid -23.3 -18.9 -16.3 33.8 27.8 21.9
1290 Lowyat -27.3 -22.9 -20.3 39.9 33.4 27.3
1350 Fnatic.eu -31.3 -26.9 -24.3 45.5 39.3 33.3
1358 VP -35.3 -30.9 -28.3 51.4 44.9 38.6
1525 mouz -32.5 -28.2 -25.5 47.4 40.9 34.6
1540 Next.kz -29.9 -25.5 -22.5 43.4 36.9 30.6
1571 PR -27.1 -22.8 -19.7 39.4 32.9 26.6
1632 Fnatic.eu -31.1 -26.8 -23.7 45.1 38.7 32.4
1639 Fnatic.eu -35.1 -30.8 -27.7 50.9 44.5 37.6
1643 VG -32.7 -27.7 -24.3 46.9 40.5 33.6
1644 iG -36.7 -31.7 -28.3 52.9 46.0 38.9
1704 Alliance -34.0 -29.0 -25.4 48.9 42.0 34.9
1740 LGD.cn -38.0 -33.0 -29.4 55.3 47.6 39.7
1789 Na'Vi -35.1 -30.3 -26.6 51.3 43.6 35.7
1895 Fnatic.eu -39.1 -34.3 -30.6 55.9 47.5 44.4
2106 Panthers -36.6 -31.6 -27.5 51.9 43.5 40.4
2247 Cloud9 -33.4 -27.9 -25.5 47.9 39.5 36.4
