0 0 0.0 0.0 0.0 0.0 0.0 0.0
60 Na'Vi 1.0 1.2 1.4 -4.0 -4.0 -4.0
124 VP 2.0 2.5 2.9 -8.0 -8.0 -8.0
175 Na'Vi 3.0 3.7 4.5 -12.0 -12.0 -12.0
236 mouz -1.0 -0.3 0.5 3.7 0.4 -1.9
268 Na'Vi 0.0 0.9 2.0 -0.3 -3.6 -5.9
283 VG -4.0 -3.1 -2.0 14.8 9.0 4.2
293 aL -8.0 -7.1 -6.0 28.7 21.8 15.2
319 Na'Vi -6.9 -5.9 -4.6 24.7 17.8 11.2
337 TongFu -6.0 -4.7 -3.0 20.7 13.8 7.2
346 Alliance -4.9 -3.5 -1.6 16.7 9.8 3.2
384 Alliance -3.9 -2.2 4.4408920985e-16 12.7 5.8 -0.8
388 Dignitas -2.9 -1.0 1.8 8.7 1.8 -4.8
392 Alliance -1.8 0.3 3.3 4.7 -2.2 -8.8
443 Kaipi -5.8 -3.7 -0.7 17.4 11.2 3.1
480 Orange -4.8 -2.5 0.8 13.4 7.2 -0.9
486 Na'Vi -3.6 -1.3 2.1 9.4 3.2 -4.9
604 Orange -2.5 -0.1 3.6 5.4 -0.8 -8.9
642 Alliance -1.5 1.1 5.1 1.4 -4.8 -12.9
653 VG -5.5 -2.9 1.1 16.4 8.3 -2.1
656 Na'Vi -4.4 -1.7 2.6 12.4 4.3 -6.1
699 Alliance -3.3 -0.4 4.1 8.4 0.3 -10.1
732 Alliance -2.2 0.9 5.7 4.4 -3.7 -14.1
799 Alliance -1.1 2.1 7.2 0.4 -7.7 -18.1
822 MiTH -0.1 3.4 8.7 -3.6 -11.7 -22.1
851 VP 0.9 4.6 10.2 -7.6 -15.7 -26.1
871 Next.kz 2.0 5.8 11.6 -11.6 -19.7 -30.1
911 4FC -2.0 1.8 7.6 1.7 -6.1 -18.7
1021 Na'Vi -0.8 3.0 9.0 -2.3 -10.1 -22.7
1022 LGD.cn 0.3 4.3 10.4 -6.3 -14.1 -26.7
1041 Alliance 1.3 5.6 11.9 -10.3 -18.1 -30.7
1045 iG 2.2 7.0 13.6 -14.3 -22.1 -34.7
1046 Liquid 3.3 8.2 15.0 -18.3 -26.1 -38.7
1088 FXopen 4.2 9.5 16.5 -22.3 -30.1 -42.7
1101 Fnatic.eu 5.2 10.7 18.0 -26.3 -34.1 -46.7
1144 VG 1.2 6.7 14.0 -11.7 -20.8 -36.3
1283 Speed 2.4 7.9 15.2 -15.7 -24.8 -40.3
1294 VG -1.6 3.9 11.2 -1.9 -11.6 -29.6
1299 EG -0.5 5.1 12.5 -5.9 -15.6 -33.6
1303 Sigma.int 0.4 6.3 14.0 -9.9 -19.6 -37.6
1356 Alliance 1.7 7.5 15.3 -13.9 -23.6 -41.6
1368 Fnatic.eu 2.9 8.7 16.6 -17.9 -27.6 -45.6
1379 Fnatic.eu 4.0 9.9 18.0 -21.9 -31.6 -49.6
1380 Liquid 5.1 11.1 19.4 -25.9 -35.6 -53.6
1429 Empire 6.3 12.3 20.8 -29.9 -39.6 -57.6
1466 4FC 2.3 8.3 16.8 -17.0 -26.8 -45.8
1495 DK 3.4 9.6 18.3 -21.0 -30.8 -49.8
1497 Speed -0.6 5.6 14.3 -7.4 -18.9 -38.9
1501 Liquid -4.6 1.6 10.3 6.0 -5.8 -27.1
1523 SSD -8.6 -2.4 6.3 19.4 7.5 -15.8
1580 Alliance -7.5 -1.1 7.8 15.4 3.5 -19.8
1611 Sigma.int -6.5 0.2 9.3 11.4 -0.5 -23.8
1652 PR -5.4 1.5 10.8 7.4 -4.5 -27.8
1686 Sigma.int -4.2 2.7 12.2 3.4 -8.5 -31.8
1708 HR -3.1 4.0 13.8 -0.6 -12.5 -35.8
1725 VG -2.0 5.2 15.2 -4.6 -16.5 -39.8
1730 rox.KIS -1.0 6.6 16.7 -8.6 -20.5 -43.8
1776 Fnatic.eu 0.1 7.8 18.1 -12.6 -24.5 -47.8
1815 iG 1.0 9.2 19.8 -16.6 -28.5 -51.8
1817 Mski 2.2 10.4 21.2 -20.6 -32.5 -55.8
1828 TongFu -1.8 6.4 17.2 -6.2 -21.3 -46.0
1878 Invasion -5.8 2.4 13.2 5.4 -10.9 -32.1
1898 Titan -4.5 4.1 14.0 1.4 -14.9 -36.1
1973 Sigma.int -3.3 5.7 14.8 -2.6 -18.9 -40.1
2054 Empire -2.3 7.0 16.4 -6.6 -22.9 -44.1
2066 Alliance -1.1 8.2 17.7 -10.6 -26.9 -48.1
2147 Na'Vi 2.22044604925e-16 9.4 19.0 -14.6 -30.9 -52.1
