0 0 0.0 0.0 0.0 0.0 0.0 0.0
34 EG -4.0 -4.0 -4.0 8.2 6.9 6.5
80 Liquid -8.0 -8.0 -8.0 15.7 14.8 12.6
81 Neo.int -5.5 -6.0 -5.7 11.7 10.8 8.6
100 Liquid -3.4 -3.8 -3.3 7.7 6.8 4.6
132 Alliance -7.4 -7.8 -7.3 16.3 13.5 11.1
159 VP -11.4 -11.8 -11.3 24.3 20.6 17.1
173 VP -9.4 -9.5 -8.8 20.3 16.6 13.1
216 Liquid -13.4 -13.5 -12.8 27.7 23.4 19.8
218 Fnatic.eu -11.2 -11.4 -10.6 23.7 19.4 15.8
244 Alliance -9.3 -9.2 -7.9 19.7 15.4 11.8
250 Alliance -13.3 -13.2 -11.9 26.9 22.7 18.5
254 EG -17.3 -17.2 -15.9 34.7 30.0 25.0
281 EG -21.3 -21.2 -19.9 42.8 37.0 31.2
289 Dignitas -19.4 -18.9 -17.5 38.8 33.0 27.2
351 Alliance -17.4 -16.7 -15.2 34.8 29.0 23.2
382 Fnatic.eu -21.4 -20.7 -19.2 43.2 36.1 29.6
546 Orange -18.9 -18.6 -17.1 39.2 32.1 25.6
571 DK -22.9 -22.6 -21.1 46.6 39.2 32.4
577 rox.KIS -20.9 -20.5 -18.6 42.6 35.2 28.4
622 Fnatic.eu -18.6 -18.4 -16.5 38.6 31.2 24.4
629 LGD.cn -22.6 -22.4 -20.5 45.5 38.5 31.2
643 iG -20.3 -20.3 -18.2 41.5 34.5 27.2
646 Fnatic.eu -17.9 -18.2 -16.0 37.5 30.5 23.2
704 EG -21.9 -22.2 -20.0 45.5 37.5 29.5
785 LGD.cn -19.9 -19.9 -17.5 41.5 33.5 25.5
892 Kaipi -17.9 -17.6 -14.9 37.5 29.5 21.5
922 PR -21.9 -21.6 -18.9 45.1 36.4 28.1
999 Empire -20.0 -19.2 -16.2 41.1 32.4 24.1
1010 Aspera -24.0 -23.2 -20.2 48.5 39.4 30.7
1015 StayFree -22.3 -20.8 -17.5 44.5 35.4 26.7
1069 Poseidon -26.3 -24.8 -21.5 51.3 42.9 34.2
1080 SYF -23.8 -22.8 -19.4 47.3 38.9 30.2
1212 Fnatic.eu -21.9 -20.6 -16.9 43.3 34.9 26.2
1234 VG -20.0 -18.4 -14.3 39.3 30.9 22.2
1400 VP -18.1 -16.2 -11.7 35.3 26.9 18.2
1402 Liquid -16.0 -14.0 -9.4 31.3 22.9 14.2
1445 Speed -14.2 -11.6 -6.7 27.3 18.9 10.2
1471 Mts -18.2 -15.6 -10.7 36.1 25.5 15.6
1617 Siltherin -16.2 -13.3 -8.1 32.1 21.5 11.6
1655 RRQ -13.7 -11.4 -6.2 28.1 17.5 7.6
1756 TongFu -17.7 -15.4 -10.2 35.9 24.4 13.3
1799 VP -21.7 -19.4 -14.2 44.6 31.1 19.1
1830 mouz -19.5 -17.2 -12.0 40.6 27.1 15.1
1843 iG -17.5 -14.8 -9.4 36.6 23.1 11.1
1869 FSid3 -21.5 -18.8 -13.4 44.4 30.6 17.4
1899 LGD.cn -19.0 -16.2 -11.4 40.4 26.6 13.4
1905 Swage -23.0 -20.2 -15.4 48.0 33.3 19.4
1930 Alliance -20.9 -18.1 -13.0 44.0 29.3 15.4
1933 Alliance -18.7 -15.9 -10.6 40.0 25.3 11.4
1988 Liquid -22.7 -19.9 -14.6 47.5 31.9 18.0
2003 Empire -26.7 -23.9 -18.6 53.7 37.3 26.5
2005 5inQ -24.1 -21.0 -17.1 49.7 33.3 22.5
2008 SADBOYS -28.1 -25.0 -21.1 57.0 40.4 29.6
2026 Execration -26.1 -22.7 -18.5 53.0 36.4 25.6
2180 Puck -30.1 -26.7 -22.5 59.9 42.5 34.0
2201 eN.Legs -27.9 -24.5 -20.3 55.9 38.5 30.0
2252 FD -25.6 -22.1 -18.4 51.9 34.5 26.0
