0 0 0.0 0.0 0.0 0.0 0.0 0.0
50 3DMAX -4.0 -4.0 -4.0 25.2 17.5 15.0
316 LGD.cn -3.4 -3.2 -2.9 21.2 13.5 11.0
494 zRage -7.4 -7.2 -6.9 41.7 31.7 26.7
502 VP -6.7 -6.4 -5.9 37.7 27.7 22.7
514 Dignitas -10.7 -10.4 -9.9 59.6 46.3 38.7
538 Alliance -9.9 -9.6 -8.9 55.6 42.3 34.7
832 CDCD -13.9 -13.6 -12.9 78.8 60.7 50.5
982 Fnatic.eu -13.1 -12.8 -11.9 74.8 56.7 46.5
990 Kaipi -12.3 -11.9 -10.8 70.8 52.7 42.5
1034 Alliance -11.6 -11.1 -9.8 66.8 48.7 38.5
1090 MiTH -10.9 -10.2 -8.7 62.8 44.7 34.5
1117 VG -10.2 -9.4 -7.7 58.8 40.7 30.5
1157 Na'Vi -9.4 -8.5 -6.7 54.8 36.7 26.5
1243 Alliance -8.7 -7.7 -5.6 50.8 32.7 22.5
1264 DK -8.0 -6.9 -4.6 46.8 28.7 18.5
1266 Alliance -7.3 -6.1 -3.6 42.8 24.7 14.5
1284 Alliance -6.5 -5.3 -2.6 38.8 20.7 10.5
1310 Sigma.int -5.8 -4.5 -1.6 34.8 16.7 6.5
1315 Empire -5.0 -3.6 -0.6 30.8 12.7 2.5
1333 Alliance -4.2 -2.8 0.4 26.8 8.7 -1.5
1438 Liquid -3.5 -1.9 1.4 22.8 4.7 -5.5
1443 TongFu -2.8 -1.1 2.4 18.8 0.7 -9.5
1479 Liquid -2.1 -0.3 3.4 14.8 -3.3 -13.5
1528 TongFu -1.4 0.5 4.4 10.8 -7.3 -17.5
1549 VG -0.8 1.4 5.6 6.8 -11.3 -21.5
1550 DK -0.1 2.2 6.6 2.8 -15.3 -25.5
1634 Alliance 0.6 3.1 7.6 -1.2 -19.3 -29.5
1636 Sigma.int 1.3 3.9 8.7 -5.2 -23.3 -33.5
1657 RRQ 2.0 4.8 9.8 -9.2 -27.3 -37.5
1697 mouz -2.0 0.8 5.8 7.7 -7.2 -17.4
1706 Sigma.int -1.1 1.6 6.7 3.7 -11.2 -21.4
1711 Next.kz -0.4 2.5 7.7 -0.3 -15.2 -25.4
1714 rox.KIS 0.3 3.4 8.7 -4.3 -19.2 -29.4
1735 Mski 1.1 4.2 9.7 -8.3 -23.2 -33.4
1745 Na'Vi 1.8 5.1 10.8 -12.3 -27.2 -37.4
1746 Alliance 2.5 5.9 11.9 -16.3 -31.2 -41.4
1846 DK 3.4 7.0 12.5 -20.3 -35.2 -45.4
1867 Fnatic.eu 4.3 8.0 13.2 -24.3 -39.2 -49.4
2022 Liquid 5.2 9.0 13.8 -28.3 -43.2 -53.4
2023 SADBOYS 5.9 9.9 14.9 -32.3 -47.2 -57.4
2035 SADBOYS 6.9 11.0 15.5 -36.3 -51.2 -61.4
2131 Titan 7.6 11.9 16.6 -40.3 -55.2 -65.4
2159 SADBOYS 8.3 12.8 17.7 -44.3 -59.2 -69.4
2210 Titan 9.0 13.7 18.8 -48.3 -63.2 -73.4
2213 Arrow 9.7 14.6 20.1 -52.3 -67.2 -77.4
2241 hehe 5.7 10.6 16.1 -35.0 -52.2 -50.8
2273 VG 6.4 11.5 17.3 -39.0 -56.2 -54.8
