0 0 0.0 0.0 0.0 0.0 0.0 0.0
396 Liquid 0.6 0.7 1.0 -4.0 -4.0 -4.0
537 Liquid 1.2 1.4 1.9 -8.0 -8.0 -8.0
1035 Alliance 1.9 2.1 2.7 -12.0 -12.0 -12.0
1039 Ahead.kz -2.1 -1.9 -1.3 9.3 9.8 5.9
1055 Alliance -1.5 -1.2 -0.4 5.3 5.8 1.9
1143 DK -1.0 -0.5 0.5 1.3 1.8 -2.1
1188 LGD.int -0.4 0.3 1.4 -2.7 -2.2 -6.1
1196 LGD.cn 0.1 1.0 2.3 -6.7 -6.2 -10.1
1253 LGD.int -3.9 -3.0 -1.7 22.0 14.2 6.0
1327 Speed -3.3 -2.3 -0.8 18.0 10.2 2.0
1329 Alliance -2.7 -1.6 3.33066907388e-16 14.0 6.2 -2.0
1365 Alliance -2.0 -0.9 0.8 10.0 2.2 -6.0
1473 LGD.cn -1.4 -0.1 1.8 6.0 -1.8 -10.0
1508 Alliance -0.8 0.7 2.6 2.0 -5.8 -14.0
1628 Alliance -0.1 1.4 3.5 -2.0 -9.8 -18.0
1631 VG 0.4 2.1 4.5 -6.0 -13.8 -22.0
1805 VG 1.0 2.8 5.4 -10.0 -17.8 -26.0
2053 SADBOYS 1.8 3.9 5.8 -14.0 -21.8 -30.0
2119 Empire 2.5 4.8 6.3 -18.0 -25.8 -34.0
2187 Titan 3.1 5.6 7.3 -22.0 -29.8 -38.0
2214 Orange 3.9 6.6 7.8 -26.0 -33.8 -42.0
2280 DK 4.5 7.3 8.7 -30.0 -37.8 -46.0
