0 0 0.0 0.0 0.0 0.0 0.0 0.0
98 Fnatic.eu -4.0 -4.0 -4.0 13.6 10.4 10.0
112 eN.Legs -3.1 -2.5 -2.5 9.6 6.4 6.0
118 mouz -7.1 -6.5 -6.5 23.0 18.2 15.4
143 Na'Vi -6.0 -5.1 -4.9 19.0 14.2 11.4
177 QPandas -10.0 -9.1 -8.9 32.3 25.3 20.8
181 iCCup -14.0 -13.1 -12.9 47.9 36.6 30.7
271 Na'Vi -12.9 -11.7 -11.3 43.9 32.6 26.7
301 EG -11.8 -10.3 -9.7 39.9 28.6 22.7
324 QPandas -15.8 -14.3 -13.7 53.4 40.1 32.3
362 LGD.cn -14.4 -13.0 -12.2 49.4 36.1 28.3
387 LGD.cn -13.2 -11.6 -10.6 45.4 32.1 24.3
409 Orange -12.1 -10.2 -8.9 41.4 28.1 20.3
447 DK -10.9 -8.9 -7.3 37.4 24.1 16.3
498 mouz -9.7 -7.6 -5.7 33.4 20.1 12.3
522 Na'Vi -8.5 -6.2 -4.1 29.4 16.1 8.3
587 Alliance -7.1 -4.9 -2.7 25.4 12.1 4.3
600 mouz -11.1 -8.9 -6.7 37.8 23.9 14.8
618 Alliance -9.9 -7.5 -5.1 33.8 19.9 10.8
660 RS -13.9 -11.5 -9.1 46.3 31.2 20.4
729 DK -12.9 -10.0 -7.3 42.3 27.2 16.4
749 Liquid -16.9 -14.0 -11.3 54.8 37.2 26.3
800 Na'Vi -15.5 -12.6 -9.8 50.8 33.2 22.3
816 Kaipi -14.2 -11.2 -8.3 46.8 29.2 18.3
829 TLP -18.2 -15.2 -12.3 60.7 41.1 27.7
877 Mski -17.2 -13.8 -10.6 56.7 37.1 23.7
878 Lowyat -21.2 -17.8 -14.6 70.4 48.5 33.2
889 Next.kz -19.9 -16.5 -13.1 66.4 44.5 29.2
901 Fnatic.eu -18.5 -15.2 -11.6 62.4 40.5 25.2
925 Empire -17.2 -13.9 -10.1 58.4 36.5 21.2
937 OguraYui -21.2 -17.9 -14.1 69.5 49.1 32.0
949 VP -19.9 -16.6 -12.6 65.5 45.1 28.0
1077 StayFree -18.8 -15.1 -10.8 61.5 41.1 24.0
1122 PR -17.3 -13.9 -9.5 57.5 37.1 20.0
1137 TakeFive -21.3 -17.9 -13.5 68.3 50.2 31.3
1155 Empire -20.2 -16.4 -11.8 64.3 46.2 27.3
1159 SAfrica -19.1 -15.0 -10.0 60.3 42.2 23.3
1189 EG -18.0 -13.6 -8.2 56.3 38.2 19.3
1262 iG -16.9 -12.2 -6.6 52.3 34.2 15.3
1273 RS -20.9 -16.2 -10.6 65.0 45.4 25.4
1306 FXopen -19.8 -14.8 -9.0 61.0 41.4 21.4
1335 LGD.int -18.6 -13.4 -7.4 57.0 37.4 17.4
1355 Alliance -17.4 -12.1 -5.8 53.0 33.4 13.4
1391 Fnatic.eu -16.2 -10.8 -4.2 49.0 29.4 9.4
1451 Na'Vi -14.8 -9.4 -2.8 45.0 25.4 5.4
1483 Sigma.int -18.8 -13.4 -6.8 56.0 37.8 17.0
1506 Liquid -17.5 -12.0 -5.3 52.0 33.8 13.0
1546 iG -16.3 -10.6 -3.6 48.0 29.8 9.0
1572 Fnatic.eu -14.9 -9.3 -2.2 44.0 25.8 5.0
1579 DK -13.8 -7.8 -0.5 40.0 21.8 1.0
1582 PR -12.4 -6.5 0.9 36.0 17.8 -3.0
1684 Alliance -11.0 -5.2 2.3 32.0 13.8 -7.0
1754 TR -15.0 -9.2 -1.7 44.9 25.2 2.7
1774 Idol -14.0 -7.7 0.2 40.9 21.2 -1.3
1786 Fnatic.eu -12.6 -6.3 1.7 36.9 17.2 -5.3
1840 PR -16.6 -10.3 -2.3 49.1 28.5 5.2
1874 Revenge -15.2 -8.7 -1.3 45.1 24.5 1.2
1913 rox.KIS -13.8 -7.1 -4.66293670343e-15 41.1 20.5 -2.8
1916 rox.KIS -12.5 -5.7 1.5 37.1 16.5 -6.8
1928 Zephyr -11.5 -4.2 3.3 33.1 12.5 -10.8
1935 EOT.Ham. -15.5 -8.2 -0.7 48.6 22.5 -2.7
2200 Alliance -14.2 -7.0 0.8 44.6 18.5 -6.7
2242 PR -18.2 -11.0 -3.2 54.8 27.9 6.8
2251 Zephyr -16.9 -9.6 -1.5 50.8 23.9 2.8
2260 FL -15.4 -7.9 -0.5 46.8 19.9 -1.2
2284 Zephyr -14.1 -6.5 0.8 42.8 15.9 -5.2
2316 Fnatic.eu -12.7 -5.1 2.2 38.8 11.9 -9.2
2317 Cloud9 -11.2 -3.4 3.1 34.8 7.9 -13.2
2329 BirdGang -9.6 -1.5 4.0 30.8 3.9 -17.2
