0 0 0.0 0.0 0.0 0.0 0.0 0.0
42 Liquid -4.0 -4.0 -4.0 5.7 5.6 4.9
88 Liquid -8.0 -8.0 -8.0 11.4 11.2 10.1
101 3D -5.6 -5.0 -4.9 7.4 7.2 6.1
102 Dignitas -9.6 -9.0 -8.9 12.8 12.7 11.7
137 Na'Vi -6.9 -6.1 -6.1 8.8 8.7 7.7
140 CastersEN -10.9 -10.1 -10.1 13.6 14.3 13.5
147 4FC -14.9 -14.1 -14.1 19.1 19.8 19.2
161 Empire -18.9 -18.1 -18.1 24.7 25.3 24.6
176 Alliance -16.5 -15.2 -15.0 20.7 21.3 20.6
190 Alliance -20.5 -19.2 -19.0 26.5 26.8 26.1
232 Alliance -17.8 -16.3 -15.9 22.5 22.8 22.1
249 Fnatic.eu -14.8 -13.5 -13.0 18.5 18.8 18.1
264 Lounge -18.8 -17.5 -17.0 24.1 24.2 23.4
312 mouz -22.8 -21.5 -21.0 29.7 29.7 29.0
323 TongFu -26.8 -25.5 -25.0 35.2 35.2 34.5
380 4FC -24.1 -22.5 -21.8 31.2 31.2 30.5
385 Alliance -21.8 -19.5 -18.2 27.2 27.2 26.5
455 EG -19.0 -16.5 -15.2 23.2 23.2 22.5
477 mouz -16.3 -13.5 -12.1 19.2 19.2 18.5
591 LGD.cn -13.6 -10.6 -9.1 15.2 15.2 14.5
596 mouz -10.8 -7.6 -6.2 11.2 11.2 10.5
613 Fnatic.eu -8.0 -4.8 -3.4 7.2 7.2 6.5
634 Na'Vi -5.1 -2.0 -0.6 3.2 3.2 2.5
685 mouz -2.5 1.0 2.7 -0.8 -0.8 -1.5
714 Dreamz 0.4 3.7 5.6 -4.8 -4.8 -5.5
750 Orange 3.0 6.8 8.8 -8.8 -8.8 -9.5
775 Liquid 5.9 9.7 11.8 -12.8 -12.8 -13.5
801 Orange 8.6 12.7 15.0 -16.8 -16.8 -17.5
894 Life 11.1 15.7 18.4 -20.8 -20.8 -21.5
904 SAfrica 7.1 11.7 14.4 -15.3 -15.3 -16.3
970 Joiker 9.9 14.6 17.5 -19.3 -19.3 -20.3
1053 Kaipi 5.9 10.6 13.5 -13.7 -13.9 -15.0
1086 MVP 1.9 6.6 9.5 -8.4 -8.3 -9.5
1211 mouz -2.1 2.6 5.5 -2.7 -3.0 -4.4
1291 PR 1.3 5.2 8.2 -6.7 -7.0 -8.4
1313 EG -2.7 1.2 4.2 -1.1 -1.1 -3.0
1385 Na'Vi -6.7 -2.8 0.2 5.0 4.1 1.7
1434 MiTH -3.6 -2.6645352591e-15 3.0 1.0 0.1 -2.3
1615 Speed -0.7 2.8 6.1 -3.0 -3.9 -6.3
1661 Alliance 2.0 5.6 9.1 -7.0 -7.9 -10.3
1715 Poseidon -2.0 1.6 5.1 -1.3 -2.5 -5.0
1844 VG -6.0 -2.4 1.1 4.5 2.5 -0.3
1881 LGD.cn -2.7 1.4 3.0 0.5 -1.5 -4.3
1896 XctN -6.7 -2.6 -1.0 5.9 4.4 1.2
1907 EOT -3.8 0.7 1.3 1.9 0.4 -2.8
1976 Relax -7.8 -3.3 -2.7 7.1 5.2 4.2
2025 D4D -4.7 -0.1 -0.4 3.1 1.2 0.2
2088 SADBOYS -1.6 3.6 2.0 -0.9 -2.8 -3.8
2091 Zephyr 1.2 6.5 5.1 -4.9 -6.8 -7.8
2096 neXt! -2.8 2.5 1.1 0.9 -1.4 -3.4
2114 VP -0.1 5.5 4.3 -3.1 -5.4 -7.4
2154 ZR -4.1 1.5 0.3 2.6 0.1 -2.5
2286 Cloud9 -1.4 4.1 3.8 -1.4 -3.9 -6.5
