0 0 0.0 0.0 0.0 0.0 0.0 0.0
398 Alliance 0.7 0.8 1.0 -4.0 -4.0 -4.0
529 EG 1.4 1.6 1.9 -8.0 -8.0 -8.0
536 Liquid 2.1 2.4 2.9 -12.0 -12.0 -12.0
746 DK 2.8 3.3 3.9 -16.0 -16.0 -16.0
754 Na'Vi 3.5 4.1 4.8 -20.0 -20.0 -20.0
761 Fnatic.eu 4.2 4.9 5.7 -24.0 -24.0 -24.0
773 Alliance 4.9 5.7 6.6 -28.0 -28.0 -28.0
820 4FC 5.6 6.5 7.6 -32.0 -32.0 -32.0
908 iG 6.3 7.3 8.6 -36.0 -36.0 -36.0
920 TongFu 6.9 8.0 9.5 -40.0 -40.0 -40.0
957 Na'Vi 7.7 8.7 10.4 -44.0 -44.0 -44.0
972 Aspera 3.7 4.7 6.4 -22.1 -25.0 -28.1
1063 Alliance 4.4 5.5 7.3 -26.1 -29.0 -32.1
1081 Na'Vi 5.1 6.3 8.3 -30.1 -33.0 -36.1
1114 Na'Vi 5.8 7.1 9.3 -34.1 -37.0 -40.1
1172 Speed 1.8 3.1 5.3 -15.2 -16.2 -20.0
1185 Liquid -2.2 -0.9 1.3 5.4 4.6 -0.7
1305 Empire -1.6 -0.1 2.2 1.4 0.6 -4.7
1308 LGD.cn -0.9 0.7 3.2 -2.6 -3.4 -8.7
1361 Dignitas -0.2 1.5 4.2 -6.6 -7.4 -12.7
1369 Na'Vi 0.5 2.3 5.1 -10.6 -11.4 -16.7
1384 Empire 1.2 3.1 6.1 -14.6 -15.4 -20.7
1425 VG 1.9 3.9 7.1 -18.6 -19.4 -24.7
1529 LGD.int 2.5 4.7 8.1 -22.6 -23.4 -28.7
1614 Alliance 3.1 5.5 9.0 -26.6 -27.4 -32.7
1664 DK 3.8 6.3 10.0 -30.6 -31.4 -36.7
1665 LGD.cn 4.4 7.0 11.0 -34.6 -35.4 -40.7
1722 Mski 5.2 7.8 12.0 -38.6 -39.4 -44.7
1727 Mski 6.0 8.7 12.9 -42.6 -43.4 -48.7
1750 Alliance 6.7 9.5 13.9 -46.6 -47.4 -52.7
1851 Alliance 7.4 10.4 14.5 -50.6 -51.4 -56.7
1860 Fnatic.eu 8.0 11.2 15.4 -54.6 -55.4 -60.7
1961 Fnatic.eu 8.8 12.1 16.0 -58.6 -59.4 -64.7
2058 Cloud9 9.7 13.4 16.4 -62.6 -63.4 -68.7
2332 Alliance 10.5 14.3 17.0 -66.6 -67.4 -72.7
