0 0 0.0 0.0 0.0 0.0 0.0 0.0
29 GU.pe -4.0 -4.0 -4.0 12.1 9.9 9.5
58 Na'Vi -2.7 -2.4 -2.3 8.1 5.9 5.5
110 Empire -1.3 -0.8 -0.7 4.1 1.9 1.5
117 VP -2.22044604925e-16 0.7 1.0 0.1 -2.1 -2.5
135 Fnatic.eu 1.3 2.2 2.7 -3.9 -6.1 -6.5
164 Dignitas 2.5 3.7 4.4 -7.9 -10.1 -10.5
185 LGD.int 3.8 5.2 6.1 -11.9 -14.1 -14.5
317 FD -0.2 1.2 2.1 0.9 -4.1 -6.0
369 iCCup -4.2 -2.8 -1.9 11.8 6.3 3.6
403 RStars -8.2 -6.8 -5.9 23.2 16.9 12.6
424 Kaipi -12.2 -10.8 -9.9 34.0 27.7 22.4
432 Kaipi -10.6 -9.4 -8.3 30.0 23.7 18.4
444 Artyk -14.6 -13.4 -12.3 40.9 33.9 27.7
464 Fnatic.eu -13.1 -11.9 -10.7 36.9 29.9 23.7
495 Artyk -11.9 -10.3 -8.7 32.9 25.9 19.7
550 Kaipi -15.9 -14.3 -12.7 43.1 36.4 29.4
573 VP -19.9 -18.3 -16.7 55.5 46.6 38.1
574 Fnatic.eu -23.9 -22.3 -20.7 67.4 57.0 46.9
608 Alliance -22.6 -20.8 -19.0 63.4 53.0 42.9
635 Dignitas -21.2 -19.3 -17.2 59.4 49.0 38.9
757 Alliance -19.6 -17.8 -15.7 55.4 45.0 34.9
803 Orange -23.6 -21.8 -19.7 67.3 54.6 43.1
811 RStars -22.4 -20.3 -17.9 63.3 50.6 39.1
859 FSid3 -26.4 -24.3 -21.9 73.1 61.3 48.9
886 Fnatic.eu -25.0 -22.8 -20.1 69.1 57.3 44.9
917 Menace -29.0 -26.8 -24.1 80.0 68.2 54.4
926 Empire -27.6 -25.2 -22.4 76.0 64.2 50.4
967 mouz -26.2 -23.7 -20.7 72.0 60.2 46.4
1005 Dignitas -30.2 -27.7 -24.7 84.1 70.1 54.8
1012 DK -28.9 -26.2 -22.9 80.1 66.1 50.8
1073 Titan -27.4 -24.7 -21.3 76.1 62.1 46.8
1120 Ahead.kz -26.1 -23.2 -19.5 72.1 58.1 42.8
1177 TongFu -24.6 -21.8 -17.9 68.1 54.1 38.8
1230 Property -28.6 -25.8 -21.9 80.8 64.5 47.4
1274 LGD.cn -27.1 -24.3 -20.3 76.8 60.5 43.4
1301 Hearts -25.8 -22.7 -18.5 72.8 56.5 39.4
1325 Kawai -29.8 -26.7 -22.5 84.9 66.4 48.7
1338 Liquid -28.4 -25.2 -20.8 80.9 62.4 44.7
1426 Speed -27.0 -23.7 -19.1 76.9 58.4 40.7
1462 rox.KIS -25.5 -22.2 -17.4 72.9 54.4 36.7
1465 DK -24.0 -20.7 -15.8 68.9 50.4 32.7
1531 Aspera -22.6 -19.2 -14.1 64.9 46.4 28.7
1537 FL -26.6 -23.2 -18.1 74.7 57.6 38.3
1604 Sigma.int -30.6 -27.2 -22.1 85.1 68.4 48.4
1620 VP -29.1 -25.8 -20.5 81.1 64.4 44.4
1667 Fnatic.eu -27.6 -24.4 -18.9 77.1 60.4 40.4
1683 rox.KIS -26.3 -22.8 -17.0 73.1 56.4 36.4
1733 PR -30.3 -26.8 -21.0 84.0 66.9 46.1
1780 Titan -28.9 -25.2 -19.2 80.0 62.9 42.1
1791 Revenge -32.9 -29.2 -23.2 89.4 74.4 53.7
1829 Sigma.int -31.6 -27.5 -21.2 85.4 70.4 49.7
1836 DK -30.2 -25.9 -19.4 81.4 66.4 45.7
1842 DK -28.9 -24.3 -17.6 77.4 62.4 41.7
1870 FSid3 -32.9 -28.3 -21.6 87.1 73.9 53.0
1887 Lowyat -31.6 -26.9 -20.2 83.1 69.9 49.0
1956 rox.KIS -30.0 -25.5 -18.7 79.1 65.9 45.0
1972 PR -34.0 -29.5 -22.7 89.1 74.4 60.5
2009 Fnatic.eu -32.5 -27.8 -21.4 85.1 70.4 56.5
2034 Denial -36.5 -31.8 -25.4 95.4 80.3 66.9
2113 TCN -34.9 -29.8 -24.3 91.4 76.3 62.9
2141 WWD -33.4 -28.3 -22.5 87.4 72.3 58.9
2158 Denial -37.4 -32.3 -26.5 97.2 81.6 70.9
2216 Alliance -35.9 -30.6 -24.8 93.2 77.6 66.9
2239 Orange -39.9 -34.6 -28.8 105.3 86.7 74.7
2279 DUZA -38.4 -33.0 -27.5 101.3 82.7 70.7
