0 0 0.0 0.0 0.0 0.0 0.0 0.0
17 Turtle 2.6 2.5 2.8 -4.0 -4.0 -4.0
125 Empire 5.1 5.1 5.6 -8.0 -8.0 -8.0
141 mouz 7.5 7.7 8.3 -12.0 -12.0 -12.0
146 Liquid 9.9 10.2 11.1 -16.0 -16.0 -16.0
182 Empire 12.3 12.9 14.0 -20.0 -20.0 -20.0
202 Alliance 14.9 15.6 16.8 -24.0 -24.0 -24.0
243 Alliance 17.3 18.2 19.6 -28.0 -28.0 -28.0
252 VP 13.3 14.2 15.6 -21.2 -22.1 -22.5
328 4FC 9.3 10.2 11.6 -14.9 -16.0 -16.7
342 Alliance 12.1 12.7 14.2 -18.9 -20.0 -20.7
370 iCCup 14.4 15.4 17.2 -22.9 -24.0 -24.7
423 Quantic 17.0 18.0 20.0 -26.9 -28.0 -28.7
456 Fnatic.eu 13.0 14.0 16.0 -20.9 -21.9 -23.0
460 Kaipi 9.0 10.0 12.0 -14.5 -16.1 -17.5
463 VP 11.7 12.5 14.7 -18.5 -20.1 -21.5
509 Keita 14.7 14.9 17.0 -22.5 -24.1 -25.5
568 Liquid 17.4 17.5 19.7 -26.5 -28.1 -29.5
638 Na'Vi 20.1 20.1 22.4 -30.5 -32.1 -33.5
665 Orange 22.5 22.7 25.4 -34.5 -36.1 -37.5
666 LGD.cn 24.8 25.4 28.3 -38.5 -40.1 -41.5
669 iNfernity 27.1 28.0 31.5 -42.5 -44.1 -45.5
681 Quantic 23.1 24.0 27.5 -35.8 -38.2 -40.1
682 mouz 19.1 20.0 23.5 -29.5 -32.3 -34.8
701 VG 15.1 16.0 19.5 -23.4 -26.1 -29.0
744 Alliance 17.6 18.6 22.3 -27.4 -30.1 -33.0
782 iG 20.1 21.3 25.2 -31.4 -34.1 -37.0
808 Alliance 22.5 24.1 28.1 -35.4 -38.1 -41.0
835 Poseidon 25.4 26.6 30.5 -39.4 -42.1 -45.0
837 Next.kz 21.4 22.6 26.5 -33.6 -35.8 -39.0
890 GL.eu 23.7 25.3 29.4 -37.6 -39.8 -43.0
974 Fnatic.eu 26.5 27.7 31.9 -41.6 -43.8 -47.0
1036 4FC 22.5 23.7 27.9 -35.5 -37.8 -41.6
1094 DK 24.8 26.3 30.9 -39.5 -41.8 -45.6
1271 SYF 27.1 28.9 34.0 -43.5 -45.8 -49.6
1440 Alliance 29.6 31.6 37.0 -47.5 -49.8 -53.6
1453 Liquid 32.0 34.3 39.8 -51.5 -53.8 -57.6
1514 Fnatic.eu 28.0 30.3 35.8 -45.6 -48.0 -51.7
1561 Na'Vi 30.7 32.8 38.4 -49.6 -52.0 -55.7
1584 SSD 33.1 35.6 41.3 -53.6 -56.0 -59.7
1605 VG 35.5 38.5 44.5 -57.6 -60.0 -63.7
1666 Lowyat 31.5 34.5 40.5 -50.9 -54.3 -58.6
1716 rox.KIS 33.9 37.2 43.3 -54.9 -58.3 -62.6
1716 rox.KIS 36.5 39.8 46.2 -58.9 -62.3 -66.6
1890 LGD.cn 32.5 35.8 42.2 -52.4 -56.4 -61.1
1897 Idol 28.5 31.8 38.2 -46.5 -50.4 -55.4
1938 DK 31.0 34.5 41.1 -50.5 -54.4 -59.4
1955 Life 33.8 38.0 42.8 -54.5 -58.4 -63.4
1978 eHug 36.7 41.4 44.3 -58.5 -62.4 -67.4
1979 Empire 39.0 44.2 47.4 -62.5 -66.4 -71.4
1986 eHug 35.0 40.2 43.4 -56.4 -60.3 -65.5
2071 Cloud9 38.1 43.6 45.5 -60.4 -64.3 -69.5
2233 CIS 40.8 46.6 48.2 -64.4 -68.3 -73.5
2304 BirdGang 36.8 42.6 44.2 -58.0 -61.7 -69.7
