0 0 0.0 0.0 0.0 0.0 0.0 0.0
40 Fnatic.eu 1.4 2.0 2.0 -4.0 -4.0 -4.0
43 mouz 3.0 3.9 3.9 -8.0 -8.0 -8.0
44 Quantic 4.4 5.8 6.0 -12.0 -12.0 -12.0
113 Fnatic.eu 6.0 7.5 8.3 -16.0 -16.0 -16.0
128 ASF.R5 2.0 3.5 4.3 -6.1 -7.4 -8.6
130 Alliance -2.0 -0.5 0.3 3.6 0.7 -0.9
151 EG -6.0 -4.5 -3.7 13.1 9.0 7.1
196 Orange -10.0 -8.5 -7.7 22.3 17.6 15.2
206 LGD.cn -8.2 -6.7 -5.8 18.3 13.6 11.2
219 Dignitas -6.5 -4.9 -3.8 14.3 9.6 7.2
220 Fnatic.eu -4.8 -3.1 -1.8 10.3 5.6 3.2
237 Na'Vi -3.1 -1.3 0.1 6.3 1.6 -0.8
256 Alliance -1.5 0.6 2.1 2.3 -2.4 -4.8
322 RS 1.33226762955e-15 2.4 4.2 -1.7 -6.4 -8.8
345 LGD.cn 1.8 4.2 6.1 -5.7 -10.4 -12.8
353 iG 3.5 6.1 8.2 -9.7 -14.4 -16.8
366 Dignitas -0.5 2.1 4.2 -1.0 -5.5 -8.7
404 MiTH 1.2 4.0 6.3 -5.0 -9.5 -12.7
418 VP 3.0 5.8 8.4 -9.0 -13.5 -16.7
504 VP 4.7 7.6 10.5 -13.0 -17.5 -20.7
521 LGD.int 0.7 3.6 6.5 -3.1 -9.2 -13.3
523 Na'Vi 2.4 5.4 8.5 -7.1 -13.2 -17.3
547 iG 4.3 7.2 10.4 -11.1 -17.2 -21.3
562 TongFu 6.0 9.0 12.3 -15.1 -21.2 -25.3
590 Na'Vi 7.9 10.8 14.2 -19.1 -25.2 -29.3
597 Alliance 9.7 12.7 16.2 -23.1 -29.2 -33.3
607 Kaipi 5.7 8.7 12.2 -14.2 -20.6 -25.7
657 mouz 7.3 10.6 14.3 -18.2 -24.6 -29.7
720 MiTH 9.1 12.4 16.3 -22.2 -28.6 -33.7
731 iG 10.7 14.3 18.4 -26.2 -32.6 -37.7
791 Orange 12.4 16.2 20.4 -30.2 -36.6 -41.7
825 WARDGS 14.1 17.9 22.4 -34.2 -40.6 -45.7
845 DUZA 10.1 13.9 18.4 -25.1 -32.1 -38.1
857 Next.kz 11.9 15.7 20.3 -29.1 -36.1 -42.1
880 Empire 7.9 11.7 16.3 -20.2 -27.4 -34.2
891 Menace 9.8 13.5 18.3 -24.2 -31.4 -38.2
896 Life 5.8 9.5 14.3 -16.0 -22.4 -29.3
897 Kaipi 7.4 11.4 16.5 -20.0 -26.4 -33.3
1000 Inv.kwnku 9.1 13.3 18.6 -24.0 -30.4 -37.3
1002 Empire 10.6 15.1 20.8 -28.0 -34.4 -41.3
1040 PBS 12.0 17.1 23.1 -32.0 -38.4 -45.3
1052 DK 13.6 19.0 25.2 -36.0 -42.4 -49.3
1108 eN.Legs 15.1 21.0 27.6 -40.0 -46.4 -53.3
1124 bvd.dotA 17.1 22.8 29.4 -44.0 -50.4 -57.3
1168 LGD.cn 18.9 24.6 31.4 -48.0 -54.4 -61.3
1179 RStars 14.9 20.6 27.4 -38.9 -45.8 -53.6
1239 RStars 16.3 22.6 29.9 -42.9 -49.8 -57.6
1240 Na'Vi 18.0 24.4 31.9 -46.9 -53.8 -61.6
1251 UR 19.5 26.3 34.0 -50.9 -57.8 -65.6
1275 FXopen 21.2 28.3 36.1 -54.9 -61.8 -69.6
1288 Alliance 23.0 30.2 38.0 -58.9 -65.8 -73.6
1319 Empire 25.1 31.8 39.6 -62.9 -69.8 -77.6
1343 Fnatic.eu 21.1 27.8 35.6 -54.9 -60.7 -69.1
1364 Na'Vi 22.9 29.7 37.6 -58.9 -64.7 -73.1
1367 Liquid 24.5 31.6 39.8 -62.9 -68.7 -77.1
1408 Liquid 26.2 33.5 41.9 -66.9 -72.7 -81.1
1416 Liquid 28.0 35.3 43.8 -70.9 -76.7 -85.1
1449 Titan 29.9 37.0 45.6 -74.9 -80.7 -89.1
1468 Alliance 31.7 38.9 47.6 -78.9 -84.7 -93.1
1544 SSD 33.4 40.8 49.7 -82.9 -88.7 -97.1
1554 Alliance 35.3 42.6 51.6 -86.9 -92.7 -101.1
1597 Empire 37.1 44.4 53.4 -90.9 -96.7 -105.1
1602 VP 38.8 46.3 55.4 -94.9 -100.7 -109.1
1625 Idol 34.8 42.3 51.4 -85.8 -91.9 -101.4
1627 MVP 36.8 44.0 53.2 -89.8 -95.9 -105.4
1637 Na'Vi 38.7 45.8 55.1 -93.8 -99.9 -109.4
1648 Poseidon 34.7 41.8 51.1 -85.4 -91.5 -101.3
1705 Next.kz 36.4 43.7 53.3 -89.4 -95.5 -105.3
1762 TR 32.4 39.7 49.3 -80.0 -87.2 -98.1
1781 FD 34.1 41.6 51.4 -84.0 -91.2 -102.1
1839 Sigma.int 30.1 37.6 47.4 -75.2 -82.7 -94.2
1866 Sigma.int 32.0 39.9 49.0 -79.2 -86.7 -98.2
1871 Relax 33.7 41.7 51.2 -83.2 -90.7 -102.2
1914 rox.KIS 35.5 43.5 53.2 -87.2 -94.7 -106.2
1944 VP 37.4 45.6 54.7 -91.2 -98.7 -110.2
1960 Empire 39.1 47.4 56.9 -95.2 -102.7 -114.2
2016 Revenge 41.0 49.4 59.0 -99.2 -106.7 -118.2
2020 PR 42.8 51.3 61.0 -103.2 -110.7 -122.2
2052 Nullis 38.8 47.3 57.0 -95.4 -103.6 -113.3
2146 Fnatic.eu 40.7 49.4 58.7 -99.4 -107.6 -117.3
2193 Na'Vi 42.6 51.1 60.4 -103.4 -111.6 -121.3
2231 Arrow 44.6 53.5 62.1 -107.4 -115.6 -125.3
2271 Titan 46.4 55.4 63.9 -111.4 -119.6 -129.3
