0 0 0.0 0.0 0.0 0.0 0.0 0.0
123 eLPride 1.2 1.5 1.7 -4.0 -4.0 -4.0
138 TCM -2.8 -2.5 -2.3 8.6 7.3 5.6
273 mouz -1.4 -1.1 -0.7 4.6 3.3 1.6
300 mouz -0.2 0.3 1.0 0.6 -0.7 -2.4
427 rox.KIS 1.1 1.7 2.6 -3.4 -4.7 -6.4
433 DK 2.3 3.1 4.3 -7.4 -8.7 -10.4
453 Fnatic.eu -1.7 -0.9 0.3 5.7 2.5 -1.4
465 Alliance -0.3 0.5 1.9 1.7 -1.5 -5.4
524 Na'Vi 1.0 1.9 3.5 -2.3 -5.5 -9.4
549 Fnatic.eu -3.0 -2.1 -0.5 10.2 5.5 -0.1
551 Kaipi -7.0 -6.1 -4.5 20.3 16.4 10.6
615 Orange -5.7 -4.7 -2.9 16.3 12.4 6.6
658 mouz -9.7 -8.7 -6.9 27.8 22.5 16.4
700 Orange -8.3 -7.3 -5.2 23.8 18.5 12.4
776 Orange -7.0 -5.9 -3.6 19.8 14.5 8.4
815 TTD -5.7 -4.5 -1.9 15.8 10.5 4.4
833 Menace -9.7 -8.5 -5.9 28.7 21.6 13.4
844 Kaipi -8.4 -7.2 -4.3 24.7 17.6 9.4
862 rox.KIS -6.9 -5.9 -2.8 20.7 13.6 5.4
883 Kaipi -5.7 -4.5 -1.2 16.7 9.6 1.4
916 Property -9.7 -8.5 -5.2 29.4 20.2 10.7
919 LGD.cn -8.4 -7.0 -3.5 25.4 16.2 6.7
927 iG -6.9 -5.6 -2.0 21.4 12.2 2.7
944 Imp -10.9 -9.6 -6.0 32.6 23.0 12.6
963 Na'Vi -9.5 -8.2 -4.4 28.6 19.0 8.6
1028 4FC -13.5 -12.2 -8.4 39.1 30.5 18.6
1092 ONE.dota -17.5 -16.2 -12.4 50.3 42.1 28.8
1147 LGD.cn -16.3 -14.8 -10.7 46.3 38.1 24.8
1156 iG -15.2 -13.2 -8.8 42.3 34.1 20.8
1165 Titan -19.2 -17.2 -12.8 52.8 45.5 30.9
1183 Speed -17.8 -15.9 -11.3 48.8 41.5 26.9
1200 Liquid -16.2 -14.5 -9.8 44.8 37.5 22.9
1202 SSD -14.9 -13.0 -8.0 40.8 33.5 18.9
1332 Fnatic.eu -18.9 -17.0 -12.0 50.9 45.2 29.2
1345 Sigma.int -17.7 -15.5 -10.2 46.9 41.2 25.2
1515 Speed -21.7 -19.5 -14.2 57.9 52.0 35.0
1568 Next.kz -20.5 -18.0 -12.5 53.9 48.0 31.0
1603 Fnatic.eu -19.0 -16.5 -11.0 49.9 44.0 27.0
1613 Fnatic.eu -17.6 -15.1 -9.4 45.9 40.0 23.0
1688 Fnatic.eu -16.2 -13.7 -7.9 41.9 36.0 19.0
1698 Alliance -14.7 -12.4 -6.5 37.9 32.0 15.0
1753 Na'Vi -13.4 -11.0 -4.9 33.9 28.0 11.0
1821 QPandas -17.4 -15.0 -8.9 44.7 39.0 20.6
1833 Fnatic.eu -15.9 -13.6 -7.5 40.7 35.0 16.6
1862 Next.kz -19.9 -17.6 -11.5 51.6 45.6 26.4
1906 5inQ -18.8 -15.9 -9.5 47.6 41.6 22.4
1927 Titan -17.2 -14.1 -8.3 43.6 37.6 18.4
1929 MVP -15.9 -12.6 -6.5 39.6 33.6 14.4
1934 Sigma.int -19.9 -16.6 -10.5 50.6 45.0 25.0
1985 SADBOYS -23.9 -20.6 -14.5 60.4 53.7 35.3
2019 Na'Vi -22.5 -19.2 -12.9 56.4 49.7 31.3
2148 PR -26.5 -23.2 -16.9 68.4 59.5 39.5
2244 EG -24.9 -21.2 -16.0 64.4 55.5 35.5
2292 Na'Vi -23.4 -19.8 -14.5 60.4 51.5 31.5
