0 0 0.0 0.0 0.0 0.0 0.0 0.0
14 Alliance -4.0 -4.0 -4.0 4.7 4.7 4.1
22 Dignitas -0.5 -0.6 -0.4 0.7 0.7 0.1
65 VnR.Alpha 3.2 2.9 3.0 -3.3 -3.3 -3.9
90 VP -0.8 -1.1 -1.0 1.2 0.9 0.8
122 mouz 2.7 2.6 2.5 -2.8 -3.1 -3.2
184 WH?Dota2 5.9 6.1 6.0 -6.8 -7.1 -7.2
257 Liquid 9.2 9.6 9.6 -10.8 -11.1 -11.2
311 Quantic 5.2 5.6 5.6 -6.7 -6.4 -6.5
320 EG 1.2 1.6 1.6 -2.2 -1.8 -2.1
335 VP -2.8 -2.4 -2.4 2.6 2.5 2.3
359 DK -6.8 -6.4 -6.4 6.8 7.1 7.0
361 Orange -10.8 -10.4 -10.4 11.5 11.5 11.3
386 TM -7.8 -6.8 -6.6 7.5 7.5 7.3
391 mouz -4.0 -3.4 -3.2 3.5 3.5 3.3
422 Liquid -8.0 -7.4 -7.2 8.1 8.1 7.7
434 EG -4.5 -3.9 -3.8 4.1 4.1 3.7
556 Fnatic.eu -8.5 -7.9 -7.8 9.0 8.4 7.7
565 Dignitas -12.5 -11.9 -11.8 14.0 12.9 11.8
610 LGD.cn -8.7 -8.6 -8.5 10.0 8.9 7.8
614 EG -5.2 -5.2 -4.9 6.0 4.9 3.8
650 Fnatic.eu -9.2 -9.2 -8.9 10.4 9.5 8.5
789 LGD.int -13.2 -13.2 -12.9 14.8 14.1 12.9
834 Aspera -9.6 -9.8 -9.3 10.8 10.1 8.9
849 Poseidon -6.3 -6.4 -5.6 6.8 6.1 4.9
924 ONE.dota -3.0 -2.9 -1.6 2.8 2.1 0.9
1011 Imp -7.0 -6.9 -5.6 6.8 7.0 5.5
1033 LGD.cn -3.4 -3.4 -2.1 2.8 3.0 1.5
1038 Aspera -7.4 -7.4 -6.1 7.3 7.5 6.1
1054 TR -3.7 -4.0 -2.7 3.3 3.5 2.1
1509 Speed -0.3 -0.4 1.0 -0.7 -0.5 -1.9
1556 LGD.cn 3.2 3.2 4.7 -4.7 -4.5 -5.9
1575 iG -0.8 -0.8 0.7 -0.3 -0.1 -1.5
1596 Kawai -4.8 -4.8 -3.3 4.0 4.4 3.2
1610 VP -1.5 -1.1 0.6 8.881784197e-16 0.4 -0.8
1659 Alliance -5.5 -5.1 -3.4 4.3 5.1 3.8
1702 DK -2.0 -1.7 -8.881784197e-16 0.3 1.1 -0.2
1734 PR 1.5 1.9 3.7 -3.7 -2.9 -4.2
1891 Lowyat -2.5 -2.1 -0.3 0.9 1.7 0.3
1902 Idol -6.5 -6.1 -4.3 5.6 6.3 4.4
2006 Empire -10.5 -10.1 -8.3 9.7 10.3 10.4
2030 Empire -7.0 -6.7 -4.8 5.7 6.3 6.4
2046 Empire -3.5 -3.2 -1.2 1.7 2.3 2.4
2085 Next.kz -0.4 -0.2 3.5 -2.3 -1.7 -1.6
2184 Swage -4.4 -4.2 -0.5 2.3 2.0 3.5
2207 PR -8.4 -8.2 -4.5 6.8 6.6 7.8
