0 0 0.0 0.0 0.0 0.0 0.0 0.0
41 Empire 1.1 1.3 1.7 -4.0 -4.0 -4.0
208 iG 2.1 2.6 3.3 -8.0 -8.0 -8.0
235 aL 3.2 3.9 4.8 -12.0 -12.0 -12.0
280 Zenith 4.3 5.2 6.4 -16.0 -16.0 -16.0
352 LGD.cn 5.4 6.5 7.9 -20.0 -20.0 -20.0
356 Liquid 1.4 2.5 3.9 -5.9 -8.1 -10.2
364 Zenith 2.5 3.8 5.4 -9.9 -12.1 -14.2
417 mouz -1.5 -0.2 1.4 4.0 -0.2 -4.2
430 rox.KIS -0.3 1.1 2.8 0.0 -4.2 -8.2
431 Quantic 0.7 2.4 4.4 -4.0 -8.2 -12.2
445 TM 1.8 3.8 6.0 -8.0 -12.2 -16.2
471 4FC -2.2 -0.2 2.0 5.2 0.5 -5.3
479 4FC -1.1 1.0 3.5 1.2 -3.5 -9.3
499 Liquid 0.1 2.4 4.9 -2.8 -7.5 -13.3
513 EG -3.9 -1.6 0.9 10.5 3.9 -3.1
520 Quantic -2.8 -0.3 2.5 6.5 -0.1 -7.1
621 iCCup -6.8 -4.3 -1.5 20.1 13.0 3.4
718 Dreamz -5.7 -3.1 4.4408920985e-16 16.1 9.0 -0.6
748 Na'Vi -4.5 -1.8 1.6 12.1 5.0 -4.6
771 Na'Vi -3.3 -0.5 3.0 8.1 1.0 -8.6
793 Alliance -2.1 0.8 4.6 4.1 -3.0 -12.6
797 Liquid -6.1 -3.2 0.6 17.9 8.4 -3.0
818 FD -4.9 -2.0 2.1 13.9 4.4 -7.0
864 Poseidon -3.8 -0.7 3.6 9.9 0.4 -11.0
867 Dreamz -2.7 0.6 5.2 5.9 -3.6 -15.0
899 Menace -1.4 1.8 6.6 1.9 -7.6 -19.0
903 Kaipi -0.2 3.1 8.1 -2.1 -11.6 -23.0
954 Cascade -4.2 -0.9 4.1 11.3 0.0 -13.0
964 Alliance -3.0 0.4 5.6 7.3 -4.0 -17.0
1008 Menace -7.0 -3.6 1.6 19.4 8.3 -6.1
1065 SSD -6.0 -2.1 3.3 15.4 4.3 -10.1
1096 VG -5.0 -0.7 5.0 11.4 0.3 -14.1
1126 Life -9.0 -4.7 1.0 21.8 14.4 -1.2
1174 Fnatic -7.7 -3.4 2.4 17.8 10.4 -5.2
1206 EG -6.2 -2.3 3.6 13.8 6.4 -9.2
1210 Liquid -10.2 -6.3 -0.4 26.1 18.9 1.6
1245 Speed -9.2 -5.0 1.2 22.1 14.9 -2.4
1268 Mski -8.1 -3.6 2.8 18.1 10.9 -6.4
1326 Dignitas -12.1 -7.6 -1.2 31.1 22.9 3.7
1354 VP -16.1 -11.6 -5.2 44.0 35.1 14.6
1373 Liquid -14.8 -10.3 -3.7 40.0 31.1 10.6
1415 VP -18.8 -14.3 -7.7 51.9 43.8 21.8
1458 Fnatic.eu -22.8 -18.3 -11.7 64.7 56.2 33.1
1478 Alliance -21.6 -17.0 -10.3 60.7 52.2 29.1
1492 Alliance -20.3 -15.6 -8.8 56.7 48.2 25.1
1527 VP -19.2 -14.2 -7.2 52.7 44.2 21.1
1533 OsG -23.2 -18.2 -11.2 65.9 56.7 31.4
1607 Idol -22.2 -16.8 -9.5 61.9 52.7 27.4
1654 MVP.P -21.2 -15.4 -7.9 57.9 48.7 23.4
1674 Empire -20.0 -14.1 -6.5 53.9 44.7 19.4
1676 TR -24.0 -18.1 -10.5 68.1 56.3 29.2
1677 Na'Vi -22.8 -16.9 -9.0 64.1 52.3 25.2
1682 Lowyat -21.6 -15.6 -7.4 60.1 48.3 21.2
1728 sQreen -25.6 -19.6 -11.4 72.3 60.8 32.2
1731 Empire -29.6 -23.6 -15.4 84.5 73.7 43.5
1755 SSD -28.5 -22.2 -13.7 80.5 69.7 39.5
1793 Fnatic.eu -27.2 -20.9 -12.2 76.5 65.7 35.5
1803 Sigma.int -26.0 -19.5 -10.7 72.5 61.7 31.5
1886 Invasion -24.7 -18.1 -9.7 68.5 57.7 27.5
1894 Spirit -28.7 -22.1 -13.7 81.0 69.2 43.8
1967 Liquid -27.3 -21.0 -12.4 77.0 65.2 39.8
2095 Titan -25.9 -19.3 -11.8 73.0 61.2 35.8
2097 rox.KIS -24.5 -17.7 -11.0 69.0 57.2 31.8
2100 PR -23.1 -16.2 -9.8 65.0 53.2 27.8
2178 VP -21.8 -14.8 -8.6 61.0 49.2 23.8
2181 MiT -25.8 -18.8 -12.6 73.6 61.5 35.0
2229 Scythe -24.3 -17.1 -11.8 69.6 57.5 31.0
2277 FD -23.0 -15.6 -10.9 65.6 53.5 27.0
