0 0 0.0 0.0 0.0 0.0 0.0 0.0
23 mouz 0.8 0.9 1.2 -4.0 -4.0 -4.0
73 Zenith 1.6 1.9 2.3 -8.0 -8.0 -8.0
304 VG 2.4 2.8 3.5 -12.0 -12.0 -12.0
306 LGD.cn 3.2 3.7 4.6 -16.0 -16.0 -16.0
340 mouz 4.0 4.6 5.7 -20.0 -20.0 -20.0
376 LGD.cn 4.8 5.6 6.9 -24.0 -24.0 -24.0
416 4FC 0.8 1.6 2.9 -5.5 -7.5 -10.1
461 Alliance 1.6 2.5 4.1 -9.5 -11.5 -14.1
506 EG 2.4 3.4 5.3 -13.5 -15.5 -18.1
512 Quantic -1.6 -0.6 1.3 4.2 -0.3 -4.2
531 Na'Vi -0.7 0.4 2.5 0.2 -4.3 -8.2
678 Kaipi -4.7 -3.6 -1.5 18.9 12.2 5.4
702 Na'Vi -3.8 -2.6 -0.3 14.9 8.2 1.4
745 Dignitas -7.8 -6.6 -4.3 36.4 22.7 13.1
766 Alliance -6.9 -5.6 -3.2 32.4 18.7 9.1
781 Alliance -6.0 -4.6 -2.1 28.4 14.7 5.1
813 Empire -5.1 -3.7 -0.9 24.4 10.7 1.1
866 Poseidon -4.2 -2.8 0.2 20.4 6.7 -2.9
905 Dignitas -3.4 -1.9 1.3 16.4 2.7 -6.9
915 Fnatic.eu -2.6 -0.9 2.5 12.4 -1.3 -10.9
941 Alliance -1.7 0.1 3.6 8.4 -5.3 -14.9
959 Kaipi -0.9 1.1 4.7 4.4 -9.3 -18.9
1009 Kaipi 3.33066907388e-16 2.0 5.8 0.4 -13.3 -22.9
1018 Alliance 0.8 2.9 7.0 -3.6 -17.3 -26.9
1025 Dignitas 1.6 3.8 8.2 -7.6 -21.3 -30.9
1051 iG 2.4 4.8 9.4 -11.6 -25.3 -34.9
1083 Titan 3.2 5.7 10.6 -15.6 -29.3 -38.9
1089 Imp 3.9 6.7 11.7 -19.6 -33.3 -42.9
1105 Na'Vi 4.7 7.6 12.8 -23.6 -37.3 -46.9
1171 Empire 5.5 8.6 14.0 -27.6 -41.3 -50.9
1192 Na'Vi 6.3 9.5 15.3 -31.6 -45.3 -54.9
1232 Alliance 7.2 10.4 16.4 -35.6 -49.3 -58.9
1307 LGD.int 8.1 11.4 17.6 -39.6 -53.3 -62.9
1323 VG 8.9 12.4 18.9 -43.6 -57.3 -66.9
1336 TongFu 9.9 13.3 19.9 -47.6 -61.3 -70.9
1389 RStars 10.6 14.3 21.3 -51.6 -65.3 -74.9
1498 Fnatic.eu 6.6 10.3 17.3 -35.5 -49.8 -60.2
1512 Alliance 7.5 11.3 18.5 -39.5 -53.8 -64.2
1585 Fnatic.eu 8.4 12.3 19.7 -43.5 -57.8 -68.2
1590 Orange 9.2 13.3 21.0 -47.5 -61.8 -72.2
1593 FD 9.9 14.3 22.3 -51.5 -65.8 -76.2
1598 Alliance 10.8 15.3 23.4 -55.5 -69.8 -80.2
1662 Fnatic.eu 11.6 16.3 24.6 -59.5 -73.8 -84.2
1711 Next.kz 12.4 17.3 25.8 -63.5 -77.8 -88.2
1720 Mski 13.3 18.3 26.9 -67.5 -81.8 -92.2
1751 Na'Vi 14.2 19.3 28.1 -71.5 -85.8 -96.2
1763 rox.KIS 15.1 20.3 29.3 -75.5 -89.8 -100.2
1790 Na'Vi 16.1 21.2 30.3 -79.5 -93.8 -104.2
1811 TongFu 17.0 22.1 31.4 -83.5 -97.8 -108.2
1865 TongFu 17.8 23.1 32.6 -87.5 -101.8 -112.2
1954 Empire 18.7 24.1 33.8 -91.5 -105.8 -116.2
1982 Speed 19.7 25.3 34.7 -95.5 -109.8 -120.2
2032 Liquid 20.6 26.3 35.8 -99.5 -113.8 -124.2
2055 Na'Vi 21.6 27.5 36.5 -103.5 -117.8 -128.2
2080 rox.KIS 17.6 23.5 32.5 -87.2 -101.9 -114.9
2083 PR 18.5 24.5 33.6 -91.2 -105.9 -118.9
2133 Next.kz 14.5 20.5 29.6 -74.9 -91.1 -98.8
2138 Liquid 15.5 21.6 30.3 -78.9 -95.1 -102.8
2175 Liquid 16.4 22.6 31.6 -82.9 -99.1 -106.8
2261 CIS 12.4 18.6 27.6 -63.7 -85.3 -96.6
