0 0 0.0 0.0 0.0 0.0 0.0 0.0
78 Fnatic.eu -4.0 -4.0 -4.0 4.7 4.6 4.6
85 Fnatic.eu -0.7 -0.7 -0.6 0.7 0.6 0.6
203 Alliance 2.6 2.7 2.9 -3.3 -3.4 -3.4
336 MiTH 5.5 6.0 6.6 -7.3 -7.4 -7.4
400 VP 1.5 2.0 2.6 -3.0 -2.6 -2.7
436 EG 4.9 5.3 5.9 -7.0 -6.6 -6.7
458 EG 0.9 1.3 1.9 -2.4 -1.7 -2.2
510 Fnatic.eu -3.1 -2.7 -2.1 2.5 3.0 2.0
539 Quantic 0.3 0.6 1.3 -1.5 -1.0 -2.0
586 EG -3.7 -3.4 -2.7 3.1 3.8 2.7
594 mouz -0.5 -0.1 0.8 -0.9 -0.2 -1.3
649 Fnatic.eu 2.9 3.3 4.4 -4.9 -4.2 -5.3
663 RS -1.1 -0.7 0.4 -0.4 0.7 -0.9
743 Fnatic.eu 2.5 2.4 3.5 -4.4 -3.3 -4.9
863 Next.kz -1.5 -1.6 -0.5 0.2 1.7 -0.2
874 VP 1.8 1.6 3.0 -3.8 -2.3 -4.2
875 Imp -2.2 -2.4 -1.0 1.0 2.5 0.4
912 Kaipi -6.2 -6.4 -5.0 5.5 7.4 5.1
918 DUZA -10.2 -10.4 -9.0 10.7 11.9 9.4
928 LGD.cn -14.2 -14.4 -13.0 15.3 16.6 14.2
962 iG -11.0 -11.0 -9.4 11.3 12.6 10.2
1058 UR -15.0 -15.0 -13.4 16.2 17.2 14.5
1100 Aspera -11.0 -12.1 -10.6 12.2 13.2 10.5
1180 Empire -15.0 -16.1 -14.6 17.4 17.7 14.6
1182 Fnatic.eu -11.1 -13.1 -11.7 13.4 13.7 10.6
1201 Aspera -15.1 -17.1 -15.7 18.2 18.4 14.9
1219 NoX -19.1 -21.1 -19.7 23.0 23.1 19.3
1295 Fnatic.eu -23.1 -25.1 -23.7 27.9 27.8 23.7
1398 Alliance -27.1 -29.1 -27.7 32.5 32.4 28.3
1486 Sigma.int -31.1 -33.1 -31.7 36.7 37.4 33.4
1516 DK -35.1 -37.1 -35.7 40.9 42.5 38.5
1536 Hearts -31.4 -34.0 -32.6 36.9 38.5 34.5
1640 FD -28.3 -30.4 -29.0 32.9 34.5 30.5
1646 RRQ -32.3 -34.4 -33.0 37.2 39.4 35.7
1671 Neon -28.9 -31.1 -29.5 33.2 35.4 31.7
1748 Idol -32.9 -35.1 -33.5 37.5 40.5 36.7
1749 FD -36.9 -39.1 -37.5 41.8 45.6 42.1
1759 FD -33.8 -35.6 -33.6 37.8 41.6 38.1
1832 TR -30.4 -32.4 -30.2 33.8 37.6 34.1
1872 rox.KIS -34.4 -36.4 -34.2 38.4 42.4 38.8
1882 Swage -30.7 -32.5 -31.5 34.4 38.4 34.8
1922 VP -34.7 -36.5 -35.5 39.3 43.2 39.2
1940 Na'Vi -38.7 -40.5 -39.5 44.5 47.5 43.5
2084 hehe -42.7 -44.5 -43.5 49.1 52.3 48.0
2103 JnRun -46.7 -48.5 -47.5 53.8 57.1 52.9
2150 VP -50.7 -52.5 -51.5 58.6 61.6 58.0
2209 DT.NGC -54.7 -56.5 -55.5 63.9 66.7 62.3
2232 Relax -51.0 -53.5 -52.7 59.9 62.7 58.3
