0 0 0.0 0.0 0.0 0.0 0.0 0.0
275 EG -4.0 -4.0 -4.0 19.3 16.9 14.2
373 Na'Vi -3.2 -3.1 -3.0 15.3 12.9 10.2
410 Alliance -2.5 -2.2 -1.9 11.3 8.9 6.2
636 EG -1.8 -1.3 -0.8 7.3 4.9 2.2
674 mouz -1.1 -0.4 0.3 3.3 0.9 -1.8
730 LGD.cn -0.3 0.6 1.4 -0.7 -3.1 -5.8
783 TongFu 0.6 1.5 2.4 -4.7 -7.1 -9.8
873 PR -3.4 -2.5 -1.6 16.0 10.5 4.8
931 Alliance -2.5 -1.6 -0.6 12.0 6.5 0.8
960 Kaipi -1.8 -0.7 0.6 8.0 2.5 -3.2
1017 Na'Vi -1.0 0.2 1.6 4.0 -1.5 -7.2
1030 Na'Vi -0.2 1.1 2.6 0.0 -5.5 -11.2
1050 Alliance 0.6 2.0 3.7 -4.0 -9.5 -15.2
1064 Alliance 1.4 2.9 4.7 -8.0 -13.5 -19.2
1082 Fnatic.eu 2.2 3.8 5.7 -12.0 -17.5 -23.2
1095 Arcanys -1.8 -0.2 1.7 9.5 -0.2 -9.7
1097 FD -1.1 0.7 3.0 5.5 -4.2 -13.7
1175 TongFu -0.4 1.6 4.2 1.5 -8.2 -17.7
1181 Alliance 0.3 2.5 5.3 -2.5 -12.2 -21.7
1204 iG 1.0 3.4 6.3 -6.5 -16.2 -25.7
1238 LGD.cn 1.6 4.3 7.5 -10.5 -20.2 -29.7
1263 LGD.cn 2.3 5.2 8.6 -14.5 -24.2 -33.7
1316 VG 3.0 6.1 9.7 -18.5 -28.2 -37.7
1460 Alliance 3.9 7.0 10.7 -22.5 -32.2 -41.7
1482 Fnatic.eu 4.6 7.9 11.9 -26.5 -36.2 -45.7
1490 EG 5.4 8.9 13.0 -30.5 -40.2 -49.7
1499 DK 6.2 9.9 14.0 -34.5 -44.2 -53.7
1500 Speed 6.9 10.8 15.2 -38.5 -48.2 -57.7
1820 Empire 7.8 11.7 16.3 -42.5 -52.2 -61.7
1853 Alliance 8.8 12.5 17.2 -46.5 -56.2 -65.7
1857 iG 9.5 13.4 18.3 -50.5 -60.2 -69.7
1879 Orange 10.3 14.3 19.3 -54.5 -64.2 -73.7
1984 Empire 11.2 15.3 20.1 -58.5 -68.2 -77.7
2015 Speed 12.0 16.2 21.3 -62.5 -72.2 -81.7
2059 Empire 12.9 17.2 22.4 -66.5 -76.2 -85.7
2067 Na'Vi 13.7 18.1 23.4 -70.5 -80.2 -89.7
2123 rox.KIS 14.6 19.2 24.1 -74.5 -84.2 -93.7
2156 Cloud9 15.6 20.4 24.8 -78.5 -88.2 -97.7
2197 Empire 16.4 21.4 26.1 -82.5 -92.2 -101.7
