0 0 0.0 0.0 0.0 0.0 0.0 0.0
18 Na'Vi 0.8 1.1 1.5 -4.0 -4.0 -4.0
276 Alliance 1.8 2.3 2.8 -8.0 -8.0 -8.0
282 Alliance 2.7 3.4 4.2 -12.0 -12.0 -12.0
294 Alliance 3.7 4.6 5.7 -16.0 -16.0 -16.0
310 iG 4.6 5.8 7.3 -20.0 -20.0 -20.0
338 Na'Vi 5.5 6.9 8.7 -24.0 -24.0 -24.0
377 LGD.cn 6.7 8.0 10.0 -28.0 -28.0 -28.0
493 iCCup 7.7 9.2 11.4 -32.0 -32.0 -32.0
527 Na'Vi 8.7 10.3 12.8 -36.0 -36.0 -36.0
541 VP 9.7 11.6 14.2 -40.0 -40.0 -40.0
580 VP 10.7 12.8 15.6 -44.0 -44.0 -44.0
664 RStars 6.7 8.8 11.6 -27.9 -30.6 -32.8
812 Empire 7.7 10.0 13.2 -31.9 -34.6 -36.8
821 4++ 3.7 6.0 9.2 -17.6 -19.4 -24.9
841 VP 4.7 7.1 10.6 -21.6 -23.4 -28.9
865 Mski 5.7 8.2 12.0 -25.6 -27.4 -32.9
950 Kaipi 6.7 9.4 13.5 -29.6 -31.4 -36.9
951 Mski 7.7 10.5 14.8 -33.6 -35.4 -40.9
986 Na'Vi 8.7 11.7 16.2 -37.6 -39.4 -44.9
1104 Poseidon 4.7 7.7 12.2 -21.6 -25.2 -33.7
1111 LGD.int 5.7 8.8 13.6 -25.6 -29.2 -37.7
1135 Empire 6.7 9.9 14.9 -29.6 -33.2 -41.7
1205 HR 2.7 5.9 10.9 -17.2 -18.1 -28.3
1223 DK 3.6 7.1 12.4 -21.2 -22.1 -32.3
1278 Lowyat -0.4 3.1 8.4 -9.0 -6.7 -18.3
1279 Titan 0.7 4.2 9.7 -13.0 -10.7 -22.3
1293 TongFu 1.7 5.3 11.1 -17.0 -14.7 -26.3
1317 Na'Vi 2.7 6.4 12.5 -21.0 -18.7 -30.3
1318 QPandas -1.3 2.4 8.5 -7.4 -5.2 -17.4
1324 VG -5.3 -1.6 4.5 6.8 9.3 -5.2
1381 Liquid -9.3 -5.6 0.5 21.7 23.3 6.7
1574 DK -8.2 -4.4 1.8 17.7 19.3 2.7
1626 FD -7.3 -3.2 3.2 13.7 15.3 -1.3
1668 Duskbin -6.5 -1.9 4.8 9.7 11.3 -5.3
1707 mouz -5.3 -0.8 6.0 5.7 7.3 -9.3
1721 Lowyat -4.2 0.2 7.5 1.7 3.3 -13.3
1744 Sigma.int -3.2 1.5 9.0 -2.3 -0.7 -17.3
1761 Mski -2.2 2.8 10.4 -6.3 -4.7 -21.3
1764 Na'Vi -1.1 3.9 11.7 -10.3 -8.7 -25.3
1785 Fnatic.eu 8.881784197e-16 5.1 13.0 -14.3 -12.7 -29.3
1809 Titan 1.2 6.2 14.3 -18.3 -16.7 -33.3
1850 rox.KIS 2.5 7.8 15.1 -22.3 -20.7 -37.3
1861 Sigma.int 3.5 9.0 16.6 -26.3 -24.7 -41.3
1863 Fnatic.eu 4.7 10.3 17.6 -30.3 -28.7 -45.3
1885 Mski 5.9 11.4 18.8 -34.3 -32.7 -49.3
1948 Empire 6.9 12.5 20.2 -38.3 -36.7 -53.3
1951 Empire 8.1 14.0 21.0 -42.3 -40.7 -57.3
1971 Relax 4.1 10.0 17.0 -27.6 -27.9 -46.5
1981 Liquid 5.0 11.2 18.5 -31.6 -31.9 -50.5
2001 Speed 5.9 12.5 20.0 -35.6 -35.9 -54.5
2024 SADBOYS 7.3 14.0 20.7 -39.6 -39.9 -58.5
2064 Cloud9 8.3 15.2 22.2 -43.6 -43.9 -62.5
2087 Liquid 9.6 16.6 23.1 -47.6 -47.9 -66.5
2098 Zephyr 10.7 17.7 24.5 -51.6 -51.9 -70.5
2121 Relax 11.8 19.0 25.6 -55.6 -55.9 -74.5
2188 Everlast 7.8 15.0 21.6 -40.0 -43.4 -63.8
2190 VP 9.0 16.1 22.8 -44.0 -47.4 -67.8
2249 Titan 10.1 17.3 24.2 -48.0 -51.4 -71.8
