0 0 0.0 0.0 0.0 0.0 0.0 0.0
165 eN.Legs 1.8 1.9 2.3 -4.0 -4.0 -4.0
207 Alliance 3.6 3.9 4.6 -8.0 -8.0 -8.0
277 Na'Vi 5.3 5.9 7.0 -12.0 -12.0 -12.0
298 Zenith 7.2 7.9 9.2 -16.0 -16.0 -16.0
358 Alliance 9.2 10.0 11.4 -20.0 -20.0 -20.0
372 Quantic 5.2 6.0 7.4 -11.5 -12.1 -13.2
425 mouz 7.1 8.1 9.7 -15.5 -16.1 -17.2
442 Kaipi 9.2 10.0 11.7 -19.5 -20.1 -21.2
466 iCCup 11.1 12.0 14.0 -23.5 -24.1 -25.2
525 LGD.cn 13.0 14.0 16.3 -27.5 -28.1 -29.2
648 VP 14.7 16.1 18.7 -31.5 -32.1 -33.2
722 iCCup 16.6 18.1 21.0 -35.5 -36.1 -37.2
796 Zenith 18.5 20.1 23.3 -39.5 -40.1 -41.2
830 DUZA 14.5 16.1 19.3 -31.8 -32.5 -33.8
860 Bambang 10.5 12.1 15.3 -24.2 -24.3 -26.4
881 Quantic 6.5 8.1 11.3 -15.6 -16.7 -19.7
888 Mski 8.4 10.1 13.6 -19.6 -20.7 -23.7
953 Kaipi 10.1 12.2 16.1 -23.6 -24.7 -27.7
978 rox.KIS 6.1 8.2 12.1 -16.5 -16.2 -19.9
981 PR 8.1 10.2 14.3 -20.5 -20.2 -23.9
1001 FD 9.8 12.2 16.8 -24.5 -24.2 -27.9
1047 EG 5.8 8.2 12.8 -15.6 -16.2 -21.4
1068 rox.KIS 7.7 10.2 15.1 -19.6 -20.2 -25.4
1087 UR 9.6 12.2 17.2 -23.6 -24.2 -29.4
1167 EOT 11.5 14.1 19.4 -27.6 -28.2 -33.4
1213 Poseidon 7.5 10.1 15.4 -20.3 -20.1 -25.6
1231 TTD 3.5 6.1 11.4 -13.0 -11.4 -17.7
1375 Startale -0.5 2.1 7.4 -2.5 -4.8 -12.2
1428 EG -4.5 -1.9 3.4 5.0 3.6 -4.0
1441 PR -8.5 -5.9 -0.6 12.9 11.6 3.8
1447 FD -12.5 -9.9 -4.6 21.1 19.3 11.0
1463 Na'Vi -10.4 -8.0 -2.6 17.1 15.3 7.0
1488 Imp -8.6 -6.0 -0.1 13.1 11.3 3.0
1521 Next.kz -6.8 -3.9 2.4 9.1 7.3 -1.0
1538 NoX -10.8 -7.9 -1.6 16.6 15.7 6.8
1560 EOT -8.8 -5.9 0.6 12.6 11.7 2.8
1738 Lowyat -6.7 -4.1 2.5 8.6 7.7 -1.2
1773 FD -4.6 -2.3 4.5 4.6 3.7 -5.2
1792 Empire -8.6 -6.3 0.5 12.5 11.4 1.7
1849 PBS -6.9 -4.1 3.1 8.5 7.4 -2.3
1892 nAra -10.9 -8.1 -0.9 16.3 14.2 6.1
1912 Orange -8.8 -6.1 1.1 12.3 10.2 2.1
1941 Zephyr -6.7 -3.5 2.3 8.3 6.2 -1.9
1943 PR -4.8 -1.6 4.5 4.3 2.2 -5.9
1983 SADBOYS -8.8 -5.6 0.5 11.4 10.8 2.7
1991 PR -6.8 -3.5 2.7 7.4 6.8 -1.3
1996 TR -10.8 -7.5 -1.3 15.4 14.3 5.6
2028 Next.kz -14.8 -11.5 -5.3 23.8 21.9 12.6
2051 Nullis -12.8 -9.4 -3.0 19.8 17.9 8.6
2070 rox.KIS -16.8 -13.4 -7.0 26.9 24.4 18.3
2073 4FC -15.0 -11.3 -5.5 22.9 20.4 14.3
2075 Liquid -19.0 -15.3 -9.5 30.1 26.4 23.4
2262 Mski -17.0 -13.1 -7.8 26.1 22.4 19.4
