0 0 0.0 0.0 0.0 0.0 0.0 0.0
32 Alliance 0.7 1.1 1.2 -4.0 -4.0 -4.0
167 LGD.int 1.6 2.1 2.5 -8.0 -8.0 -8.0
171 LGD.int 2.5 3.1 3.7 -12.0 -12.0 -12.0
226 Alliance 3.3 4.2 5.1 -16.0 -16.0 -16.0
246 Na'Vi 4.3 5.2 6.4 -20.0 -20.0 -20.0
321 mouz 5.2 6.2 7.7 -24.0 -24.0 -24.0
330 TongFu 1.2 2.2 3.7 -4.4 -8.3 -12.8
441 Na'Vi 2.1 3.2 4.9 -8.4 -12.3 -16.8
446 Orange 3.0 4.2 6.1 -12.4 -16.3 -20.8
451 Kaipi 3.9 5.2 7.3 -16.4 -20.3 -24.8
475 Na'Vi 4.9 6.2 8.5 -20.4 -24.3 -28.8
488 Fnatic.eu 0.9 2.2 4.5 -2.7 -9.5 -17.2
503 Dignitas 1.7 3.2 5.8 -6.7 -13.5 -21.2
507 Na'Vi 2.6 4.2 7.1 -10.7 -17.5 -25.2
533 rox.KIS 3.7 5.2 8.1 -14.7 -21.5 -29.2
553 TongFu -0.3 1.2 4.1 1.1 -6.6 -16.4
628 EG 0.6 2.2 5.3 -2.9 -10.6 -20.4
651 Denial -3.4 -1.8 1.3 15.1 4.8 -8.4
668 mouz -2.6 -0.8 2.6 11.1 0.8 -12.4
671 Fnatic.eu -1.7 0.2 3.8 7.1 -3.2 -16.4
703 mouz -0.8 1.2 5.1 3.1 -7.2 -20.4
723 Kaipi 0.1 2.2 6.3 -0.9 -11.2 -24.4
751 Alliance 0.9 3.3 7.7 -4.9 -15.2 -28.4
769 mouz 1.8 4.3 8.9 -8.9 -19.2 -32.4
779 Zenith 2.7 5.3 10.1 -12.9 -23.2 -36.4
795 Liquid 3.6 6.3 11.3 -16.9 -27.2 -40.4
906 Dignitas 4.5 7.3 12.5 -20.9 -31.2 -44.4
921 Alliance 5.5 8.3 13.8 -24.9 -35.2 -48.4
975 Dignitas 6.3 9.3 15.1 -28.9 -39.2 -52.4
997 PR 2.3 5.3 11.1 -11.3 -24.4 -40.7
1085 FD 3.1 6.4 12.5 -15.3 -28.4 -44.7
1091 Na'Vi 4.0 7.4 13.8 -19.3 -32.4 -48.7
1132 Fnatic.eu 4.9 8.5 15.0 -23.3 -36.4 -52.7
1149 Na'Vi 5.8 9.5 16.3 -27.3 -40.4 -56.7
1190 TongFu 6.6 10.6 17.7 -31.3 -44.4 -60.7
1256 RS 7.5 11.6 19.0 -35.3 -48.4 -64.7
1340 Fnatic.eu 8.4 12.6 20.2 -39.3 -52.4 -68.7
1372 VP 4.4 8.6 16.2 -21.4 -37.2 -56.0
1382 Titan 5.2 9.6 17.5 -25.4 -41.2 -60.0
1399 EG 1.2 5.6 13.5 -10.4 -25.4 -46.7
1430 Na'Vi 2.1 6.6 14.7 -14.4 -29.4 -50.7
1450 Na'Vi 3.0 7.7 16.0 -18.4 -33.4 -54.7
1678 Na'Vi 3.9 8.8 17.2 -22.4 -37.4 -58.7
1701 TongFu 4.9 9.8 18.3 -26.4 -41.4 -62.7
1714 rox.KIS 5.8 10.7 19.5 -30.4 -45.4 -66.7
1726 Lowyat 6.8 11.7 20.7 -34.4 -49.4 -70.7
1826 Titan 7.8 12.7 21.8 -38.4 -53.4 -74.7
1847 DK 8.6 13.8 23.1 -42.4 -57.4 -78.7
1889 Fnatic.eu 4.6 9.8 19.1 -25.2 -44.3 -66.9
2029 Empire 5.7 11.1 19.8 -29.2 -48.3 -70.9
2061 rox.KIS 1.7 7.1 15.8 -13.6 -33.6 -57.8
2068 Fnatic.eu 2.7 8.2 16.7 -17.6 -37.6 -61.8
2089 SADBOYS 3.6 9.3 18.2 -21.6 -41.6 -65.8
2162 Orange 4.5 10.4 19.4 -25.6 -45.6 -69.8
2172 Na'Vi 5.6 11.7 20.2 -29.6 -49.6 -73.8
2185 Scythe 6.9 13.4 20.7 -33.6 -53.6 -77.8
