0 0 0.0 0.0 0.0 0.0 0.0 0.0
74 Dignitas -4.0 -4.0 -4.0 6.7 6.1 6.1
106 Dignitas -1.7 -1.5 -1.2 2.7 2.1 2.1
189 Dignitas -5.7 -5.5 -5.2 9.4 8.4 7.9
212 Dignitas -9.7 -9.5 -9.2 15.5 14.6 13.9
230 VP -7.5 -7.0 -6.5 11.5 10.6 9.9
261 Liquid -5.2 -4.4 -3.8 7.5 6.6 5.9
313 mouz -9.2 -8.4 -7.8 14.0 12.9 11.8
394 MX -7.0 -6.0 -5.1 10.0 8.9 7.8
429 Liquid -4.4 -3.5 -2.5 6.0 4.9 3.8
487 Kaipi -2.2 -0.9 0.4 2.0 0.9 -0.2
501 eLPride -6.2 -4.9 -3.6 7.6 7.3 6.3
540 EG -3.6 -2.4 -1.0 3.6 3.3 2.3
593 Quantic -1.1 0.1 1.6 -0.4 -0.7 -1.7
654 DK 0.9 2.7 4.8 -4.4 -4.7 -5.7
675 EG -3.1 -1.3 0.8 2.0 1.5 0.2
680 Liquid -7.1 -5.3 -3.2 8.6 8.2 5.9
774 TongFu -11.1 -9.3 -7.2 15.2 14.4 11.6
792 Fnatic.eu -8.5 -6.8 -4.5 11.2 10.4 7.6
827 TS -12.5 -10.8 -8.5 16.3 17.3 14.1
914 StayFree -10.2 -8.4 -5.7 12.3 13.3 10.1
930 MiTH -7.5 -6.1 -3.3 8.3 9.3 6.1
996 rox.KIS -4.8 -3.7 -0.8 4.3 5.3 2.1
1127 EG -2.5 -1.2 2.0 0.3 1.3 -1.9
1145 Fnatic.eu 0.2 1.1 4.4 -3.7 -2.7 -5.9
1160 Na'Vi -3.8 -2.9 0.4 4.3 2.8 -0.9
1186 iG -1.6 -0.1 3.2 0.3 -1.2 -4.9
1207 mouz -5.6 -4.1 -0.8 6.6 5.1 1.0
1259 Sigma.int -3.6 -1.4 2.2 2.6 1.1 -3.0
1270 MiTH -0.9 0.9 4.8 -1.4 -2.9 -7.0
1337 Startale 1.6 3.3 7.5 -5.4 -6.9 -11.0
1433 iG -2.4 -0.7 3.5 1.6 -0.9 -5.7
1520 Titan 0.2 1.8 6.1 -2.4 -4.9 -9.7
1522 Next.kz -3.8 -2.2 2.1 4.0 1.3 -4.1
1526 TongFu3 -1.4 0.3 4.9 -2.6645352591e-15 -2.7 -8.1
1539 Next.kz 1.3 2.6 7.3 -4.0 -6.7 -12.1
1541 PR -2.7 -1.4 3.3 2.7 -0.6 -6.6
1542 rox.KIS -0.4 1.1 6.2 -1.3 -4.6 -10.6
1543 Fnatic.eu 2.2 3.5 8.7 -5.3 -8.6 -14.6
1569 Next.kz -1.8 -0.5 4.7 0.8 -1.8 -8.3
1619 XctN 0.5 2.1 7.5 -3.2 -5.8 -12.3
1622 Aspera -3.5 -1.9 3.5 2.9 0.6 -6.3
1635 VG -7.5 -5.9 -0.5 8.0 7.8 1.4
1710 Speed -11.5 -9.9 -4.5 14.1 14.0 7.3
1710 Speed -15.5 -13.9 -8.5 20.6 20.5 13.2
1718 Fnatic.eu -19.5 -17.9 -12.5 27.0 27.4 19.0
1778 FSid3 -23.5 -21.9 -16.5 33.0 34.0 25.5
1787 Sigma.int -21.0 -19.4 -13.9 29.0 30.0 21.5
1796 Titan -18.5 -16.7 -11.3 25.0 26.0 17.5
1798 OsG -16.2 -14.0 -8.5 21.0 22.0 13.5
1968 Denial -13.9 -11.4 -5.6 17.0 18.0 9.5
2002 Swage -11.0 -8.3 -4.0 13.0 14.0 5.5
2069 VP -15.0 -12.3 -8.0 19.3 19.8 11.5
2112 DUZA -12.5 -9.7 -5.4 15.3 15.8 7.5
2176 neXt! -16.5 -13.7 -9.4 21.7 21.6 13.0
2186 RRQ -20.5 -17.7 -13.4 27.4 26.6 20.8
2194 Zephyr -17.8 -14.9 -11.1 23.4 22.6 16.8
2225 Empire -21.8 -18.9 -15.1 29.1 30.0 24.5
2255 rox.KIS -19.3 -16.5 -12.7 25.1 26.0 20.5
2291 Na'Vi -16.9 -14.1 -9.6 21.1 22.0 16.5
