0 0 0.0 0.0 0.0 0.0 0.0 0.0
77 VnR.Alpha 2.6 1.9 2.7 -4.0 -4.0 -4.0
154 VP 5.1 4.3 5.1 -8.0 -8.0 -8.0
187 VP 1.1 0.3 1.1 -1.0 -1.5 -2.1
195 Dignitas -2.9 -3.7 -2.9 4.6 4.8 5.6
215 Liquid -0.6 -1.2 -0.4 0.6 0.8 1.6
284 Liquid 1.5 1.2 2.2 -3.4 -3.2 -2.4
426 Artyk 3.4 3.6 5.0 -7.4 -7.2 -6.4
500 Liquid -0.6 -0.4 1.0 -1.2 -0.2 0.3
543 VP 2.0 1.9 3.6 -5.2 -4.2 -3.7
564 EG -2.0 -2.1 -0.4 1.7 2.4 2.4
641 mouz 0.1 0.5 2.4 -2.3 -1.6 -1.6
737 Na'Vi 2.3 2.9 5.0 -6.3 -5.6 -5.6
788 Dignitas 4.7 5.3 7.6 -10.3 -9.6 -9.6
806 Orange 0.7 1.3 3.6 -3.2 -3.4 -3.9
848 DUZA -3.3 -2.7 -0.4 3.7 3.1 1.9
900 VP -7.3 -6.7 -4.4 10.7 9.7 7.9
971 iG -5.3 -4.2 -1.6 6.7 5.7 3.9
979 PR -2.7 -1.9 0.8 2.7 1.7 -0.1
1110 bvd.dotA -0.6 0.5 3.6 -1.3 -2.3 -4.1
1119 FD -4.6 -3.5 -0.4 5.5 4.1 1.8
1140 SYM -8.6 -7.5 -4.4 11.6 10.7 8.3
1209 MiTH -12.6 -11.5 -8.4 18.6 17.0 14.1
1214 VG -16.6 -15.5 -12.4 24.8 24.3 20.9
1244 Sigma.int -14.9 -12.9 -9.1 20.8 20.3 16.9
1261 mouz -18.9 -16.9 -13.1 28.8 26.2 22.4
1286 LGD.int -16.8 -14.3 -10.4 24.8 22.2 18.4
1297 EG -14.4 -12.0 -7.8 20.8 18.2 14.4
1302 DK -12.2 -9.5 -5.1 16.8 14.2 10.4
1446 mouz -16.2 -13.5 -9.1 24.1 20.5 16.2
1448 MiTH -20.2 -17.5 -13.1 30.3 27.3 22.6
1503 Speed -17.7 -15.4 -10.7 26.3 23.3 18.6
1630 Na'Vi -15.1 -13.1 -8.2 22.3 19.3 14.6
1718 Fnatic.eu -19.1 -17.1 -12.2 29.2 25.9 20.4
1732 rox.KIS -23.1 -21.1 -16.2 35.1 33.2 27.7
1813 DK -20.8 -18.6 -13.5 31.1 29.2 23.7
1819 rox.KIS -18.4 -16.3 -11.0 27.1 25.2 19.7
1838 Titan -22.4 -20.3 -15.0 33.4 31.9 26.2
1864 Revenge -20.1 -17.8 -12.2 29.4 27.9 22.2
1921 VP -17.6 -15.4 -9.9 25.4 23.9 18.2
1926 PR -15.0 -13.3 -7.7 21.4 19.9 14.2
2031 Sigma.int -19.0 -17.3 -11.7 27.8 26.4 20.8
2033 eHug -23.0 -21.3 -15.7 34.3 33.1 27.4
2039 Speed -27.0 -25.3 -19.7 40.7 39.5 33.9
2062 PR -31.0 -29.3 -23.7 47.2 45.7 39.8
2078 Empire -28.5 -26.7 -21.7 43.2 41.7 35.8
2115 Mongolz -32.5 -30.7 -25.7 49.6 48.5 42.2
2161 Osiris -36.5 -34.7 -29.7 57.4 55.5 46.1
2164 Puck -40.5 -38.7 -33.7 63.7 62.5 52.9
2182 MM -37.8 -35.8 -32.1 59.7 58.5 48.9
2192 PR -41.8 -39.8 -36.1 66.6 64.7 54.1
2202 neXt! -39.4 -37.3 -33.8 62.6 60.7 50.1
2234 5inQ -36.8 -35.2 -31.6 58.6 56.7 46.1
2263 Cloud9 -34.6 -32.6 -28.7 54.6 52.7 42.1
