0 0 0.0 0.0 0.0 0.0 0.0 0.0
31 Liquid 1.7 1.9 2.1 -4.0 -4.0 -4.0
95 Na'Vi 3.4 3.8 4.2 -8.0 -8.0 -8.0
104 PtD.Alpha 5.1 5.7 6.2 -12.0 -12.0 -12.0
121 eN.Legs 6.6 7.5 8.5 -16.0 -16.0 -16.0
162 rox.KIS 8.5 9.4 10.5 -20.0 -20.0 -20.0
186 Alliance 10.2 11.3 12.5 -24.0 -24.0 -24.0
194 Alliance 11.9 13.2 14.5 -28.0 -28.0 -28.0
209 Liquid 13.5 15.1 16.7 -32.0 -32.0 -32.0
227 Kaipi 9.5 11.1 12.7 -22.9 -23.8 -24.9
242 EG 5.5 7.1 8.7 -14.5 -15.7 -17.2
255 Na'Vi 7.2 9.0 10.9 -18.5 -19.7 -21.2
331 EG 3.2 5.0 6.9 -9.8 -11.5 -13.6
360 mouz 5.0 6.9 9.1 -13.8 -15.5 -17.6
375 VG 6.7 8.9 11.2 -17.8 -19.5 -21.6
399 VP 2.7 4.9 7.2 -9.4 -11.5 -13.9
408 TM 4.4 6.8 9.4 -13.4 -15.5 -17.9
428 Kaipi 6.0 8.8 11.8 -17.4 -19.5 -21.9
438 Na'Vi 8.0 10.7 13.8 -21.4 -23.5 -25.9
457 Alliance 9.8 12.7 15.9 -25.4 -27.5 -29.9
483 paiN 5.8 8.7 11.9 -16.8 -19.0 -22.8
592 Fnatic.eu 7.6 10.7 14.0 -20.8 -23.0 -26.8
645 VP 3.6 6.7 10.0 -12.3 -14.7 -19.3
662 DK 5.3 8.6 12.2 -16.3 -18.7 -23.3
667 DK 7.1 10.5 14.4 -20.3 -22.7 -27.3
676 LGD.cn 8.9 12.4 16.6 -24.3 -26.7 -31.3
677 mouz 10.9 14.4 18.6 -28.3 -30.7 -35.3
686 VP 12.7 16.3 20.7 -32.3 -34.7 -39.3
707 Orange 14.6 18.2 22.8 -36.3 -38.7 -43.3
713 MiTH 16.3 20.1 25.0 -40.3 -42.7 -47.3
719 Mski 18.4 21.9 26.9 -44.3 -46.7 -51.3
725 Romania 20.1 23.9 29.2 -48.3 -50.7 -55.3
798 iG 22.0 25.9 31.4 -52.3 -54.7 -59.3
828 EVOPLAY 23.9 27.8 33.5 -56.3 -58.7 -63.3
831 Awake 25.8 29.7 35.5 -60.3 -62.7 -67.3
838 Kaipi 27.4 31.5 37.8 -64.3 -66.7 -71.3
872 Aspera 23.4 27.5 33.8 -55.6 -58.7 -64.0
909 VG 24.9 29.4 36.1 -59.6 -62.7 -68.0
923 DUZA 26.7 31.2 38.2 -63.6 -66.7 -72.0
993 SFEC 22.7 27.2 34.2 -54.9 -58.5 -64.7
1141 EOT 24.0 29.4 36.8 -58.9 -62.5 -68.7
1161 FD 25.8 31.4 38.8 -62.9 -66.5 -72.7
1199 Menace 27.5 33.3 41.0 -66.9 -70.5 -76.7
1242 mouz 29.1 35.3 43.3 -70.9 -74.5 -80.7
1330 Na'Vi 31.1 37.1 45.3 -74.9 -78.5 -84.7
1481 DK 27.1 33.1 41.3 -65.6 -70.3 -78.0
1534 Poseidon 29.0 35.0 43.4 -69.6 -74.3 -82.0
1562 VG 25.0 31.0 39.4 -62.6 -64.6 -72.9
1573 iG 26.8 32.9 41.7 -66.6 -68.6 -76.9
1599 OsG 22.8 28.9 37.7 -57.8 -60.8 -69.8
1612 Fnatic.eu 24.7 30.8 39.9 -61.8 -64.8 -73.8
1623 SSD 26.6 32.7 41.9 -65.8 -68.8 -77.8
1642 MiTH 28.3 34.8 44.1 -69.8 -72.8 -81.8
1669 Neon 24.3 30.8 40.1 -61.1 -64.7 -74.8
1672 MiTH 26.2 32.7 42.2 -65.1 -68.7 -78.8
1743 Na'Vi 27.9 34.8 44.6 -69.1 -72.7 -82.8
1831 rox.KIS 23.9 30.8 40.6 -60.1 -65.2 -75.8
1841 SSD 25.7 32.8 42.8 -64.1 -69.2 -79.8
1848 TongFu 27.4 34.9 45.2 -68.1 -73.2 -83.8
1876 GB 29.2 36.8 47.4 -72.1 -77.2 -87.8
1883 iG 25.2 32.8 43.4 -63.7 -69.7 -78.1
1918 Orange 27.3 34.7 45.3 -67.7 -73.7 -82.1
1937 Na'Vi 29.1 36.7 47.5 -71.7 -77.7 -86.1
2049 GL 31.2 39.0 49.1 -75.7 -81.7 -90.1
2099 rox.KIS 33.2 40.9 51.0 -79.7 -85.7 -94.1
2104 Arrow 29.2 36.9 47.0 -70.7 -76.8 -86.2
2117 Titan 31.3 39.4 48.5 -74.7 -80.8 -90.2
2155 MYM 33.0 41.0 50.4 -78.7 -84.8 -94.2
2169 WWD 35.3 43.7 51.7 -82.7 -88.8 -98.2
2240 Spirit 31.3 39.7 47.7 -74.9 -81.0 -89.1
2248 DT.NGC 33.0 41.7 50.1 -78.9 -85.0 -93.1
