0 0 0.0 0.0 0.0 0.0 0.0 0.0
54 4FC 2.6 3.2 3.5 -4.0 -4.0 -4.0
63 EG -1.4 -0.8 -0.5 1.6 0.9 0.9
72 Neo.int -5.4 -4.8 -4.5 6.5 6.3 5.8
76 eN.Legs -3.0 -1.6 -1.1 2.5 2.3 1.8
144 mouz -7.0 -5.6 -5.1 7.9 7.3 6.7
152 Alliance -4.0 -2.4 -1.9 3.9 3.3 2.7
178 Dignitas -1.4 0.9 1.5 -0.1 -0.7 -1.3
199 Dignitas -5.4 -3.1 -2.5 5.0 4.4 3.8
318 mouz -2.5 0.1 0.8 1.0 0.4 -0.2
332 RStars 0.1 3.2 4.4 -3.0 -3.6 -4.2
381 RS 3.1 6.3 7.6 -7.0 -7.6 -8.2
411 Quantic -0.9 2.3 3.6 -1.6 -2.6 -3.5
490 paiN.int 1.8 5.4 7.0 -5.6 -6.6 -7.5
548 Liquid 4.9 8.5 10.3 -9.6 -10.6 -11.5
561 Orange 0.9 4.5 6.3 -5.0 -5.3 -6.2
619 iG -3.1 0.5 2.3 0.3 -0.2 -1.2
661 iG -7.1 -3.5 -1.7 5.8 4.8 3.5
709 Kaipi -4.1 -0.4 1.6 1.8 0.8 -0.5
711 mouz -1.4 2.8 5.0 -2.2 -3.2 -4.5
734 TongFu 1.6 6.1 8.4 -6.2 -7.2 -8.5
756 Dignitas -2.4 2.1 4.4 -0.8 -2.4 -4.0
790 AllStarsA -6.4 -1.9 0.4 3.9 2.9 1.0
847 4FC -10.4 -5.9 -3.6 8.5 8.0 6.3
854 Life -14.4 -9.9 -7.6 13.1 13.7 11.8
940 Next.kz -18.4 -13.9 -11.6 18.5 18.8 16.7
966 TongFu -14.9 -11.1 -8.9 14.5 14.8 12.7
973 DUZA -18.9 -15.1 -12.9 19.4 20.0 17.8
984 nAra -22.9 -19.1 -16.9 24.8 25.3 22.5
1084 Arcanys -26.9 -23.1 -20.9 29.2 31.1 28.1
1166 CSW -23.4 -20.2 -18.0 25.2 27.1 24.1
1187 StayFree -27.4 -24.2 -22.0 30.1 32.3 29.6
1289 Titan -31.4 -28.2 -26.0 35.2 37.3 34.5
1320 Orange -27.7 -25.4 -23.4 31.2 33.3 30.5
1387 LGD.cn -24.6 -22.2 -20.1 27.2 29.3 26.5
1392 EG -21.7 -18.8 -16.7 23.2 25.3 22.5
1395 iG -18.3 -16.0 -13.8 19.2 21.3 18.5
1409 Liquid -22.3 -20.0 -17.8 24.2 26.3 23.3
1504 Sigma.int -19.3 -16.8 -14.5 20.2 22.3 19.3
1517 Speed -16.2 -13.7 -11.3 16.2 18.3 15.3
1532 Poseidon -20.2 -17.7 -15.3 21.4 23.6 20.0
1563 FL -17.2 -14.7 -11.9 17.4 19.6 16.0
1564 Mski -13.7 -11.8 -9.0 13.4 15.6 12.0
1577 MVP.P -10.4 -8.9 -6.2 9.4 11.6 8.0
1601 SSD -7.1 -6.0 -3.3 5.4 7.6 4.0
1633 Startale -3.6 -3.3 -0.8 1.4 3.6 0.0
1673 rox.KIS -0.8 -1.7763568394e-15 2.9 -2.6 -0.4 -4.0
1680 Mski 2.5 2.9 5.8 -6.6 -4.4 -8.0
1703 DK -1.5 -1.1 1.8 -1.3 0.5 -3.3
1775 RRQ -5.5 -5.1 -2.2 4.3 5.4 1.2
1810 TR -9.5 -9.1 -6.2 9.1 10.6 6.4
1816 TongFu -13.5 -13.1 -10.2 14.7 15.7 10.8
1888 SMM -10.3 -10.2 -7.1 10.7 11.7 6.8
1942 VP -6.9 -7.3 -4.2 6.7 7.7 2.8
1966 Speed -4.1 -4.0 -0.5 2.7 3.7 -1.2
2000 UG -8.1 -8.0 -4.5 7.8 8.6 4.2
2011 PR -12.1 -12.0 -8.5 13.4 13.3 8.7
