0 0 0.0 0.0 0.0 0.0 0.0 0.0
15 Fnatic 3.5 3.5 2.5 -4.0 -4.0 -4.0
70 Quantic 6.6 6.3 5.7 -8.0 -8.0 -8.0
79 Na'Vi 9.6 9.3 8.6 -12.0 -12.0 -12.0
91 Liquid 12.9 12.2 11.4 -16.0 -16.0 -16.0
99 VP 15.6 15.1 14.6 -20.0 -20.0 -20.0
148 Empire 18.3 18.0 17.7 -24.0 -24.0 -24.0
188 LGD.cn 14.3 14.0 13.7 -19.0 -18.7 -18.7
191 Liquid 10.3 10.0 9.7 -13.9 -13.2 -13.3
193 VP 6.3 6.0 5.7 -8.4 -7.9 -8.2
211 Liquid 8.9 9.0 8.9 -12.4 -11.9 -12.2
217 DK 12.3 11.9 11.7 -16.4 -15.9 -16.2
295 Quantic 8.3 7.9 7.7 -11.5 -10.4 -10.7
296 Quantic 11.2 11.0 10.9 -15.5 -14.4 -14.7
308 Quantic 7.2 7.0 6.9 -9.7 -9.4 -10.0
374 Dignitas 3.2 3.0 2.9 -4.2 -4.0 -5.1
497 DK -0.8 -1.0 -1.1 1.3 1.2 -0.1
575 TongFu -4.8 -5.0 -5.1 6.8 6.5 4.9
612 Na'Vi -1.6 -2.1 -2.3 2.8 2.5 0.9
620 DK -5.6 -6.1 -6.3 7.4 8.1 7.0
625 TongFu -9.6 -10.1 -10.3 13.1 13.2 11.7
639 4FC -6.3 -7.3 -7.5 9.1 9.2 7.7
687 VP -10.3 -11.3 -11.5 14.7 14.4 12.8
706 RS -14.3 -15.3 -15.5 20.2 19.7 18.0
717 mouz -11.4 -12.3 -12.4 16.2 15.7 14.0
868 GxGaming -15.4 -16.3 -16.4 21.2 21.5 19.4
879 Empire -12.6 -13.2 -13.1 17.2 17.5 15.4
998 Mski -9.5 -10.4 -10.1 13.2 13.5 11.4
1007 rox.KIS -6.4 -7.5 -7.0 9.2 9.5 7.4
1029 rox.KIS -3.8 -4.4 -3.7 5.2 5.5 3.4
1138 CSW -1.1 -1.4 -0.4 1.2 1.5 -0.6
1198 Aspera 1.9 1.5 2.7 -2.8 -2.5 -4.6
1281 Speed 4.7 4.5 5.9 -6.8 -6.5 -8.6
1298 Titan 7.4 7.5 9.3 -10.8 -10.5 -12.6
1304 Empire 10.8 10.4 12.0 -14.8 -14.5 -16.6
1393 Fnatic.eu 14.1 13.1 14.7 -18.8 -18.5 -20.6
1467 Sigma.int 10.1 9.1 10.7 -13.8 -12.9 -15.1
1493 Sigma.int 6.1 5.1 6.7 -8.9 -7.3 -9.5
1519 Orange 9.4 7.7 9.3 -12.9 -11.3 -13.5
1558 FD 5.4 3.7 5.3 -7.3 -6.3 -8.8
1565 NSG 1.4 -0.3 1.3 -2.6 -0.4 -2.9
1647 MiTH -2.6 -4.3 -2.7 3.1 4.8 1.6
1737 MiTH -6.6 -8.3 -6.7 8.0 10.9 7.4
1767 rox.KIS -3.9 -5.2 -3.2 4.0 6.9 3.4
1769 XctN -7.9 -9.2 -7.2 9.0 12.6 8.9
1794 Mski -11.9 -13.2 -11.2 14.1 18.2 14.2
1873 PBS -15.9 -17.2 -15.2 20.4 24.8 17.7
1908 Sigma.int -19.9 -21.2 -19.2 25.3 30.2 23.3
1909 Mski -16.8 -17.6 -16.5 21.3 26.2 19.3
2004 Empire -13.9 -14.7 -13.1 17.3 22.2 15.3
2101 ZR -10.8 -11.1 -11.0 13.3 18.2 11.3
2189 Dignotoss -14.8 -15.1 -15.0 18.1 22.8 17.3
2219 rox.KIS -18.8 -19.1 -19.0 23.5 28.0 22.4
2245 MYM -16.0 -16.1 -15.7 19.5 24.0 18.4
2254 Fnatic.eu -13.1 -13.1 -12.5 15.5 20.0 14.4
