0 0 0.0 0.0 0.0 0.0 0.0 0.0
51 Liquid -4.0 -4.0 -4.0 11.1 9.6 7.6
59 VP -8.0 -8.0 -8.0 22.5 18.5 15.9
71 Liquid -6.6 -6.4 -6.1 18.5 14.5 11.9
89 Liquid -5.1 -4.7 -4.3 14.5 10.5 7.9
172 Liquid -3.5 -3.1 -2.6 10.5 6.5 3.9
231 Na'Vi -2.0 -1.5 -0.8 6.5 2.5 -0.1
234 rox.KIS -0.5 0.2 1.0 2.5 -1.5 -4.1
248 Liquid 1.1 1.9 2.8 -1.5 -5.5 -8.1
251 Alliance 2.6 3.6 4.6 -5.5 -9.5 -12.1
258 Alliance 4.1 5.3 6.5 -9.5 -13.5 -16.1
270 Liquid 5.6 7.0 8.4 -13.5 -17.5 -20.1
274 Liquid 7.0 8.7 10.3 -17.5 -21.5 -24.1
279 Dignitas 8.4 10.4 12.3 -21.5 -25.5 -28.1
326 PR 4.4 6.4 8.3 -11.4 -16.1 -19.5
333 VG 5.8 8.1 10.3 -15.4 -20.1 -23.5
355 DK 1.8 4.1 6.3 -6.5 -10.4 -14.4
378 VP 3.3 5.7 8.1 -10.5 -14.4 -18.4
393 Kaipi -0.7 1.7 4.1 -1.3 -4.5 -9.9
469 Alliance 0.9 3.3 5.9 -5.3 -8.5 -13.9
481 TM 2.2 5.0 7.9 -9.3 -12.5 -17.9
489 LGD.int 3.8 6.6 9.8 -13.3 -16.5 -21.9
557 Liquid -0.2 2.6 5.8 -2.8 -7.5 -13.8
585 VP 1.3 4.4 7.7 -6.8 -11.5 -17.8
598 LGD.cn 2.8 6.1 9.6 -10.8 -15.5 -21.8
624 Liquid 4.3 7.8 11.5 -14.8 -19.5 -25.8
626 iCCup 0.3 3.8 7.5 -4.0 -10.0 -17.6
632 mouz 1.8 5.5 9.4 -8.0 -14.0 -21.6
672 Orange 3.4 7.2 11.3 -12.0 -18.0 -25.6
696 Fnatic.eu 5.0 8.8 13.1 -16.0 -22.0 -29.6
697 Kaipi 6.6 10.4 14.9 -20.0 -26.0 -33.6
715 mouz 8.1 12.1 16.8 -24.0 -30.0 -37.6
759 Orange 9.7 13.9 18.8 -28.0 -34.0 -41.6
778 DK 11.1 15.7 20.8 -32.0 -38.0 -45.6
823 GL.eu 12.5 17.3 22.7 -36.0 -42.0 -49.6
826 EVOPLAY 14.2 18.8 24.6 -40.0 -46.0 -53.6
938 Mski 16.0 20.3 26.3 -44.0 -50.0 -57.6
976 StayFree 17.4 22.0 28.3 -48.0 -54.0 -61.6
977 Na'Vi 18.9 23.7 30.3 -52.0 -58.0 -65.6
1042 Empire 20.4 25.4 32.2 -56.0 -62.0 -69.6
1059 TongFu 22.2 26.9 33.8 -60.0 -66.0 -73.6
1070 Quantic 18.2 22.9 29.8 -49.7 -56.7 -65.2
1133 MUFC 14.2 18.9 25.8 -39.4 -47.3 -56.7
1217 Speed 10.2 14.9 21.8 -29.4 -38.0 -48.4
1222 LGD.cn 12.1 16.5 23.5 -33.4 -42.0 -52.4
1237 FSid3 8.1 12.5 19.5 -23.0 -32.5 -44.0
1276 CSW 9.6 14.2 21.4 -27.0 -36.5 -48.0
1328 Dignitas 11.3 15.9 23.2 -31.0 -40.5 -52.0
1383 LGD.cn 12.8 17.7 25.2 -35.0 -44.5 -56.0
1421 Na'Vi 14.3 19.3 27.1 -39.0 -48.5 -60.0
1489 Na'Vi 16.0 21.0 29.0 -43.0 -52.5 -64.0
1507 DK 17.7 22.7 30.7 -47.0 -56.5 -68.0
1524 Aspera 19.1 24.5 32.7 -51.0 -60.5 -72.0
1530 Empire 20.6 26.2 34.6 -55.0 -64.5 -76.0
1548 Na'Vi 22.2 27.8 36.4 -59.0 -68.5 -80.0
1583 Sigma.int 23.6 29.5 38.4 -63.0 -72.5 -84.0
1586 Fnatic.eu 19.6 25.5 34.4 -53.4 -63.1 -74.7
1594 FD 15.6 21.5 30.4 -44.6 -53.1 -65.5
1641 RRQ 11.6 17.5 26.4 -35.4 -43.1 -55.9
1653 mouz 13.2 19.1 28.2 -39.4 -47.1 -59.9
1712 VP 14.9 20.8 30.0 -43.4 -51.1 -63.9
1713 Sigma.int 16.7 22.2 31.7 -47.4 -55.1 -67.9
1719 HR 18.5 23.7 33.3 -51.4 -59.1 -71.9
1719 HR 20.3 25.2 34.9 -55.4 -63.1 -75.9
1723 Mski 22.0 26.8 36.5 -59.4 -67.1 -79.9
1724 LGD.cn 23.6 28.5 38.4 -63.4 -71.1 -83.9
1779 Fnatic.eu 25.4 30.0 40.0 -67.4 -75.1 -87.9
1784 LGD.cn 27.0 31.6 42.0 -71.4 -79.1 -91.9
1795 Empire 28.6 33.4 43.8 -75.4 -83.1 -95.9
1797 TR 24.6 29.4 39.8 -66.0 -73.3 -86.4
1800 Empire 26.2 31.0 41.6 -70.0 -77.3 -90.4
1806 DT 27.9 32.6 43.4 -74.0 -81.3 -94.4
1823 SSD 29.6 34.2 45.1 -78.0 -85.3 -98.4
1852 SSD 31.3 35.8 46.8 -82.0 -89.3 -102.4
1939 Na'Vi 33.0 37.7 48.2 -86.0 -93.3 -106.4
2047 Empire 34.7 39.7 49.5 -90.0 -97.3 -110.4
2056 bvd.dotA 36.2 41.4 51.6 -94.0 -101.3 -114.4
2102 MYM 37.8 43.1 53.5 -98.0 -105.3 -118.4
2128 Alliance 39.4 44.8 55.1 -102.0 -109.3 -122.4
2132 Fnatic.eu 41.1 46.5 56.7 -106.0 -113.3 -126.4
2137 Revenge 42.8 48.3 57.9 -110.0 -117.3 -130.4
2139 eHug 44.5 50.1 59.4 -114.0 -121.3 -134.4
2149 Sigma.int 46.1 51.8 61.3 -118.0 -125.3 -138.4
2170 ZR 42.1 47.8 57.3 -108.9 -115.6 -129.5
2177 Dog 43.5 49.6 59.7 -112.9 -119.6 -133.5
2204 Osiris 39.5 45.6 55.7 -103.6 -110.0 -124.5
2215 ADN 35.5 41.6 51.7 -94.5 -100.3 -117.7
2226 Empire 31.5 37.6 47.7 -84.6 -90.4 -111.3
2288 EG 27.5 33.6 43.7 -75.1 -80.7 -103.5
