0 0 0.0 0.0 0.0 0.0 0.0 0.0
16 Empire -4.0 -4.0 -4.0 4.6 4.9 5.0
67 Ptd.Bravo -8.0 -8.0 -8.0 9.3 10.1 9.6
83 s4 -12.0 -12.0 -12.0 13.1 15.3 15.0
142 Alliance -16.0 -16.0 -16.0 18.3 20.1 19.7
145 Alliance -12.8 -12.7 -12.8 14.3 16.1 15.7
201 Orange -9.8 -9.4 -9.3 10.3 12.1 11.7
247 Dignitas -7.1 -6.0 -5.7 6.3 8.1 7.7
259 Liquid -4.0 -2.7 -2.2 2.3 4.1 3.7
285 rox.KIS -1.0 0.5 1.2 -1.7 0.1 -0.3
349 Quantic 2.0 3.8 4.9 -5.7 -3.9 -4.3
395 LGD.cn 5.3 7.0 8.2 -9.7 -7.9 -8.3
405 mouz 1.3 3.0 4.2 -5.1 -3.0 -3.4
478 rox.KIS 4.8 6.0 7.3 -9.1 -7.0 -7.4
567 mouz 7.8 9.2 10.7 -13.1 -11.0 -11.4
599 Na'Vi 11.3 12.2 13.6 -17.1 -15.0 -15.4
673 LGD.cn 14.3 15.5 17.1 -21.1 -19.0 -19.4
710 VP 17.5 18.6 20.3 -25.1 -23.0 -23.4
735 Dignitas 20.9 21.7 23.3 -29.1 -27.0 -27.4
840 TS 24.1 24.9 26.6 -33.1 -31.0 -31.4
846 Next.kz 27.2 28.2 30.0 -37.1 -35.0 -35.4
869 SFEC 23.2 24.2 26.0 -31.7 -30.1 -30.9
939 Poseidon 26.0 27.6 29.7 -35.7 -34.1 -34.9
942 Quantic 22.0 23.6 25.7 -31.2 -28.9 -30.0
1107 Rain 18.0 19.6 21.7 -26.0 -24.1 -25.4
1142 SYF 21.5 22.8 24.8 -30.0 -28.1 -29.4
1193 Speed 17.5 18.8 20.8 -25.5 -23.0 -24.3
1378 Imp 20.3 22.3 24.5 -29.5 -27.0 -28.3
1420 FD 23.8 25.2 27.7 -33.5 -31.0 -32.3
1435 mouz 27.3 28.3 30.7 -37.5 -35.0 -36.3
1491 Fnatic.eu 30.5 31.7 34.4 -41.5 -39.0 -40.3
1588 LGD.cn 26.5 27.7 30.4 -37.2 -33.2 -34.0
1824 Empire 29.7 30.9 33.9 -41.2 -37.2 -38.0
1969 hehe 32.6 34.3 37.6 -45.2 -41.2 -42.0
1974 bvd.dotA 28.6 30.3 33.6 -40.0 -36.3 -38.7
1977 Empire 24.6 26.3 29.6 -35.1 -31.4 -34.2
1993 Liquid 27.7 29.7 33.3 -39.1 -35.4 -38.2
2036 Zephyr 30.7 33.0 36.8 -43.1 -39.4 -42.2
2105 Mongolz 34.2 36.6 39.3 -47.1 -43.4 -46.2
2122 4FC 37.5 39.8 42.2 -51.1 -47.4 -50.2
2142 MVP.P 41.0 42.6 45.0 -55.1 -51.4 -54.2
2151 Insane 37.0 38.6 41.0 -50.3 -46.3 -48.9
2168 Dignotoss 39.9 42.2 44.8 -54.3 -50.3 -52.9
2183 4N 35.9 38.2 40.8 -49.4 -45.4 -48.2
2250 Execration 31.9 34.2 36.8 -44.5 -40.4 -43.7
2272 Arrow 34.9 37.8 40.8 -48.5 -44.4 -47.7
2287 VG 30.9 33.8 36.8 -42.9 -38.8 -44.0
