0 0 0.0 0.0 0.0 0.0 0.0 0.0
57 Dignitas 1.7 2.2 2.4 -4.0 -4.0 -4.0
82 Orange -2.3 -1.8 -1.6 3.7 3.6 3.2
153 Liquid -6.3 -5.8 -5.6 10.5 11.1 10.8
166 Fnatic.eu -4.3 -3.7 -3.3 6.5 7.1 6.8
292 rox.KIS -8.3 -7.7 -7.3 14.9 14.5 13.6
299 rox.KIS -6.3 -5.6 -5.1 10.9 10.5 9.6
302 EG -4.4 -3.4 -2.6 6.9 6.5 5.6
305 mouz -2.4 -1.2 -0.2 2.9 2.5 1.6
363 Alliance -0.3 0.9 1.9 -1.1 -1.5 -2.4
365 rox.KIS -4.3 -3.1 -2.1 7.2 5.8 3.9
412 mouz -2.4 -1.0 0.2 3.2 1.8 -0.1
467 Na'Vi -0.6 1.1 2.5 -0.8 -2.2 -4.1
482 Smeagol 1.2 3.4 4.9 -4.8 -6.2 -8.1
588 Zenith -2.8 -0.6 0.9 2.6 1.4 -1.2
589 Alliance -0.8 1.5 3.3 -1.4 -2.6 -5.2
616 TongFu 1.0 3.7 5.9 -5.4 -6.6 -9.2
630 iG 3.0 5.8 8.2 -9.4 -10.6 -13.2
688 VP 5.0 7.9 10.6 -13.4 -14.6 -17.2
695 Alliance 7.0 10.1 13.0 -17.4 -18.6 -21.2
762 Na'Vi 9.1 12.1 15.2 -21.4 -22.6 -25.2
817 Lounge 11.1 14.1 17.5 -25.4 -26.6 -29.2
836 Poseidon 12.9 16.2 19.9 -29.4 -30.6 -33.2
858 FSid3 14.8 18.2 22.3 -33.4 -34.6 -37.2
861 Aspera 17.1 20.2 24.4 -37.4 -38.6 -41.2
985 Inv.kwnku 18.9 22.3 26.8 -41.4 -42.6 -45.2
995 Inv.kwnku 20.6 24.4 29.4 -45.4 -46.6 -49.2
1023 VG 22.6 26.6 31.6 -49.4 -50.6 -53.2
1024 LGD.cn 24.9 28.6 33.6 -53.4 -54.6 -57.2
1049 Dreamz 26.8 30.8 36.1 -57.4 -58.6 -61.2
1148 HR 28.5 33.0 38.7 -61.4 -62.6 -65.2
1164 Titan 24.5 29.0 34.7 -54.5 -54.5 -57.3
1170 VG 26.6 31.1 37.0 -58.5 -58.5 -61.3
1227 Empire 28.4 33.3 39.4 -62.5 -62.5 -65.3
1255 Empire 30.4 35.4 41.7 -66.5 -66.5 -69.3
1265 Fnatic.eu 26.4 31.4 37.7 -58.4 -59.0 -62.7
1300 4FC 28.4 33.5 40.1 -62.4 -63.0 -66.7
1309 4FC 30.6 35.4 42.2 -66.4 -67.0 -70.7
1312 Arteezy 32.6 37.4 44.4 -70.4 -71.0 -74.7
1363 Speed 34.7 39.4 46.8 -74.4 -75.0 -78.7
1406 EG 30.7 35.4 42.8 -65.9 -67.7 -72.6
1437 Liquid 32.7 37.6 45.2 -69.9 -71.7 -76.6
1484 DK 34.6 39.8 47.7 -73.9 -75.7 -80.6
1496 Sigma.int 36.5 42.1 50.4 -77.9 -79.7 -84.6
1650 VP 38.4 44.3 52.6 -81.9 -83.7 -88.6
1739 5inQ 34.4 40.3 48.6 -74.1 -75.9 -82.2
1770 5inQ 36.1 42.9 51.6 -78.1 -79.9 -86.2
1818 FD 38.3 45.0 53.7 -82.1 -83.9 -90.2
1854 SSD 34.3 41.0 49.7 -75.2 -75.7 -82.4
1858 Empire 36.6 43.7 51.1 -79.2 -79.7 -86.4
1920 Mski 32.6 39.7 47.1 -70.9 -73.2 -80.4
1924 Sigma.int 34.9 42.4 48.8 -74.9 -77.2 -84.4
1931 Swage 30.9 38.4 44.8 -66.9 -69.9 -77.8
1970 hehe 33.0 40.5 46.7 -70.9 -73.9 -81.8
2043 Liquid 35.5 43.1 48.0 -74.9 -77.9 -85.8
2044 Arrow 37.8 45.9 49.4 -78.9 -81.9 -89.8
2072 About 33.8 41.9 45.4 -71.5 -74.8 -82.1
2086 PssT 29.8 37.9 41.4 -64.2 -69.0 -73.5
2094 Insane 25.8 33.9 37.4 -56.4 -62.0 -67.3
2135 rox.KIS 27.8 36.1 39.9 -60.4 -66.0 -71.3
2140 PssT 23.8 32.1 35.9 -53.0 -58.0 -64.0
2258 Arrow 19.8 28.1 31.9 -44.7 -51.2 -58.3
2270 RRQ 15.8 24.1 27.9 -37.3 -43.9 -51.3
