0 0 0.0 0.0 0.0 0.0 0.0 0.0
19 Empire 1.5 1.9 1.9 -4.0 -4.0 -4.0
26 Empire -2.5 -2.1 -2.1 6.4 4.5 3.8
48 VP -1.1 -0.5 0.0 2.4 0.5 -0.2
53 VP -5.1 -4.5 -4.0 13.0 9.2 7.9
93 Na'Vi -3.5 -2.7 -2.0 9.0 5.2 3.9
179 Liquid -7.5 -6.7 -6.0 18.8 14.0 12.0
213 DK -11.5 -10.7 -10.0 27.7 22.9 20.5
221 Alliance -9.9 -8.9 -8.0 23.7 18.9 16.5
224 mouz -13.9 -12.9 -12.0 33.0 28.0 24.7
229 Liquid -17.9 -16.9 -16.0 43.2 36.8 32.6
233 mouz -16.3 -15.2 -14.1 39.2 32.8 28.6
260 Alliance -14.7 -13.4 -12.2 35.2 28.8 24.6
297 rox.KIS -13.2 -11.6 -10.2 31.2 24.8 20.6
315 Liquid -11.5 -9.8 -8.3 27.2 20.8 16.6
327 rox.KIS -15.5 -13.8 -12.3 37.2 29.5 24.5
334 VP -14.1 -12.0 -10.2 33.2 25.5 20.5
357 LGD.cn -12.4 -10.2 -8.3 29.2 21.5 16.5
383 RS -16.4 -14.2 -12.3 38.5 30.7 25.2
449 VP -14.9 -12.3 -10.1 34.5 26.7 21.2
452 EG -13.3 -10.5 -8.1 30.5 22.7 17.2
459 Alliance -11.7 -8.7 -6.1 26.5 18.7 13.2
515 Alliance -10.2 -6.8 -3.9 22.5 14.7 9.2
517 Alliance -8.7 -5.0 -1.8 18.5 10.7 5.2
545 Alliance -7.2 -3.1 0.4 14.5 6.7 1.2
558 rox.KIS -5.5 -1.3 2.4 10.5 2.7 -2.8
595 Alliance -3.9 0.4 4.3 6.5 -1.3 -6.8
602 Alliance -2.3 2.2 6.2 2.5 -5.3 -10.8
605 LGD.int -0.5 3.9 8.1 -1.5 -9.3 -14.8
623 Alliance 1.1 5.7 10.1 -5.5 -13.3 -18.8
627 EG 2.9 7.4 12.0 -9.5 -17.3 -22.8
679 Fnatic.eu -1.1 3.4 8.0 0.2 -8.7 -15.0
693 Alliance 0.5 5.1 9.9 -3.8 -12.7 -19.0
708 iCCup -3.5 1.1 5.9 6.1 -3.8 -11.0
741 TongFu -2.0 2.9 8.4 2.1 -7.8 -15.0
807 Na'Vi -0.4 4.6 10.3 -1.9 -11.8 -19.0
814 Kaipi 1.1 6.4 12.4 -5.9 -15.8 -23.0
842 Menace -2.9 2.4 8.4 3.5 -6.8 -14.3
843 Empire -1.0 4.1 10.2 -0.5 -10.8 -18.3
885 Aspera 0.7 5.8 12.1 -4.5 -14.8 -22.3
898 Mski 2.3 7.5 14.0 -8.5 -18.8 -26.3
983 Fnatic.eu 4.1 9.2 15.8 -12.5 -22.8 -30.3
987 Fnatic.eu 5.7 11.0 17.8 -16.5 -26.8 -34.3
992 PBS 1.7 7.0 13.8 -6.2 -18.5 -26.5
1004 EG 3.3 8.7 15.7 -10.2 -22.5 -30.5
1020 Na'Vi 5.0 10.4 17.6 -14.2 -26.5 -34.5
1048 MiTH 6.6 12.1 19.6 -18.2 -30.5 -38.5
1061 RS.int 8.1 13.9 21.7 -22.2 -34.5 -42.5
1062 MiTH 9.8 15.6 23.6 -26.2 -38.5 -46.5
1071 Quantic 11.6 17.2 25.4 -30.2 -42.5 -50.5
1130 TongFu 13.2 19.0 27.4 -34.2 -46.5 -54.5
1173 Empire 14.9 20.7 29.3 -38.2 -50.5 -58.5
1208 Imp 10.9 16.7 25.3 -29.7 -41.0 -49.5
1216 LGD.cn 12.3 18.5 27.5 -33.7 -45.0 -53.5
1221 iG 8.3 14.5 23.5 -22.4 -36.1 -46.5
1292 SSD 4.3 10.5 19.5 -14.0 -26.7 -37.5
1296 mouz 6.0 12.3 21.5 -18.0 -30.7 -41.5
1334 iG 7.5 14.1 23.7 -22.0 -34.7 -45.5
1353 Alliance 9.2 15.8 25.6 -26.0 -38.7 -49.5
1401 Alliance 11.0 17.5 27.5 -30.0 -42.7 -53.5
1456 Liquid 12.5 19.3 29.5 -34.0 -46.7 -57.5
1461 rox.KIS 8.5 15.3 25.5 -24.4 -37.9 -49.4
1475 TongFu3 10.3 17.0 27.4 -28.4 -41.9 -53.4
1518 Speed 6.3 13.0 23.4 -18.7 -33.5 -45.8
1545 LGD.cn 7.8 14.8 25.6 -22.7 -37.5 -49.8
1553 Fnatic.eu 3.8 10.8 21.6 -13.4 -28.7 -42.2
1557 LGD.int -0.2 6.8 17.6 -4.7 -19.2 -33.7
1576 5inQ 1.3 8.7 19.9 -8.7 -23.2 -37.7
1578 VG -2.7 4.7 15.9 0.5 -14.3 -29.4
1587 Idol -1.2 6.5 18.2 -3.5 -18.3 -33.4
1600 TR -5.2 2.5 14.2 7.4 -9.9 -26.3
1608 VP -9.2 -1.5 10.2 17.3 -1.0 -18.8
1618 FD -7.6 0.2 12.3 13.3 -5.0 -22.8
1624 PR -6.0 2.0 14.3 9.3 -9.0 -26.8
1651 rox.KIS -4.3 3.7 16.2 5.3 -13.0 -30.8
1679 Speed -2.6 5.4 18.1 1.3 -17.0 -34.8
1690 Mski -0.6 6.9 19.6 -2.7 -21.0 -38.8
1712 VP 1.3 8.5 21.3 -6.7 -25.0 -42.8
1736 Lowyat -2.7 4.5 17.3 2.5 -16.0 -34.9
1742 Na'Vi -1.2 6.5 19.5 -1.5 -20.0 -38.9
1758 DK 0.4 8.3 21.6 -5.5 -24.0 -42.9
1825 DK 2.0 10.1 23.7 -9.5 -28.0 -46.9
1845 DK 3.9 12.3 24.9 -13.5 -32.0 -50.9
1875 iG 5.5 14.0 26.8 -17.5 -36.0 -54.9
1903 Titan 7.5 16.4 28.1 -21.5 -40.0 -58.9
1910 FD 9.4 18.6 29.6 -25.5 -44.0 -62.9
1917 Orange 11.4 20.2 31.3 -29.5 -48.0 -66.9
1936 Alliance 13.2 22.2 33.0 -33.5 -52.0 -70.9
1963 Life 9.2 18.2 29.0 -24.1 -42.4 -64.0
1965 Relax 10.9 20.2 30.6 -28.1 -46.4 -68.0
1995 SADBOYS 12.4 22.2 33.1 -32.1 -50.4 -72.0
2018 Fnatic.eu 8.4 18.2 29.1 -23.2 -40.9 -63.2
2074 vhoul 4.4 14.2 25.1 -12.8 -31.2 -56.3
2079 Empire 6.0 16.1 27.2 -16.8 -35.2 -60.3
2093 rox.KIS 7.8 18.0 28.4 -20.8 -39.2 -64.3
2136 Swage 9.5 19.9 30.2 -24.8 -43.2 -68.3
2171 Relax 11.3 21.7 32.0 -28.8 -47.2 -72.3
2218 VP 7.3 17.7 28.0 -19.3 -39.0 -64.6
2269 Na'Vi 9.1 19.6 29.7 -23.3 -43.0 -68.6
2274 LGD.cn 11.0 21.9 31.0 -27.3 -47.0 -72.6
2283 Fnatic.eu 12.7 23.8 32.9 -31.3 -51.0 -76.6
2289 DT.NGC 8.7 19.8 28.9 -20.8 -39.5 -70.7
2290 Orange 4.7 15.8 24.9 -11.6 -31.1 -62.9
2299 Orange 0.7 11.8 20.9 -2.2 -22.4 -55.8
2310 LGD.cn 2.4 13.7 22.7 -6.2 -26.4 -59.8
2335 MYM 4.1 15.5 24.6 -10.2 -30.4 -63.8
