0 0 0.0 0.0 0.0 0.0 0.0 0.0
508 Na'Vi 0.5 0.6 0.7 -4.0 -4.0 -4.0
956 Alliance 1.0 1.1 1.4 -8.0 -8.0 -8.0
1123 Na'Vi 1.4 1.7 2.1 -12.0 -12.0 -12.0
1146 iG 1.8 2.3 2.8 -16.0 -16.0 -16.0
1169 DK 2.2 2.9 3.6 -20.0 -20.0 -20.0
1203 TongFu 2.6 3.5 4.3 -24.0 -24.0 -24.0
1247 iG 3.0 4.1 5.1 -28.0 -28.0 -28.0
1314 TongFu 3.4 4.7 5.8 -32.0 -32.0 -32.0
1322 DK 3.8 5.2 6.5 -36.0 -36.0 -36.0
1341 Alliance 4.3 5.8 7.2 -40.0 -40.0 -40.0
1442 LGD.int 4.7 6.4 7.9 -44.0 -44.0 -44.0
1685 Alliance 5.2 7.0 8.6 -48.0 -48.0 -48.0
1689 iG 5.7 7.6 9.3 -52.0 -52.0 -52.0
1699 OsG 1.7 3.6 5.3 -23.6 -25.7 -28.6
1808 iG 2.1 4.2 6.1 -27.6 -29.7 -32.6
2315 Alliance 2.7 4.9 6.6 -31.6 -33.7 -36.6
