0 0 0.0 0.0 0.0 0.0 0.0 0.0
37 mouz -4.0 -4.0 -4.0 4.7 4.0 4.3
47 VP -8.0 -8.0 -8.0 9.4 8.5 8.1
52 Fnatic.eu -12.0 -12.0 -12.0 13.5 12.8 12.4
55 mouz -8.2 -8.5 -8.2 9.5 8.8 8.4
84 Liquid -12.2 -12.5 -12.2 13.9 13.4 12.5
103 Fnatic.eu -8.4 -9.0 -8.8 9.9 9.4 8.5
120 Na'Vi -5.0 -5.3 -5.0 5.9 5.4 4.5
192 VP -9.0 -9.3 -9.0 10.7 9.7 8.6
200 VP -5.2 -5.7 -5.4 6.7 5.7 4.6
204 Fnatic.eu -9.2 -9.7 -9.4 10.9 10.1 9.0
267 mouz -5.8 -5.9 -5.5 6.9 6.1 5.0
329 RAT -2.7 -2.1 -1.6 2.9 2.1 1.0
354 Alliance 1.1 1.5 2.0 -1.1 -1.9 -3.0
516 Quantic 4.6 5.3 6.1 -5.1 -5.9 -7.0
530 Orange 7.8 9.3 10.4 -9.1 -9.9 -11.0
559 mouz 11.2 13.0 14.3 -13.1 -13.9 -15.0
563 iG 14.5 16.8 18.3 -17.1 -17.9 -19.0
583 iCCup 10.5 12.8 14.3 -12.7 -13.5 -14.9
633 Liquid 14.1 16.4 18.1 -16.7 -17.5 -18.9
684 VP 17.9 20.0 21.9 -20.7 -21.5 -22.9
724 Kaipi 21.4 23.7 25.7 -24.7 -25.5 -26.9
787 TongFu 24.6 27.6 29.8 -28.7 -29.5 -30.9
794 DK 20.6 23.6 25.8 -24.5 -25.0 -26.6
804 TongFu 24.0 27.5 29.8 -28.5 -29.0 -30.6
895 Next.kz 27.5 31.2 33.4 -32.5 -33.0 -34.6
929 Dreamz 23.5 27.2 29.4 -27.8 -28.9 -30.6
955 DUZA 27.5 30.6 32.7 -31.8 -32.9 -34.6
1003 Kaipi 30.7 34.6 36.9 -35.8 -36.9 -38.6
1014 Na'Vi 26.7 30.6 32.9 -31.0 -32.7 -34.6
1026 PBS 30.1 34.6 36.8 -35.0 -36.7 -38.6
1260 Sigma.int 26.1 30.6 32.8 -30.8 -32.2 -34.2
1374 VP 29.6 34.4 36.5 -34.8 -36.2 -38.2
1502 DK 32.9 38.4 40.7 -38.8 -40.2 -42.2
1505 Na'Vi 28.9 34.4 36.7 -34.4 -35.8 -38.1
1570 SSD 24.9 30.4 32.7 -30.4 -31.3 -33.4
1592 VG 28.6 34.1 36.6 -34.4 -35.3 -37.4
1638 VG 31.6 38.4 41.3 -38.4 -39.3 -41.4
1675 Empire 35.2 42.2 45.2 -42.4 -43.3 -45.4
1715 Poseidon 31.2 38.2 41.2 -37.9 -38.7 -41.4
1717 VP 34.9 41.7 44.7 -41.9 -42.7 -45.4
1757 iG 38.4 45.3 48.6 -45.9 -46.7 -49.4
1782 Mski 42.2 48.8 52.1 -49.9 -50.7 -53.4
2060 Fnatic.eu 38.2 44.8 48.1 -45.3 -46.5 -49.4
2092 Empire 34.2 40.8 44.1 -41.0 -42.1 -45.1
2246 Execration 38.1 44.7 47.0 -45.0 -46.1 -49.1
