0 0 0.0 0.0 0.0 0.0 0.0 0.0
958 PR -4.0 -4.0 -4.0 24.7 24.0 20.8
1112 DK -3.5 -3.3 -3.2 20.7 20.0 16.8
1129 iG -3.0 -2.6 -2.4 16.7 16.0 12.8
1195 VG -2.5 -1.9 -1.6 12.7 12.0 8.8
1321 Fnatic.eu -1.8 -1.2 -1.0 8.7 8.0 4.8
1352 DK -1.2 -0.6 -0.2 4.7 4.0 0.8
1388 iG -0.7 0.1 0.6 0.7 0.0 -3.2
1412 DK -0.3 0.8 1.5 -3.3 -4.0 -7.2
1494 Na'Vi 0.3 1.5 2.3 -7.3 -8.0 -11.2
1629 Fnatic.eu 0.8 2.1 3.1 -11.3 -12.0 -15.2
1788 Sigma.int 1.4 2.8 4.0 -15.3 -16.0 -19.2
1814 LGD.cn 1.9 3.5 4.9 -19.3 -20.0 -23.2
1868 Na'Vi 2.6 4.3 5.4 -23.3 -24.0 -27.2
1975 Fnatic.eu 3.3 5.1 5.8 -27.3 -28.0 -31.2
2275 Orange 4.0 5.8 6.5 -31.3 -32.0 -35.2
2282 iG 4.7 6.7 7.0 -35.3 -36.0 -39.2
2313 Alliance 5.4 7.4 7.8 -39.3 -40.0 -43.2
2321 Liquid 6.2 8.3 8.3 -43.3 -44.0 -47.2
