0 0 0.0 0.0 0.0 0.0 0.0 0.0
505 Na'Vi 0.5 0.6 0.8 -4.0 -4.0 -4.0
1118 LGD.cn 0.9 1.2 1.6 -8.0 -8.0 -8.0
1151 Alliance 1.4 1.9 2.4 -12.0 -12.0 -12.0
1191 DK 1.8 2.6 3.2 -16.0 -16.0 -16.0
1215 iG 2.2 3.3 4.0 -20.0 -20.0 -20.0
1351 VG 2.6 4.0 4.8 -24.0 -24.0 -24.0
1390 Alliance 3.1 4.6 5.5 -28.0 -28.0 -28.0
1423 Alliance 3.6 5.2 6.2 -32.0 -32.0 -32.0
1511 Sigma.int 4.1 5.9 6.9 -36.0 -36.0 -36.0
1807 LGD.cn 4.6 6.5 7.7 -40.0 -40.0 -40.0
1822 Fnatic.eu 5.1 7.1 8.4 -44.0 -44.0 -44.0
2228 Titan 5.8 7.9 8.8 -48.0 -48.0 -48.0
