987 1150 2.0 3.2 3.7 -4.0 -4.0 -4.0
1003 1172 20.9 24.0 23.8 -8.0 -8.0 -8.0
1011 1180 16.9 20.0 19.8 -2.8 -3.5 -3.9
1014 1183 18.3 21.3 21.3 -6.8 -7.5 -7.9
1023 1193 22.8 26.4 26.4 -10.8 -11.5 -11.9
1047 1217 32.8 35.7 34.7 -14.8 -15.5 -15.9
1060 1236 36.9 39.5 38.7 -18.8 -19.5 -19.9
1068 1245 37.9 40.8 40.3 -22.8 -23.5 -23.9
1077 1257 33.9 36.8 36.3 -11.0 -13.7 -15.5
1099 1281 36.7 39.8 39.5 -15.0 -17.7 -19.5
1100 1283 37.9 41.0 40.7 -19.0 -21.7 -23.5
1103 1288 33.9 37.0 36.7 -17.2 -19.8 -21.6
1141 1326 29.9 33.0 32.7 -4.2 -7.8 -11.5
1142 1327 30.5 33.7 33.6 -8.2 -11.8 -15.5
1171 1362 30.9 34.2 34.3 -12.2 -15.8 -19.5
1172 1363 33.0 36.2 36.7 -16.2 -19.8 -23.5
1210 1405 33.8 37.3 38.1 -20.2 -23.8 -27.5
1223 1426 35.2 38.8 39.8 -24.2 -27.8 -31.5
1239 1445 37.0 41.2 42.5 -28.2 -31.8 -35.5
1259 1472 33.0 37.2 38.5 -19.8 -25.8 -30.3
1262 1478 29.0 33.2 34.5 -18.6 -24.5 -28.9
1270 1486 25.0 29.2 30.5 -14.4 -19.5 -23.8
1275 1491 21.0 25.2 26.5 -11.2 -16.1 -20.1
1280 1497 34.6 37.1 37.4 -15.2 -20.1 -24.1
1283 1500 35.3 38.0 38.6 -19.2 -24.1 -28.1
1286 1503 37.8 40.1 41.0 -23.2 -28.1 -32.1
1292 1509 41.2 43.7 44.7 -27.2 -32.1 -36.1
1297 1515 52.2 54.5 54.5 -31.2 -36.1 -40.1
1299 1517 55.3 57.6 57.7 -35.2 -40.1 -44.1
1300 1518 65.0 66.0 65.3 -39.2 -44.1 -48.1
1390 1615 67.9 68.8 68.4 -43.2 -48.1 -52.1
1450 1679 69.6 70.5 70.3 -47.2 -52.1 -56.1
1465 1702 65.6 66.5 66.3 -43.7 -48.7 -52.7
1476 1710 71.7 72.7 72.2 -47.7 -52.7 -56.7
1503 1740 67.7 68.7 68.2 -41.3 -47.1 -51.9
1517 1756 63.7 64.7 64.2 -33.5 -40.2 -46.2
1563 1816 59.7 60.7 60.2 -27.9 -35.1 -41.8
1669 1930 55.7 56.7 56.2 -25.8 -33.0 -39.4
1700 1966 58.5 60.0 59.9 -29.8 -37.0 -43.4
1716 1982 59.5 61.2 60.8 -33.8 -41.0 -47.4
1719 1985 55.5 57.2 56.8 -24.0 -32.3 -37.1
1724 1992 56.4 58.3 58.2 -28.0 -36.3 -41.1
1730 2001 57.3 59.6 59.7 -32.0 -40.3 -45.1
1733 2004 53.3 55.6 55.7 -29.1 -37.4 -41.7
1735 2006 49.3 51.6 51.7 -25.0 -33.4 -35.7
1741 2014 50.5 52.9 52.6 -29.0 -37.4 -39.7
1742 2015 51.3 53.8 53.8 -33.0 -41.4 -43.7
1762 2039 57.7 60.2 60.3 -37.0 -45.4 -47.7
