914 1055 -4.0 -4.0 -4.0 0.6 0.7 0.9
922 1065 -3.0 -2.5 -2.3 -3.4 -3.3 -3.1
971 1125 -7.0 -6.5 -6.3 -1.8 -1.7 -1.5
1024 1183 -11.0 -10.5 -10.3 -0.4 -0.4 0.0
1042 1202 -9.7 -9.0 -8.5 -4.4 -4.4 -4.0
1119 1292 -1.3 0.4 0.5 -8.4 -8.4 -8.0
1205 1386 -5.3 -3.6 -3.5 2.0 1.7 1.0
1242 1435 -9.3 -7.6 -7.5 5.5 4.8 4.0
1320 1523 4.1 5.7 3.8 1.5 0.8 0.0
1338 1541 0.1 1.7 -0.2 8.2 6.9 5.5
1341 1544 1.8 3.6 1.9 4.2 2.9 1.5
1363 1570 5.8 8.1 6.6 0.2 -1.1 -2.5
1376 1584 8.2 10.9 9.5 -3.8 -5.1 -6.5
1393 1601 11.5 13.8 12.4 -7.8 -9.1 -10.5
1413 1623 13.4 15.7 14.4 -11.8 -13.1 -14.5
1543 1754 9.4 11.7 10.4 1.1 -1.7 -4.8
1544 1755 10.5 13.1 12.1 -2.9 -5.7 -8.8
1565 1779 6.5 9.1 8.1 -1.1 -4.2 -7.2
1576 1790 2.5 5.1 4.1 -0.1 -3.3 -6.2
1608 1823 4.2 6.7 5.8 -4.1 -7.3 -10.2
1625 1841 6.0 8.7 8.0 -8.1 -11.3 -14.2
1636 1852 7.7 10.3 9.7 -12.1 -15.3 -18.2
1637 1853 3.7 6.3 5.7 -11.1 -14.5 -17.3
1638 1854 10.6 14.5 13.5 -15.1 -18.5 -21.3
1643 1862 6.6 10.5 9.5 -4.2 -7.9 -11.5
