874 1023 -4.0 -4.0 -4.0 2.0 2.2 2.2
919 1073 -2.5 -2.5 -2.4 -2.0 -1.8 -1.8
925 1083 -1.7 -1.6 -1.2 -6.0 -5.8 -5.8
937 1095 -5.7 -5.6 -5.2 15.5 11.5 7.7
995 1161 -9.7 -9.6 -9.2 17.3 13.5 9.7
996 1165 0.8 1.8 0.9 13.3 9.5 5.7
1038 1208 -3.2 -2.2 -3.1 21.8 19.0 14.7
1097 1279 -2.1 -1.1 -1.8 17.8 15.0 10.7
1104 1289 3.0 3.9 3.1 13.8 11.0 6.7
1113 1298 5.7 6.9 6.5 9.8 7.0 2.7
1189 1382 6.5 7.9 7.8 5.8 3.0 -1.3
1242 1448 2.5 3.9 3.8 12.0 9.8 5.1
1243 1449 4.4 5.6 5.6 8.0 5.8 1.1
1302 1520 7.0 8.1 8.2 4.0 1.8 -2.9
1319 1537 3.0 4.1 4.2 13.8 13.0 6.7
1335 1555 -1.0 0.1 0.2 17.5 16.9 10.6
1435 1664 -5.0 -3.9 -3.8 18.2 17.7 11.6
1450 1679 -9.0 -7.9 -7.8 19.9 19.4 13.5
1488 1725 -13.0 -11.9 -11.8 21.0 20.6 14.9
1538 1780 -11.6 -10.3 -10.0 17.0 16.6 10.9
1557 1809 -10.4 -9.2 -8.7 13.0 12.6 6.9
1562 1815 -14.4 -13.2 -12.7 13.9 14.0 8.6
1573 1826 -13.4 -12.2 -11.6 9.9 10.0 4.6
1583 1837 -11.8 -10.7 -9.9 5.9 6.0 0.6
1584 1838 -5.5 -4.0 -3.4 1.9 2.0 -3.4
1592 1846 -9.5 -8.0 -7.4 2.8 3.1 -2.8
1594 1848 -13.5 -12.0 -11.4 4.5 5.2 -0.4
1601 1857 -17.5 -16.0 -15.4 5.2 6.1 0.7
1608 1865 -21.5 -20.0 -19.4 6.0 7.1 1.9
1640 1898 -20.2 -18.3 -18.6 2.0 3.1 -2.1
1644 1903 -18.2 -15.9 -17.3 -2.0 -0.9 -6.1
1652 1911 -17.1 -14.6 -16.3 -6.0 -4.9 -10.1
1666 1927 -15.5 -12.8 -15.1 -10.0 -8.9 -14.1
1808 2095 -14.1 -11.1 -14.5 -14.0 -12.9 -18.1
1824 2117 -12.0 -8.6 -13.0 -18.0 -16.9 -22.1
1833 2131 -11.3 -7.7 -11.9 -22.0 -20.9 -26.1
1881 2187 -10.7 -6.9 -10.9 -26.0 -24.9 -30.1
1899 2210 -10.0 -6.0 -9.8 -30.0 -28.9 -34.1
1909 2228 -9.3 -5.2 -9.4 -34.0 -32.9 -38.1
1918 2239 -13.3 -9.2 -13.4 -21.9 -23.8 -30.3
