265 323 5.5 5.5 5.5 -4.0 -4.0 -4.0
272 330 25.1 21.2 16.7 -8.0 -8.0 -8.0
279 337 26.0 22.4 18.3 -12.0 -12.0 -12.0
422 496 28.0 24.8 20.9 -16.0 -16.0 -16.0
470 546 24.0 20.8 16.9 -13.5 -13.9 -13.9
476 553 39.8 35.7 29.7 -17.5 -17.9 -17.9
482 562 41.5 37.5 31.6 -21.5 -21.9 -21.9
492 575 47.0 42.8 36.6 -25.5 -25.9 -25.9
514 599 43.0 38.8 32.6 -22.0 -22.9 -23.0
527 616 44.8 41.0 35.2 -26.0 -26.9 -27.0
531 620 40.8 37.0 31.2 -21.4 -21.3 -20.9
536 625 46.5 42.1 35.9 -25.4 -25.3 -24.9
560 652 42.5 38.1 31.9 -19.5 -19.7 -19.5
567 660 38.5 34.1 27.9 -7.0 -8.4 -9.9
573 666 34.5 30.1 23.9 -4.7 -5.7 -7.0
636 734 37.5 33.4 27.3 -8.7 -9.7 -11.0
639 741 39.0 35.2 29.8 -12.7 -13.7 -15.0
645 749 35.0 31.2 25.8 -0.2 -3.7 -5.1
650 757 31.0 27.2 21.8 1.4 -2.2 -3.6
656 767 27.0 23.2 17.8 17.4 11.7 8.3
662 774 33.6 29.4 23.5 13.4 7.7 4.3
669 783 34.5 30.3 24.5 9.4 3.7 0.3
672 787 37.7 34.2 28.6 5.4 -0.3 -3.7
685 800 33.7 30.2 24.6 6.8 1.1 -2.2
689 804 37.1 34.1 28.6 2.8 -2.9 -6.2
691 806 33.1 30.1 24.6 9.9 3.3 -0.5
795 920 33.7 30.8 25.5 5.9 -0.7 -4.5
803 928 29.7 26.8 21.5 10.5 4.0 0.3
832 966 33.2 29.6 24.2 6.5 5.3290705182e-15 -3.7
835 971 29.2 25.6 20.2 8.5 2.5 -0.9
893 1033 25.2 21.6 16.2 12.1 6.0 2.6
916 1059 27.0 23.1 17.8 8.1 2.0 -1.4
976 1130 28.6 24.9 19.8 4.1 -2.0 -5.4
990 1144 24.6 20.9 15.8 18.7 11.3 5.0
1000 1156 20.6 16.9 11.8 19.8 12.9 6.9
1016 1175 21.3 17.8 13.0 15.8 8.9 2.9
1018 1177 22.8 19.2 14.6 11.8 4.9 -1.1
1030 1190 23.6 20.3 16.0 7.8 0.9 -5.1
1043 1203 24.0 20.9 16.7 3.8 -3.1 -9.1
1054 1214 20.0 16.9 12.7 10.0 4.2 -2.3
1056 1216 16.0 12.9 8.7 11.4 6.0 -0.1
1063 1223 12.0 8.9 4.7 12.3 7.2 1.4
1070 1235 29.9 22.9 15.4 8.3 3.2 -2.6
1102 1272 25.9 18.9 11.4 10.3 5.7 0.2
1120 1293 26.9 20.0 12.8 6.3 1.7 -3.8
1141 1314 27.3 20.6 13.5 2.3 -2.3 -7.8
1163 1336 28.3 21.5 14.5 -1.7 -6.3 -11.8
1191 1370 24.3 17.5 10.5 7.5 4.1 -2.3
1202 1383 20.3 13.5 6.5 9.0 5.9 -0.3
1249 1443 21.0 14.3 7.5 5.0 1.9 -4.3
1325 1528 21.7 15.1 8.5 1.0 -2.1 -8.3
1342 1545 17.7 11.1 4.5 2.5 -0.3 -6.1
1352 1557 13.7 7.1 0.5 11.2 9.2 2.4
1372 1579 9.7 3.1 -3.5 12.3 10.7 4.1
1481 1701 10.7 4.1 -2.4 8.3 6.7 0.1
1489 1709 6.7 0.1 -6.4 9.7 8.3 2.1
1504 1724 2.7 -3.9 -10.4 11.3 10.0 4.0
1534 1756 10.5 3.0 -4.7 7.3 6.0 -4.4408920985e-16
1536 1758 6.5 -1.0 -8.7 8.9 7.8 2.1
1559 1784 2.5 -5.0 -12.7 10.5 9.4 4.1
1586 1811 3.4 -4.1 -11.6 6.5 5.4 0.1
1590 1816 9.0 1.0 -7.2 2.5 1.4 -3.9
1602 1828 23.4 12.2 2.6 -1.5 -2.6 -7.9
1609 1836 19.4 8.2 -1.4 -0.1 -1.0 -6.1
1620 1847 15.4 4.2 -5.4 0.7 0.1 -4.8
1621 1848 17.1 6.3 -3.0 -3.3 -3.9 -8.8
1635 1865 17.9 7.3 -1.8 -7.3 -7.9 -12.8
1645 1875 13.9 3.3 -5.8 -5.7 -6.2 -10.9
