894 1034 -4.0 -4.0 -4.0 0.7 0.8 1.0
905 1046 -8.0 -8.0 -8.0 1.8 2.0 2.4
913 1054 -4.3 -4.6 -4.6 -2.2 -2.0 -1.6
1042 1202 -8.3 -8.6 -8.6 -0.9 -0.5 0.2
1203 1384 -12.3 -12.6 -12.6 -0.2 0.3 1.2
1318 1521 -16.3 -16.6 -16.6 1.6 2.4 3.7
1321 1524 -20.3 -20.6 -20.6 3.0 4.2 5.7
1392 1600 -9.4 -12.2 -13.5 -1.0 0.2 1.7
1414 1624 -13.4 -16.2 -17.5 0.6 2.0 3.7
1464 1676 0.8 -4.6 -7.7 -3.4 -2.0 -0.3
1466 1678 -3.2 -8.6 -11.7 -2.5 -0.9 0.9
1471 1683 -7.2 -12.6 -15.7 -1.2 0.7 2.8
1535 1744 -11.2 -16.6 -19.7 -0.2 2.0 4.3
1540 1750 -15.2 -20.6 -23.7 0.5 2.8 5.3
1543 1754 -2.3 -9.2 -14.0 -3.5 -1.2 1.3
1551 1762 7.1 -0.9 -6.8 -7.5 -5.2 -2.7
1555 1768 3.1 -4.9 -10.8 2.9 4.6 5.8
1583 1797 12.5 4.9 -1.3 -1.1 0.6 1.8
1596 1810 17.3 10.1 3.9 -5.1 -3.4 -2.2
1617 1832 20.7 13.3 7.3 -9.1 -7.4 -6.2
1644 1863 16.7 9.3 3.3 -7.9 -6.1 -5.2
1651 1870 12.7 5.3 -0.7 1.8 5.4 6.1
1693 1914 8.7 1.3 -4.7 3.6 7.2 8.1
1720 1943 4.7 -2.7 -8.7 5.5 9.1 10.3
1722 1945 0.7 -6.7 -12.7 6.6 10.4 11.1
1766 1996 8.7 0.8 -5.8 2.6 6.4 7.1
1828 2074 4.7 -3.2 -9.8 13.0 16.1 14.0
1847 2096 0.7 -7.2 -13.8 18.8 21.5 18.4
1858 2112 -3.3 -11.2 -17.8 21.3 24.1 21.0
1899 2165 10.8 1.4 1.7 17.3 20.1 17.0
