126 167 -4.0 -4.0 -4.0 0.9 1.0 1.3
140 185 -8.0 -8.0 -8.0 2.2 2.5 3.0
226 283 7.1 4.6 2.1 -1.8 -1.5 -1.0
245 304 7.9 5.5 3.3 -5.8 -5.5 -5.0
250 310 3.9 1.5 -0.7 -4.9 -4.3 -3.4
263 323 -0.1 -2.5 -4.7 0.6 1.2 2.1
273 333 1.3 -0.8 -2.7 -3.4 -2.8 -1.9
311 375 3.0 1.2 -0.6 -7.4 -6.8 -5.9
313 377 -1.0 -2.8 -4.6 -6.2 -5.7 -4.6
319 383 -5.0 -6.8 -8.6 3.1 3.5 4.1
555 653 10.0 6.3 2.2 -0.9 -0.5 0.1
568 667 6.0 2.3 -1.8 0.9 1.4 2.3
600 701 12.1 8.5 4.0 -3.1 -2.6 -1.7
605 707 8.1 4.5 8.881784197e-16 -1.2 -0.7 0.4
777 909 9.6 6.4 2.3 -5.2 -4.7 -3.6
795 927 5.6 2.4 -1.7 -3.7 -3.3 -2.1
864 1012 1.6 -1.6 -5.7 -2.4 -1.8 -0.3
874 1023 3.6 0.6 -3.5 -6.4 -5.8 -4.3
875 1024 -0.4 -3.4 -7.5 -4.1 -3.8 -2.3
901 1051 -4.4 -7.4 -11.5 -3.3 -2.8 -1.1
938 1096 -3.4 -6.0 -9.8 -7.3 -6.8 -5.1
955 1117 -2.7 -5.2 -8.8 -11.3 -10.8 -9.1
981 1144 11.9 8.1 1.6 -15.3 -14.8 -13.1
999 1168 7.9 4.1 -2.4 -13.5 -13.0 -11.1
1001 1170 10.0 6.2 -0.1 -17.5 -17.0 -15.1
1010 1179 6.0 2.2 -4.1 -8.4 -8.4 -7.4
1025 1195 6.5 2.9 -3.3 -12.4 -12.4 -11.4
1044 1214 12.7 10.2 3.5 -16.4 -16.4 -15.4
1058 1234 14.6 12.4 6.1 -20.4 -20.4 -19.4
1109 1294 28.4 25.6 16.8 -24.4 -24.4 -23.4
1131 1316 29.1 26.5 17.9 -28.4 -28.4 -27.4
1138 1323 29.9 27.5 19.2 -32.4 -32.4 -31.4
1139 1324 44.1 42.0 31.4 -36.4 -36.4 -35.4
1160 1351 44.5 42.7 32.2 -40.4 -40.4 -39.4
1202 1395 40.5 38.7 28.2 -37.0 -37.6 -36.5
1209 1404 41.4 39.8 29.6 -41.0 -41.6 -40.5
1222 1425 42.1 40.6 30.6 -45.0 -45.6 -44.5
1271 1487 44.2 43.0 33.3 -49.0 -49.6 -48.5
1331 1549 44.8 43.9 34.5 -53.0 -53.6 -52.5
1342 1562 51.8 53.6 43.6 -57.0 -57.6 -56.5
1356 1578 61.0 62.5 51.9 -61.0 -61.6 -60.5
1368 1591 65.1 66.8 56.2 -65.0 -65.6 -64.5
1369 1592 68.8 70.5 60.1 -69.0 -69.6 -68.5
1381 1605 71.2 73.4 63.3 -73.0 -73.6 -72.5
1404 1631 71.7 74.1 64.3 -77.0 -77.6 -76.5
1408 1635 76.8 81.3 72.0 -81.0 -81.6 -80.5
1411 1638 79.8 85.6 76.7 -85.0 -85.6 -84.5
1416 1643 82.2 88.7 80.1 -89.0 -89.6 -88.5
1466 1703 78.2 84.7 76.1 -83.7 -84.7 -83.8
1476 1710 74.2 80.7 72.1 -77.6 -78.5 -77.9
1488 1725 75.3 81.9 73.5 -81.6 -82.5 -81.9
1530 1771 76.2 83.1 75.1 -85.6 -86.5 -85.9
1560 1813 72.2 79.1 71.1 -83.3 -84.0 -83.2
1588 1842 68.2 75.1 67.1 -82.0 -82.4 -81.4
1590 1844 74.0 80.1 71.8 -86.0 -86.4 -85.4
1623 1880 80.6 87.5 78.9 -90.0 -90.4 -89.4
1632 1890 76.6 83.5 74.9 -83.5 -84.5 -83.9
1637 1895 72.6 79.5 70.9 -78.9 -80.6 -75.2
