1 15 -4.0 -4.0 -4.0 3.5 3.5 2.5
6 22 -8.0 -8.0 -8.0 7.0 6.9 6.1
17 39 -2.1 -1.9 -2.5 3.0 2.9 2.1
20 42 -6.1 -5.9 -6.5 8.7 8.5 7.0
21 43 -10.1 -9.9 -10.5 10.3 10.4 8.9
25 47 -5.4 -5.4 -6.7 6.3 6.4 4.9
26 48 -4.0 -3.8 -4.6 2.3 2.4 0.9
31 53 6.6 4.9 3.5 -1.7 -1.6 -3.1
36 59 18.0 13.8 11.8 -5.7 -5.6 -7.1
58 85 14.0 9.8 7.8 -2.4 -2.3 -3.7
61 90 18.5 14.0 12.5 -6.4 -6.3 -7.7
65 94 14.5 10.0 8.5 -2.7 -2.5 -3.8
67 96 10.5 6.0 4.5 -0.5 -0.2 -1.3
69 99 13.2 8.9 7.7 -4.5 -4.2 -5.3
80 111 9.2 4.9 3.7 -2.5 -1.7 -2.7
84 117 10.5 6.4 5.4 -6.5 -5.7 -6.7
91 124 11.5 7.7 6.9 -10.5 -9.7 -10.7
92 125 7.5 3.7 2.9 -8.0 -7.1 -7.9
96 131 3.5 -0.3 -1.1 -4.3 -3.4 -3.8
104 142 -0.5 -4.3 -5.1 0.9 1.4 0.9
106 144 -4.5 -8.3 -9.1 6.3 6.4 5.8
107 145 -8.5 -12.3 -13.1 9.5 9.7 9.0
115 154 -6.0 -9.9 -10.7 5.5 5.7 5.0
119 159 2.0 -2.8 -4.7 1.5 1.7 1.0
120 161 -2.0 -6.8 -8.7 7.1 7.2 6.4
129 173 0.0 -4.5 -6.2 3.1 3.2 2.4
131 176 -4.0 -8.5 -10.2 5.5 6.1 5.5
132 177 -8.0 -12.5 -14.2 18.8 17.2 14.9
136 181 -12.0 -16.5 -18.2 34.4 28.5 24.8
142 187 -5.0 -10.0 -12.3 30.4 24.5 20.8
146 192 -0.2 -5.7 -8.2 26.4 20.5 16.8
147 193 5.3 -0.4 -3.1 22.4 16.5 12.8
149 195 1.3 -4.4 -7.1 28.0 22.8 20.5
152 199 -2.7 -8.4 -11.1 33.1 27.9 25.6
153 200 1.1 -4.8 -7.5 29.1 23.9 21.6
156 203 -2.9 -8.8 -11.5 32.4 27.3 25.1
158 205 -6.9 -12.8 -15.5 38.2 33.1 30.8
176 224 -10.9 -16.8 -19.5 47.5 42.2 39.0
180 230 -8.7 -14.3 -16.8 43.5 38.2 35.0
200 252 -1.9 -8.4 -11.3 39.5 34.2 31.0
204 256 -5.9 -12.4 -15.3 41.1 36.1 33.0
207 259 -9.9 -16.4 -19.3 44.2 39.4 36.5
254 314 -8.5 -14.8 -17.5 40.2 35.4 32.5
260 320 -12.5 -18.8 -21.5 44.7 40.0 36.9
274 334 -11.1 -17.0 -19.4 40.7 36.0 32.9
275 335 -6.3 -12.7 -15.0 36.7 32.0 28.9
310 374 -10.3 -16.7 -19.0 42.2 37.4 33.8
314 378 -8.8 -15.1 -17.2 38.2 33.4 29.8
333 399 -0.4 -7.1 -9.5 34.2 29.4 25.8
334 400 3.9 -2.3 -4.8 30.2 25.4 21.8
338 405 -0.1 -6.3 -8.8 34.8 30.3 26.7
343 411 -4.1 -10.3 -12.8 40.2 35.3 31.4
348 418 -2.3 -8.5 -10.7 36.2 31.3 27.4
376 448 8.8 1.2 -2.3 32.2 27.3 23.4
377 449 10.3 3.1 -0.1 28.2 23.3 19.4
380 453 6.3 -0.9 -4.1 41.3 34.5 28.4
388 463 9.0 1.6 -1.4 37.3 30.5 24.4
392 467 5.0 -2.4 -5.4 39.1 32.6 26.7
423 502 5.7 -1.6 -4.4 35.1 28.6 22.7
425 504 7.4 0.2 -2.3 31.1 24.6 18.7
434 513 3.4 -3.8 -6.3 44.4 36.0 28.9
459 541 4.4 -2.5 -4.9 40.4 32.0 24.9
461 543 7.0 -0.2 -2.3 36.4 28.0 20.9
463 545 3.0 -4.2 -6.3 37.9 29.9 23.1
472 557 -1.0 -8.2 -10.3 48.4 38.9 31.2
478 564 -5.0 -12.2 -14.3 55.3 45.5 37.3
479 565 -9.0 -16.2 -18.3 60.3 50.0 41.4
482 570 -5.0 -12.1 -14.1 56.3 46.0 37.4
484 573 7.4 -1.9 -5.4 52.3 42.0 33.4
487 576 3.4 -5.9 -9.4 64.7 51.9 41.9
490 580 4.4 -4.7 -8.0 60.7 47.9 37.9
493 584 0.4 -8.7 -12.0 62.7 50.4 40.6
494 585 1.9 -6.9 -10.1 58.7 46.4 36.6
498 589 -2.1 -10.9 -14.1 60.7 48.5 39.0
522 617 -0.7 -9.3 -12.3 56.7 44.5 35.0
528 623 -4.7 -13.3 -16.3 58.3 46.3 37.0
531 626 -8.7 -17.3 -20.3 69.1 55.8 45.2
544 641 -12.7 -21.3 -24.3 71.2 58.4 48.0
548 645 -4.2 -13.0 -16.8 67.2 54.4 44.0
550 648 -2.5 -10.9 -14.4 63.2 50.4 40.0
552 650 -6.5 -14.9 -18.4 67.6 55.0 44.7
585 684 -2.7 -11.3 -14.6 63.6 51.0 40.7
587 686 -0.9 -9.4 -12.5 59.6 47.0 36.7
588 687 4.7 -4.2 -7.4 55.6 43.0 32.7
589 688 6.7 -2.1 -5.0 51.6 39.0 28.7
608 710 9.9 1.0 -1.8 47.6 35.0 24.7
615 717 5.9 -3.0 -5.8 50.5 38.0 27.8
633 741 1.9 -7.0 -9.8 52.0 39.8 30.3
640 750 -2.1 -11.0 -13.8 54.6 42.9 33.5
645 758 -6.1 -15.0 -17.8 56.1 44.7 35.3
655 773 -10.1 -19.0 -21.8 56.8 45.5 36.2
675 796 -14.1 -23.0 -25.8 58.7 47.5 38.5
714 841 -13.1 -21.9 -24.4 54.7 43.5 34.5
723 851 -12.1 -20.7 -22.9 50.7 39.5 30.5
742 873 -16.1 -24.7 -26.9 71.4 57.1 45.1
743 874 -12.8 -21.5 -23.4 67.4 53.1 41.1
749 880 -16.8 -25.5 -27.4 76.3 61.8 49.0
768 900 -9.8 -18.9 -21.4 72.3 57.8 45.0
779 911 -13.8 -22.9 -25.4 85.6 71.4 56.4
784 916 -17.8 -26.9 -29.4 98.3 82.0 65.7
799 931 -21.8 -30.9 -33.4 99.2 82.9 66.7
807 942 -25.8 -34.9 -37.4 103.7 88.1 71.6
810 949 -24.5 -33.6 -35.9 99.7 84.1 67.6
813 953 -28.5 -37.6 -39.9 101.4 86.2 70.1
830 973 -32.5 -41.6 -43.9 106.3 91.4 75.2
842 986 -36.5 -45.6 -47.9 107.3 92.6 76.6
878 1027 -40.5 -49.6 -51.9 113.4 100.2 83.9
880 1029 -44.5 -53.6 -55.9 116.0 103.3 87.2
888 1037 -32.5 -44.4 -48.0 112.0 99.3 83.2
921 1078 -30.2 -42.1 -45.5 108.0 95.3 79.2
971 1134 -34.2 -46.1 -49.5 112.3 99.3 83.2
1004 1173 -38.2 -50.1 -53.5 114.0 101.0 85.1
1042 1212 -42.2 -54.1 -57.5 115.9 103.2 87.6
1066 1243 -46.2 -58.1 -61.5 116.6 104.0 88.7
1133 1318 -50.2 -62.1 -65.5 130.2 117.5 101.6
1140 1325 -54.2 -66.1 -69.5 142.3 127.4 110.9
1144 1329 -58.2 -70.1 -73.5 142.9 128.1 111.7
1148 1333 -62.2 -74.1 -77.5 143.7 128.9 112.7
1154 1340 -66.2 -78.1 -81.5 144.6 129.9 113.9
1157 1345 -70.2 -82.1 -85.5 145.8 131.4 115.7
1163 1354 -57.3 -69.9 -74.6 141.8 127.4 111.7
1166 1357 -61.3 -73.9 -78.6 142.9 128.4 112.8
1167 1358 -55.4 -68.3 -73.3 138.9 124.4 108.8
1176 1367 -59.4 -72.3 -77.3 140.5 126.3 111.0
1177 1368 -63.4 -76.3 -81.3 141.7 127.5 112.3
1180 1372 -45.5 -61.1 -68.6 137.7 123.5 108.3
1182 1374 -42.0 -57.3 -64.9 133.7 119.5 104.3
1206 1400 -40.1 -55.1 -62.3 129.7 115.5 100.3
1207 1401 -44.1 -59.1 -66.3 131.5 117.2 102.2
1212 1408 -48.1 -63.1 -70.3 133.2 119.1 104.3
1215 1415 -36.2 -50.4 -59.1 129.2 115.1 100.3
1216 1416 -40.2 -54.4 -63.1 131.0 116.9 102.2
1218 1421 -44.2 -58.4 -67.1 132.5 118.5 104.1
1219 1422 -48.2 -62.4 -71.1 136.5 122.8 108.4
1223 1426 -52.2 -66.4 -75.1 137.9 124.3 110.1
1226 1430 -56.2 -70.4 -79.1 138.8 125.3 111.3
1235 1441 -60.2 -74.4 -83.1 146.7 133.3 119.1
1308 1526 -64.2 -78.4 -87.1 149.1 135.8 121.9
1309 1527 -63.1 -77.0 -85.5 145.1 131.8 117.9
1348 1570 -67.1 -81.0 -89.5 149.1 136.3 122.6
1362 1585 -71.1 -85.0 -93.5 150.0 137.3 123.8
1375 1598 -75.1 -89.0 -97.5 150.9 138.3 124.9
1376 1599 -79.1 -93.0 -101.5 159.7 146.1 132.0
1379 1602 -77.4 -91.1 -99.5 155.7 142.1 128.0
1384 1608 -67.5 -82.2 -92.0 151.7 138.1 124.0
1394 1620 -66.0 -80.8 -90.4 147.7 134.1 120.0
1421 1648 -70.0 -84.8 -94.4 156.1 142.5 128.1
1422 1649 -66.3 -80.8 -90.5 152.1 138.5 124.1
1423 1650 -64.4 -78.6 -88.3 148.1 134.5 120.1
1478 1712 -62.7 -76.9 -86.5 144.1 130.5 116.1
1483 1717 -59.0 -73.4 -83.0 140.1 126.5 112.1
1504 1741 -55.2 -69.6 -79.3 136.1 122.5 108.1
1506 1743 -59.2 -73.6 -83.3 137.8 124.6 110.5
1523 1762 -63.2 -77.6 -87.3 147.2 132.9 117.7
1550 1793 -67.2 -81.6 -91.3 148.5 134.2 119.2
1660 1921 -64.7 -79.2 -89.0 144.5 130.2 115.2
1661 1922 -59.8 -74.4 -84.6 140.5 126.2 111.2
1662 1923 -58.3 -72.7 -82.8 136.5 122.2 107.2
1681 1942 -54.9 -69.8 -79.9 132.5 118.2 103.2
1683 1944 -53.0 -67.7 -78.4 128.5 114.2 99.2
1705 1971 -57.0 -71.7 -82.4 143.2 127.0 110.0
1711 1977 -61.0 -75.7 -86.4 148.1 131.9 114.5
1738 2010 -65.0 -79.7 -90.4 149.6 133.5 116.1
1739 2011 -69.0 -83.7 -94.4 155.2 138.2 120.6
1766 2047 -73.0 -87.7 -98.4 156.9 140.2 121.9
1773 2055 -77.0 -91.7 -102.4 157.9 141.4 122.6
1785 2069 -70.7 -85.9 -96.4 153.9 137.4 118.6
1786 2070 -74.7 -89.9 -100.4 161.0 143.9 128.3
1793 2078 -78.7 -93.9 -104.4 163.5 146.5 130.3
1822 2114 -76.0 -90.9 -101.2 159.5 142.5 126.3
1835 2133 -80.0 -94.9 -105.2 175.8 157.3 146.4
1845 2146 -84.0 -98.9 -109.2 177.7 159.4 148.1
1849 2150 -79.2 -94.4 -104.1 173.7 155.4 144.1
1872 2178 -77.9 -93.0 -102.9 169.7 151.4 140.1
1884 2190 -76.7 -91.9 -101.7 165.7 147.4 136.1
1886 2192 -80.7 -95.9 -105.7 172.6 153.6 141.3
1904 2218 -71.2 -87.7 -98.0 168.6 149.6 137.3
