914 1067 -4.0 -4.0 -4.0 1.5 1.6 1.8
956 1118 -8.0 -8.0 -8.0 1.9 2.2 2.6
1018 1188 -12.0 -12.0 -12.0 2.5 3.0 3.5
1025 1195 -16.0 -16.0 -16.0 3.0 3.7 4.3
1070 1247 -20.0 -20.0 -20.0 3.4 4.3 5.1
1076 1256 -24.0 -24.0 -24.0 4.3 5.3 6.4
1116 1301 -28.0 -28.0 -28.0 5.6 6.9 8.2
1129 1314 -32.0 -32.0 -32.0 6.0 7.5 8.9
1168 1359 -36.0 -36.0 -36.0 6.3 8.0 9.5
1196 1389 -40.0 -40.0 -40.0 7.0 9.0 10.9
1214 1412 -44.0 -44.0 -44.0 7.4 9.7 11.8
1236 1442 -48.0 -48.0 -48.0 7.8 10.3 12.5
1311 1529 -52.0 -52.0 -52.0 8.4 11.1 13.5
