46 73 0.8 1.0 1.1 -4.0 -4.0 -4.0
55 82 -3.2 -3.0 -2.9 3.7 3.6 3.2
162 208 -7.2 -7.0 -6.9 4.7 4.9 4.8
164 210 -11.2 -11.0 -10.9 7.6 7.5 7.4
171 217 -15.2 -15.0 -14.9 11.0 10.4 10.2
225 280 -14.1 -13.7 -13.3 7.0 6.4 6.2
241 298 -12.2 -11.7 -11.1 3.0 2.4 2.2
304 364 -11.1 -10.4 -9.6 -1.0 -1.6 -1.8
422 496 -15.1 -14.4 -13.6 1.0 0.8 0.8
471 547 -19.1 -18.4 -17.6 2.9 2.6 2.7
482 562 -23.1 -22.4 -21.6 4.6 4.4 4.6
503 588 -15.7 -14.8 -14.7 0.6 0.4 0.6
513 598 -19.7 -18.8 -18.7 2.1 2.1 2.5
526 615 -23.7 -22.8 -22.7 3.4 3.5 4.1
606 701 -27.7 -26.8 -26.7 9.5 9.7 9.9
610 706 -31.7 -30.8 -30.7 15.0 15.0 15.1
644 748 -35.7 -34.8 -34.7 16.2 16.3 16.7
658 770 -39.7 -38.8 -38.7 17.8 18.0 18.5
666 779 -38.8 -37.8 -37.5 13.8 14.0 14.5
681 796 -36.9 -35.8 -35.2 9.8 10.0 10.5
683 798 -40.9 -39.8 -39.2 11.7 12.0 12.7
