1694 1928 1.0 1.5 1.8 -4.0 -4.0 -4.0
1707 1941 3.1 4.1 3.0 -8.0 -8.0 -8.0
1715 1949 -0.9 0.1 -1.0 2.9 1.3 0.0
1787 2036 2.1 3.4 2.5 -1.1 -2.7 -4.0
1831 2091 4.9 6.3 5.6 -5.1 -6.7 -8.0
1838 2098 6.0 7.4 7.0 -9.1 -10.7 -12.0
1909 2188 2.0 3.4 3.0 6.5 1.8 -1.3
1915 2194 4.7 6.2 5.3 2.5 -2.2 -5.3
1957 2251 6.0 7.6 7.0 -1.5 -6.2 -9.3
1967 2264 2.0 3.6 3.0 7.7 4.2 0.3
1986 2284 3.3 5.0 4.3 3.7 0.2 -3.7
2154 2476 5.0 6.8 5.9 -0.3 -3.8 -7.7
2185 2513 5.9 7.9 6.4 -4.3 -7.8 -11.7
2346 2698 7.6 9.8 7.9 -8.3 -11.8 -15.7
2380 2739 3.6 5.8 3.9 -5.7 -8.9 -13.6
2397 2756 -0.4 1.8 -0.1 -2.3 -5.4 -10.9
2408 2767 -4.4 -2.2 -4.1 -1.5 -4.4 -9.6
2512 2900 -8.4 -6.2 -8.1 0.8 -2.0 -7.1
2545 2938 -12.4 -10.2 -12.1 9.9 6.1 1.7
2561 2960 -16.4 -14.2 -16.1 13.2 10.2 6.4
2623 3028 -14.4 -12.4 -13.4 9.2 6.2 2.4
2627 3032 -18.4 -16.4 -17.4 11.2 7.9 4.2
2630 3035 -22.4 -20.4 -21.4 13.8 10.4 7.2
2632 3037 -26.4 -24.4 -25.4 15.3 12.0 8.6
2634 3039 -30.4 -28.4 -29.4 16.9 13.8 10.2
2635 3040 -34.4 -32.4 -33.4 18.0 14.9 11.2
2637 3042 -38.4 -36.4 -37.4 18.9 15.9 11.9
2642 3047 -26.9 -25.0 -22.5 14.9 11.9 7.9
2645 3050 -20.9 -18.5 -17.9 10.9 7.9 3.9
